372     , -393.112    , array([ 19.262     ,  0.165303   ,  5          ,  0.625462   ])
376     , -393.127    , array([ 18.644     ,  0.165303   ,  5          ,  0.625462   ])
380     , -393.112    , array([ 19.1943    ,  0.165303   ,  5          ,  0.625462   ])
384     , -2379.1     , array([ 19.1943    ,  1.1653     ,  5          ,  0.625462   ])
388     , -1425.41    , array([ 19.1943    ,  0.547269   ,  5          ,  0.625462   ])
392     , -928.96     , array([ 19.1943    ,  0.238249   ,  5          ,  0.625462   ])
396     , -393.115    , array([ 19.1943    ,  0.165173   ,  5          ,  0.625462   ])
400     , -393.112    , array([ 19.1943    ,  0.165294   ,  5          ,  0.625462   ])
404     , -393.112    , array([ 19.1943    ,  0.165294   ,  5          ,  0.625462   ])
408     , -393.115    , array([ 19.1943    ,  0.165294   ,  4.98786    ,  0.625462   ])
448     , -393.112    , array([ 19.1943    ,  0.165294   ,  5          ,  0.625462   ])
452     , -2322.14    , array([ 19.1943    ,  0.165294   ,  5          ,  1.62546    ])
456     , -1789.48    , array([ 19.1943    ,  0.165294   ,  5          ,  1.00743    ])
460     , -398.221    , array([ 19.1943    ,  0.165294   ,  5          ,  0.639074   ])
464     , -393.112    , array([ 19.1943    ,  0.165294   ,  5          ,  0.625448   ])
