6320    , -43146      , array([ 5.79542    ,  5.85581    ,  7.14228    ,  0.336601   ,  0.676738   ,  0.0244079  ,  1.74267    ,  0.241137   ])
6336    , -36565      , array([ 5.79542    ,  2.94438    ,  7.14228    ,  0.336601   ,  0.676738   ,  0.0244079  ,  1.74267    ,  0.241137   ])
6344    , -35652.8    , array([ 5.79542    ,  2.94438    ,  4.52425    ,  0.336601   ,  0.676738   ,  0.0244079  ,  1.74267    ,  0.241137   ])
6360    , -34310.3    , array([ 5.79542    ,  2.94438    ,  3.34942    ,  0.57998    ,  0.676738   ,  0.0244079  ,  1.74267    ,  0.241137   ])
6368    , -33966.6    , array([ 5.79542    ,  2.94438    ,  3.34942    ,  0.582438   ,  0.84936    ,  0.0244079  ,  1.74267    ,  0.241137   ])
6376    , -34146.5    , array([ 5.79542    ,  2.94438    ,  3.34942    ,  0.582438   ,  0.83925    ,  1.64244    ,  1.74267    ,  0.241137   ])
6384    , -37173.2    , array([ 5.79542    ,  2.94438    ,  3.34942    ,  0.582438   ,  0.83925    ,  0.628859   ,  2.74267    ,  0.241137   ])
6392    , -32776.1    , array([ 5.79542    ,  2.94438    ,  3.34942    ,  0.582438   ,  0.83925    ,  0.628859   ,  1.29469    ,  0.241137   ])
6400    , -39275.2    , array([ 5.79542    ,  2.94438    ,  3.34942    ,  0.582438   ,  0.83925    ,  0.628859   ,  1.29469    ,  0.432018   ])
6416    , -31156.5    , array([ 4.11738    ,  2.94438    ,  3.34942    ,  0.582438   ,  0.83925    ,  0.628859   ,  1.29469    ,  0.18659    ])
6424    , -29640.4    , array([ 4.09162    ,  1.94438    ,  3.34942    ,  0.582438   ,  0.83925    ,  0.628859   ,  1.29469    ,  0.18659    ])
6432    , -29127.5    , array([ 4.09162    ,  2.08961    ,  2.05237    ,  0.582438   ,  0.83925    ,  0.628859   ,  1.29469    ,  0.18659    ])
6440    , -32568      , array([ 4.09162    ,  2.08961    ,  2.19773    ,  1.58244    ,  0.83925    ,  0.628859   ,  1.29469    ,  0.18659    ])
6448    , -28788.6    , array([ 4.09162    ,  2.08961    ,  2.19773    ,  0.775331   ,  0.83925    ,  0.628859   ,  1.29469    ,  0.18659    ])
6456    , -28194.8    , array([ 4.09162    ,  2.08961    ,  2.19773    ,  0.773421   ,  1.13217    ,  0.628859   ,  1.29469    ,  0.18659    ])
6464    , -28026.7    , array([ 4.09162    ,  2.08961    ,  2.19773    ,  0.773421   ,  1.12888    ,  1.24689    ,  1.29469    ,  0.18659    ])
6472    , -28019.5    , array([ 4.09162    ,  2.08961    ,  2.19773    ,  0.773421   ,  1.12888    ,  1.13502    ,  1.29469    ,  0.18659    ])
6480    , -26789.9    , array([ 4.09162    ,  2.08961    ,  2.19773    ,  0.773421   ,  1.12888    ,  1.13502    ,  0.855013   ,  0.18659    ])
6496    , -25504.1    , array([ 4.09162    ,  2.08961    ,  2.19773    ,  0.773421   ,  1.12888    ,  1.13502    ,  0.850572   ,  0.127462   ])
6504    , -13590.6    , array([ 1.58456    ,  0.831848   ,  0.503056   ,  1.05445    ,  1.55506    ,  1.87982    ,  0.197069   ,  0.0404573  ])
6512    , -13576.7    , array([ 1.54582    ,  0.812413   ,  0.47687    ,  1.05879    ,  1.56164    ,  1.89132    ,  0.186971   ,  0.039113   ])
6520    , -13515.6    , array([ 1.71366    ,  0.812413   ,  0.47687    ,  1.05879    ,  1.56164    ,  1.89132    ,  0.186971   ,  0.039113   ])
6536    , -13552.9    , array([ 1.71535    ,  0.812413   ,  0.47687    ,  1.05879    ,  1.56164    ,  1.89132    ,  0.186971   ,  0.0330658  ])
6544    , -13498.9    , array([ 1.71535    ,  0.812413   ,  0.47687    ,  1.05879    ,  1.56164    ,  1.89132    ,  0.186971   ,  0.0368644  ])
6552    , -12884.3    , array([ 1.71535    ,  0.812413   ,  0.759271   ,  1.05879    ,  1.56164    ,  1.89132    ,  0.186971   ,  0.0368644  ])
6560    , -12706.2    , array([ 1.71535    ,  0.812413   ,  0.759271   ,  0.620512   ,  1.56164    ,  1.89132    ,  0.186971   ,  0.0368644  ])
6568    , -12822.7    , array([ 1.71535    ,  0.812413   ,  0.759271   ,  0.571627   ,  3.17968    ,  1.89132    ,  0.186971   ,  0.0368644  ])
6576    , -12207.8    , array([ 1.71535    ,  0.812413   ,  0.759271   ,  0.571627   ,  2.23473    ,  0.27329    ,  0.186971   ,  0.0368644  ])
6592    , -12178.6    , array([ 1.71535    ,  0.812413   ,  0.759271   ,  0.571627   ,  2.23473    ,  0.0281902  ,  0.186971   ,  0.0368644  ])
6600    , -12137.2    , array([ 1.71535    ,  0.812413   ,  0.759271   ,  0.571627   ,  2.23473    ,  0.0281902  ,  0.173793   ,  0.0368644  ])
6608    , -12135.6    , array([ 1.71535    ,  0.812413   ,  0.759271   ,  0.571627   ,  2.23473    ,  0.0281902  ,  0.175885   ,  0.0368644  ])
6616    , -12074.6    , array([ 1.64809    ,  0.778667   ,  0.713801   ,  0.579167   ,  2.24616    ,  0.0481736  ,  0.158351   ,  0.03453    ])
6624    , -12074.6    , array([ 1.64876    ,  0.779004   ,  0.714256   ,  0.579091   ,  2.24605    ,  0.0479738  ,  0.158527   ,  0.0345533  ])
6632    , -12069.4    , array([ 1.5973     ,  0.779004   ,  0.714256   ,  0.579091   ,  2.24605    ,  0.0479738  ,  0.158527   ,  0.0345533  ])
6640    , -56000.2    , array([ 1.5973     ,  0.779004   ,  0.714256   ,  0.579091   ,  2.24605    ,  0.0479738  ,  0.158527   ,  0.416519   ])
6648    , -12059.9    , array([ 1.5973     ,  0.779004   ,  0.714256   ,  0.579091   ,  2.24605    ,  0.0479738  ,  0.158527   ,  0.0396278  ])
6656    , -39314      , array([ 1.5973     ,  0.779004   ,  0.0962221  ,  0.579091   ,  2.24605    ,  0.0479738  ,  0.158527   ,  0.0372509  ])
6664    , -12030      , array([ 1.5973     ,  0.779004   ,  0.745712   ,  0.579091   ,  2.24605    ,  0.0479738  ,  0.158527   ,  0.0372509  ])
6672    , -12166.4    , array([ 1.5973     ,  0.779004   ,  0.745712   ,  0.770072   ,  2.24605    ,  0.0479738  ,  0.158527   ,  0.0372509  ])
6680    , -13143.7    , array([ 1.5973     ,  0.779004   ,  0.745712   ,  0.268701   ,  0.628012   ,  0.0479738  ,  0.158527   ,  0.0372509  ])
6688    , -11897.3    , array([ 1.5973     ,  0.779004   ,  0.745712   ,  0.268701   ,  1.96368    ,  0.0479738  ,  0.158527   ,  0.0372509  ])
6712    , -11893.8    , array([ 1.5973     ,  0.779004   ,  0.745712   ,  0.268701   ,  1.96647    ,  0.000376317,  0.158527   ,  0.0372509  ])
6720    , -11886.6    , array([ 1.5973     ,  0.779004   ,  0.745712   ,  0.268701   ,  1.96647    ,  0.000376317,  0.152089   ,  0.0372509  ])
6736    , -11866.2    , array([ 1.56503    ,  0.762812   ,  0.723895   ,  0.272319   ,  1.97196    ,  0.00996475 ,  0.145706   ,  0.0361308  ])
6744    , -12028.1    , array([ 1.94699    ,  0.762812   ,  0.723895   ,  0.272319   ,  1.97196    ,  0.00996475 ,  0.145706   ,  0.0361308  ])
6752    , -90215.2    , array([ 1.61343    ,  0.762812   ,  0.723895   ,  0.272319   ,  1.97196    ,  0.00996475 ,  0.145706   ,  1.03613    ])
6760    , -21389.7    , array([ 1.61343    ,  0.762812   ,  0.723895   ,  0.272319   ,  1.97196    ,  0.00996475 ,  0.145706   ,  0.108919   ])
6768    , -11844.8    , array([ 1.61343    ,  0.762812   ,  0.723895   ,  0.272319   ,  1.97196    ,  0.00996475 ,  0.145706   ,  0.0374096  ])
6776    , -11883.4    , array([ 1.61343    ,  0.762812   ,  0.907566   ,  0.272319   ,  1.97196    ,  0.00996475 ,  0.145706   ,  0.0382     ])
6792    , -11821.5    , array([ 1.61343    ,  0.762812   ,  0.776668   ,  0.189036   ,  1.97196    ,  0.00996475 ,  0.145706   ,  0.0382     ])
6800    , -11789.4    , array([ 1.61343    ,  0.762812   ,  0.776668   ,  0.190685   ,  1.74173    ,  0.00996475 ,  0.145706   ,  0.0382     ])
6808    , -11789.2    , array([ 1.61343    ,  0.762812   ,  0.776668   ,  0.190685   ,  1.72222    ,  0.00996475 ,  0.145706   ,  0.0382     ])
6816    , -11790.9    , array([ 1.61343    ,  0.762812   ,  0.776668   ,  0.190685   ,  1.72222    ,  0.0378288  ,  0.145706   ,  0.0382     ])
6824    , -11788.6    , array([ 1.61343    ,  0.762812   ,  0.776668   ,  0.190685   ,  1.72222    ,  0.000647895,  0.145706   ,  0.0382     ])
6840    , -11788.6    , array([ 1.61343    ,  0.762812   ,  0.776668   ,  0.190685   ,  1.72222    ,  8.7828e-05 ,  0.145981   ,  0.0382     ])
6856    , -11773.7    , array([ 1.58628    ,  0.749191   ,  0.758316   ,  0.193729   ,  1.72684    ,  0.00815361 ,  0.138847   ,  0.0372578  ])
6864    , -11697.7    , array([ 1.6288     ,  0.721949   ,  0.827158   ,  0.0365493  ,  1.23659    ,  0.00453132 ,  0.125128   ,  0.0395117  ])
6872    , -13242.6    , array([ 1.00794    ,  0.723755   ,  0.822593   ,  0.0469727  ,  1.2691     ,  0.00477153 ,  0.126037   ,  0.0393622  ])
6880    , -11695.1    , array([ 1.65985    ,  0.723755   ,  0.822593   ,  0.0469727  ,  1.2691     ,  0.00477153 ,  0.126037   ,  0.0393622  ])
6896    , -11686.1    , array([ 1.65985    ,  0.723755   ,  0.822593   ,  0.0469727  ,  1.2691     ,  0.00477153 ,  0.126037   ,  0.0408576  ])
6904    , -11663.7    , array([ 1.65985    ,  0.723755   ,  0.916762   ,  0.0469727  ,  1.2691     ,  0.00477153 ,  0.126037   ,  0.0408727  ])
6920    , -11646.7    , array([ 1.65985    ,  0.723755   ,  0.908108   ,  0.153079   ,  1.2691     ,  0.00477153 ,  0.126037   ,  0.0408727  ])
6936    , -11645.6    , array([ 1.66643    ,  0.727052   ,  0.91255    ,  0.151292   ,  1.26799    ,  0.00281951 ,  0.12775    ,  0.0411007  ])
6944    , -11656      , array([ 1.66643    ,  0.727052   ,  0.91255    ,  0.151292   ,  1.26799    ,  0.193802   ,  0.12775    ,  0.0411007  ])
6960    , -11645.5    , array([ 1.66643    ,  0.727052   ,  0.91255    ,  0.151292   ,  1.26799    ,  0.000273959,  0.12775    ,  0.0411007  ])
6976    , -11624.8    , array([ 1.66643    ,  0.727052   ,  0.91255    ,  0.151292   ,  1.26799    ,  3.24377e-05,  0.133387   ,  0.0411007  ])
6992    , -11625.1    , array([ 1.66574    ,  0.72749    ,  0.911443   ,  0.15382    ,  1.27587    ,  9.06802e-05,  0.133608   ,  0.0410645  ])
7008    , -13039.4    , array([ 1.04877    ,  0.726808   ,  0.913166   ,  0.149887   ,  1.2636     ,  4.08378e-08,  0.133265   ,  0.0411209  ])
7016    , -11623.4    , array([ 1.69167    ,  0.726808   ,  0.913166   ,  0.149887   ,  1.2636     ,  4.08378e-08,  0.133265   ,  0.0411209  ])
7032    , -11616.7    , array([ 1.69167    ,  0.726808   ,  0.913166   ,  0.149887   ,  1.2636     ,  4.08378e-08,  0.133265   ,  0.0424665  ])
7040    , -11613.1    , array([ 1.69167    ,  0.726808   ,  0.935914   ,  0.149887   ,  1.2636     ,  4.08378e-08,  0.133265   ,  0.0424801  ])
7048    , -11612.1    , array([ 1.69167    ,  0.726808   ,  0.956667   ,  0.149887   ,  1.2636     ,  4.08378e-08,  0.133265   ,  0.0424801  ])
7056    , -11599.1    , array([ 1.69167    ,  0.726808   ,  0.956667   ,  0.244164   ,  1.2636     ,  4.08378e-08,  0.133265   ,  0.0424801  ])
7072    , -11592.9    , array([ 1.67571    ,  0.7188     ,  0.945877   ,  0.24502    ,  1.26632    ,  0.00474238 ,  0.129104   ,  0.0419261  ])
7088    , -11593.1    , array([ 1.67555    ,  0.718719   ,  0.945768   ,  0.245038   ,  1.26634    ,  0.00885558 ,  0.129062   ,  0.0419205  ])
7096    , -11592.7    , array([ 1.67555    ,  0.718719   ,  0.945768   ,  0.245038   ,  1.26634    ,  0.000111421,  0.129062   ,  0.0419205  ])
7104    , -20721.9    , array([ 1.67555    ,  0.718719   ,  0.945768   ,  0.245038   ,  1.26634    ,  4.53141e-05,  0.31986    ,  0.0419205  ])
7112    , -11566.9    , array([ 1.67555    ,  0.718719   ,  0.945768   ,  0.245038   ,  1.26634    ,  4.53141e-05,  0.135354   ,  0.0419205  ])
7120    , -11588.7    , array([ 1.66328    ,  0.726579   ,  0.925905   ,  0.290389   ,  1.40779    ,  0.00109043 ,  0.13944    ,  0.0412702  ])
7128    , -11566.4    , array([ 1.67607    ,  0.718384   ,  0.946613   ,  0.243108   ,  1.26032    ,  8.20835e-07,  0.135313   ,  0.0419482  ])
7144    , -11490.3    , array([ 1.7072     ,  0.690084   ,  1.05895    ,  0.555952   ,  1.24896    ,  8.88997e-07,  0.142178   ,  0.0447271  ])
7152    , -12592.2    , array([ 1.08683    ,  0.692204   ,  1.05053    ,  0.532507   ,  1.24981    ,  8.40029e-07,  0.141664   ,  0.0445189  ])
7160    , -11487      , array([ 1.65       ,  0.692204   ,  1.05053    ,  0.532507   ,  1.24981    ,  8.40029e-07,  0.141664   ,  0.0445189  ])
7168    , -37582.8    , array([ 1.663      ,  0.692204   ,  1.05053    ,  0.532507   ,  1.24981    ,  8.40029e-07,  0.141664   ,  0.235136   ])
7176    , -11485.1    , array([ 1.663      ,  0.692204   ,  1.05053    ,  0.532507   ,  1.24981    ,  8.40029e-07,  0.141664   ,  0.0438391  ])
7184    , -11614.3    , array([ 1.663      ,  0.692204   ,  1.4325     ,  0.532507   ,  1.24981    ,  8.40029e-07,  0.141664   ,  0.0438391  ])
7192    , -12464.2    , array([ 1.663      ,  0.692204   ,  1.06637    ,  1.53251    ,  1.24981    ,  8.40029e-07,  0.141664   ,  0.0438391  ])
7200    , -11477.7    , array([ 1.663      ,  0.692204   ,  1.06637    ,  0.456992   ,  1.24981    ,  8.40029e-07,  0.141664   ,  0.0438391  ])
7216    , -11408.4    , array([ 1.60408    ,  0.662645   ,  1.02654    ,  0.462841   ,  1.25982    ,  0.017505   ,  0.126305   ,  0.0417944  ])
7240    , -11734.5    , array([ 1.53986    ,  0.7038     ,  0.922539   ,  0.700298   ,  2.00045    ,  0.00552979 ,  0.147031   ,  0.0383894  ])
7248    , -11412.2    , array([ 1.60229    ,  0.663791   ,  1.02364    ,  0.469458   ,  1.28046    ,  0.000209958,  0.126883   ,  0.0416995  ])
7256    , -11406      , array([ 1.60475    ,  0.662212   ,  1.02763    ,  0.460347   ,  1.25205    ,  7.11704e-10,  0.126088   ,  0.0418301  ])
7264    , -11474      , array([ 1.65134    ,  0.61986    ,  1.19576    ,  0.928647   ,  1.23516    ,  9.78862e-07,  0.136367   ,  0.0459891  ])
7272    , -11818.9    , array([ 1.71063    ,  0.761755   ,  0.86217    ,  0.0130217  ,  1.26876    ,  1.80539e-07,  0.138908   ,  0.0411711  ])
7280    , -11372.1    , array([ 1.60051    ,  0.623514   ,  1.13133    ,  0.746239   ,  1.24161    ,  3.55698e-07,  0.127442   ,  0.0436489  ])
7288    , -11523.9    , array([ 1.30186    ,  0.623514   ,  1.13133    ,  0.746239   ,  1.24161    ,  3.55698e-07,  0.127442   ,  0.0436489  ])
7304    , -18846.5    , array([ 1.54542    ,  0.623514   ,  1.13133    ,  0.746239   ,  1.24161    ,  3.55698e-07,  0.127442   ,  0.00920706 ])
7312    , -11803.4    , array([ 1.54542    ,  0.623514   ,  2.13133    ,  0.746239   ,  1.24161    ,  3.55698e-07,  0.127442   ,  0.0422996  ])
7320    , -11358.5    , array([ 1.54542    ,  0.623514   ,  1.10379    ,  0.746239   ,  1.24161    ,  3.55698e-07,  0.127442   ,  0.0422996  ])
7328    , -11498.1    , array([ 1.54542    ,  0.623514   ,  1.10156    ,  0.128205   ,  1.24161    ,  3.55698e-07,  0.127442   ,  0.0422996  ])
7336    , -11346.6    , array([ 1.57421    ,  0.597339   ,  1.20546    ,  0.796408   ,  1.23118    ,  9.60228e-07,  0.133796   ,  0.04487    ])
7344    , -11297.5    , array([ 1.5516     ,  0.6179     ,  1.12384    ,  0.569058   ,  1.23937    ,  4.85356e-07,  0.128805   ,  0.0428509  ])
7384    , -11297.5    , array([ 1.55166    ,  0.617844   ,  1.12407    ,  0.569685   ,  1.23935    ,  2.77575e-08,  0.128819   ,  0.0428565  ])
7392    , -11297.5    , array([ 1.55166    ,  0.617844   ,  1.12407    ,  0.569685   ,  1.23935    ,  4.29874e-09,  0.128819   ,  0.0428565  ])
7424    , -11297.5    , array([ 1.55166    ,  0.617843   ,  1.12407    ,  0.569684   ,  1.23935    ,  6.63073e-10,  0.128819   ,  0.0428565  ])
7432    , -11282.2    , array([ 1.532      ,  0.593161   ,  1.17212    ,  0.700595   ,  1.2345     ,  3.13011e-08,  0.126772   ,  0.0432989  ])
7440    , -11282.2    , array([ 1.53166    ,  0.592741   ,  1.17294    ,  0.702827   ,  1.23442    ,  3.18343e-08,  0.126737   ,  0.0433064  ])
7448    , -11280.5    , array([ 1.56224    ,  0.592741   ,  1.17294    ,  0.702827   ,  1.23442    ,  3.18343e-08,  0.126737   ,  0.0433064  ])
7464    , -11352.9    , array([ 1.56059    ,  0.592741   ,  1.17294    ,  0.702827   ,  1.23442    ,  3.18343e-08,  0.126737   ,  0.0467295  ])
7472    , -11274.4    , array([ 1.56059    ,  0.592741   ,  1.17294    ,  0.702827   ,  1.23442    ,  3.18343e-08,  0.126737   ,  0.042028   ])
7480    , -11272.4    , array([ 1.56059    ,  0.592741   ,  1.13075    ,  0.702827   ,  1.23442    ,  3.18343e-08,  0.126737   ,  0.042028   ])
7488    , -11263.5    , array([ 1.56059    ,  0.592741   ,  1.13075    ,  0.650095   ,  1.23442    ,  3.18343e-08,  0.126737   ,  0.042028   ])
7496    , -11260      , array([ 1.56059    ,  0.592741   ,  1.13075    ,  0.590946   ,  1.23442    ,  3.18343e-08,  0.126737   ,  0.042028   ])
7504    , -11259.4    , array([ 1.55972    ,  0.593536   ,  1.12759    ,  0.582148   ,  1.23474    ,  1.34575e-08,  0.126544   ,  0.0419498  ])
7512    , -11259.1    , array([ 1.55908    ,  0.594117   ,  1.12528    ,  0.57573    ,  1.23497    ,  5.18368e-11,  0.126403   ,  0.0418928  ])
7520    , -11259.7    , array([ 1.55908    ,  0.594117   ,  1.12528    ,  0.57573    ,  1.23497    ,  0.072949   ,  0.126403   ,  0.0418928  ])
7528    , -11259.1    , array([ 1.55908    ,  0.594117   ,  1.12528    ,  0.57573    ,  1.23497    ,  0.00155281 ,  0.126403   ,  0.0418928  ])
7536    , -11259.1    , array([ 1.55908    ,  0.594117   ,  1.12528    ,  0.57573    ,  1.23497    ,  3.30535e-05,  0.126403   ,  0.0418928  ])
7544    , -11259.1    , array([ 1.55908    ,  0.594117   ,  1.12528    ,  0.57573    ,  1.23497    ,  7.03635e-07,  0.126403   ,  0.0418928  ])
7552    , -11259.1    , array([ 1.55908    ,  0.594117   ,  1.12528    ,  0.57573    ,  1.23497    ,  1.50285e-08,  0.126403   ,  0.0418928  ])
7560    , -11259.1    , array([ 1.55908    ,  0.594117   ,  1.12528    ,  0.57573    ,  1.23497    ,  3.70633e-10,  0.126403   ,  0.0418928  ])
7568    , -11259.1    , array([ 1.55908    ,  0.594117   ,  1.12528    ,  0.57573    ,  1.23497    ,  5.29962e-12,  0.126403   ,  0.0418928  ])
7616    , -11259.1    , array([ 1.55908    ,  0.594117   ,  1.12528    ,  0.57573    ,  1.23497    ,  3.14323e-12,  0.126403   ,  0.0418928  ])
7624    , -11259.1    , array([ 1.55908    ,  0.594117   ,  1.12528    ,  0.57573    ,  1.23497    ,  7.79934e-14,  0.126403   ,  0.0418928  ])
7632    , -11250.5    , array([ 1.54448    ,  0.575791   ,  1.16096    ,  0.672926   ,  1.23137    ,  2.32194e-08,  0.124883   ,  0.0422213  ])
7640    , -11239.3    , array([ 1.55781    ,  0.558913   ,  1.14806    ,  0.640563   ,  1.22834    ,  1.39908e-08,  0.123027   ,  0.0411108  ])
7648    , -11256.7    , array([ 1.6627     ,  0.558913   ,  1.14806    ,  0.640563   ,  1.22834    ,  1.39908e-08,  0.123027   ,  0.0411108  ])
7664    , -20778.8    , array([ 1.5624     ,  0.558913   ,  1.14806    ,  0.640563   ,  1.22834    ,  1.39908e-08,  0.123027   ,  0.0066689  ])
7672    , -11239.2    , array([ 1.5624     ,  0.558913   ,  1.14806    ,  0.640563   ,  1.22834    ,  1.39908e-08,  0.123027   ,  0.0410183  ])
7680    , -11242.8    , array([ 1.5624     ,  0.558913   ,  1.08691    ,  0.640563   ,  1.22834    ,  1.39908e-08,  0.123027   ,  0.0410192  ])
7688    , -11258.3    , array([ 1.54274    ,  0.534231   ,  1.18989    ,  0.771474   ,  1.22349    ,  4.52642e-08,  0.12098    ,  0.0414616  ])
7696    , -11239.2    , array([ 1.56335    ,  0.560109   ,  1.13951    ,  0.634223   ,  1.22857    ,  1.24763e-08,  0.123126   ,  0.0409978  ])
7704    , -11253.2    , array([ 1.56884    ,  0.555098   ,  1.15938    ,  0.689561   ,  1.22658    ,  1.27946e-07,  0.124339   ,  0.0414889  ])
7712    , -11238.7    , array([ 1.56311    ,  0.56031    ,  1.13869    ,  0.631933   ,  1.22865    ,  7.57607e-09,  0.123074   ,  0.0409771  ])
7720    , -11238      , array([ 1.56275    ,  0.560635   ,  1.1374     ,  0.628337   ,  1.22878    ,  6.63047e-11,  0.122995   ,  0.0409452  ])
7728    , -11237.9    , array([ 1.56275    ,  0.560635   ,  1.1374     ,  0.628337   ,  1.22878    ,  0.0431459  ,  0.122995   ,  0.0409452  ])
7736    , -11233.9    , array([ 1.57791    ,  0.550919   ,  1.16195    ,  0.572281   ,  1.05394    ,  0.0414226  ,  0.118102   ,  0.041749   ])
7744    , -11232      , array([ 1.57253    ,  0.554366   ,  1.15324    ,  0.592169   ,  1.11597    ,  0.041881   ,  0.119838   ,  0.0414638  ])
7752    , -12091.7    , array([ 2.5691     ,  0.558804   ,  1.1565     ,  0.600337   ,  1.11677    ,  0.041881   ,  0.120324   ,  0.0417519  ])
7760    , -11231.2    , array([ 1.57357    ,  0.558804   ,  1.1565     ,  0.600337   ,  1.11677    ,  0.041881   ,  0.120324   ,  0.0417519  ])
7768    , -56446.6    , array([ 1.57362    ,  0.558804   ,  1.1565     ,  0.600337   ,  1.11677    ,  0.041881   ,  0.120324   ,  0.423718   ])
7776    , -11233.7    , array([ 1.57362    ,  0.558804   ,  1.1565     ,  0.600337   ,  1.11677    ,  0.041881   ,  0.120324   ,  0.0405827  ])
7784    , -11230.8    , array([ 1.57362    ,  0.558804   ,  1.1565     ,  0.600337   ,  1.11677    ,  0.041881   ,  0.120324   ,  0.0414372  ])
7792    , -11230.6    , array([ 1.57362    ,  0.558804   ,  1.17043    ,  0.600337   ,  1.11677    ,  0.041881   ,  0.120324   ,  0.0414372  ])
7800    , -11230.1    , array([ 1.57032    ,  0.554666   ,  1.17835    ,  0.622285   ,  1.11596    ,  0.041881   ,  0.119981   ,  0.0415114  ])
7808    , -11221.5    , array([ 1.56137    ,  0.562875   ,  1.14585    ,  0.531752   ,  1.11922    ,  0.0418808  ,  0.118002   ,  0.0407085  ])
7816    , -11231.5    , array([ 1.56137    ,  0.562875   ,  1.14585    ,  0.531752   ,  1.11922    ,  0.423847   ,  0.118002   ,  0.0407085  ])
7840    , -11220.9    , array([ 1.56377    ,  0.561339   ,  1.14973    ,  0.522891   ,  1.09159    ,  0.000220859,  0.117229   ,  0.0408356  ])
7848    , -11220.8    , array([ 1.56277    ,  0.562636   ,  1.15068    ,  0.525278   ,  1.09182    ,  0.00022086 ,  0.117371   ,  0.0409198  ])
7856    , -11220.8    , array([ 1.5628     ,  0.562589   ,  1.15065    ,  0.525191   ,  1.09181    ,  0.00022086 ,  0.117366   ,  0.0409167  ])
7864    , -11220.6    , array([ 1.57318    ,  0.562589   ,  1.15065    ,  0.525191   ,  1.09181    ,  0.00022086 ,  0.117366   ,  0.0409167  ])
7880    , -11220.1    , array([ 1.57308    ,  0.562589   ,  1.15065    ,  0.525191   ,  1.09181    ,  0.00022086 ,  0.117366   ,  0.0412823  ])
7888    , -11314.1    , array([ 1.57308    ,  0.562589   ,  1.53261    ,  0.525191   ,  1.09181    ,  0.00022086 ,  0.117366   ,  0.0412787  ])
7896    , -11220.6    , array([ 1.55341    ,  0.537907   ,  1.20315    ,  0.656102   ,  1.08696    ,  0.000220891,  0.115319   ,  0.041721   ])
7904    , -11215.8    , array([ 1.56345    ,  0.550511   ,  1.1786     ,  0.58925    ,  1.08944    ,  0.000220875,  0.116364   ,  0.0414951  ])
7912    , -11211      , array([ 1.55693    ,  0.556447   ,  1.15504    ,  0.523622   ,  1.0918     ,  0.000220738,  0.114923   ,  0.0409123  ])
7920    , -11210.8    , array([ 1.55686    ,  0.556506   ,  1.15481    ,  0.522959   ,  1.09183    ,  0.0592019  ,  0.114909   ,  0.0409064  ])
7928    , -11224.2    , array([ 1.57202    ,  0.546791   ,  1.17936    ,  0.466903   ,  0.91699    ,  0.059031   ,  0.110016   ,  0.0417102  ])
7936    , -11237.7    , array([ 1.53638    ,  0.583561   ,  1.17649    ,  0.570601   ,  1.08692    ,  0.0602499  ,  0.11766    ,  0.0427434  ])
7944    , -11204.5    , array([ 1.55298    ,  0.548877   ,  1.16141    ,  0.513568   ,  1.07202    ,  0.120279   ,  0.11185    ,  0.0409577  ])
7952    , -11202.1    , array([ 1.54785    ,  0.54172    ,  1.16702    ,  0.507501   ,  1.06169    ,  0.182949   ,  0.108971   ,  0.040979   ])
7960    , -11223      , array([ 1.63784    ,  0.541578   ,  1.16713    ,  0.507381   ,  1.06148    ,  0.184188   ,  0.108914   ,  0.0409795  ])
7976    , -20621.9    , array([ 1.52622    ,  0.541578   ,  1.16713    ,  0.507381   ,  1.06148    ,  0.184188   ,  0.108914   ,  0.00653762 ])
7984    , -11201.1    , array([ 1.52622    ,  0.541578   ,  1.16713    ,  0.507381   ,  1.06148    ,  0.184188   ,  0.108914   ,  0.0411357  ])
7992    , -11207.4    , array([ 1.52622    ,  0.541578   ,  1.06508    ,  0.507381   ,  1.06148    ,  0.184188   ,  0.108914   ,  0.0411373  ])
8000    , -11259.9    , array([ 1.55803    ,  0.581514   ,  1.06307    ,  0.295562   ,  1.06933    ,  0.184188   ,  0.112226   ,  0.0404215  ])
8008    , -11210      , array([ 1.53481    ,  0.518749   ,  1.13951    ,  0.506579   ,  1.05728    ,  0.184188   ,  0.106565   ,  0.0401334  ])
8016    , -11199.4    , array([ 1.52186    ,  0.535498   ,  1.15183    ,  0.537408   ,  1.06029    ,  0.184188   ,  0.108401   ,  0.0412205  ])
8024    , -11196.9    , array([ 1.52186    ,  0.535501   ,  1.15183    ,  0.537413   ,  1.06029    ,  0.413119   ,  0.108402   ,  0.0412207  ])
8032    , -11211      , array([ 1.53702    ,  0.525786   ,  1.17639    ,  0.481357   ,  0.885455   ,  0.409538   ,  0.103509   ,  0.0420245  ])
8040    , -11221.8    , array([ 1.5385     ,  0.558254   ,  1.13425    ,  0.555962   ,  1.09065    ,  0.210274   ,  0.117539   ,  0.0411648  ])
8048    , -11204.6    , array([ 1.48428    ,  0.512156   ,  1.15061    ,  0.55133    ,  1.02921    ,  0.786006   ,  0.100913   ,  0.0415375  ])
8056    , -11198      , array([ 1.49131    ,  0.533944   ,  1.15332    ,  0.535355   ,  1.05556    ,  0.423128   ,  0.10776    ,  0.0412373  ])
8064    , -11196.7    , array([ 1.51593    ,  0.533944   ,  1.15332    ,  0.535355   ,  1.05556    ,  0.423128   ,  0.10776    ,  0.0412373  ])
8072    , -12363.9    , array([ 1.51593    ,  0.533944   ,  1.15332    ,  0.535355   ,  1.05556    ,  0.423128   ,  0.10776    ,  0.0626996  ])
8080    , -11569.3    , array([ 1.51593    ,  0.533944   ,  2.15332    ,  0.535355   ,  1.05556    ,  0.423128   ,  0.10776    ,  0.0416186  ])
8088    , -11195.9    , array([ 1.51593    ,  0.533944   ,  1.13649    ,  0.535355   ,  1.05556    ,  0.423128   ,  0.10776    ,  0.0416186  ])
8096    , -11203.9    , array([ 1.52808    ,  0.549199   ,  1.10572    ,  0.454447   ,  1.05856    ,  0.423128   ,  0.109025   ,  0.0413452  ])
8104    , -11195.8    , array([ 1.51473    ,  0.532433   ,  1.13836    ,  0.54337    ,  1.05526    ,  0.423128   ,  0.107635   ,  0.0416457  ])
8112    , -11224.9    , array([ 1.5151     ,  0.531955   ,  1.13801    ,  0.54249    ,  1.05518    ,  1.42313    ,  0.107582   ,  0.0416147  ])
8120    , -11194.4    , array([ 1.5151     ,  0.531955   ,  1.13801    ,  0.54249    ,  1.05518    ,  0.588752   ,  0.107582   ,  0.0416147  ])
8128    , -11194.4    , array([ 1.51537    ,  0.531781   ,  1.13845    ,  0.541488   ,  1.05205    ,  0.590401   ,  0.107495   ,  0.0416291  ])
8136    , -11198.5    , array([ 1.52165    ,  0.540517   ,  1.13162    ,  0.548833   ,  1.06446    ,  0.513802   ,  0.111008   ,  0.041604   ])
8144    , -11192.4    , array([ 1.50858    ,  0.528045   ,  1.12486    ,  0.546166   ,  1.04586    ,  0.77123    ,  0.106594   ,  0.0420274  ])
8152    , -11188.4    , array([ 1.48171    ,  0.515369   ,  1.06371    ,  0.569397   ,  1.02502    ,  1.51922    ,  0.104089   ,  0.0437252  ])
8160    , -11206.6    , array([ 1.59762    ,  0.515524   ,  1.06446    ,  0.569113   ,  1.02528    ,  1.5101     ,  0.10412    ,  0.0437045  ])
8168    , -26657.1    , array([ 1.49662    ,  0.515524   ,  1.06446    ,  0.569113   ,  1.02528    ,  1.5101     ,  0.10412    ,  1.0437     ])
8176    , -15694.5    , array([ 1.49662    ,  0.515524   ,  1.06446    ,  0.569113   ,  1.02528    ,  1.5101     ,  0.10412    ,  0.116611   ])
8184    , -11186.6    , array([ 1.49662    ,  0.515524   ,  1.06446    ,  0.569113   ,  1.02528    ,  1.5101     ,  0.10412    ,  0.0444248  ])
8192    , -11187.4    , array([ 1.49662    ,  0.515524   ,  1.05394    ,  0.569113   ,  1.02528    ,  1.5101     ,  0.10412    ,  0.0444321  ])
8200    , -11221.4    , array([ 1.52843    ,  0.55546    ,  1.00905    ,  0.357295   ,  1.03312    ,  1.5101     ,  0.107432   ,  0.0437163  ])
8208    , -11194      , array([ 1.51301    ,  0.502479   ,  1.06644    ,  0.516419   ,  1.023      ,  1.5101     ,  0.102582   ,  0.0432528  ])
8216    , -11185.3    , array([ 1.50149    ,  0.517373   ,  1.0774     ,  0.543834   ,  1.02568    ,  1.5101     ,  0.104215   ,  0.0442196  ])
8224    , -11185.3    , array([ 1.50189    ,  0.517927   ,  1.07696    ,  0.544304   ,  1.02648    ,  1.50525    ,  0.104438   ,  0.0442179  ])
8232    , -11185.3    , array([ 1.50107    ,  0.518453   ,  1.07563    ,  0.547341   ,  1.03595    ,  1.50532    ,  0.104703   ,  0.0441744  ])
8240    , -11185.3    , array([ 1.50167    ,  0.518069   ,  1.07661    ,  0.545123   ,  1.02903    ,  1.50527    ,  0.104509   ,  0.0442062  ])
8248    , -11184.5    , array([ 1.49012    ,  0.512621   ,  1.05033    ,  0.555106   ,  1.02008    ,  1.82672    ,  0.103433   ,  0.0449358  ])
8256    , -11184.4    , array([ 1.49913    ,  0.512621   ,  1.05033    ,  0.555106   ,  1.02008    ,  1.82672    ,  0.103433   ,  0.0449358  ])
8272    , -11765.2    , array([ 1.49779    ,  0.512621   ,  1.05033    ,  0.555106   ,  1.02008    ,  1.82672    ,  0.103433   ,  0.0317802  ])
8288    , -11183.1    , array([ 1.49779    ,  0.512621   ,  1.06868    ,  0.555106   ,  1.02008    ,  1.82672    ,  0.103433   ,  0.0455145  ])
8296    , -11187.4    , array([ 1.49028    ,  0.503193   ,  1.08703    ,  0.60511    ,  1.01822    ,  1.82672    ,  0.102651   ,  0.0456835  ])
8304    , -11188.5    , array([ 1.49222    ,  0.526403   ,  1.07013    ,  0.557339   ,  1.02261    ,  1.82672    ,  0.104858   ,  0.0461408  ])
8312    , -11182.7    , array([ 1.50171    ,  0.514124   ,  1.0611     ,  0.534738   ,  1.0204     ,  1.82672    ,  0.103511   ,  0.0453439  ])
8320    , -11294.8    , array([ 1.54153    ,  0.488873   ,  1.12523    ,  0.388138   ,  0.562932   ,  1.82172    ,  0.0907759  ,  0.0474478  ])
8328    , -11182.7    , array([ 1.50163    ,  0.514443   ,  1.06061    ,  0.535676   ,  1.0231     ,  1.82513    ,  0.103653   ,  0.0453321  ])
8336    , -11182.2    , array([ 1.49278    ,  0.510272   ,  1.04048    ,  0.543331   ,  1.01627    ,  2.07136    ,  0.102829   ,  0.0458909  ])
8344    , -11178.8    , array([ 1.50263    ,  0.50234    ,  1.00738    ,  0.501751   ,  1.00342    ,  2.90938    ,  0.100776   ,  0.0491882  ])
8352    , -11178.8    , array([ 1.5023     ,  0.50261    ,  1.00851    ,  0.503152   ,  1.00385    ,  2.88095    ,  0.100846   ,  0.0490766  ])
8360    , -11178.8    , array([ 1.50395    ,  0.50261    ,  1.00851    ,  0.503152   ,  1.00385    ,  2.88095    ,  0.100846   ,  0.0490766  ])
8368    , -11178.8    , array([ 1.50272    ,  0.50261    ,  1.00851    ,  0.503152   ,  1.00385    ,  2.88095    ,  0.100846   ,  0.0490766  ])
8376    , -11692.5    , array([ 1.50478    ,  0.503583   ,  2.0132     ,  0.501368   ,  1.00545    ,  2.82351    ,  0.101038   ,  0.0489462  ])
8384    , -11178.7    , array([ 1.50478    ,  0.503583   ,  1.00745    ,  0.501368   ,  1.00545    ,  2.82351    ,  0.101038   ,  0.0489462  ])
8392    , -11186.9    , array([ 1.51693    ,  0.518838   ,  0.976985   ,  0.42046    ,  1.00845    ,  2.82351    ,  0.102303   ,  0.0486728  ])
8400    , -11178.6    , array([ 1.50353    ,  0.502014   ,  1.00974    ,  0.509692   ,  1.00514    ,  2.82351    ,  0.100908   ,  0.0489743  ])
8408    , -11187.3    , array([ 1.49282    ,  0.4886     ,  1.02139    ,  0.499057   ,  0.984846   ,  2.94745    ,  0.0952952  ,  0.0490647  ])
8416    , -11178.6    , array([ 1.50243    ,  0.502014   ,  1.01087    ,  0.510428   ,  1.00421    ,  2.83       ,  0.100691   ,  0.0490246  ])
8424    , -11178.5    , array([ 1.50286    ,  0.501747   ,  1.01155    ,  0.508854   ,  0.999291   ,  2.8299     ,  0.100556   ,  0.0490473  ])
8432    , -11180.3    , array([ 1.49708    ,  0.506503   ,  1.03153    ,  0.533524   ,  1.00673    ,  2.32738    ,  0.101781   ,  0.0470749  ])
