1372    , -106.964    , array([ 0.131372   ,  1.4076     ,  0.0901741  ,  0.029649   ])
1380    , -3665.43    , array([ 0.0412024  ,  1.4076     ,  0.0901741  ,  0.029649   ])
1384    , -111.531    , array([ 0.141583   ,  1.4076     ,  0.0901741  ,  0.029649   ])
1388    , -106.955    , array([ 0.131783   ,  1.4076     ,  0.0901741  ,  0.029649   ])
1396    , -107.421    , array([ 0.131783   ,  1.53104    ,  0.0901741  ,  0.029649   ])
1400    , -106.954    , array([ 0.131783   ,  1.41342    ,  0.0901741  ,  0.029649   ])
1408    , -2345.53    , array([ 0.131783   ,  1.41342    ,  0.281107   ,  0.029649   ])
1412    , -106.909    , array([ 0.131783   ,  1.41342    ,  0.0895978  ,  0.029649   ])
1416    , -106.905    , array([ 0.131783   ,  1.41342    ,  0.0893949  ,  0.029649   ])
1432    , -106.816    , array([ 0.131783   ,  1.41342    ,  0.0893949  ,  0.0299965  ])
1436    , -106.816    , array([ 0.131783   ,  1.41342    ,  0.0893949  ,  0.0300015  ])
1444    , -3517.61    , array([ 0.0416133  ,  1.41342    ,  0.0893949  ,  0.0300015  ])
1448    , -112.195    , array([ 0.141904   ,  1.41342    ,  0.0893949  ,  0.0300015  ])
1452    , -106.806    , array([ 0.13135    ,  1.41342    ,  0.0893949  ,  0.0300015  ])
1460    , -107.396    , array([ 0.13135    ,  1.52109    ,  0.0893949  ,  0.0300015  ])
1464    , -106.784    , array([ 0.13135    ,  1.39027    ,  0.0893949  ,  0.0300015  ])
1468    , -8967.47    , array([ 0.13135    ,  1.39027    ,  1.08939    ,  0.0300015  ])
1472    , -6353.85    , array([ 0.13135    ,  1.39027    ,  0.471361   ,  0.0300015  ])
1476    , -107.233    , array([ 0.13135    ,  1.39027    ,  0.0863224  ,  0.0300015  ])
1480    , -106.749    , array([ 0.13135    ,  1.39027    ,  0.0887294  ,  0.0300015  ])
1484    , -106.749    , array([ 0.13135    ,  1.39027    ,  0.088736   ,  0.0300015  ])
1492    , -434.71     , array([ 0.13135    ,  1.39027    ,  0.088736   ,  0.0578596  ])
1496    , -106.87     , array([ 0.13135    ,  1.39027    ,  0.088736   ,  0.0307394  ])
1500    , -106.704    , array([ 0.13135    ,  1.39027    ,  0.088736   ,  0.030249   ])
1504    , -106.519    , array([ 0.130218   ,  1.32965    ,  0.087011   ,  0.0309062  ])
1508    , -106.535    , array([ 0.129137   ,  1.27183    ,  0.0853654  ,  0.0315306  ])
1512    , -106.499    , array([ 0.129718   ,  1.3029     ,  0.0862494  ,  0.0311951  ])
1516    , -106.499    , array([ 0.129734   ,  1.30376    ,  0.086274   ,  0.0311858  ])
1524    , -112.303    , array([ 0.138516   ,  1.30376    ,  0.086274   ,  0.0311858  ])
1528    , -106.249    , array([ 0.12758    ,  1.30376    ,  0.086274   ,  0.0311858  ])
1532    , -127.119    , array([ 0.127601   ,  2.30376    ,  0.086274   ,  0.0311858  ])
1536    , -111.479    , array([ 0.127601   ,  1.68573    ,  0.086274   ,  0.0311858  ])
1540    , -106.249    , array([ 0.127601   ,  1.30336    ,  0.086274   ,  0.0311858  ])
1544    , -106.249    , array([ 0.127601   ,  1.3027     ,  0.086274   ,  0.0311858  ])
1548    , -106.249    , array([ 0.127601   ,  1.30329    ,  0.086274   ,  0.0311858  ])
1556    , -2569.02    , array([ 0.127601   ,  1.30329    ,  0.277203   ,  0.0311858  ])
1560    , -106.162    , array([ 0.127601   ,  1.30329    ,  0.0855015  ,  0.0311858  ])
1564    , -106.156    , array([ 0.127601   ,  1.30329    ,  0.0852486  ,  0.0311858  ])
1568    , -106.339    , array([ 0.128601   ,  1.35676    ,  0.0867702  ,  0.0306084  ])
1572    , -106.131    , array([ 0.127101   ,  1.27653    ,  0.0844869  ,  0.0314748  ])
1576    , -106.257    , array([ 0.122852   ,  1.1628     ,  0.0802379  ,  0.0326982  ])
1580    , -106.06     , array([ 0.125478   ,  1.23309    ,  0.0828639  ,  0.0319421  ])
1584    , -106.06     , array([ 0.125347   ,  1.22957    ,  0.0827325  ,  0.03198    ])
1588    , -106.06     , array([ 0.125364   ,  1.23004    ,  0.0827499  ,  0.031975   ])
1592    , -106.004    , array([ 0.126052   ,  1.26682    ,  0.0837968  ,  0.0315777  ])
1596    , -125.693    , array([ 0.126039   ,  2.26614    ,  0.0837775  ,  0.031585   ])
1600    , -110.182    , array([ 0.126039   ,  1.64811    ,  0.0837775  ,  0.031585   ])
1604    , -105.894    , array([ 0.126039   ,  1.30942    ,  0.0837775  ,  0.031585   ])
1608    , -9510.81    , array([ 0.126039   ,  1.30942    ,  1.08378    ,  0.031585   ])
1612    , -6943.28    , array([ 0.126039   ,  1.30942    ,  0.465744   ,  0.031585   ])
1616    , -106.729    , array([ 0.126039   ,  1.30942    ,  0.0804415  ,  0.031585   ])
1620    , -105.881    , array([ 0.126039   ,  1.30942    ,  0.0834064  ,  0.031585   ])
1624    , -105.734    , array([ 0.121491   ,  1.18769    ,  0.078855   ,  0.0328943  ])
1628    , -105.666    , array([ 0.122982   ,  1.2276     ,  0.0803459  ,  0.032465   ])
1632    , -105.666    , array([ 0.122982   ,  1.2276     ,  0.0803459  ,  0.032465   ])
1636    , -105.442    , array([ 0.116317   ,  1.14841    ,  0.0736455  ,  0.0340672  ])
1640    , -105.412    , array([ 0.11782    ,  1.16628    ,  0.075157   ,  0.0337058  ])
1644    , -105.018    , array([ 0.119407   ,  1.24903    ,  0.0775463  ,  0.0328063  ])
1648    , -105.018    , array([ 0.119425   ,  1.24999    ,  0.0775737  ,  0.0327959  ])
1656    , -105.696    , array([ 0.119407   ,  1.38925    ,  0.0775463  ,  0.0328063  ])
1660    , -104.974    , array([ 0.119407   ,  1.2745     ,  0.0775463  ,  0.0328063  ])
1664    , -10168.2    , array([ 0.119407   ,  1.27477    ,  1.07755    ,  0.0328063  ])
1668    , -7704.69    , array([ 0.119407   ,  1.27477    ,  0.459512   ,  0.0328063  ])
1676    , -104.973    , array([ 0.119407   ,  1.27477    ,  0.077464   ,  0.0328063  ])
1680    , -104.973    , array([ 0.119407   ,  1.27477    ,  0.0774559  ,  0.0328063  ])
1684    , -104.444    , array([ 0.111138   ,  1.17653    ,  0.0691432  ,  0.034794   ])
1688    , -104.434    , array([ 0.111957   ,  1.18625    ,  0.069966   ,  0.0345972  ])
1692    , -104.458    , array([ 0.100931   ,  1.14491    ,  0.0595862  ,  0.0367294  ])
1696    , -104.221    , array([ 0.107745   ,  1.17046    ,  0.0660013  ,  0.0354117  ])
1700    , -104.2      , array([ 0.106058   ,  1.16414    ,  0.0644128  ,  0.035738   ])
1704    , -106.285    , array([ 0.104441   ,  1.07763    ,  0.0619508  ,  0.0366722  ])
1708    , -103.755    , array([ 0.10699    ,  1.21398    ,  0.0658314  ,  0.0351996  ])
1712    , -103.698    , array([ 0.107336   ,  1.23252    ,  0.066359   ,  0.0349994  ])
1720    , -104.794    , array([ 0.10755    ,  1.36934    ,  0.0666851  ,  0.0348756  ])
1724    , -103.686    , array([ 0.10755    ,  1.2381     ,  0.0666851  ,  0.0348756  ])
1728    , -103.686    , array([ 0.10755    ,  1.23804    ,  0.0666851  ,  0.0348756  ])
1732    , -103.686    , array([ 0.10755    ,  1.2381     ,  0.0666851  ,  0.0348756  ])
1740    , -103.754    , array([ 0.10755    ,  1.2381     ,  0.0682195  ,  0.0348756  ])
1744    , -103.627    , array([ 0.10755    ,  1.2381     ,  0.0673061  ,  0.0348756  ])
1748    , -103.151    , array([ 0.0980061  ,  1.20231    ,  0.0583207  ,  0.0367214  ])
1752    , -103.139    , array([ 0.099063   ,  1.20627    ,  0.0593158  ,  0.036517   ])
1756    , -104.491    , array([ 0.0974462  ,  1.11977    ,  0.0568538  ,  0.0374513  ])
1760    , -103.329    , array([ 0.10068    ,  1.29278    ,  0.0617777  ,  0.0355827  ])
1764    , -103.073    , array([ 0.0993951  ,  1.22404    ,  0.0598215  ,  0.0363251  ])
1768    , -135.402    , array([ 0.0996003  ,  2.23503    ,  0.060134   ,  0.0362065  ])
1772    , -111.73     , array([ 0.0996003  ,  1.61699    ,  0.060134   ,  0.0362065  ])
1776    , -103.024    , array([ 0.0996003  ,  1.21423    ,  0.060134   ,  0.0362065  ])
1780    , -103.024    , array([ 0.0996003  ,  1.21333    ,  0.060134   ,  0.0362065  ])
1792    , -102.885    , array([ 0.0996003  ,  1.21333    ,  0.0609996  ,  0.0362065  ])
1796    , -102.885    , array([ 0.0996003  ,  1.21333    ,  0.0609823  ,  0.0362065  ])
1800    , -102.928    , array([ 0.0900562  ,  1.17754    ,  0.051997   ,  0.0380522  ])
1804    , -102.651    , array([ 0.0945001  ,  1.19421    ,  0.0561806  ,  0.0371928  ])
1808    , -101.666    , array([ 0.0827368  ,  1.16329    ,  0.0481448  ,  0.0389268  ])
1812    , -110.636    , array([ 0.0409314  ,  1.05323    ,  0.0195398  ,  0.0450975  ])
1816    , -100.84     , array([ 0.064097   ,  1.11422    ,  0.0353907  ,  0.0416781  ])
1820    , -104.347    , array([ 0.0667131  ,  1.25419    ,  0.0393742  ,  0.0401664  ])
1824    , -100.706    , array([ 0.0645019  ,  1.13588    ,  0.0360072  ,  0.0414441  ])
1828    , -100.706    , array([ 0.0644903  ,  1.13526    ,  0.0359896  ,  0.0414508  ])
1832    , -100.706    , array([ 0.0644865  ,  1.13505    ,  0.0359837  ,  0.0414531  ])
1836    , -101.147    , array([ 0.0644865  ,  1.05341    ,  0.0359837  ,  0.0414531  ])
1840    , -100.641    , array([ 0.0644865  ,  1.11272    ,  0.0359837  ,  0.0414531  ])
1848    , -11720.1    , array([ 0.0644865  ,  1.1125     ,  0.226819   ,  0.0414531  ])
1852    , -279.046    , array([ 0.0644865  ,  1.1125     ,  0.0215759  ,  0.0414531  ])
1856    , -100.521    , array([ 0.0644865  ,  1.1125     ,  0.0364401  ,  0.0414531  ])
1860    , -116.584    , array([ 0.0340329  ,  1.03232    ,  0.015598   ,  0.0459481  ])
1864    , -100.435    , array([ 0.0528542  ,  1.08187    ,  0.0284763  ,  0.04317    ])
1868    , -100.298    , array([ 0.0570296  ,  1.09287    ,  0.0313332  ,  0.0425537  ])
1872    , -104.528    , array([ 0.0554128  ,  1.00636    ,  0.0288713  ,  0.043488   ])
1876    , -101.057    , array([ 0.0564121  ,  1.05982    ,  0.0303929  ,  0.0429106  ])
1880    , -100.252    , array([ 0.0572264  ,  1.1034     ,  0.0316329  ,  0.04244    ])
1888    , -102.627    , array([ 0.0572284  ,  1.233      ,  0.0316359  ,  0.0424389  ])
1892    , -100.235    , array([ 0.0572284  ,  1.0925     ,  0.0316359  ,  0.0424389  ])
1896    , -20751.9    , array([ 0.0572284  ,  1.0925     ,  1.03164    ,  0.0424389  ])
1900    , -20458.9    , array([ 0.0572284  ,  1.0925     ,  0.413602   ,  0.0424389  ])
1904    , -2850.13    , array([ 0.0572284  ,  1.0925     ,  0.104522   ,  0.0424389  ])
1908    , -100.233    , array([ 0.0572284  ,  1.0925     ,  0.0316403  ,  0.0424389  ])
1912    , -100.19     , array([ 0.0572284  ,  1.0925     ,  0.031879   ,  0.0424389  ])
1916    , -103.648    , array([ 0.106503   ,  1.22223    ,  0.0655924  ,  0.0351657  ])
1920    , -100.256    , array([ 0.0586379  ,  1.09621    ,  0.032841   ,  0.0422308  ])
1924    , -100.091    , array([ 0.0532224  ,  1.08195    ,  0.0291355  ,  0.0430302  ])
1928    , -100.091    , array([ 0.0530727  ,  1.08156    ,  0.0290331  ,  0.0430523  ])
1932    , -99.7464    , array([ 0.0428624  ,  1.05235    ,  0.0231132  ,  0.0443355  ])
1936    , -99.8564    , array([ 0.0293183  ,  1.01362    ,  0.0152548  ,  0.0460388  ])
1940    , -99.6686    , array([ 0.0360874  ,  1.03298    ,  0.0191823  ,  0.0451875  ])
1944    , -99.6685    , array([ 0.036256   ,  1.03346    ,  0.0192801  ,  0.0451663  ])
1948    , -99.6108    , array([ 0.0363936  ,  1.04082    ,  0.0194897  ,  0.0450868  ])
1952    , -99.6107    , array([ 0.036397   ,  1.041      ,  0.0194949  ,  0.0450848  ])
1956    , -329.843    , array([ 0.036397   ,  0.422971   ,  0.0194949  ,  0.0450848  ])
1960    , -99.5878    , array([ 0.036397   ,  1.05687    ,  0.0194949  ,  0.0450848  ])
1964    , -99.5851    , array([ 0.036397   ,  1.05301    ,  0.0194949  ,  0.0450848  ])
1976    , -101.58     , array([ 0.036397   ,  1.05301    ,  0.0204315  ,  0.0450848  ])
1980    , -99.5811    , array([ 0.036397   ,  1.05301    ,  0.019451   ,  0.0450848  ])
1984    , -100.749    , array([ 0.0636737  ,  1.13102    ,  0.0352776  ,  0.0416544  ])
1988    , -99.5334    , array([ 0.0298892  ,  1.0344     ,  0.0156755  ,  0.0459033  ])
1992    , -99.523     , array([ 0.0315223  ,  1.03907    ,  0.016623   ,  0.0456979  ])
1996    , -111.995    , array([ 0.0299055  ,  0.952567   ,  0.014161   ,  0.0466322  ])
2000    , -101.369    , array([ 0.0309047  ,  1.00603    ,  0.0156826  ,  0.0460547  ])
2004    , -99.5089    , array([ 0.0315837  ,  1.04236    ,  0.0167165  ,  0.0456624  ])
2008    , -99.5089    , array([ 0.0315831  ,  1.04233    ,  0.0167156  ,  0.0456627  ])
2012    , -99.7481    , array([ 0.0315831  ,  1.01394    ,  0.0167156  ,  0.0456627  ])
2016    , -99.497     , array([ 0.0315831  ,  1.05054    ,  0.0167156  ,  0.0456627  ])
2020    , -99.497     , array([ 0.0315831  ,  1.05045    ,  0.0167156  ,  0.0456627  ])
2028    , -1619.23    , array([ 0.0315831  ,  1.05045    ,  0.0445428  ,  0.0456627  ])
2032    , -99.4966    , array([ 0.0315831  ,  1.05045    ,  0.0167038  ,  0.0456627  ])
2036    , -99.4966    , array([ 0.0315831  ,  1.05045    ,  0.0167038  ,  0.0456627  ])
2040    , -99.7808    , array([ 0.0420018  ,  1.08025    ,  0.0227488  ,  0.0443524  ])
2044    , -99.4766    , array([ 0.0279502  ,  1.04006    ,  0.0145959  ,  0.0461196  ])
2048    , -99.4705    , array([ 0.0289734  ,  1.04299    ,  0.0151896  ,  0.0459909  ])
2052    , -99.4689    , array([ 0.0223939  ,  1.05352    ,  0.0114911  ,  0.0467464  ])
2056    , -99.4371    , array([ 0.0252981  ,  1.04892    ,  0.0131238  ,  0.0464128  ])
2060    , -119.21     , array([ 0.0236317  ,  0.962495   ,  0.010634   ,  0.0473528  ])
2064    , -102.207    , array([ 0.0246309  ,  1.01596    ,  0.0121555  ,  0.0467754  ])
2068    , -99.4266    , array([ 0.0252912  ,  1.05129    ,  0.013161   ,  0.0463938  ])
2072    , -99.4266    , array([ 0.0252908  ,  1.05126    ,  0.0131603  ,  0.0463941  ])
2076    , -99.8028    , array([ 0.0252908  ,  1.00514    ,  0.0131603  ,  0.0463941  ])
2080    , -99.4258    , array([ 0.0252908  ,  1.04923    ,  0.0131603  ,  0.0463941  ])
2084    , -35711.1    , array([ 0.0252908  ,  1.04921    ,  1.01316    ,  0.0463941  ])
2088    , -35710.9    , array([ 0.0252908  ,  1.04921    ,  0.395126   ,  0.0463941  ])
2092    , -17318.9    , array([ 0.0252908  ,  1.04921    ,  0.0859994  ,  0.0463941  ])
2096    , -99.4239    , array([ 0.0252908  ,  1.04921    ,  0.0131669  ,  0.0463941  ])
2100    , -99.4205    , array([ 0.0252908  ,  1.04921    ,  0.0131936  ,  0.0463941  ])
2104    , -99.4446    , array([ 0.0276089  ,  1.04554    ,  0.0144968  ,  0.0461278  ])
2108    , -99.4118    , array([ 0.0232921  ,  1.05237    ,  0.01207    ,  0.0466237  ])
2112    , -99.4118    , array([ 0.0232582  ,  1.05243    ,  0.0120509  ,  0.0466275  ])
2116    , -105.712    , array([ 0.0242575  ,  1.10589    ,  0.0135725  ,  0.0460501  ])
2120    , -99.4116    , array([ 0.0232527  ,  1.05213    ,  0.0120425  ,  0.0466308  ])
2124    , -99.4116    , array([ 0.0232528  ,  1.05213    ,  0.0120426  ,  0.0466307  ])
2128    , -99.4116    , array([ 0.0232527  ,  1.05213    ,  0.0120425  ,  0.0466308  ])
2132    , -99.8166    , array([ 0.0232527  ,  1.00249    ,  0.0120425  ,  0.0466308  ])
2136    , -99.4086    , array([ 0.0232527  ,  1.04812    ,  0.0120425  ,  0.0466308  ])
2140    , -37390.4    , array([ 0.0232527  ,  1.04812    ,  1.01204    ,  0.0466308  ])
2144    , -37390.4    , array([ 0.0232527  ,  1.04812    ,  0.394008   ,  0.0466308  ])
2148    , -20272.7    , array([ 0.0232527  ,  1.04812    ,  0.0848763  ,  0.0466308  ])
2152    , -99.5488    , array([ 0.0232527  ,  1.04812    ,  0.0122394  ,  0.0466308  ])
2156    , -99.4011    , array([ 0.0232527  ,  1.04812    ,  0.0120792  ,  0.0466308  ])
2160    , -99.4011    , array([ 0.0232527  ,  1.04812    ,  0.0120788  ,  0.0466308  ])
2164    , -99.3971    , array([ 0.0220972  ,  1.04994    ,  0.0114292  ,  0.0467635  ])
2168    , -99.3971    , array([ 0.0220805  ,  1.04997    ,  0.0114199  ,  0.0467654  ])
2172    , -99.3675    , array([ 0.0189544  ,  1.0436     ,  0.00974364 ,  0.0471312  ])
2176    , -99.3631    , array([ 0.0157781  ,  1.03709    ,  0.0080408  ,  0.0475029  ])
2180    , -99.3592    , array([ 0.0169174  ,  1.03943    ,  0.00865157 ,  0.0473696  ])
2184    , -110.164    , array([ 0.0179166  ,  1.09289    ,  0.0101731  ,  0.0467922  ])
2188    , -99.3547    , array([ 0.016936   ,  1.04042    ,  0.00867991 ,  0.0473588  ])
2192    , -167.699    , array([ 0.016936   ,  2.04042    ,  0.00867991 ,  0.0473588  ])
2196    , -116.898    , array([ 0.016936   ,  1.42239    ,  0.00867991 ,  0.0473588  ])
2200    , -99.3547    , array([ 0.016936   ,  1.04098    ,  0.00867991 ,  0.0473588  ])
2204    , -99.3547    , array([ 0.016936   ,  1.0408     ,  0.00867991 ,  0.0473588  ])
2208    , -99.3547    , array([ 0.016936   ,  1.04083    ,  0.00867991 ,  0.0473588  ])
2212    , -99.3547    , array([ 0.016936   ,  1.04084    ,  0.00867991 ,  0.0473588  ])
2216    , -99.3546    , array([ 0.0170742  ,  1.04062    ,  0.00875764 ,  0.0473429  ])
2220    , -99.3546    , array([ 0.0170266  ,  1.0407     ,  0.00873084 ,  0.0473484  ])
2224    , -99.4475    , array([ 0.0118907  ,  1.03011    ,  0.00597789 ,  0.0479495  ])
2228    , -99.3512    , array([ 0.0150744  ,  1.03664    ,  0.00768468 ,  0.0475769  ])
2232    , -99.35      , array([ 0.0156686  ,  1.03786    ,  0.00800325 ,  0.0475074  ])
