145     , -1311.58    , array([ 0.991849   ,  0.10294    ,  5.07473    ,  2.31943    ,  0.0512577  ])
150     , -3440.3     , array([ 0.373815   ,  0.10294    ,  5.07473    ,  2.31943    ,  0.0512577  ])
155     , -1311.57    , array([ 0.995384   ,  0.10294    ,  5.07473    ,  2.31943    ,  0.0512577  ])
160     , -39812.9    , array([ 0.995091   ,  1.10294    ,  5.07473    ,  2.31943    ,  0.0512577  ])
165     , -13622.3    , array([ 0.995091   ,  0.293739   ,  5.07473    ,  2.31943    ,  0.0512577  ])
170     , -1542.41    , array([ 0.995091   ,  0.116988   ,  5.07473    ,  2.31943    ,  0.0512577  ])
175     , -1311.53    , array([ 0.995091   ,  0.102756   ,  5.07473    ,  2.31943    ,  0.0512577  ])
180     , -1323.95    , array([ 0.995091   ,  0.102758   ,  4.45669    ,  2.31943    ,  0.0512577  ])
185     , -1311.52    , array([ 0.995091   ,  0.102758   ,  5.05942    ,  2.31943    ,  0.0512577  ])
190     , -1345.79    , array([ 0.995091   ,  0.102758   ,  5.05927    ,  1.7014     ,  0.0512577  ])
195     , -1311.45    , array([ 0.995091   ,  0.102758   ,  5.05927    ,  2.34994    ,  0.0512577  ])
205     , -5064.6     , array([ 0.995091   ,  0.102758   ,  5.05927    ,  2.35024    ,  0.124174   ])
210     , -1312.87    , array([ 0.995091   ,  0.102758   ,  5.05927    ,  2.35024    ,  0.0520644  ])
215     , -1311.35    , array([ 0.998333   ,  0.102575   ,  5.04381    ,  2.38106    ,  0.0513707  ])
220     , -1311.33    , array([ 1.00125    ,  0.10241    ,  5.02988    ,  2.40882    ,  0.0514217  ])
225     , -1311.33    , array([ 1.00125    ,  0.10241    ,  5.02988    ,  2.40882    ,  0.0514217  ])
230     , -1408.85    , array([ 1.38322    ,  0.10241    ,  5.02988    ,  2.40882    ,  0.0514217  ])
235     , -1311.32    , array([ 0.99816    ,  0.10241    ,  5.02988    ,  2.40882    ,  0.0514217  ])
250     , -1320.14    , array([ 0.998191   ,  0.105077   ,  5.02988    ,  2.40882    ,  0.0514217  ])
255     , -1311.31    , array([ 0.998191   ,  0.102462   ,  5.02988    ,  2.40882    ,  0.0514217  ])
260     , -1324.61    , array([ 0.998191   ,  0.102463   ,  4.41184    ,  2.40882    ,  0.0514217  ])
265     , -1311.31    , array([ 0.998191   ,  0.102463   ,  5.03356    ,  2.40882    ,  0.0514217  ])
275     , -5009.59    , array([ 0.998191   ,  0.102463   ,  5.03352    ,  2.40882    ,  0.124339   ])
280     , -1312.76    , array([ 0.998191   ,  0.102463   ,  5.03352    ,  2.40882    ,  0.0521044  ])
285     , -1311.3     , array([ 0.998191   ,  0.102463   ,  5.03352    ,  2.40882    ,  0.0513438  ])
290     , -1311.27    , array([ 1.00054    ,  0.10233    ,  5.0223     ,  2.43119    ,  0.0513849  ])
