640     , -413.739    , array([ 24.9275    ,  0.371568   ,  5          ,  1.09783    ])
644     , -413.689    , array([ 26.7159    ,  0.371568   ,  5          ,  1.09783    ])
648     , -1080.91    , array([ 26.7142    ,  1.37157    ,  5          ,  1.09783    ])
652     , -720.221    , array([ 26.7142    ,  0.753534   ,  5          ,  1.09783    ])
656     , -454.812    , array([ 26.7142    ,  0.425781   ,  5          ,  1.09783    ])
660     , -413.688    , array([ 26.7142    ,  0.3713     ,  5          ,  1.09783    ])
664     , -413.688    , array([ 26.7142    ,  0.371314   ,  5          ,  1.09783    ])
668     , -422.268    , array([ 26.7142    ,  0.371314   ,  4.38197    ,  1.09783    ])
676     , -413.688    , array([ 26.7142    ,  0.371314   ,  4.99969    ,  1.09783    ])
680     , -413.688    , array([ 26.7142    ,  0.371314   ,  4.99996    ,  1.09783    ])
684     , -413.688    , array([ 26.7142    ,  0.371314   ,  4.99999    ,  1.09783    ])
688     , -413.688    , array([ 26.7142    ,  0.371314   ,  5          ,  1.09783    ])
692     , -413.688    , array([ 26.7142    ,  0.371314   ,  5          ,  1.09783    ])
696     , -413.688    , array([ 26.7142    ,  0.371314   ,  5          ,  1.09783    ])
700     , -413.688    , array([ 26.7142    ,  0.371314   ,  5          ,  1.09783    ])
704     , -413.688    , array([ 26.7142    ,  0.371314   ,  5          ,  1.09783    ])
708     , -413.688    , array([ 26.7142    ,  0.371314   ,  5          ,  1.09783    ])
712     , -413.688    , array([ 26.7142    ,  0.371314   ,  5          ,  1.09783    ])
716     , -413.688    , array([ 26.7142    ,  0.371314   ,  5          ,  1.09783    ])
720     , -413.854    , array([ 26.7142    ,  0.371314   ,  5          ,  1.09201    ])
724     , -413.688    , array([ 26.7142    ,  0.371314   ,  5          ,  1.09751    ])
