470     , -1311       , array([ 0.997046   ,  0.100491   ,  0.0500988  ,  5.02221    ,  2.46272    ])
475     , -3326.27    , array([ 0.379013   ,  0.100491   ,  0.0500988  ,  5.02221    ,  2.46272    ])
480     , -1311       , array([ 0.998823   ,  0.100491   ,  0.0500988  ,  5.02221    ,  2.46272    ])
485     , -40279.9    , array([ 0.99843    ,  1.10049    ,  0.0500988  ,  5.02221    ,  2.46272    ])
490     , -13930.9    , array([ 0.99843    ,  0.291286   ,  0.0500988  ,  5.02221    ,  2.46272    ])
495     , -1562.13    , array([ 0.99843    ,  0.11498    ,  0.0500988  ,  5.02221    ,  2.46272    ])
500     , -1310.99    , array([ 0.99843    ,  0.100426   ,  0.0500988  ,  5.02221    ,  2.46272    ])
505     , -1310.99    , array([ 0.99843    ,  0.100427   ,  0.0500988  ,  5.02221    ,  2.46272    ])
515     , -1369.37    , array([ 0.99843    ,  0.100427   ,  0.0550246  ,  5.02221    ,  2.46272    ])
520     , -1310.99    , array([ 0.99843    ,  0.100427   ,  0.0501064  ,  5.02221    ,  2.46272    ])
525     , -1310.99    , array([ 0.99843    ,  0.100427   ,  0.0501063  ,  5.02221    ,  2.46272    ])
530     , -1310.99    , array([ 0.99843    ,  0.100427   ,  0.0501063  ,  5.02       ,  2.46272    ])
535     , -1538.34    , array([ 0.99843    ,  0.100427   ,  0.0501063  ,  5.02       ,  0.844685   ])
540     , -1310.98    , array([ 0.99843    ,  0.100427   ,  0.0501063  ,  5.02       ,  2.47265    ])
