295     , -1316.64    , array([ 0.992799   ,  0.109742   ,  5.02662    ,  2.20011    ,  0.0555351  ])
300     , -3624.59    , array([ 0.374765   ,  0.109742   ,  5.02662    ,  2.20011    ,  0.0555351  ])
305     , -1316.58    , array([ 0.999984   ,  0.109742   ,  5.02662    ,  2.20011    ,  0.0555351  ])
320     , -1322.64    , array([ 0.999912   ,  0.111793   ,  5.02662    ,  2.20011    ,  0.0555351  ])
325     , -1316.49    , array([ 0.999912   ,  0.109469   ,  5.02662    ,  2.20011    ,  0.0555351  ])
330     , -1320.38    , array([ 0.999912   ,  0.109469   ,  5.40859    ,  2.20011    ,  0.0555351  ])
335     , -1316.39    , array([ 0.999912   ,  0.109469   ,  5.07962    ,  2.20011    ,  0.0555351  ])
340     , -1327.19    , array([ 0.999912   ,  0.109469   ,  5.07962    ,  2.58207    ,  0.0555351  ])
345     , -1316.33    , array([ 0.999912   ,  0.109469   ,  5.07962    ,  2.22473    ,  0.0555351  ])
350     , -11360.4    , array([ 0.999912   ,  0.109469   ,  5.07962    ,  2.22473    ,  0.437501   ])
355     , -8774.62    , array([ 0.999912   ,  0.109469   ,  5.07962    ,  2.22473    ,  0.0210932  ])
360     , -1316.3     , array([ 0.999912   ,  0.109469   ,  5.07962    ,  2.22473    ,  0.0553517  ])
365     , -1316.29    , array([ 0.999912   ,  0.109469   ,  5.07962    ,  2.22473    ,  0.0553955  ])
370     , -1425.04    , array([ 1.38188    ,  0.109469   ,  5.07962    ,  2.22473    ,  0.0553955  ])
375     , -1316.26    , array([ 0.99496    ,  0.109469   ,  5.07962    ,  2.22473    ,  0.0553955  ])
390     , -1322.29    , array([ 0.995009   ,  0.11131    ,  5.07962    ,  2.22473    ,  0.0553955  ])
395     , -1315.96    , array([ 0.995009   ,  0.108963   ,  5.07962    ,  2.22473    ,  0.0553955  ])
400     , -1320.7     , array([ 0.995009   ,  0.108963   ,  5.46158    ,  2.22473    ,  0.0553955  ])
405     , -1315.94    , array([ 0.995009   ,  0.108963   ,  5.10089    ,  2.22473    ,  0.0553955  ])
410     , -1326.42    , array([ 0.995009   ,  0.108963   ,  5.10089    ,  2.6067     ,  0.0553955  ])
415     , -1315.87    , array([ 0.995009   ,  0.108963   ,  5.10089    ,  2.25298    ,  0.0553955  ])
420     , -11270.8    , array([ 0.995009   ,  0.108963   ,  5.10089    ,  2.25298    ,  0.437361   ])
425     , -8813.88    , array([ 0.995009   ,  0.108963   ,  5.10089    ,  2.25298    ,  0.0209536  ])
430     , -1315.82    , array([ 0.995009   ,  0.108963   ,  5.10089    ,  2.25298    ,  0.0551867  ])
435     , -1315.82    , array([ 0.995009   ,  0.108963   ,  5.10089    ,  2.25298    ,  0.0552342  ])
440     , -1314.57    , array([ 0.967018   ,  0.10607    ,  5.2223     ,  2.41428    ,  0.0543135  ])
445     , -1314.57    , array([ 0.96735    ,  0.106105   ,  5.22086    ,  2.41236    ,  0.0543245  ])
450     , -1415.76    , array([ 1.34932    ,  0.106105   ,  5.22086    ,  2.41236    ,  0.0543245  ])
455     , -1314.32    , array([ 0.981274   ,  0.106105   ,  5.22086    ,  2.41236    ,  0.0543245  ])
460     , -1314.32    , array([ 0.981274   ,  0.106105   ,  5.22086    ,  2.41236    ,  0.0543245  ])
470     , -1355.96    , array([ 0.981274   ,  0.106105   ,  5.22086    ,  2.41236    ,  0.0588609  ])
475     , -1314.31    , array([ 0.981274   ,  0.106105   ,  5.22086    ,  2.41236    ,  0.0542625  ])
480     , -1323.43    , array([ 0.981274   ,  0.106105   ,  4.60283    ,  2.41236    ,  0.0542631  ])
485     , -1313.89    , array([ 0.981274   ,  0.106105   ,  5.113      ,  2.41236    ,  0.0542631  ])
490     , -1346.52    , array([ 0.981274   ,  0.106105   ,  5.11192    ,  1.79432    ,  0.0542631  ])
495     , -1313.88    , array([ 0.981274   ,  0.106105   ,  5.11192    ,  2.40341    ,  0.0542631  ])
500     , -1313.88    , array([ 0.981274   ,  0.106105   ,  5.11192    ,  2.40332    ,  0.0542631  ])
505     , -1313.77    , array([ 0.97309    ,  0.105259   ,  5.14742    ,  2.45048    ,  0.0539939  ])
510     , -1313.77    , array([ 0.973171   ,  0.105267   ,  5.14707    ,  2.45001    ,  0.0539966  ])
515     , -1313.58    , array([ 0.994612   ,  0.105267   ,  5.14707    ,  2.45001    ,  0.0539966  ])
520     , -13042.3    , array([ 0.987323   ,  0.105267   ,  5.14707    ,  2.45001    ,  1.054      ])
525     , -8388.93    , array([ 0.987323   ,  0.105267   ,  5.14707    ,  2.45001    ,  0.244902   ])
530     , -2296.81    , array([ 0.987323   ,  0.105267   ,  5.14707    ,  2.45001    ,  0.0818493  ])
535     , -1313.35    , array([ 0.987323   ,  0.105267   ,  5.14707    ,  2.45001    ,  0.0537234  ])
540     , -1405.16    , array([ 0.987323   ,  0.105267   ,  3.52903    ,  2.45001    ,  0.0537262  ])
545     , -1313.17    , array([ 0.987323   ,  0.105267   ,  5.07403    ,  2.45001    ,  0.0537262  ])
550     , -1560.27    , array([ 0.987323   ,  0.105267   ,  5.07495    ,  0.83198    ,  0.0537262  ])
555     , -1313.14    , array([ 0.987323   ,  0.105267   ,  5.07495    ,  2.43035    ,  0.0537262  ])
560     , -1313.63    , array([ 0.959664   ,  0.102409   ,  5.19492    ,  2.59034    ,  0.0528164  ])
565     , -1313.01    , array([ 0.978614   ,  0.104367   ,  5.11272    ,  2.48115    ,  0.0534397  ])
570     , -1312.4     , array([ 0.984232   ,  0.103485   ,  5.07763    ,  2.51128    ,  0.0528886  ])
575     , -1311.49    , array([ 1.01197    ,  0.0990163  ,  4.90348    ,  2.66492    ,  0.05011    ])
580     , -1312.86    , array([ 0.977574   ,  0.0972437  ,  5.06576    ,  2.78697    ,  0.0498752  ])
585     , -1311.38    , array([ 1.00672    ,  0.100256   ,  4.93931    ,  2.619      ,  0.050834   ])
590     , -13007.2    , array([ 1.00661    ,  0.100245   ,  4.93979    ,  2.61964    ,  1.05083    ])
595     , -8646.8     , array([ 1.00661    ,  0.100245   ,  4.93979    ,  2.61964    ,  0.241735   ])
600     , -2404.87    , array([ 1.00661    ,  0.100245   ,  4.93979    ,  2.61964    ,  0.078683   ])
605     , -1311.26    , array([ 1.00661    ,  0.100245   ,  4.93979    ,  2.61964    ,  0.0506139  ])
610     , -1405.99    , array([ 1.00661    ,  0.100245   ,  3.32176    ,  2.61964    ,  0.0506161  ])
615     , -1311.25    , array([ 1.00661    ,  0.100245   ,  4.95637    ,  2.61964    ,  0.0506161  ])
620     , -1524.54    , array([ 1.00661    ,  0.100245   ,  4.9562     ,  1.00161    ,  0.0506161  ])
625     , -1311.17    , array([ 1.00661    ,  0.100245   ,  4.9562     ,  2.58387    ,  0.0506161  ])
630     , -1312.74    , array([ 1.03314    ,  0.0959703  ,  4.78964    ,  2.73173    ,  0.0479585  ])
635     , -1311.17    , array([ 1.00664    ,  0.100241   ,  4.95606    ,  2.5849     ,  0.0506138  ])
640     , -1311.17    , array([ 1.00658    ,  0.10025    ,  4.95641    ,  2.58459    ,  0.0506195  ])
645     , -1311.31    , array([ 0.996015   ,  0.0991583  ,  5.00224    ,  2.64546    ,  0.050272   ])
650     , -1311.16    , array([ 1.0054     ,  0.100128   ,  4.96154    ,  2.5914     ,  0.0505806  ])
655     , -11126.7    , array([ 1.0054     ,  0.100128   ,  4.96154    ,  2.5914     ,  0.432547   ])
660     , -11891.9    , array([ 1.0054     ,  0.100128   ,  4.96154    ,  2.5914     ,  0.0161387  ])
665     , -1311.12    , array([ 1.0054     ,  0.100128   ,  4.96154    ,  2.5914     ,  0.050375   ])
670     , -1341.6     , array([ 1.0054     ,  0.100128   ,  5.96154    ,  2.5914     ,  0.0504389  ])
675     , -1311.11    , array([ 1.0054     ,  0.100128   ,  4.97277    ,  2.5914     ,  0.0504389  ])
680     , -1380.26    , array([ 1.0054     ,  0.100128   ,  4.96693    ,  3.5914     ,  0.0504389  ])
685     , -1311.08    , array([ 1.0054     ,  0.100128   ,  4.96693    ,  2.57848    ,  0.0504389  ])
690     , -1311.07    , array([ 1.0054     ,  0.100128   ,  4.96693    ,  2.56699    ,  0.0504389  ])
695     , -1311.32    , array([ 1.01553    ,  0.0984952  ,  4.90331    ,  2.62313    ,  0.0494237  ])
