8       , -33316      , array([ 0.19191    ,  7.53785    ,  0.00299532 ,  0.0123522  ])
60      , -23892.9    , array([ 0.001      ,  8.53785    ,  0.00299532 ,  0.0123522  ])
64      , -23892.8    , array([ 0.001      ,  7.91982    ,  0.00299532 ,  0.0123522  ])
68      , -23892.8    , array([ 0.001      ,  7.55022    ,  0.00299532 ,  0.0123522  ])
76      , -74083.7    , array([ 0.001      ,  7.55034    ,  0.193572   ,  0.0123522  ])
88      , -23895.6    , array([ 0.001      ,  7.55034    ,  0.00296843 ,  0.0123522  ])
92      , -23892.8    , array([ 0.001      ,  7.55034    ,  0.00299557 ,  0.0123522  ])
96      , -23892.8    , array([ 0.001      ,  7.55034    ,  0.00299557 ,  0.0123522  ])
104     , -28812.3    , array([ 0.001      ,  7.55034    ,  0.00299557 ,  0.040182   ])
108     , -23986.1    , array([ 0.001      ,  7.55034    ,  0.00299557 ,  0.0144719  ])
112     , -23892.8    , array([ 0.001      ,  7.55034    ,  0.00299557 ,  0.0123496  ])
