Model	Replicate	log-likelihood	AIC	chi-squared	theta	optimized_params( )
our_model	Round_1_Replicate_1	-394.46	796.92	598.97	10793.64	6.8189,0.6901,14.4801,1.6841
our_model	Round_1_Replicate_2	-393.31	794.62	597.53	9469.05	29.9671,0.7856,21.044,2.6006
our_model	Round_1_Replicate_3	-394.81	797.62	599.45	38557.19	3.7915,0.1932,1.3764,0.4882
our_model	Round_1_Replicate_4	-399.08	806.16	608.25	14941.5	30.0,0.4941,2.7743,1.076
our_model	Round_1_Replicate_5	-393.31	794.62	597.54	7156.41	29.9984,1.0394,29.7362,3.3628
our_model	Round_1_Replicate_6	-394.56	797.12	599.9	8387.12	7.2961,0.8851,30.0,2.0633
our_model	Round_1_Replicate_7	-395.2	798.4	600.31	42609.46	1.2518,0.1746,29.864,0.3831
our_model	Round_1_Replicate_8	-394.19	796.38	598.65	34518.69	3.4242,0.2157,2.6205,0.5699
our_model	Round_1_Replicate_9	-395.47	798.94	601.6	4458.43	30.0,1.6628,19.1797,4.0282
our_model	Round_1_Replicate_10	-398.78	805.56	607.7	13732.45	30.0,0.5378,3.2268,1.1844
our_model	Round_2_Replicate_1	-397.63	803.26	605.6	2498.92	30.0,2.9588,30.0,6.1153
our_model	Round_2_Replicate_2	-393.97	795.94	598.79	4530.31	30.0,1.6401,29.8531,4.5023
our_model	Round_2_Replicate_3	-396.82	801.64	604.11	3517.55	30.0,2.1039,21.0666,4.6695
our_model	Round_2_Replicate_4	-397.73	803.46	605.79	2480.72	30.0,2.9802,29.9978,6.1331
our_model	Round_2_Replicate_5	-396.39	800.78	603.31	3156.33	20.2343,2.3459,30.0,4.9539
our_model	Round_2_Replicate_6	-392.97	793.94	596.88	38350.64	12.1084,0.1941,29.7149,0.8552
our_model	Round_2_Replicate_7	-393.01	794.02	596.96	50831.32	29.6707,0.1464,7.2398,0.6221
our_model	Round_2_Replicate_8	-395.08	798.16	599.97	13022.79	4.2084,0.5719,30.0,1.2729
our_model	Round_2_Replicate_9	-395.86	799.72	602.33	2966.08	30.0,2.4981,30.0,5.6702
our_model	Round_2_Replicate_10	-394.19	796.38	598.45	27037.29	2.5898,0.2756,9.574,0.686
our_model	Round_3_Replicate_1	-397.91	803.82	606.11	3325.44	30.0,2.2227,20.2762,4.7193
our_model	Round_3_Replicate_2	-395.21	798.42	601.88	56834.37	0.7945,0.1301,0.6167,0.2757
our_model	Round_3_Replicate_3	-393.24	794.48	597.41	68316.76	1.8243,0.1089,29.9999,0.3409
our_model	Round_3_Replicate_4	-395.28	798.56	600.68	24326.69	2.1744,0.3056,9.1726,0.664
our_model	Round_3_Replicate_5	-394.66	797.32	599.42	119160.24	0.4985,0.0625,22.5733,0.1448
our_model	Round_3_Replicate_6	-396.92	801.84	604.3	3091.87	30.0,2.3933,24.4647,5.214
our_model	Round_3_Replicate_7	-392.99	793.98	596.91	19666.01	29.9604,0.3785,29.3185,1.6172
our_model	Round_3_Replicate_8	-393.54	795.08	597.97	26473.27	3.5505,0.2809,13.199,0.7885
our_model	Round_3_Replicate_9	-395.92	799.84	601.63	119223.76	0.4017,0.0624,28.0989,0.1288
our_model	Round_3_Replicate_10	-392.95	793.9	596.84	61819.12	29.7485,0.1204,30.0,0.6549
our_model	Round_4_Replicate_1	-392.96	793.92	596.86	40707.51	17.2096,0.1829,29.7054,0.8631
our_model	Round_4_Replicate_2	-392.99	793.98	596.92	27830.37	29.8121,0.2674,18.5128,1.1594
our_model	Round_4_Replicate_3	-392.95	793.9	596.84	61304.15	30.0,0.1214,30.0,0.6598
our_model	Round_4_Replicate_4	-392.99	793.98	596.93	18338.44	30.0,0.4059,29.817,1.7094
our_model	Round_4_Replicate_5	-393.17	794.34	597.26	68259.29	2.1209,0.109,8.953,0.3576
our_model	Round_4_Replicate_6	-393.07	794.14	597.08	11454.18	30.0,0.6497,30.0,2.4247
our_model	Round_4_Replicate_7	-393.23	794.46	597.38	23899.34	5.3798,0.3113,30.0,0.9837
our_model	Round_4_Replicate_8	-395.42	798.84	600.99	32904.97	1.5547,0.2258,8.3809,0.4834
our_model	Round_4_Replicate_9	-392.96	793.92	596.86	40919.75	30.0,0.1819,23.4036,0.8879
our_model	Round_4_Replicate_10	-393.43	794.86	597.75	65828.53	1.5297,0.113,29.9929,0.3278
our_model	Round_5_Replicate_1	-392.96	793.92	596.86	40632.59	29.9092,0.1832,23.1589,0.8914
our_model	Round_5_Replicate_2	-393.22	794.44	597.35	69592.22	1.8732,0.1069,30.0,0.3397
our_model	Round_5_Replicate_3	-392.95	793.9	596.84	49297.23	29.9154,0.151,29.6797,0.7864
our_model	Round_5_Replicate_4	-392.95	793.9	596.85	41918.79	30.0,0.1776,29.5268,0.8956
our_model	Round_5_Replicate_5	-392.94	793.88	596.84	85252.48	29.9588,0.0873,29.6369,0.5027
our_model	Round_5_Replicate_6	-392.95	793.9	596.84	52149.53	30.0,0.1427,29.6783,0.7516
our_model	Round_5_Replicate_7	-393.85	795.7	598.57	35969.51	2.1181,0.2066,29.9996,0.5362
our_model	Round_5_Replicate_8	-392.96	793.92	596.87	30223.25	30.0,0.2463,29.1298,1.1589
our_model	Round_5_Replicate_9	-393.02	794.04	596.98	46603.51	4.982,0.1597,30.0,0.6035
our_model	Round_5_Replicate_10	-392.95	793.9	596.85	58003.33	15.8965,0.1283,29.7033,0.6449
our_model	Round_5_Replicate_11	-393.39	794.78	597.68	41073.44	2.5423,0.1811,30.0,0.5325
our_model	Round_5_Replicate_12	-392.96	793.92	596.87	86526.18	5.4018,0.086,19.3728,0.3848
our_model	Round_5_Replicate_13	-393.04	794.08	597.03	52263.58	3.9637,0.1424,30.0,0.5216
our_model	Round_5_Replicate_14	-397.69	803.38	605.71	4656.79	30.0,1.5876,13.7868,3.5019
our_model	Round_5_Replicate_15	-392.95	793.9	596.84	55160.15	29.9949,0.1349,29.373,0.7174
our_model	Round_5_Replicate_16	-392.95	793.9	596.84	56272.52	29.9988,0.1323,29.678,0.7067
our_model	Round_5_Replicate_17	-392.95	793.9	596.85	37652.51	29.9807,0.1977,29.6475,0.976
our_model	Round_5_Replicate_18	-394.68	797.36	599.33	39157.88	1.5169,0.1902,29.9865,0.4411
our_model	Round_5_Replicate_19	-392.95	793.9	596.85	41934.57	29.9994,0.1775,30.0,0.8969
our_model	Round_5_Replicate_20	-393.0	794.0	596.95	27935.52	29.8528,0.2664,15.6251,1.1245
