330     , -1357.47    , array([ 0.0258734  ,  0.986888   ,  0.0703434  ,  0.298365   ,  7.45404    ,  2.52677    ])
336     , -1608.16    , array([ 0.216847   ,  0.986888   ,  0.0703434  ,  0.298365   ,  7.45404    ,  2.52677    ])
342     , -1357.46    , array([ 0.0262973  ,  0.986888   ,  0.0703434  ,  0.298365   ,  7.45404    ,  2.52677    ])
348     , -1357.46    , array([ 0.0262973  ,  0.986888   ,  0.0703434  ,  0.298365   ,  7.45404    ,  2.52677    ])
354     , -1357.46    , array([ 0.0262973  ,  0.986089   ,  0.0703434  ,  0.298365   ,  7.45404    ,  2.52677    ])
372     , -1357.2     , array([ 0.0262973  ,  0.985918   ,  0.0697823  ,  0.298365   ,  7.45404    ,  2.52677    ])
378     , -1357.2     , array([ 0.0262973  ,  0.985918   ,  0.0697823  ,  0.298365   ,  7.45404    ,  2.52677    ])
384     , -1417.49    , array([ 0.0262973  ,  0.985918   ,  0.0697823  ,  0.333409   ,  7.45404    ,  2.52677    ])
390     , -1357.02    , array([ 0.0262973  ,  0.985918   ,  0.0697823  ,  0.296759   ,  7.45404    ,  2.52677    ])
396     , -1378.67    , array([ 0.0262973  ,  0.985918   ,  0.0697823  ,  0.296743   ,  6.836      ,  2.52677    ])
402     , -1356.64    , array([ 0.0262973  ,  0.985918   ,  0.0697823  ,  0.296743   ,  7.39073    ,  2.52677    ])
408     , -1369.24    , array([ 0.0262973  ,  0.985918   ,  0.0697823  ,  0.296743   ,  7.39136    ,  2.90874    ])
414     , -1355.89    , array([ 0.0267213  ,  0.984949   ,  0.0692212  ,  0.29512    ,  7.32868    ,  2.67023    ])
420     , -2436.34    , array([ 0.408263   ,  0.985918   ,  0.0697823  ,  0.296743   ,  7.39136    ,  2.5985     ])
426     , -1355.31    , array([ 0.0332553  ,  0.985918   ,  0.0697823  ,  0.296743   ,  7.39136    ,  2.5985     ])
432     , -5425.6     , array([ 0.0332553  ,  0.367885   ,  0.0697823  ,  0.296743   ,  7.39136    ,  2.5985     ])
438     , -1355.26    , array([ 0.0332553  ,  0.990033   ,  0.0697823  ,  0.296743   ,  7.39136    ,  2.5985     ])
450     , -3094.45    , array([ 0.0332553  ,  0.990074   ,  0.0353405  ,  0.296743   ,  7.39136    ,  2.5985     ])
456     , -1355.1     , array([ 0.0332553  ,  0.990074   ,  0.0693507  ,  0.296743   ,  7.39136    ,  2.5985     ])
462     , -3747.65    , array([ 0.0332553  ,  0.990074   ,  0.0693463  ,  0.678709   ,  7.39136    ,  2.5985     ])
468     , -1355.35    , array([ 0.0332553  ,  0.990074   ,  0.0693463  ,  0.293422   ,  7.39136    ,  2.5985     ])
474     , -1355       , array([ 0.0332553  ,  0.990074   ,  0.0693463  ,  0.295579   ,  7.39136    ,  2.5985     ])
480     , -1354.78    , array([ 0.0332553  ,  0.990074   ,  0.0693463  ,  0.295579   ,  7.3369     ,  2.5985     ])
486     , -1459.74    , array([ 0.0332553  ,  0.990074   ,  0.0693463  ,  0.295579   ,  7.34287    ,  3.5985     ])
492     , -1354.07    , array([ 0.0332553  ,  0.990074   ,  0.0693463  ,  0.295579   ,  7.34287    ,  2.6696     ])
498     , -1352.42    , array([ 0.0402133  ,  0.99423    ,  0.0689103  ,  0.294415   ,  7.29439    ,  2.73764    ])
504     , -1347.04    , array([ 0.0944011  ,  1.02659    ,  0.0655147  ,  0.285352   ,  6.91678    ,  3.27943    ])
510     , -1346.89    , array([ 0.0901736  ,  1.02407    ,  0.0657796  ,  0.286059   ,  6.94624    ,  3.23717    ])
516     , -1594.07    , array([ 0.281147   ,  1.02407    ,  0.0657796  ,  0.286059   ,  6.94624    ,  3.23717    ])
522     , -1346.89    , array([ 0.0907825  ,  1.02407    ,  0.0657796  ,  0.286059   ,  6.94624    ,  3.23717    ])
528     , -2336.59    , array([ 0.0907765  ,  2.02407    ,  0.0657796  ,  0.286059   ,  6.94624    ,  3.23717    ])
534     , -1353.18    , array([ 0.0907765  ,  0.97133    ,  0.0657796  ,  0.286059   ,  6.94624    ,  3.23717    ])
540     , -1346.73    , array([ 0.0907765  ,  1.01618    ,  0.0657796  ,  0.286059   ,  6.94624    ,  3.23717    ])
546     , -17532.7    , array([ 0.0907765  ,  1.01626    ,  0.447746   ,  0.286059   ,  6.94624    ,  3.23717    ])
552     , -1582.45    , array([ 0.0907765  ,  1.01626    ,  0.0831078  ,  0.286059   ,  6.94624    ,  3.23717    ])
558     , -1346.73    , array([ 0.0907765  ,  1.01626    ,  0.0656961  ,  0.286059   ,  6.94624    ,  3.23717    ])
564     , -3547.28    , array([ 0.0907765  ,  1.01626    ,  0.0656948  ,  0.668025   ,  6.94624    ,  3.23717    ])
570     , -1346.7     , array([ 0.0907765  ,  1.01626    ,  0.0656948  ,  0.286408   ,  6.94624    ,  3.23717    ])
576     , -1346.69    , array([ 0.0907765  ,  1.01626    ,  0.0656948  ,  0.286721   ,  6.94624    ,  3.23717    ])
582     , -1346.66    , array([ 0.0907765  ,  1.01626    ,  0.0656948  ,  0.286721   ,  6.97237    ,  3.23717    ])
588     , -1352.24    , array([ 0.147695   ,  1.05026    ,  0.0621281  ,  0.277201   ,  6.56895    ,  3.80626    ])
594     , -1348.21    , array([ 0.0773399  ,  1.00824    ,  0.0665368  ,  0.288968   ,  7.05921    ,  3.10282    ])
600     , -1346.6     , array([ 0.0925246  ,  1.01731    ,  0.0655853  ,  0.286429   ,  6.9534     ,  3.25465    ])
606     , -1346.59    , array([ 0.0928767  ,  1.01752    ,  0.0655632  ,  0.28637    ,  6.95095    ,  3.25817    ])
618     , -1346.58    , array([ 0.0915485  ,  1.01752    ,  0.0655632  ,  0.28637    ,  6.95095    ,  3.25817    ])
624     , -1346.58    , array([ 0.0915485  ,  1.01752    ,  0.0655632  ,  0.28637    ,  6.95095    ,  3.25817    ])
630     , -1346.57    , array([ 0.0915485  ,  1.01585    ,  0.0655632  ,  0.28637    ,  6.95095    ,  3.25817    ])
648     , -1346.56    , array([ 0.0915485  ,  1.01502    ,  0.065588   ,  0.28637    ,  6.95095    ,  3.25817    ])
654     , -1346.56    , array([ 0.0915485  ,  1.01502    ,  0.0655718  ,  0.28637    ,  6.95095    ,  3.25817    ])
660     , -1346.56    , array([ 0.0915485  ,  1.01502    ,  0.0655719  ,  0.28637    ,  6.95095    ,  3.25817    ])
666     , -1405.67    , array([ 0.0915485  ,  1.01502    ,  0.0655719  ,  0.324968   ,  6.95095    ,  3.25817    ])
672     , -1346.55    , array([ 0.0915485  ,  1.01502    ,  0.0655719  ,  0.286818   ,  6.95095    ,  3.25817    ])
678     , -1376.49    , array([ 0.0915485  ,  1.01502    ,  0.0655719  ,  0.286823   ,  6.33291    ,  3.25817    ])
684     , -1346.53    , array([ 0.0915485  ,  1.01502    ,  0.0655719  ,  0.286823   ,  6.96357    ,  3.25817    ])
690     , -1347.06    , array([ 0.113289   ,  1.02801    ,  0.0642095  ,  0.283187   ,  6.81194    ,  3.47554    ])
696     , -1346.57    , array([ 0.0907997  ,  1.01457    ,  0.0656188  ,  0.286948   ,  6.96866    ,  3.25068    ])
702     , -1347.78    , array([ 0.0926048  ,  1.01565    ,  0.0655057  ,  0.286646   ,  6.95608    ,  3.26873    ])
