220     , -1311.05    , array([ 1.0046     ,  0.0992599  ,  4.93381    ,  2.53381    ,  0.0494473  ])
225     , -3217.42    , array([ 0.386565   ,  0.0992599  ,  4.93381    ,  2.53381    ,  0.0494473  ])
230     , -1311.05    , array([ 1.00581    ,  0.0992599  ,  4.93381    ,  2.53381    ,  0.0494473  ])
235     , -40523.3    , array([ 1.0054     ,  1.09926    ,  4.93381    ,  2.53381    ,  0.0494473  ])
240     , -14085.8    , array([ 1.0054     ,  0.290053   ,  4.93381    ,  2.53381    ,  0.0494473  ])
245     , -1571.97    , array([ 1.0054     ,  0.113867   ,  4.93381    ,  2.53381    ,  0.0494473  ])
250     , -1311.03    , array([ 1.0054     ,  0.0991688  ,  4.93381    ,  2.53381    ,  0.0494473  ])
255     , -1311.03    , array([ 1.0054     ,  0.0991697  ,  4.93381    ,  2.53381    ,  0.0494473  ])
260     , -1311.01    , array([ 1.0054     ,  0.0991697  ,  4.96207    ,  2.53381    ,  0.0494473  ])
265     , -1311.01    , array([ 1.0054     ,  0.0991697  ,  4.96207    ,  2.53381    ,  0.0494473  ])
270     , -1314.88    , array([ 1.0054     ,  0.0991697  ,  4.96207    ,  2.29057    ,  0.0494473  ])
275     , -13810.8    , array([ 1.0054     ,  0.0991697  ,  4.96207    ,  2.52261    ,  1.04945    ])
280     , -9194.11    , array([ 1.0054     ,  0.0991697  ,  4.96207    ,  2.52261    ,  0.240346   ])
285     , -2473.47    , array([ 1.0054     ,  0.0991697  ,  4.96207    ,  2.52261    ,  0.0772991  ])
290     , -1311       , array([ 1.0054     ,  0.0991697  ,  4.96207    ,  2.52261    ,  0.0494677  ])
