235     , -1310.97    , array([ 0.997741   ,  0.10044    ,  0.0502853  ,  5.02799    ,  2.49569    ])
240     , -1311.06    , array([ 1.00651    ,  0.10044    ,  0.0502853  ,  5.02799    ,  2.49569    ])
245     , -1310.97    , array([ 0.997684   ,  0.10044    ,  0.0502853  ,  5.02799    ,  2.49569    ])
250     , -1310.97    , array([ 0.997685   ,  0.10044    ,  0.0502853  ,  5.02799    ,  2.49569    ])
255     , -79121.8    , array([ 0.997685   ,  0.0102703  ,  0.0502853  ,  5.02799    ,  2.49569    ])
260     , -1311.04    , array([ 0.997685   ,  0.100219   ,  0.0502853  ,  5.02799    ,  2.49569    ])
265     , -1310.97    , array([ 0.997685   ,  0.10045    ,  0.0502853  ,  5.02799    ,  2.49569    ])
270     , -11545.2    , array([ 0.997685   ,  0.10045    ,  0.432251   ,  5.02799    ,  2.49569    ])
275     , -12276      , array([ 0.997685   ,  0.10045    ,  0.0158435  ,  5.02799    ,  2.49569    ])
280     , -1310.98    , array([ 0.997685   ,  0.10045    ,  0.0502269  ,  5.02799    ,  2.49569    ])
285     , -1310.97    , array([ 0.997685   ,  0.10045    ,  0.0502798  ,  5.02799    ,  2.49569    ])
290     , -1315.75    , array([ 0.997685   ,  0.10045    ,  0.0502798  ,  5.40996    ,  2.49569    ])
295     , -1310.97    , array([ 0.997685   ,  0.10045    ,  0.0502798  ,  5.02029    ,  2.49569    ])
300     , -1321.02    , array([ 0.997685   ,  0.10045    ,  0.0502798  ,  5.02029    ,  2.87766    ])
305     , -1310.97    , array([ 0.997685   ,  0.10045    ,  0.0502798  ,  5.02029    ,  2.49891    ])
