4112    , -387.19     , array([ 100        ,  0.168539   ,  0.0628707  ,  0.328781   ])
4116    , -387.19     , array([ 99.382     ,  0.168539   ,  0.0628707  ,  0.328781   ])
4120    , -387.19     , array([ 99.882     ,  0.168539   ,  0.0628707  ,  0.328781   ])
4124    , -387.19     , array([ 99.9828    ,  0.168539   ,  0.0628707  ,  0.328781   ])
4128    , -387.19     , array([ 99.9975    ,  0.168539   ,  0.0628707  ,  0.328781   ])
4132    , -387.19     , array([ 99.9996    ,  0.168539   ,  0.0628707  ,  0.328781   ])
4136    , -387.19     , array([ 99.9999    ,  0.168539   ,  0.0628707  ,  0.328781   ])
4140    , -387.19     , array([ 100        ,  0.168539   ,  0.0628707  ,  0.328781   ])
4144    , -387.19     , array([ 100        ,  0.168539   ,  0.0628707  ,  0.328781   ])
4148    , -387.19     , array([ 100        ,  0.168539   ,  0.0628707  ,  0.328781   ])
4152    , -387.19     , array([ 100        ,  0.168539   ,  0.0628707  ,  0.328781   ])
4156    , -387.19     , array([ 100        ,  0.168539   ,  0.0628707  ,  0.328781   ])
4160    , -387.19     , array([ 100        ,  0.168539   ,  0.0628707  ,  0.328781   ])
4164    , -387.19     , array([ 100        ,  0.168539   ,  0.0628707  ,  0.328781   ])
4168    , -387.19     , array([ 100        ,  0.168539   ,  0.0628707  ,  0.328781   ])
4172    , -387.19     , array([ 100        ,  0.168539   ,  0.0628707  ,  0.328781   ])
4176    , -419.858    , array([ 100        ,  0.212981   ,  0.0628707  ,  0.328781   ])
4180    , -389.796    , array([ 100        ,  0.171454   ,  0.0628707  ,  0.328781   ])
4184    , -390.855    , array([ 100        ,  0.162926   ,  0.0628707  ,  0.328781   ])
4188    , -383.693    , array([ 100        ,  0.164502   ,  0.0628707  ,  0.328781   ])
4192    , -383.618    , array([ 100        ,  0.164414   ,  0.0628707  ,  0.328781   ])
4196    , -383.618    , array([ 100        ,  0.164414   ,  0.0628707  ,  0.328781   ])
4200    , -384.006    , array([ 100        ,  0.164414   ,  0.0563162  ,  0.328781   ])
4204    , -383.129    , array([ 100        ,  0.164414   ,  0.0825102  ,  0.328781   ])
4212    , -968.833    , array([ 100        ,  0.164414   ,  0.0825102  ,  0.519753   ])
4216    , -402.756    , array([ 100        ,  0.164414   ,  0.0825102  ,  0.31349    ])
4220    , -385.254    , array([ 100        ,  0.164414   ,  0.0825102  ,  0.329709   ])
4224    , -383.099    , array([ 100        ,  0.164414   ,  0.0825102  ,  0.328816   ])
4228    , -383.09     , array([ 100        ,  0.164414   ,  0.0825102  ,  0.328826   ])
4232    , -383.089    , array([ 100        ,  0.164414   ,  0.0825102  ,  0.328827   ])
4236    , -383.09     , array([ 99.382     ,  0.164414   ,  0.0825102  ,  0.328827   ])
4240    , -383.089    , array([ 99.882     ,  0.164414   ,  0.0825102  ,  0.328827   ])
4244    , -383.089    , array([ 99.9828    ,  0.164414   ,  0.0825102  ,  0.328827   ])
4280    , -383.089    , array([ 100        ,  0.164414   ,  0.0825102  ,  0.328827   ])
4284    , -383.089    , array([ 100        ,  0.164414   ,  0.0825102  ,  0.328827   ])
4288    , -383.089    , array([ 100        ,  0.164414   ,  0.0825102  ,  0.328827   ])
4292    , -420.871    , array([ 100        ,  0.205396   ,  0.0825102  ,  0.328827   ])
4296    , -387.388    , array([ 100        ,  0.168476   ,  0.0825102  ,  0.328827   ])
4300    , -383.747    , array([ 100        ,  0.165045   ,  0.0825102  ,  0.328827   ])
4304    , -383.184    , array([ 100        ,  0.164505   ,  0.0825102  ,  0.328827   ])
4308    , -383.103    , array([ 100        ,  0.164427   ,  0.0825102  ,  0.328827   ])
4312    , -383.091    , array([ 100        ,  0.164415   ,  0.0825102  ,  0.328827   ])
4316    , -383.089    , array([ 100        ,  0.164414   ,  0.0825102  ,  0.328827   ])
4320    , -383.089    , array([ 100        ,  0.164414   ,  0.0825102  ,  0.328827   ])
4324    , -383.089    , array([ 100        ,  0.164414   ,  0.0825102  ,  0.328827   ])
4328    , -383.089    , array([ 100        ,  0.164414   ,  0.0825102  ,  0.328827   ])
4332    , -383.089    , array([ 100        ,  0.164414   ,  0.0825102  ,  0.328827   ])
4336    , -383.089    , array([ 100        ,  0.164414   ,  0.0825102  ,  0.328827   ])
4340    , -384.971    , array([ 100        ,  0.164414   ,  0.0445631  ,  0.328827   ])
4344    , -383.089    , array([ 100        ,  0.164414   ,  0.0826657  ,  0.328827   ])
4348    , -383.089    , array([ 100        ,  0.164414   ,  0.0826657  ,  0.328827   ])
4356    , -396.314    , array([ 100        ,  0.164414   ,  0.0826657  ,  0.335179   ])
4360    , -383.28     , array([ 100        ,  0.164414   ,  0.0826657  ,  0.328604   ])
4364    , -383.153    , array([ 100        ,  0.164414   ,  0.0826657  ,  0.328752   ])
4368    , -383.101    , array([ 100        ,  0.164414   ,  0.0826657  ,  0.328833   ])
4372    , -383.091    , array([ 100        ,  0.164414   ,  0.0826657  ,  0.328828   ])
4376    , -383.089    , array([ 100        ,  0.164414   ,  0.0826657  ,  0.328827   ])
4380    , -383.089    , array([ 100        ,  0.164414   ,  0.0826657  ,  0.328827   ])
4384    , -383.089    , array([ 100        ,  0.164414   ,  0.0826657  ,  0.328827   ])
