1064    , -393.552    , array([ 7.58315    ,  0.272883   ,  5          ,  0.827682   ])
1068    , -393.553    , array([ 7.57557    ,  0.272883   ,  5          ,  0.827682   ])
1072    , -619.401    , array([ 7.57557    ,  0.273156   ,  1.82109    ,  0.827682   ])
1076    , -422.857    , array([ 7.57557    ,  0.272883   ,  3.57073    ,  0.827682   ])
1080    , -423.703    , array([ 7.57557    ,  0.272883   ,  3.57073    ,  0.82851    ])
1084    , -396.774    , array([ 7.57557    ,  0.273156   ,  4.46923    ,  0.827682   ])
1088    , -393.971    , array([ 7.57557    ,  0.272883   ,  4.81642    ,  0.827682   ])
1092    , -394.081    , array([ 7.57557    ,  0.272883   ,  4.81642    ,  0.82851    ])
1096    , -393.593    , array([ 7.57557    ,  0.273156   ,  4.93804    ,  0.827682   ])
1100    , -393.564    , array([ 7.57557    ,  0.272883   ,  4.97926    ,  0.827682   ])
1104    , -393.586    , array([ 7.57557    ,  0.272883   ,  4.97926    ,  0.82851    ])
1108    , -393.555    , array([ 7.57557    ,  0.273156   ,  4.99308    ,  0.827682   ])
1112    , -393.554    , array([ 7.57557    ,  0.272883   ,  4.99769    ,  0.827682   ])
1116    , -393.566    , array([ 7.57557    ,  0.272883   ,  4.99769    ,  0.82851    ])
1120    , -393.555    , array([ 7.57557    ,  0.273156   ,  4.99951    ,  0.827682   ])
1124    , -393.553    , array([ 7.57557    ,  0.272883   ,  4.9999     ,  0.827682   ])
1128    , -393.564    , array([ 7.57557    ,  0.272883   ,  4.9999     ,  0.82851    ])
1132    , -393.555    , array([ 7.57557    ,  0.273156   ,  4.99998    ,  0.827682   ])
1136    , -393.553    , array([ 7.57557    ,  0.272883   ,  5          ,  0.827682   ])
1140    , -393.564    , array([ 7.57557    ,  0.272883   ,  5          ,  0.82851    ])
1144    , -393.555    , array([ 7.57557    ,  0.273156   ,  5          ,  0.827682   ])
1148    , -393.553    , array([ 7.57557    ,  0.272883   ,  5          ,  0.827682   ])
1152    , -393.564    , array([ 7.57557    ,  0.272883   ,  5          ,  0.82851    ])
1156    , -393.555    , array([ 7.57557    ,  0.273156   ,  5          ,  0.827682   ])
1160    , -393.553    , array([ 7.57557    ,  0.272883   ,  5          ,  0.827682   ])
1164    , -393.564    , array([ 7.57557    ,  0.272883   ,  5          ,  0.82851    ])
1168    , -393.555    , array([ 7.57557    ,  0.273156   ,  5          ,  0.827682   ])
1172    , -393.553    , array([ 7.57557    ,  0.272883   ,  5          ,  0.827682   ])
1176    , -393.564    , array([ 7.57557    ,  0.272883   ,  5          ,  0.82851    ])
1180    , -393.555    , array([ 7.57557    ,  0.273156   ,  5          ,  0.827682   ])
1184    , -393.553    , array([ 7.57557    ,  0.272883   ,  5          ,  0.827682   ])
1188    , -393.564    , array([ 7.57557    ,  0.272883   ,  5          ,  0.82851    ])
1192    , -393.555    , array([ 7.57557    ,  0.273156   ,  5          ,  0.827682   ])
1196    , -393.553    , array([ 7.57557    ,  0.272883   ,  5          ,  0.827682   ])
1200    , -393.564    , array([ 7.57557    ,  0.272883   ,  5          ,  0.82851    ])
1204    , -393.555    , array([ 7.57557    ,  0.273156   ,  5          ,  0.827682   ])
1208    , -393.553    , array([ 7.57557    ,  0.272883   ,  5          ,  0.827682   ])
1212    , -393.564    , array([ 7.57557    ,  0.272883   ,  5          ,  0.82851    ])
1216    , -393.555    , array([ 7.57557    ,  0.273156   ,  5          ,  0.827682   ])
1220    , -393.553    , array([ 7.57557    ,  0.272883   ,  5          ,  0.827682   ])
1224    , -393.564    , array([ 7.57557    ,  0.272883   ,  5          ,  0.82851    ])
1228    , -393.555    , array([ 7.57557    ,  0.273156   ,  5          ,  0.827682   ])
1232    , -393.553    , array([ 7.57557    ,  0.272883   ,  5          ,  0.827682   ])
1236    , -393.564    , array([ 7.57557    ,  0.272883   ,  5          ,  0.82851    ])
1240    , -393.555    , array([ 7.57557    ,  0.273156   ,  5          ,  0.827682   ])
1244    , -393.553    , array([ 7.57557    ,  0.272883   ,  5          ,  0.827682   ])
1248    , -393.564    , array([ 7.57557    ,  0.272883   ,  5          ,  0.82851    ])
1252    , -393.555    , array([ 7.57557    ,  0.273156   ,  5          ,  0.827682   ])
1256    , -393.553    , array([ 7.57557    ,  0.272883   ,  5          ,  0.827682   ])
1260    , -393.564    , array([ 7.57557    ,  0.272883   ,  5          ,  0.82851    ])
1264    , -393.555    , array([ 7.57557    ,  0.273156   ,  5          ,  0.827682   ])
1268    , -393.553    , array([ 7.57557    ,  0.272883   ,  5          ,  0.827682   ])
1272    , -393.564    , array([ 7.57557    ,  0.272883   ,  5          ,  0.82851    ])
1276    , -393.555    , array([ 7.57557    ,  0.273156   ,  5          ,  0.827682   ])
1280    , -393.553    , array([ 7.57557    ,  0.272883   ,  5          ,  0.827682   ])
1284    , -393.564    , array([ 7.57557    ,  0.272883   ,  5          ,  0.82851    ])
1288    , -393.555    , array([ 7.57557    ,  0.273156   ,  5          ,  0.827682   ])
1292    , -393.553    , array([ 7.57557    ,  0.272883   ,  5          ,  0.827682   ])
1296    , -393.564    , array([ 7.57557    ,  0.272883   ,  5          ,  0.82851    ])
1300    , -393.555    , array([ 7.57557    ,  0.273156   ,  5          ,  0.827682   ])
1304    , -393.553    , array([ 7.57557    ,  0.272883   ,  5          ,  0.827682   ])
1308    , -393.564    , array([ 7.57557    ,  0.272883   ,  5          ,  0.82851    ])
1312    , -393.555    , array([ 7.57557    ,  0.273156   ,  5          ,  0.827682   ])
1316    , -393.553    , array([ 7.57557    ,  0.272883   ,  5          ,  0.827682   ])
1320    , -393.564    , array([ 7.57557    ,  0.272883   ,  5          ,  0.82851    ])
1324    , -393.555    , array([ 7.57557    ,  0.273156   ,  5          ,  0.827682   ])
1328    , -393.553    , array([ 7.57557    ,  0.272883   ,  5          ,  0.827682   ])
1332    , -393.564    , array([ 7.57557    ,  0.272883   ,  5          ,  0.82851    ])
1336    , -393.555    , array([ 7.57557    ,  0.273156   ,  5          ,  0.827682   ])
1340    , -393.553    , array([ 7.57557    ,  0.272883   ,  5          ,  0.827682   ])
1344    , -393.564    , array([ 7.57557    ,  0.272883   ,  5          ,  0.82851    ])
1348    , -393.555    , array([ 7.57557    ,  0.273156   ,  5          ,  0.827682   ])
1352    , -393.553    , array([ 7.57557    ,  0.272883   ,  5          ,  0.827682   ])
1356    , -393.564    , array([ 7.57557    ,  0.272883   ,  5          ,  0.82851    ])
1360    , -393.555    , array([ 7.57557    ,  0.273156   ,  5          ,  0.827682   ])
1364    , -393.553    , array([ 7.57557    ,  0.272883   ,  5          ,  0.827682   ])
1368    , -393.564    , array([ 7.57557    ,  0.272883   ,  5          ,  0.82851    ])
1372    , -393.555    , array([ 7.57557    ,  0.273156   ,  5          ,  0.827682   ])
1376    , -393.553    , array([ 7.57557    ,  0.272883   ,  5          ,  0.827682   ])
1380    , -393.564    , array([ 7.57557    ,  0.272883   ,  5          ,  0.82851    ])
1384    , -393.555    , array([ 7.57557    ,  0.273156   ,  5          ,  0.827682   ])
1388    , -393.553    , array([ 7.57557    ,  0.272883   ,  5          ,  0.827682   ])
1392    , -393.564    , array([ 7.57557    ,  0.272883   ,  5          ,  0.82851    ])
1396    , -393.555    , array([ 7.57557    ,  0.273156   ,  5          ,  0.827682   ])
1400    , -393.553    , array([ 7.57557    ,  0.272883   ,  5          ,  0.827682   ])
1404    , -393.564    , array([ 7.57557    ,  0.272883   ,  5          ,  0.82851    ])
1408    , -393.555    , array([ 7.57557    ,  0.273156   ,  5          ,  0.827682   ])
1412    , -393.553    , array([ 7.57557    ,  0.272883   ,  5          ,  0.827682   ])
1416    , -393.564    , array([ 7.57557    ,  0.272883   ,  5          ,  0.82851    ])
1420    , -393.555    , array([ 7.57557    ,  0.273156   ,  5          ,  0.827682   ])
1424    , -393.553    , array([ 7.57557    ,  0.272883   ,  5          ,  0.827682   ])
1428    , -393.564    , array([ 7.57557    ,  0.272883   ,  5          ,  0.82851    ])
1432    , -393.555    , array([ 7.57557    ,  0.273156   ,  5          ,  0.827682   ])
1436    , -393.553    , array([ 7.57557    ,  0.272883   ,  5          ,  0.827682   ])
1440    , -393.564    , array([ 7.57557    ,  0.272883   ,  5          ,  0.82851    ])
1444    , -393.555    , array([ 7.57557    ,  0.273156   ,  5          ,  0.827682   ])
1448    , -393.553    , array([ 7.57557    ,  0.272883   ,  5          ,  0.827682   ])
1452    , -393.564    , array([ 7.57557    ,  0.272883   ,  5          ,  0.82851    ])
1456    , -393.555    , array([ 7.57557    ,  0.273156   ,  5          ,  0.827682   ])
1460    , -393.553    , array([ 7.57557    ,  0.272883   ,  5          ,  0.827682   ])
1464    , -393.564    , array([ 7.57557    ,  0.272883   ,  5          ,  0.82851    ])
1468    , -393.555    , array([ 7.57557    ,  0.273156   ,  5          ,  0.827682   ])
1472    , -393.553    , array([ 7.57557    ,  0.272883   ,  5          ,  0.827682   ])
1476    , -393.564    , array([ 7.57557    ,  0.272883   ,  5          ,  0.82851    ])
1480    , -393.555    , array([ 7.57557    ,  0.273156   ,  5          ,  0.827682   ])
1484    , -393.553    , array([ 7.57557    ,  0.272883   ,  5          ,  0.827682   ])
1488    , -393.564    , array([ 7.57557    ,  0.272883   ,  5          ,  0.82851    ])
1492    , -393.555    , array([ 7.57557    ,  0.273156   ,  5          ,  0.827682   ])
1496    , -393.553    , array([ 7.57557    ,  0.272883   ,  5          ,  0.827682   ])
1500    , -393.564    , array([ 7.57557    ,  0.272883   ,  5          ,  0.82851    ])
1504    , -393.555    , array([ 7.57557    ,  0.273156   ,  5          ,  0.827682   ])
1508    , -393.553    , array([ 7.57557    ,  0.272883   ,  5          ,  0.827682   ])
1512    , -393.564    , array([ 7.57557    ,  0.272883   ,  5          ,  0.82851    ])
1516    , -393.555    , array([ 7.57557    ,  0.273156   ,  5          ,  0.827682   ])
1520    , -393.553    , array([ 7.57557    ,  0.272883   ,  5          ,  0.827682   ])
1524    , -393.564    , array([ 7.57557    ,  0.272883   ,  5          ,  0.82851    ])
1528    , -393.555    , array([ 7.57557    ,  0.273156   ,  5          ,  0.827682   ])
1532    , -393.553    , array([ 7.57557    ,  0.272883   ,  5          ,  0.827682   ])
1536    , -393.564    , array([ 7.57557    ,  0.272883   ,  5          ,  0.82851    ])
1540    , -393.555    , array([ 7.57557    ,  0.273156   ,  5          ,  0.827682   ])
1544    , -457.77     , array([ 7.57557    ,  0.272883   ,  3.01753    ,  0.827682   ])
1548    , -393.66     , array([ 7.57557    ,  0.272883   ,  4.91302    ,  0.827682   ])
1552    , -393.554    , array([ 7.57557    ,  0.272883   ,  4.99688    ,  0.827682   ])
