145     , -1312.58    , array([ 1.00458    ,  0.0998242  ,  4.96968    ,  2.23845    ,  0.0483592  ])
150     , -3188.49    , array([ 0.386549   ,  0.0998242  ,  4.96968    ,  2.23845    ,  0.0483592  ])
155     , -1312.58    , array([ 1.0049     ,  0.0998242  ,  4.96968    ,  2.23845    ,  0.0483592  ])
160     , -1312.58    , array([ 1.00442    ,  0.0998242  ,  4.96968    ,  2.23845    ,  0.0483592  ])
165     , -24794.9    , array([ 1.00442    ,  0.48179    ,  4.96968    ,  2.23845    ,  0.0483592  ])
170     , -3919.47    , array([ 1.00442    ,  0.0653823  ,  4.96968    ,  2.23845    ,  0.0483592  ])
175     , -1312.4     , array([ 1.00442    ,  0.0994707  ,  4.96968    ,  2.23845    ,  0.0483592  ])
180     , -1312.4     , array([ 1.00442    ,  0.0994671  ,  4.96968    ,  2.23845    ,  0.0483592  ])
185     , -1312.39    , array([ 1.00442    ,  0.0994671  ,  4.98763    ,  2.23845    ,  0.0483592  ])
190     , -1312.39    , array([ 1.00442    ,  0.0994671  ,  4.98763    ,  2.23845    ,  0.0483592  ])
195     , -1312.25    , array([ 1.00442    ,  0.0994671  ,  4.98763    ,  2.28337    ,  0.0483592  ])
200     , -1312.25    , array([ 1.00442    ,  0.0994671  ,  4.98763    ,  2.28337    ,  0.0483592  ])
210     , -1379.29    , array([ 1.00442    ,  0.0994671  ,  4.98763    ,  2.28337    ,  0.0536934  ])
215     , -1311.94    , array([ 1.00442    ,  0.0994671  ,  4.98763    ,  2.28337    ,  0.0486737  ])
220     , -1311.94    , array([ 1.00442    ,  0.0994671  ,  4.98763    ,  2.28337    ,  0.0486768  ])
225     , -1312.02    , array([ 1.01168    ,  0.0994671  ,  4.98763    ,  2.28337    ,  0.0486768  ])
230     , -1311.93    , array([ 1.00267    ,  0.0994671  ,  4.98763    ,  2.28337    ,  0.0486768  ])
235     , -24734.8    , array([ 1.00267    ,  0.481433   ,  4.98763    ,  2.28337    ,  0.0486768  ])
240     , -4001.49    , array([ 1.00267    ,  0.0650252  ,  4.98763    ,  2.28337    ,  0.0486768  ])
245     , -1311.91    , array([ 1.00267    ,  0.0995959  ,  4.98763    ,  2.28337    ,  0.0486768  ])
250     , -1400.93    , array([ 1.00267    ,  0.0995959  ,  3.3696     ,  2.28337    ,  0.0486768  ])
255     , -1311.91    , array([ 1.00267    ,  0.0995959  ,  4.99601    ,  2.28337    ,  0.0486768  ])
260     , -1542.92    , array([ 1.00267    ,  0.0995959  ,  4.99601    ,  0.665338   ,  0.0486768  ])
265     , -1311.8     , array([ 1.00267    ,  0.0995959  ,  4.99601    ,  2.32235    ,  0.0486768  ])
280     , -2103.82    , array([ 1.00267    ,  0.0995959  ,  4.99601    ,  2.32189    ,  0.0355212  ])
285     , -1311.6     , array([ 1.00267    ,  0.0995959  ,  4.99601    ,  2.32189    ,  0.0489394  ])
290     , -1311.04    , array([ 0.998077   ,  0.0999332  ,  5.01794    ,  2.42273    ,  0.0496266  ])
295     , -1310.97    , array([ 0.996354   ,  0.10006    ,  5.02617    ,  2.46057    ,  0.0498846  ])
305     , -1315.75    , array([ 0.935487   ,  0.100129   ,  5.03069    ,  2.48134    ,  0.0500261  ])
310     , -1310.95    , array([ 0.997479   ,  0.100129   ,  5.03069    ,  2.48134    ,  0.0500261  ])
320     , -5106.24    , array([ 0.9975     ,  0.173006   ,  5.03069    ,  2.48134    ,  0.0500261  ])
325     , -1310.95    , array([ 0.9975     ,  0.100096   ,  5.03069    ,  2.48134    ,  0.0500261  ])
330     , -1342.3     , array([ 0.9975     ,  0.100093   ,  6.03069    ,  2.48134    ,  0.0500261  ])
335     , -1310.94    , array([ 0.9975     ,  0.100093   ,  5.02152    ,  2.48134    ,  0.0500261  ])
340     , -1376.06    , array([ 0.9975     ,  0.100093   ,  5.01551    ,  3.48134    ,  0.0500261  ])
345     , -1310.95    , array([ 0.9975     ,  0.100093   ,  5.01551    ,  2.49906    ,  0.0500261  ])
350     , -1311.6     , array([ 0.990241   ,  0.100626   ,  5.05019    ,  2.64762    ,  0.0511128  ])
355     , -1310.94    , array([ 0.997481   ,  0.100094   ,  5.0156     ,  2.48858    ,  0.0500288  ])
