8       , -661.689    , array([ 13.5193    ,  0.169679   ,  1.82109    ,  0.626856   ])
12      , -664.222    , array([ 13.5193    ,  0.169679   ,  1.82109    ,  0.627483   ])
16      , -430.065    , array([ 13.5193    ,  0.169849   ,  3.57073    ,  0.626856   ])
20      , -397.557    , array([ 13.5193    ,  0.169679   ,  4.46923    ,  0.626856   ])
24      , -397.986    , array([ 13.5193    ,  0.169679   ,  4.46923    ,  0.627483   ])
28      , -393.534    , array([ 13.5193    ,  0.169849   ,  4.81642    ,  0.626856   ])
32      , -393.186    , array([ 13.5193    ,  0.169679   ,  4.93804    ,  0.626856   ])
36      , -393.243    , array([ 13.5193    ,  0.169679   ,  4.93804    ,  0.627483   ])
40      , -393.131    , array([ 13.5193    ,  0.169849   ,  4.97926    ,  0.626856   ])
44      , -393.13     , array([ 13.5193    ,  0.169679   ,  4.99308    ,  0.626856   ])
48      , -393.145    , array([ 13.5193    ,  0.169679   ,  4.99308    ,  0.627483   ])
52      , -393.135    , array([ 13.5193    ,  0.169849   ,  4.99769    ,  0.626856   ])
56      , -393.129    , array([ 13.5193    ,  0.169679   ,  4.99951    ,  0.626856   ])
60      , -393.139    , array([ 13.5193    ,  0.169679   ,  4.99951    ,  0.627483   ])
64      , -393.136    , array([ 13.5193    ,  0.169849   ,  4.9999     ,  0.626856   ])
68      , -393.129    , array([ 13.5193    ,  0.169679   ,  4.99998    ,  0.626856   ])
72      , -393.139    , array([ 13.5193    ,  0.169679   ,  4.99998    ,  0.627483   ])
76      , -393.136    , array([ 13.5193    ,  0.169849   ,  5          ,  0.626856   ])
80      , -393.129    , array([ 13.5193    ,  0.169679   ,  5          ,  0.626856   ])
84      , -393.139    , array([ 13.5193    ,  0.169679   ,  5          ,  0.627483   ])
88      , -393.136    , array([ 13.5193    ,  0.169849   ,  5          ,  0.626856   ])
92      , -393.129    , array([ 13.5193    ,  0.169679   ,  5          ,  0.626856   ])
96      , -393.139    , array([ 13.5193    ,  0.169679   ,  5          ,  0.627483   ])
100     , -393.136    , array([ 13.5193    ,  0.169849   ,  5          ,  0.626856   ])
104     , -393.129    , array([ 13.5193    ,  0.169679   ,  5          ,  0.626856   ])
108     , -393.139    , array([ 13.5193    ,  0.169679   ,  5          ,  0.627483   ])
112     , -393.136    , array([ 13.5193    ,  0.169849   ,  5          ,  0.626856   ])
116     , -393.129    , array([ 13.5193    ,  0.169679   ,  5          ,  0.626856   ])
120     , -393.139    , array([ 13.5193    ,  0.169679   ,  5          ,  0.627483   ])
124     , -393.136    , array([ 13.5193    ,  0.169849   ,  5          ,  0.626856   ])
128     , -393.129    , array([ 13.5193    ,  0.169679   ,  5          ,  0.626856   ])
132     , -393.139    , array([ 13.5193    ,  0.169679   ,  5          ,  0.627483   ])
136     , -393.136    , array([ 13.5193    ,  0.169849   ,  5          ,  0.626856   ])
140     , -393.129    , array([ 13.5193    ,  0.169679   ,  5          ,  0.626856   ])
144     , -393.139    , array([ 13.5193    ,  0.169679   ,  5          ,  0.627483   ])
148     , -393.136    , array([ 13.5193    ,  0.169849   ,  5          ,  0.626856   ])
152     , -393.129    , array([ 13.5193    ,  0.169679   ,  5          ,  0.626856   ])
156     , -393.139    , array([ 13.5193    ,  0.169679   ,  5          ,  0.627483   ])
160     , -393.136    , array([ 13.5193    ,  0.169849   ,  5          ,  0.626856   ])
164     , -393.129    , array([ 13.5193    ,  0.169679   ,  5          ,  0.626856   ])
168     , -393.139    , array([ 13.5193    ,  0.169679   ,  5          ,  0.627483   ])
172     , -393.136    , array([ 13.5193    ,  0.169849   ,  5          ,  0.626856   ])
176     , -393.129    , array([ 13.5193    ,  0.169679   ,  5          ,  0.626856   ])
180     , -393.139    , array([ 13.5193    ,  0.169679   ,  5          ,  0.627483   ])
184     , -393.136    , array([ 13.5193    ,  0.169849   ,  5          ,  0.626856   ])
188     , -393.129    , array([ 13.5193    ,  0.169679   ,  5          ,  0.626856   ])
192     , -393.139    , array([ 13.5193    ,  0.169679   ,  5          ,  0.627483   ])
196     , -393.136    , array([ 13.5193    ,  0.169849   ,  5          ,  0.626856   ])
200     , -393.129    , array([ 13.5193    ,  0.169679   ,  5          ,  0.626856   ])
204     , -393.139    , array([ 13.5193    ,  0.169679   ,  5          ,  0.627483   ])
208     , -393.136    , array([ 13.5193    ,  0.169849   ,  5          ,  0.626856   ])
212     , -393.129    , array([ 13.5193    ,  0.169679   ,  5          ,  0.626856   ])
216     , -393.139    , array([ 13.5193    ,  0.169679   ,  5          ,  0.627483   ])
220     , -393.136    , array([ 13.5193    ,  0.169849   ,  5          ,  0.626856   ])
224     , -393.129    , array([ 13.5193    ,  0.169679   ,  5          ,  0.626856   ])
228     , -393.139    , array([ 13.5193    ,  0.169679   ,  5          ,  0.627483   ])
232     , -393.136    , array([ 13.5193    ,  0.169849   ,  5          ,  0.626856   ])
236     , -393.129    , array([ 13.5193    ,  0.169679   ,  5          ,  0.626856   ])
240     , -393.139    , array([ 13.5193    ,  0.169679   ,  5          ,  0.627483   ])
244     , -393.136    , array([ 13.5193    ,  0.169849   ,  5          ,  0.626856   ])
248     , -393.129    , array([ 13.5193    ,  0.169679   ,  5          ,  0.626856   ])
252     , -393.139    , array([ 13.5193    ,  0.169679   ,  5          ,  0.627483   ])
256     , -393.136    , array([ 13.5193    ,  0.169849   ,  5          ,  0.626856   ])
260     , -393.129    , array([ 13.5193    ,  0.169679   ,  5          ,  0.626856   ])
264     , -393.139    , array([ 13.5193    ,  0.169679   ,  5          ,  0.627483   ])
268     , -393.136    , array([ 13.5193    ,  0.169849   ,  5          ,  0.626856   ])
272     , -393.129    , array([ 13.5193    ,  0.169679   ,  5          ,  0.626856   ])
276     , -393.139    , array([ 13.5193    ,  0.169679   ,  5          ,  0.627483   ])
280     , -393.136    , array([ 13.5193    ,  0.169849   ,  5          ,  0.626856   ])
284     , -393.129    , array([ 13.5193    ,  0.169679   ,  5          ,  0.626856   ])
288     , -393.139    , array([ 13.5193    ,  0.169679   ,  5          ,  0.627483   ])
292     , -393.136    , array([ 13.5193    ,  0.169849   ,  5          ,  0.626856   ])
296     , -393.129    , array([ 13.5193    ,  0.169679   ,  5          ,  0.626856   ])
300     , -393.139    , array([ 13.5193    ,  0.169679   ,  5          ,  0.627483   ])
304     , -393.136    , array([ 13.5193    ,  0.169849   ,  5          ,  0.626856   ])
308     , -393.129    , array([ 13.5193    ,  0.169679   ,  5          ,  0.626856   ])
312     , -393.139    , array([ 13.5193    ,  0.169679   ,  5          ,  0.627483   ])
316     , -393.136    , array([ 13.5193    ,  0.169849   ,  5          ,  0.626856   ])
320     , -393.129    , array([ 13.5193    ,  0.169679   ,  5          ,  0.626856   ])
324     , -393.139    , array([ 13.5193    ,  0.169679   ,  5          ,  0.627483   ])
328     , -393.136    , array([ 13.5193    ,  0.169849   ,  5          ,  0.626856   ])
332     , -393.129    , array([ 13.5193    ,  0.169679   ,  5          ,  0.626856   ])
336     , -393.139    , array([ 13.5193    ,  0.169679   ,  5          ,  0.627483   ])
340     , -393.136    , array([ 13.5193    ,  0.169849   ,  5          ,  0.626856   ])
344     , -393.129    , array([ 13.5193    ,  0.169679   ,  5          ,  0.626856   ])
348     , -393.139    , array([ 13.5193    ,  0.169679   ,  5          ,  0.627483   ])
352     , -393.136    , array([ 13.5193    ,  0.169849   ,  5          ,  0.626856   ])
356     , -393.129    , array([ 13.5193    ,  0.169679   ,  5          ,  0.626856   ])
360     , -393.139    , array([ 13.5193    ,  0.169679   ,  5          ,  0.627483   ])
364     , -393.136    , array([ 13.5193    ,  0.169849   ,  5          ,  0.626856   ])
368     , -393.129    , array([ 13.5193    ,  0.169679   ,  5          ,  0.626856   ])
372     , -393.139    , array([ 13.5193    ,  0.169679   ,  5          ,  0.627483   ])
376     , -393.136    , array([ 13.5193    ,  0.169849   ,  5          ,  0.626856   ])
380     , -393.129    , array([ 13.5193    ,  0.169679   ,  5          ,  0.626856   ])
384     , -393.139    , array([ 13.5193    ,  0.169679   ,  5          ,  0.627483   ])
388     , -393.136    , array([ 13.5193    ,  0.169849   ,  5          ,  0.626856   ])
392     , -393.129    , array([ 13.5193    ,  0.169679   ,  5          ,  0.626856   ])
396     , -393.139    , array([ 13.5193    ,  0.169679   ,  5          ,  0.627483   ])
400     , -393.136    , array([ 13.5193    ,  0.169849   ,  5          ,  0.626856   ])
404     , -393.129    , array([ 13.5193    ,  0.169679   ,  5          ,  0.626856   ])
408     , -393.139    , array([ 13.5193    ,  0.169679   ,  5          ,  0.627483   ])
412     , -393.136    , array([ 13.5193    ,  0.169849   ,  5          ,  0.626856   ])
416     , -393.129    , array([ 13.5193    ,  0.169679   ,  5          ,  0.626856   ])
420     , -393.139    , array([ 13.5193    ,  0.169679   ,  5          ,  0.627483   ])
424     , -393.136    , array([ 13.5193    ,  0.169849   ,  5          ,  0.626856   ])
428     , -393.129    , array([ 13.5193    ,  0.169679   ,  5          ,  0.626856   ])
432     , -393.139    , array([ 13.5193    ,  0.169679   ,  5          ,  0.627483   ])
436     , -393.136    , array([ 13.5193    ,  0.169849   ,  5          ,  0.626856   ])
440     , -393.129    , array([ 13.5193    ,  0.169679   ,  5          ,  0.626856   ])
444     , -393.139    , array([ 13.5193    ,  0.169679   ,  5          ,  0.627483   ])
448     , -393.136    , array([ 13.5193    ,  0.169849   ,  5          ,  0.626856   ])
452     , -393.129    , array([ 13.5193    ,  0.169679   ,  5          ,  0.626856   ])
456     , -393.139    , array([ 13.5193    ,  0.169679   ,  5          ,  0.627483   ])
460     , -393.136    , array([ 13.5193    ,  0.169849   ,  5          ,  0.626856   ])
464     , -393.129    , array([ 13.5193    ,  0.169679   ,  5          ,  0.626856   ])
468     , -393.139    , array([ 13.5193    ,  0.169679   ,  5          ,  0.627483   ])
472     , -393.136    , array([ 13.5193    ,  0.169849   ,  5          ,  0.626856   ])
476     , -393.129    , array([ 13.5193    ,  0.169679   ,  5          ,  0.626856   ])
480     , -393.139    , array([ 13.5193    ,  0.169679   ,  5          ,  0.627483   ])
484     , -393.136    , array([ 13.5193    ,  0.169849   ,  5          ,  0.626856   ])
488     , -474.036    , array([ 13.5193    ,  0.169679   ,  3.01753    ,  0.626856   ])
492     , -393.241    , array([ 13.5193    ,  0.169679   ,  4.91302    ,  0.626856   ])
496     , -393.129    , array([ 13.5193    ,  0.169679   ,  4.99688    ,  0.626856   ])
