628     , -416.555    , array([ 87.1949    ,  0.642645   ,  5          ,  1.55652    ])
632     , -416.555    , array([ 86.5769    ,  0.642645   ,  5          ,  1.55652    ])
636     , -416.555    , array([ 86.0317    ,  0.642645   ,  5          ,  1.55652    ])
640     , -416.555    , array([ 86.0333    ,  0.642645   ,  5          ,  1.55652    ])
644     , -844.705    , array([ 86.0333    ,  0.406577   ,  5          ,  1.55652    ])
648     , -416.517    , array([ 86.0333    ,  0.637841   ,  5          ,  1.55652    ])
652     , -416.514    , array([ 86.0333    ,  0.638865   ,  5          ,  1.55652    ])
656     , -428.919    , array([ 86.0333    ,  0.638865   ,  4.38197    ,  1.55652    ])
660     , -417.243    , array([ 86.0333    ,  0.638865   ,  4.88197    ,  1.55652    ])
664     , -416.536    , array([ 86.0333    ,  0.638865   ,  4.99342    ,  1.55652    ])
668     , -416.517    , array([ 86.0333    ,  0.638865   ,  4.99904    ,  1.55652    ])
672     , -416.514    , array([ 86.0333    ,  0.638865   ,  4.99986    ,  1.55652    ])
676     , -416.514    , array([ 86.0333    ,  0.638865   ,  4.99998    ,  1.55652    ])
680     , -416.514    , array([ 86.0333    ,  0.638865   ,  5          ,  1.55652    ])
684     , -416.514    , array([ 86.0333    ,  0.638865   ,  5          ,  1.55652    ])
688     , -416.514    , array([ 86.0333    ,  0.638865   ,  5          ,  1.55652    ])
692     , -416.514    , array([ 86.0333    ,  0.638865   ,  5          ,  1.55652    ])
696     , -416.514    , array([ 86.0333    ,  0.638865   ,  5          ,  1.55652    ])
700     , -416.514    , array([ 86.0333    ,  0.638865   ,  5          ,  1.55652    ])
704     , -416.514    , array([ 86.0333    ,  0.638865   ,  5          ,  1.55652    ])
708     , -416.514    , array([ 86.0333    ,  0.638865   ,  5          ,  1.55652    ])
712     , -1007.47    , array([ 86.0333    ,  0.638865   ,  5          ,  0.938486   ])
716     , -416.49     , array([ 86.0333    ,  0.638865   ,  5          ,  1.55281    ])
720     , -416.49     , array([ 86.0333    ,  0.638865   ,  5          ,  1.55281    ])
724     , -418.057    , array([ 82.3151    ,  0.5519     ,  5          ,  1.46741    ])
728     , -416.215    , array([ 84.7235    ,  0.60823    ,  5          ,  1.52273    ])
732     , -416.215    , array([ 84.7508    ,  0.60887    ,  5          ,  1.52335    ])
736     , -416.187    , array([ 87.3689    ,  0.60887    ,  5          ,  1.52335    ])
740     , -416.106    , array([ 97.4995    ,  0.60887    ,  5          ,  1.52335    ])
744     , -416.092    , array([ 99.891     ,  0.60887    ,  5          ,  1.52335    ])
752     , -416.252    , array([ 99.891     ,  0.60887    ,  5          ,  1.52807    ])
756     , -416.011    , array([ 99.891     ,  0.60887    ,  5          ,  1.5168     ])
760     , -416.011    , array([ 99.891     ,  0.60887    ,  5          ,  1.51687    ])
768     , -416.021    , array([ 99.891     ,  0.60887    ,  4.99342    ,  1.51687    ])
772     , -416.012    , array([ 99.891     ,  0.60887    ,  4.99904    ,  1.51687    ])
776     , -416.011    , array([ 99.891     ,  0.60887    ,  4.99986    ,  1.51687    ])
780     , -416.011    , array([ 99.891     ,  0.60887    ,  4.99998    ,  1.51687    ])
784     , -416.011    , array([ 99.891     ,  0.60887    ,  5          ,  1.51687    ])
788     , -416.011    , array([ 99.891     ,  0.60887    ,  5          ,  1.51687    ])
792     , -416.011    , array([ 99.891     ,  0.60887    ,  5          ,  1.51687    ])
796     , -416.011    , array([ 99.891     ,  0.60887    ,  5          ,  1.51687    ])
800     , -416.011    , array([ 99.891     ,  0.60887    ,  5          ,  1.51687    ])
804     , -416.011    , array([ 99.891     ,  0.60887    ,  5          ,  1.51687    ])
808     , -416.011    , array([ 99.891     ,  0.60887    ,  5          ,  1.51687    ])
812     , -416.011    , array([ 99.891     ,  0.60887    ,  5          ,  1.51687    ])
816     , -416.32     , array([ 97.8159    ,  0.560336   ,  5          ,  1.46921    ])
820     , -415.853    , array([ 99.0324    ,  0.588789   ,  5          ,  1.49715    ])
828     , -415.85     , array([ 99.4229    ,  0.588988   ,  5          ,  1.49734    ])
832     , -415.847    , array([ 99.9508    ,  0.588988   ,  5          ,  1.49734    ])
836     , -415.846    , array([ 99.9946    ,  0.588988   ,  5          ,  1.49734    ])
840     , -415.846    , array([ 99.9946    ,  0.588988   ,  5          ,  1.49734    ])
844     , -415.739    , array([ 99.9946    ,  0.588988   ,  5          ,  1.48736    ])
848     , -415.727    , array([ 99.9946    ,  0.588988   ,  5          ,  1.48974    ])
852     , -426.842    , array([ 99.9946    ,  0.588988   ,  4.38197    ,  1.48974    ])
856     , -416.228    , array([ 99.9946    ,  0.588988   ,  4.88197    ,  1.48974    ])
908     , -415.661    , array([ 99.7497    ,  0.583259   ,  5          ,  1.48412    ])
912     , -415.617    , array([ 99.3585    ,  0.574108   ,  5          ,  1.47513    ])
924     , -415.218    , array([ 99.985     ,  0.543381   ,  5          ,  1.42949    ])
928     , -415.223    , array([ 98.3735    ,  0.543061   ,  5          ,  1.42901    ])
932     , -415.216    , array([ 99.6826    ,  0.543061   ,  5          ,  1.42901    ])
936     , -415.215    , array([ 99.9465    ,  0.543061   ,  5          ,  1.42901    ])
948     , -415.215    , array([ 99.9999    ,  0.543061   ,  5          ,  1.42901    ])
956     , -415.255    , array([ 99.7551    ,  0.537332   ,  5          ,  1.42339    ])
976     , -415.215    , array([ 100        ,  0.543061   ,  5          ,  1.42901    ])
984     , -415.215    , array([ 100        ,  0.543061   ,  5          ,  1.42901    ])
988     , -501.791    , array([ 100        ,  0.543061   ,  3.38197    ,  1.42901    ])
992     , -418.772    , array([ 100        ,  0.543061   ,  4.69098    ,  1.42901    ])
1044    , -415.922    , array([ 98.9652    ,  0.593054   ,  5          ,  1.50339    ])
1048    , -415.328    , array([ 99.8024    ,  0.552609   ,  5          ,  1.44322    ])
1052    , -415.231    , array([ 99.9712    ,  0.544454   ,  5          ,  1.43108    ])
1056    , -415.217    , array([ 99.9958    ,  0.543265   ,  5          ,  1.42931    ])
1060    , -415.215    , array([ 99.9994    ,  0.543091   ,  5          ,  1.42906    ])
1064    , -415.215    , array([ 99.9999    ,  0.543066   ,  5          ,  1.42902    ])
1068    , -415.215    , array([ 100        ,  0.543062   ,  5          ,  1.42901    ])
1072    , -415.215    , array([ 100        ,  0.543061   ,  5          ,  1.42901    ])
1076    , -415.215    , array([ 100        ,  0.543061   ,  5          ,  1.42901    ])
1080    , -415.215    , array([ 100        ,  0.543061   ,  5          ,  1.42901    ])
1084    , -415.215    , array([ 100        ,  0.543061   ,  5          ,  1.42901    ])
