1564    , -2651.14    , array([ 1.06881    ,  1.56443    ,  0.0359771  ,  0.0461794  ])
1568    , -1711.52    , array([ 0.450776   ,  1.56443    ,  0.0359771  ,  0.0461794  ])
1572    , -450.594    , array([ 0.141754   ,  1.56443    ,  0.0359771  ,  0.0461794  ])
1576    , -103.232    , array([ 0.0718675  ,  1.56443    ,  0.0359771  ,  0.0461794  ])
1580    , -101.688    , array([ 0.0687895  ,  1.56443    ,  0.0359771  ,  0.0461794  ])
1584    , -101.688    , array([ 0.0687893  ,  1.56443    ,  0.0359771  ,  0.0461794  ])
1588    , -148.63     , array([ 0.0687893  ,  0.946394   ,  0.0359771  ,  0.0461794  ])
1592    , -101.683    , array([ 0.0687893  ,  1.57454    ,  0.0359771  ,  0.0461794  ])
1596    , -101.683    , array([ 0.0687893  ,  1.57364    ,  0.0359771  ,  0.0461794  ])
1608    , -101.754    , array([ 0.0687893  ,  1.57364    ,  0.0362454  ,  0.0461794  ])
1612    , -101.673    , array([ 0.0687893  ,  1.57364    ,  0.0358271  ,  0.0461794  ])
1616    , -101.673    , array([ 0.0687893  ,  1.57364    ,  0.0358286  ,  0.0461794  ])
1624    , -213.79     , array([ 0.0687893  ,  1.57364    ,  0.0358286  ,  0.0652519  ])
1628    , -101.669    , array([ 0.0687893  ,  1.57364    ,  0.0358286  ,  0.0460864  ])
1632    , -101.669    , array([ 0.0687893  ,  1.57364    ,  0.0358286  ,  0.0460854  ])
1636    , -101.679    , array([ 0.0688021  ,  1.56795    ,  0.0359204  ,  0.0461435  ])
1640    , -101.667    , array([ 0.06878    ,  1.57776    ,  0.0357623  ,  0.0460435  ])
1644    , -101.667    , array([ 0.0687801  ,  1.57772    ,  0.0357629  ,  0.0460439  ])
1652    , -171.86     , array([ 0.0929275  ,  1.57772    ,  0.0357629  ,  0.0460439  ])
1656    , -101.649    , array([ 0.0684301  ,  1.57772    ,  0.0357629  ,  0.0460439  ])
1660    , -101.649    , array([ 0.068451   ,  1.57772    ,  0.0357629  ,  0.0460439  ])
1664    , -146.909    , array([ 0.068451   ,  0.959684   ,  0.0357629  ,  0.0460439  ])
1668    , -101.645    , array([ 0.068451   ,  1.58576    ,  0.0357629  ,  0.0460439  ])
1672    , -101.645    , array([ 0.068451   ,  1.58493    ,  0.0357629  ,  0.0460439  ])
1684    , -110.708    , array([ 0.068451   ,  1.58493    ,  0.0357629  ,  0.0508609  ])
1688    , -101.64     , array([ 0.068451   ,  1.58493    ,  0.0357629  ,  0.0459287  ])
1692    , -101.631    , array([ 0.068427   ,  1.59559    ,  0.035591   ,  0.04582    ])
1696    , -101.631    , array([ 0.0684298  ,  1.59435    ,  0.0356111  ,  0.0458327  ])
1700    , -101.631    , array([ 0.0684316  ,  1.59358    ,  0.0356234  ,  0.0458405  ])
1704    , -101.617    , array([ 0.0678528  ,  1.62584    ,  0.0352915  ,  0.0454441  ])
1708    , -101.615    , array([ 0.0680113  ,  1.61701    ,  0.0353824  ,  0.0455527  ])
1712    , -101.612    , array([ 0.0680178  ,  1.61246    ,  0.035457   ,  0.0455985  ])
1716    , -101.612    , array([ 0.0680179  ,  1.61241    ,  0.0354578  ,  0.045599   ])
1724    , -102.031    , array([ 0.0680178  ,  1.70968    ,  0.035457   ,  0.0455985  ])
1728    , -101.609    , array([ 0.0680178  ,  1.61985    ,  0.035457   ,  0.0455985  ])
1736    , -3356.53    , array([ 0.0680178  ,  1.61985    ,  0.035457   ,  0.23653    ])
1740    , -1093.07    , array([ 0.0680178  ,  1.61985    ,  0.035457   ,  0.0111567  ])
1744    , -101.619    , array([ 0.0680178  ,  1.61985    ,  0.035457   ,  0.045817   ])
1748    , -101.608    , array([ 0.0680178  ,  1.61985    ,  0.035457   ,  0.045648   ])
1752    , -101.608    , array([ 0.0680178  ,  1.61985    ,  0.035457   ,  0.0456485  ])
1756    , -101.607    , array([ 0.067902   ,  1.62631    ,  0.0353906  ,  0.0455692  ])
