17      , -11238.5    , array([ 0.563912   ,  6.37564    ,  0.556061   ,  0.589461   ,  0.116626   ,  0.652352   ,  1.03896    ,  0.118075   ,  0.0398238  ,  0.340699   ,  0.0938807  ,  0.536542   ,  1.44511    ,  0.615689   ,  1.97999    ,  1.19318    ,  0.806119   ])
34      , -11193.9    , array([ 0.563912   ,  5.3749     ,  0.556061   ,  0.589461   ,  0.116626   ,  0.652352   ,  1.03896    ,  0.118075   ,  0.0398238  ,  0.340699   ,  0.0938807  ,  0.536542   ,  1.44511    ,  0.615689   ,  1.97999    ,  1.19318    ,  0.806119   ])
51      , -11266.7    , array([ 0.563912   ,  5.3749     ,  0.555817   ,  0.780442   ,  0.116626   ,  0.652352   ,  1.03896    ,  0.118075   ,  0.0398238  ,  0.340699   ,  0.0938807  ,  0.536542   ,  1.44511    ,  0.615689   ,  1.97999    ,  1.19318    ,  0.806119   ])
68      , -11214.4    , array([ 0.563912   ,  5.3749     ,  0.555817   ,  0.589969   ,  0.189574   ,  0.652352   ,  1.03896    ,  0.118075   ,  0.0398238  ,  0.340699   ,  0.0938807  ,  0.536542   ,  1.44511    ,  0.615689   ,  1.97999    ,  1.19318    ,  0.806119   ])
85      , -11193.9    , array([ 0.563912   ,  5.3749     ,  0.555817   ,  0.589969   ,  0.117942   ,  0.653783   ,  1.03896    ,  0.118075   ,  0.0398238  ,  0.340699   ,  0.0938807  ,  0.536542   ,  1.44511    ,  0.615689   ,  1.97999    ,  1.19318    ,  0.806119   ])
102     , -11193.9    , array([ 0.563912   ,  5.3749     ,  0.555817   ,  0.589969   ,  0.117942   ,  0.651368   ,  1.0395     ,  0.118075   ,  0.0398238  ,  0.340699   ,  0.0938807  ,  0.536542   ,  1.44511    ,  0.615689   ,  1.97999    ,  1.19318    ,  0.806119   ])
119     , -11193.9    , array([ 0.563912   ,  5.3749     ,  0.555817   ,  0.589969   ,  0.117942   ,  0.651368   ,  1.0395     ,  0.117804   ,  0.0398238  ,  0.340699   ,  0.0938807  ,  0.536542   ,  1.44511    ,  0.615689   ,  1.97999    ,  1.19318    ,  0.806119   ])
136     , -11193.7    , array([ 0.563912   ,  5.3749     ,  0.555817   ,  0.589969   ,  0.117942   ,  0.651368   ,  1.0395     ,  0.117807   ,  0.0400189  ,  0.340699   ,  0.0938807  ,  0.536542   ,  1.44511    ,  0.615689   ,  1.97999    ,  1.19318    ,  0.806119   ])
153     , -11193.7    , array([ 0.563912   ,  5.3749     ,  0.555817   ,  0.589969   ,  0.117942   ,  0.651368   ,  1.0395     ,  0.117807   ,  0.0400189  ,  0.332577   ,  0.0938807  ,  0.536542   ,  1.44511    ,  0.615689   ,  1.97999    ,  1.19318    ,  0.806119   ])
170     , -11193.7    , array([ 0.563912   ,  5.3749     ,  0.555817   ,  0.589969   ,  0.117942   ,  0.651368   ,  1.0395     ,  0.117807   ,  0.0400189  ,  0.332577   ,  0.0870267  ,  0.540559   ,  1.44511    ,  0.615689   ,  1.97999    ,  1.19318    ,  0.806119   ])
204     , -11193.7    , array([ 0.563912   ,  5.3749     ,  0.555817   ,  0.589969   ,  0.117942   ,  0.651368   ,  1.0395     ,  0.117807   ,  0.0400189  ,  0.332577   ,  0.0870267  ,  0.540599   ,  1.43931    ,  0.618221   ,  2.04009    ,  1.19318    ,  0.806119   ])
221     , -11195.2    , array([ 0.563912   ,  5.3749     ,  0.555817   ,  0.589969   ,  0.117942   ,  0.651368   ,  1.0395     ,  0.117807   ,  0.0400189  ,  0.332577   ,  0.0870267  ,  0.540599   ,  1.43931    ,  0.618221   ,  2.04069    ,  1.19085    ,  1.18808    ])
