8       , -1142.36    , array([ 0.228838   ,  2.18365    ,  0.0619435  ,  0.07368    ])
12      , -16150.1    , array([ 0.00342675 ,  2.18365    ,  0.0619435  ,  0.07368    ])
16      , -92.2882    , array([ 0.0388452  ,  2.18365    ,  0.0619435  ,  0.07368    ])
20      , -92.0725    , array([ 0.0379422  ,  2.18365    ,  0.0619435  ,  0.07368    ])
24      , -360.302    , array([ 0.0379437  ,  0.565612   ,  0.0619435  ,  0.07368    ])
28      , -92.4333    , array([ 0.0379437  ,  2.29332    ,  0.0619435  ,  0.07368    ])
32      , -92.439     , array([ 0.0379437  ,  2.20712    ,  0.0619435  ,  0.07368    ])
36      , -92.0982    , array([ 0.0379437  ,  2.17872    ,  0.0619435  ,  0.07368    ])
40      , -92.0512    , array([ 0.0379437  ,  2.18788    ,  0.0619435  ,  0.07368    ])
44      , -92.0518    , array([ 0.0379437  ,  2.18776    ,  0.0619435  ,  0.07368    ])
48      , -8084.63    , array([ 0.0379437  ,  2.188      ,  1.06194    ,  0.07368    ])
52      , -1473.99    , array([ 0.0379437  ,  2.188      ,  0.44391    ,  0.07368    ])
56      , -92.0478    , array([ 0.0379437  ,  2.188      ,  0.0614988  ,  0.07368    ])
60      , -92.0478    , array([ 0.0379437  ,  2.188      ,  0.0614865  ,  0.07368    ])
72      , -92.047     , array([ 0.0379437  ,  2.188      ,  0.0614865  ,  0.0738041  ])
76      , -92.03      , array([ 0.0380188  ,  2.19235    ,  0.0610295  ,  0.0738257  ])
80      , -92.03      , array([ 0.0380188  ,  2.19235    ,  0.0610295  ,  0.0738257  ])
84      , -92.5156    , array([ 0.0380365  ,  2.19338    ,  0.0609216  ,  0.0738428  ])
88      , -92.0281    , array([ 0.0380339  ,  2.19323    ,  0.0609373  ,  0.0738403  ])
96      , -1150.23    , array([ 0.229004   ,  2.19328    ,  0.0609313  ,  0.0738413  ])
100     , -14814.1    , array([ 0.00359303 ,  2.19328    ,  0.0609313  ,  0.0738413  ])
104     , -92.2408    , array([ 0.038734   ,  2.19328    ,  0.0609313  ,  0.0738413  ])
108     , -92.0426    , array([ 0.0381354  ,  2.19328    ,  0.0609313  ,  0.0738413  ])
112     , -92.0298    , array([ 0.0380496  ,  2.19328    ,  0.0609313  ,  0.0738413  ])
116     , -92.0282    , array([ 0.038037   ,  2.19328    ,  0.0609313  ,  0.0738413  ])
120     , -92.028     , array([ 0.0380352  ,  2.19328    ,  0.0609313  ,  0.0738413  ])
124     , -92.028     , array([ 0.0380349  ,  2.19328    ,  0.0609313  ,  0.0738413  ])
128     , -92.028     , array([ 0.0380349  ,  2.19328    ,  0.0609313  ,  0.0738413  ])
132     , -92.515     , array([ 0.0380349  ,  2.19328    ,  0.0609313  ,  0.0738413  ])
136     , -92.028     , array([ 0.0380349  ,  2.19328    ,  0.0609313  ,  0.0738413  ])
140     , -17422.4    , array([ 0.0380349  ,  2.19328    ,  0.0609313  ,  1.07384    ])
144     , -15768.3    , array([ 0.0380349  ,  2.19328    ,  0.0609313  ,  0.455807   ])
148     , -1363.86    , array([ 0.0380349  ,  2.19328    ,  0.0609313  ,  0.146742   ])
152     , -92.0277    , array([ 0.0380349  ,  2.19328    ,  0.0609313  ,  0.0738706  ])
156     , -92.0277    , array([ 0.0380349  ,  2.19328    ,  0.0609313  ,  0.0738709  ])
164     , -92.0521    , array([ 0.0380349  ,  2.19328    ,  0.062449   ,  0.0738709  ])
168     , -92.0274    , array([ 0.0380349  ,  2.19328    ,  0.0610919  ,  0.0738709  ])
172     , -92.0274    , array([ 0.0380349  ,  2.19328    ,  0.0610902  ,  0.0738709  ])
176     , -92.5255    , array([ 0.0380482  ,  2.19405    ,  0.0610092  ,  0.0738838  ])
180     , -92.5216    , array([ 0.0380368  ,  2.1934     ,  0.0610784  ,  0.0738728  ])
184     , -92.5211    , array([ 0.0380352  ,  2.1933     ,  0.0610885  ,  0.0738712  ])
188     , -92.521     , array([ 0.0380349  ,  2.19329    ,  0.06109    ,  0.073871   ])
192     , -92.0274    , array([ 0.0380349  ,  2.19328    ,  0.0610902  ,  0.0738709  ])
196     , -92.0274    , array([ 0.0380349  ,  2.19328    ,  0.0610901  ,  0.0738709  ])
200     , -92.521     , array([ 0.0380349  ,  2.19328    ,  0.0610901  ,  0.0738709  ])
