355     , -1316.2     , array([ 0.94016    ,  0.10004    ,  4.93817    ,  2.51031    ,  0.0500153  ])
360     , -1311       , array([ 1.00529    ,  0.10004    ,  4.93817    ,  2.51031    ,  0.0500153  ])
370     , -5097.13    , array([ 1.00528    ,  0.172917   ,  4.93817    ,  2.51031    ,  0.0500153  ])
375     , -1311       , array([ 1.00528    ,  0.100088   ,  4.93817    ,  2.51031    ,  0.0500153  ])
380     , -1339.53    , array([ 1.00528    ,  0.100084   ,  5.93817    ,  2.51031    ,  0.0500153  ])
385     , -1310.96    , array([ 1.00528    ,  0.100084   ,  4.97684    ,  2.51031    ,  0.0500153  ])
390     , -1378.11    , array([ 1.00528    ,  0.100084   ,  4.97136    ,  3.51031    ,  0.0500153  ])
395     , -1310.96    , array([ 1.00528    ,  0.100084   ,  4.97136    ,  2.51145    ,  0.0500153  ])
400     , -1310.95    , array([ 1.00528    ,  0.100084   ,  4.97136    ,  2.50019    ,  0.0500153  ])
405     , -11613.2    , array([ 1.00528    ,  0.100084   ,  4.97136    ,  2.50019    ,  0.431981   ])
410     , -12530.6    , array([ 1.00528    ,  0.100084   ,  4.97136    ,  2.50019    ,  0.0155734  ])
415     , -1310.96    , array([ 1.00528    ,  0.100084   ,  4.97136    ,  2.50019    ,  0.0499601  ])
