3088    , -29761.5    , array([ 2.27221    ,  3.02632    ,  0.616348   ,  1.13143    ,  0.299344   ,  4.81711    ,  4.21784    ,  3.38464    ])
3096    , -31810.6    , array([ 2.58021    ,  4.02632    ,  0.616348   ,  1.13143    ,  0.299344   ,  4.81711    ,  4.21784    ,  3.38464    ])
3104    , -19084      , array([ 2.58021    ,  0.636046   ,  0.616348   ,  1.13143    ,  0.299344   ,  4.81711    ,  4.21784    ,  3.38464    ])
3112    , -15543.6    , array([ 2.58021    ,  0.575605   ,  1.23438    ,  1.13143    ,  0.299344   ,  4.81711    ,  4.21784    ,  3.38464    ])
3120    , -22484.7    , array([ 2.58021    ,  0.575605   ,  1.3199     ,  2.13143    ,  0.299344   ,  4.81711    ,  4.21784    ,  3.38464    ])
3128    , -14841.9    , array([ 2.58021    ,  0.575605   ,  1.3199     ,  0.68307    ,  0.299344   ,  4.81711    ,  4.21784    ,  3.38464    ])
3144    , -14632.2    , array([ 2.58021    ,  0.575605   ,  1.3199     ,  0.80766    ,  0.333075   ,  4.81711    ,  4.21784    ,  3.38464    ])
3152    , -14623.4    , array([ 2.58021    ,  0.575605   ,  1.3199     ,  0.80766    ,  0.333075   ,  5.02937    ,  4.21784    ,  3.38464    ])
3160    , -14259.8    , array([ 2.58021    ,  0.575605   ,  1.3199     ,  0.80766    ,  0.333075   ,  5.03366    ,  1.5998     ,  3.38464    ])
3168    , -14144.2    , array([ 2.58021    ,  0.575605   ,  1.3199     ,  0.80766    ,  0.333075   ,  5.03366    ,  2.34929    ,  1.76661    ])
3176    , -14082.1    , array([ 2.58021    ,  0.575605   ,  1.3199     ,  0.80766    ,  0.333075   ,  5.03366    ,  2.34929    ,  2.27774    ])
3184    , -14068      , array([ 2.52439    ,  0.575605   ,  1.3199     ,  0.80766    ,  0.333075   ,  5.03366    ,  2.34929    ,  2.27774    ])
3192    , -14061.9    , array([ 2.45865    ,  0.575605   ,  1.3199     ,  0.80766    ,  0.333075   ,  5.03366    ,  2.34929    ,  2.27774    ])
3200    , -14043.2    , array([ 2.45865    ,  0.550981   ,  1.3199     ,  0.80766    ,  0.333075   ,  5.03366    ,  2.34929    ,  2.27774    ])
3208    , -14043.2    , array([ 2.45865    ,  0.550703   ,  1.3199     ,  0.80766    ,  0.333075   ,  5.03366    ,  2.34929    ,  2.27774    ])
3216    , -14017.5    , array([ 2.45865    ,  0.550703   ,  1.42296    ,  0.80766    ,  0.333075   ,  5.03366    ,  2.34929    ,  2.27774    ])
3224    , -14021.8    , array([ 2.45865    ,  0.550703   ,  1.424      ,  0.788008   ,  0.333075   ,  5.03366    ,  2.34929    ,  2.27774    ])
3240    , -14016.1    , array([ 2.45865    ,  0.550703   ,  1.424      ,  0.807917   ,  0.343256   ,  5.03366    ,  2.34929    ,  2.27774    ])
3248    , -14010.1    , array([ 2.45865    ,  0.550703   ,  1.424      ,  0.807917   ,  0.343256   ,  5.22562    ,  2.34929    ,  2.27774    ])
3256    , -15278.2    , array([ 2.45865    ,  0.550703   ,  1.424      ,  0.807917   ,  0.343256   ,  5.23331    ,  0.731255   ,  2.27774    ])
3264    , -13973      , array([ 2.45865    ,  0.550703   ,  1.424      ,  0.807917   ,  0.343256   ,  5.23331    ,  2.70339    ,  2.27774    ])
3272    , -13949.3    , array([ 2.45865    ,  0.550703   ,  1.424      ,  0.807917   ,  0.343256   ,  5.23331    ,  2.70339    ,  1.91191    ])
3280    , -26160.4    , array([ 0.840611   ,  0.550703   ,  1.424      ,  0.807917   ,  0.343256   ,  5.23331    ,  2.70339    ,  1.93958    ])
3288    , -13948.8    , array([ 2.44996    ,  0.550703   ,  1.424      ,  0.807917   ,  0.343256   ,  5.23331    ,  2.70339    ,  1.93958    ])
3296    , -14561.2    , array([ 2.45005    ,  0.425301   ,  1.424      ,  0.807917   ,  0.343256   ,  5.23331    ,  2.70339    ,  1.93958    ])
3304    , -14780.5    , array([ 2.45005    ,  0.543889   ,  2.424      ,  0.807917   ,  0.343256   ,  5.23331    ,  2.70339    ,  1.93958    ])
3312    , -13945.3    , array([ 2.45005    ,  0.543889   ,  1.45626    ,  0.807917   ,  0.343256   ,  5.23331    ,  2.70339    ,  1.93958    ])
3320    , -15079.9    , array([ 2.45005    ,  0.543889   ,  1.45626    ,  1.18988    ,  0.343256   ,  5.23331    ,  2.70339    ,  1.93958    ])
3328    , -19480.1    , array([ 2.45005    ,  0.543889   ,  1.45626    ,  0.811102   ,  1.34326    ,  5.23331    ,  2.70339    ,  1.93958    ])
3336    , -13944.7    , array([ 2.45005    ,  0.543889   ,  1.45626    ,  0.811102   ,  0.348923   ,  5.23331    ,  2.70339    ,  1.93958    ])
3344    , -13964.4    , array([ 2.45005    ,  0.543889   ,  1.45626    ,  0.811102   ,  0.348923   ,  5.61527    ,  2.70339    ,  1.93958    ])
3352    , -13944.7    , array([ 2.45005    ,  0.543889   ,  1.45626    ,  0.811102   ,  0.348923   ,  5.2402     ,  2.70339    ,  1.93958    ])
3360    , -13942.8    , array([ 2.45005    ,  0.543889   ,  1.45626    ,  0.811102   ,  0.348923   ,  5.24013    ,  2.79249    ,  1.93958    ])
3368    , -14251.2    , array([ 2.45005    ,  0.543889   ,  1.45626    ,  0.811102   ,  0.348923   ,  5.24013    ,  2.77996    ,  1.32155    ])
3376    , -13942.4    , array([ 2.45005    ,  0.543889   ,  1.45626    ,  0.811102   ,  0.348923   ,  5.24013    ,  2.77996    ,  1.91484    ])
3384    , -14732.7    , array([ 1.83202    ,  0.543889   ,  1.45626    ,  0.811102   ,  0.348923   ,  5.24013    ,  2.77996    ,  1.91459    ])
3392    , -13942.4    , array([ 2.45109    ,  0.543889   ,  1.45626    ,  0.811102   ,  0.348923   ,  5.24013    ,  2.77996    ,  1.91459    ])
3400    , -13960      , array([ 2.45109    ,  0.565007   ,  1.45626    ,  0.811102   ,  0.348923   ,  5.24013    ,  2.77996    ,  1.91459    ])
3416    , -13942.2    , array([ 2.45109    ,  0.541209   ,  1.45828    ,  0.811102   ,  0.348923   ,  5.24013    ,  2.77996    ,  1.91459    ])
3424    , -14055.1    , array([ 2.45109    ,  0.541209   ,  1.45826    ,  0.91575    ,  0.348923   ,  5.24013    ,  2.77996    ,  1.91459    ])
3440    , -13941.9    , array([ 2.45109    ,  0.541209   ,  1.45826    ,  0.808728   ,  0.352621   ,  5.24013    ,  2.77996    ,  1.91459    ])
3448    , -13941.9    , array([ 2.45109    ,  0.541209   ,  1.45826    ,  0.808728   ,  0.352621   ,  5.29268    ,  2.77996    ,  1.91459    ])
3456    , -13941.8    , array([ 2.45109    ,  0.541209   ,  1.45826    ,  0.808728   ,  0.352621   ,  5.25625    ,  2.77996    ,  1.91459    ])
3464    , -13941.8    , array([ 2.45109    ,  0.541209   ,  1.45826    ,  0.808728   ,  0.352621   ,  5.25625    ,  2.77968    ,  1.91459    ])
3472    , -13974.7    , array([ 2.45109    ,  0.541209   ,  1.45826    ,  0.808728   ,  0.352621   ,  5.25625    ,  2.77968    ,  2.29656    ])
3480    , -13941.8    , array([ 2.45109    ,  0.541209   ,  1.45826    ,  0.808728   ,  0.352621   ,  5.25625    ,  2.77968    ,  1.90996    ])
