80      , -1310.99    , array([ 0.996987   ,  0.100822   ,  0.050493   ,  5.02744    ,  2.487      ])
85      , -1404.96    , array([ 1.37895    ,  0.100822   ,  0.050493   ,  5.02744    ,  2.487      ])
90      , -1310.99    , array([ 0.997814   ,  0.100822   ,  0.050493   ,  5.02744    ,  2.487      ])
105     , -1320.7     , array([ 0.997814   ,  0.103486   ,  0.050493   ,  5.02744    ,  2.487      ])
110     , -1310.98    , array([ 0.997814   ,  0.100789   ,  0.050493   ,  5.02744    ,  2.487      ])
120     , -5063.75    , array([ 0.997814   ,  0.100788   ,  0.12341    ,  5.02744    ,  2.487      ])
125     , -1312.6     , array([ 0.997814   ,  0.100788   ,  0.0512607  ,  5.02744    ,  2.487      ])
130     , -1310.98    , array([ 0.997814   ,  0.100788   ,  0.0504747  ,  5.02744    ,  2.487      ])
135     , -1315.76    , array([ 0.997814   ,  0.100788   ,  0.0504747  ,  5.4094     ,  2.487      ])
140     , -1310.98    , array([ 0.997814   ,  0.100788   ,  0.0504747  ,  5.02093    ,  2.487      ])
145     , -1340.79    , array([ 0.997814   ,  0.100788   ,  0.0504747  ,  5.021      ,  1.86897    ])
150     , -1310.98    , array([ 0.997814   ,  0.100788   ,  0.0504747  ,  5.021      ,  2.48872    ])
