17      , -11336      , array([ 0.125432   ,  1.98238    ,  0.333278   ,  0.580831   ,  1.36094    ,  0.473152   ,  1.16539    ,  0.0245918  ,  0.137018   ,  1.80111    ,  2.2714     ,  0.482297   ,  0.611377   ,  0.390241   ,  7.91488    ,  0.970598   ,  8.02495    ])
34      , -11336      , array([ 0.125432   ,  1.98044    ,  0.333278   ,  0.580831   ,  1.36094    ,  0.473152   ,  1.16539    ,  0.0245918  ,  0.137018   ,  1.80111    ,  2.2714     ,  0.482297   ,  0.611377   ,  0.390241   ,  7.91488    ,  0.970598   ,  8.02495    ])
51      , -11336      , array([ 0.125432   ,  1.98042    ,  0.333268   ,  0.580831   ,  1.36094    ,  0.473152   ,  1.16539    ,  0.0245918  ,  0.137018   ,  1.80111    ,  2.2714     ,  0.482297   ,  0.611377   ,  0.390241   ,  7.91488    ,  0.970598   ,  8.02495    ])
68      , -11336      , array([ 0.125432   ,  1.98042    ,  0.333267   ,  0.579735   ,  1.36094    ,  0.473152   ,  1.16539    ,  0.0245918  ,  0.137018   ,  1.80111    ,  2.2714     ,  0.482297   ,  0.611377   ,  0.390241   ,  7.91488    ,  0.970598   ,  8.02495    ])
85      , -11336      , array([ 0.125432   ,  1.98042    ,  0.333267   ,  0.579724   ,  1.36097    ,  0.473152   ,  1.16539    ,  0.0245918  ,  0.137018   ,  1.80111    ,  2.2714     ,  0.482297   ,  0.611377   ,  0.390241   ,  7.91488    ,  0.970598   ,  8.02495    ])
102     , -11335.9    , array([ 0.125432   ,  1.98042    ,  0.333267   ,  0.579724   ,  1.36096    ,  0.473668   ,  1.16539    ,  0.0245918  ,  0.137018   ,  1.80111    ,  2.2714     ,  0.482297   ,  0.611377   ,  0.390241   ,  7.91488    ,  0.970598   ,  8.02495    ])
119     , -16655.4    , array([ 0.125432   ,  1.98042    ,  0.333267   ,  0.579724   ,  1.36096    ,  0.473668   ,  1.16379    ,  1.02459    ,  0.137018   ,  1.80111    ,  2.2714     ,  0.482297   ,  0.611377   ,  0.390241   ,  7.91488    ,  0.970598   ,  8.02495    ])
136     , -11335.9    , array([ 0.125432   ,  1.98042    ,  0.333267   ,  0.579724   ,  1.36096    ,  0.473668   ,  1.16379    ,  0.0246446  ,  0.137018   ,  1.80111    ,  2.2714     ,  0.482297   ,  0.611377   ,  0.390241   ,  7.91488    ,  0.970598   ,  8.02495    ])
153     , -11336      , array([ 0.125432   ,  1.98042    ,  0.333267   ,  0.579724   ,  1.36096    ,  0.473668   ,  1.16379    ,  0.0246446  ,  0.136538   ,  1.80111    ,  2.2714     ,  0.482297   ,  0.611377   ,  0.390241   ,  7.91488    ,  0.970598   ,  8.02495    ])
170     , -11337.7    , array([ 0.125432   ,  1.98042    ,  0.333267   ,  0.579724   ,  1.36096    ,  0.473668   ,  1.16379    ,  0.0246446  ,  0.137072   ,  0.183077   ,  2.2714     ,  0.482297   ,  0.611377   ,  0.390241   ,  7.91488    ,  0.970598   ,  8.02495    ])
187     , -11335.9    , array([ 0.125432   ,  1.98042    ,  0.333267   ,  0.579724   ,  1.36096    ,  0.473668   ,  1.16379    ,  0.0246446  ,  0.137072   ,  1.8913     ,  2.00392    ,  0.482297   ,  0.611377   ,  0.390241   ,  7.91488    ,  0.970598   ,  8.02495    ])
204     , -11425.6    , array([ 0.125432   ,  1.98042    ,  0.333267   ,  0.579724   ,  1.36096    ,  0.473668   ,  1.16379    ,  0.0246446  ,  0.137072   ,  1.8913     ,  2.00392    ,  0.487256   ,  0.993343   ,  0.390241   ,  7.91488    ,  0.970598   ,  8.02495    ])
221     , -11335.9    , array([ 0.125432   ,  1.98042    ,  0.333267   ,  0.579724   ,  1.36096    ,  0.473668   ,  1.16379    ,  0.0246446  ,  0.137072   ,  1.8913     ,  2.00392    ,  0.487256   ,  0.60918    ,  0.389865   ,  7.91488    ,  0.970598   ,  8.02495    ])
238     , -11335.9    , array([ 0.125432   ,  1.98042    ,  0.333267   ,  0.579724   ,  1.36096    ,  0.473668   ,  1.16379    ,  0.0246446  ,  0.137072   ,  1.8913     ,  2.00392    ,  0.487256   ,  0.60918    ,  0.389865   ,  7.90704    ,  0.970598   ,  8.02495    ])
255     , -11335.9    , array([ 0.125432   ,  1.98042    ,  0.333267   ,  0.579724   ,  1.36096    ,  0.473668   ,  1.16379    ,  0.0246446  ,  0.137072   ,  1.8913     ,  2.00392    ,  0.487256   ,  0.60918    ,  0.389865   ,  7.90696    ,  0.97327    ,  8.02495    ])
272     , -11335.9    , array([ 0.125432   ,  1.98042    ,  0.333267   ,  0.579724   ,  1.36096    ,  0.473668   ,  1.16379    ,  0.0246446  ,  0.137072   ,  1.8913     ,  2.00392    ,  0.487256   ,  0.60918    ,  0.389865   ,  7.90696    ,  0.97327    ,  8.02496    ])
