1636    , -1062.18    , array([ 0.271631   ,  1.12915    ,  0.0474784  ,  0.0390762  ])
1640    , -463.552    , array([ 0.0462195  ,  1.12915    ,  0.0474784  ,  0.0390762  ])
1644    , -101.379    , array([ 0.0807752  ,  1.12915    ,  0.0474784  ,  0.0390762  ])
1648    , -101.365    , array([ 0.0804555  ,  1.12915    ,  0.0474784  ,  0.0390762  ])
1652    , -101.365    , array([ 0.0804575  ,  1.12915    ,  0.0474784  ,  0.0390762  ])
1656    , -101.605    , array([ 0.0804575  ,  1.08278    ,  0.0474784  ,  0.0390762  ])
1660    , -101.364    , array([ 0.0804575  ,  1.12626    ,  0.0474784  ,  0.0390762  ])
1668    , -7493.04    , array([ 0.0804575  ,  1.12623    ,  0.238347   ,  0.0390762  ])
1672    , -121.371    , array([ 0.0804575  ,  1.12623    ,  0.0399942  ,  0.0390762  ])
1676    , -101.361    , array([ 0.0804575  ,  1.12623    ,  0.0473898  ,  0.0390762  ])
1680    , -4352.97    , array([ 0.0804575  ,  1.12623    ,  0.0473898  ,  1.03908    ])
1684    , -3925.84    , array([ 0.0804575  ,  1.12623    ,  0.0473898  ,  0.421042   ])
1688    , -1054.75    , array([ 0.0804575  ,  1.12623    ,  0.0473898  ,  0.112013   ])
1692    , -106.171    , array([ 0.0804575  ,  1.12623    ,  0.0473898  ,  0.0424025  ])
1696    , -101.354    , array([ 0.0804575  ,  1.12623    ,  0.0473898  ,  0.0391939  ])
1700    , -101.345    , array([ 0.0802537  ,  1.12332    ,  0.0473011  ,  0.039314   ])
1704    , -101.344    , array([ 0.0800499  ,  1.1204     ,  0.0472125  ,  0.0394328  ])
1708    , -2529.05    , array([ 1.08012    ,  1.12143    ,  0.0472438  ,  0.0393908  ])
1712    , -1704.48    , array([ 0.462088   ,  1.12143    ,  0.0472438  ,  0.0393908  ])
1716    , -430.718    , array([ 0.153066   ,  1.12143    ,  0.0472438  ,  0.0393908  ])
1720    , -102.232    , array([ 0.0826834  ,  1.12143    ,  0.0472438  ,  0.0393908  ])
1724    , -101.344    , array([ 0.0801565  ,  1.12143    ,  0.0472438  ,  0.0393908  ])
1728    , -101.344    , array([ 0.0801552  ,  1.12143    ,  0.0472438  ,  0.0393908  ])
1732    , -101.344    , array([ 0.0801555  ,  1.12143    ,  0.0472438  ,  0.0393908  ])
1736    , -101.649    , array([ 0.0801555  ,  1.06522    ,  0.0472438  ,  0.0393908  ])
1740    , -101.336    , array([ 0.0801555  ,  1.11351    ,  0.0472438  ,  0.0393908  ])
1748    , -7570.88    , array([ 0.0801555  ,  1.11343    ,  0.238112   ,  0.0393908  ])
1752    , -122.772    , array([ 0.0801555  ,  1.11343    ,  0.039561   ,  0.0393908  ])
1756    , -101.333    , array([ 0.0801555  ,  1.11343    ,  0.047156   ,  0.0393908  ])
1760    , -101.324    , array([ 0.0798199  ,  1.10863    ,  0.04701    ,  0.0395865  ])
1764    , -101.325    , array([ 0.0799481  ,  1.11046    ,  0.0470658  ,  0.0395118  ])
1768    , -101.332    , array([ 0.0792162  ,  1.09151    ,  0.046645   ,  0.0399583  ])
1772    , -101.324    , array([ 0.0798368  ,  1.10887    ,  0.0470174  ,  0.0395767  ])
1780    , -148.669    , array([ 0.100616   ,  1.10887    ,  0.0470174  ,  0.0395767  ])
1784    , -101.323    , array([ 0.0797553  ,  1.10887    ,  0.0470174  ,  0.0395767  ])
1788    , -101.323    , array([ 0.0797474  ,  1.10887    ,  0.0470174  ,  0.0395767  ])
1792    , -252.811    , array([ 0.0797474  ,  0.490837   ,  0.0470174  ,  0.0395767  ])
1796    , -101.323    , array([ 0.0797474  ,  1.10934    ,  0.0470174  ,  0.0395767  ])
1800    , -101.321    , array([ 0.0797474  ,  1.10521    ,  0.0470174  ,  0.0395767  ])
1808    , -7661.91    , array([ 0.0797474  ,  1.10521    ,  0.237885   ,  0.0395767  ])
1812    , -124.056    , array([ 0.0797474  ,  1.10521    ,  0.0391202  ,  0.0395767  ])
1816    , -101.315    , array([ 0.0797474  ,  1.10521    ,  0.04688    ,  0.0395767  ])
1820    , -101.312    , array([ 0.0794118  ,  1.10041    ,  0.0467341  ,  0.0397724  ])
1824    , -101.311    , array([ 0.07954    ,  1.10224    ,  0.0467898  ,  0.0396976  ])
1828    , -101.311    , array([ 0.07954    ,  1.10224    ,  0.0467898  ,  0.0396976  ])
1832    , -101.3      , array([ 0.0789431  ,  1.08891    ,  0.0463322  ,  0.0399409  ])
1836    , -101.3      , array([ 0.0789371  ,  1.08877    ,  0.0463277  ,  0.0399434  ])
1840    , -101.3      , array([ 0.0789431  ,  1.08891    ,  0.0463322  ,  0.0399409  ])
1848    , -150.816    , array([ 0.0998216  ,  1.08891    ,  0.0463322  ,  0.0399409  ])
1852    , -101.286    , array([ 0.0786472  ,  1.08891    ,  0.0463322  ,  0.0399409  ])
1856    , -101.286    , array([ 0.0786407  ,  1.08891    ,  0.0463322  ,  0.0399409  ])
1860    , -269.139    , array([ 0.0786407  ,  0.470874   ,  0.0463322  ,  0.0399409  ])
1864    , -101.288    , array([ 0.0786407  ,  1.0956     ,  0.0463322  ,  0.0399409  ])
1868    , -101.286    , array([ 0.0786407  ,  1.09156    ,  0.0463322  ,  0.0399409  ])
1872    , -101.279    , array([ 0.0788481  ,  1.09453    ,  0.0464224  ,  0.03982    ])
1876    , -101.279    , array([ 0.0789093  ,  1.0954     ,  0.0464491  ,  0.0397843  ])
1880    , -101.272    , array([ 0.078315   ,  1.08211    ,  0.0459927  ,  0.040026   ])
1884    , -101.272    , array([ 0.0784237  ,  1.08453    ,  0.0460759  ,  0.0399817  ])
1888    , -101.263    , array([ 0.077317   ,  1.06704    ,  0.0453694  ,  0.0402618  ])
1892    , -101.262    , array([ 0.0777416  ,  1.07376    ,  0.0456407  ,  0.040154   ])
1896    , -101.262    , array([ 0.0775801  ,  1.07121    ,  0.0455375  ,  0.040195   ])
1900    , -101.255    , array([ 0.077949   ,  1.07945    ,  0.0458204  ,  0.0400447  ])
1904    , -101.255    , array([ 0.0780424  ,  1.08153    ,  0.0458919  ,  0.0400066  ])
1908    , -101.255    , array([ 0.0780378  ,  1.08143    ,  0.0458884  ,  0.0400085  ])
1912    , -101.415    , array([ 0.0780378  ,  1.05693    ,  0.0458884  ,  0.0400085  ])
1916    , -101.24     , array([ 0.0780378  ,  1.09199    ,  0.0458884  ,  0.0400085  ])
1920    , -101.24     , array([ 0.0780378  ,  1.09189    ,  0.0458884  ,  0.0400085  ])
1924    , -101.236    , array([ 0.0782629  ,  1.09511    ,  0.0459863  ,  0.0398772  ])
1928    , -101.21     , array([ 0.0760395  ,  1.0599     ,  0.0445661  ,  0.0404422  ])
1932    , -101.204    , array([ 0.076448   ,  1.06637    ,  0.0448271  ,  0.0403385  ])
1936    , -101.203    , array([ 0.0766849  ,  1.07012    ,  0.0449785  ,  0.0402784  ])
1940    , -101.143    , array([ 0.073096   ,  1.04024    ,  0.042712   ,  0.0408932  ])
1944    , -101.143    , array([ 0.0730601  ,  1.03994    ,  0.0426893  ,  0.0408994  ])
1948    , -101.097    , array([ 0.0741066  ,  1.06281    ,  0.0434866  ,  0.0404814  ])
1952    , -101.097    , array([ 0.0741417  ,  1.06359    ,  0.0435136  ,  0.0404671  ])
1960    , -103.05     , array([ 0.0741635  ,  1.20876    ,  0.0435302  ,  0.0404582  ])
1964    , -101.057    , array([ 0.0741635  ,  1.08052    ,  0.0435302  ,  0.0404582  ])
1968    , -101.05     , array([ 0.0747064  ,  1.08828    ,  0.0437664  ,  0.0401415  ])
1972    , -101.047    , array([ 0.074586   ,  1.08656    ,  0.043714   ,  0.0402117  ])
1976    , -100.955    , array([ 0.0709228  ,  1.05561    ,  0.0414152  ,  0.0408699  ])
1980    , -100.975    , array([ 0.0673339  ,  1.02573    ,  0.0391487  ,  0.0414847  ])
1984    , -100.906    , array([ 0.06271    ,  1.02069    ,  0.0363043  ,  0.0418813  ])
1988    , -100.906    , array([ 0.06271    ,  1.02069    ,  0.0363043  ,  0.0418813  ])
1992    , -100.898    , array([ 0.0647513  ,  1.02791    ,  0.0375713  ,  0.0416472  ])
1996    , -100.921    , array([ 0.0657662  ,  1.04966    ,  0.0383421  ,  0.0412479  ])
2000    , -100.895    , array([ 0.0650488  ,  1.03364    ,  0.0377922  ,  0.0415403  ])
2004    , -100.895    , array([ 0.0650083  ,  1.03274    ,  0.0377612  ,  0.0415568  ])
2008    , -100.895    , array([ 0.0650439  ,  1.03353    ,  0.0377884  ,  0.0415423  ])
2012    , -331.527    , array([ 0.0650439  ,  0.415495   ,  0.0377884  ,  0.0415423  ])
2016    , -100.775    , array([ 0.0650439  ,  1.06483    ,  0.0377884  ,  0.0415423  ])
2020    , -100.772    , array([ 0.0650439  ,  1.06121    ,  0.0377884  ,  0.0415423  ])
2024    , -100.752    , array([ 0.0655237  ,  1.0678     ,  0.0379971  ,  0.0412624  ])
2028    , -100.752    , array([ 0.0655189  ,  1.06773    ,  0.037995   ,  0.0412652  ])
2032    , -100.799    , array([ 0.0526979  ,  1.02238    ,  0.030037   ,  0.0427357  ])
2036    , -100.718    , array([ 0.0606707  ,  1.05058    ,  0.0349857  ,  0.0418213  ])
2040    , -100.718    , array([ 0.0516439  ,  1.05575    ,  0.0293301  ,  0.0425627  ])
2044    , -101.182    , array([ 0.0280115  ,  1.06929    ,  0.0145235  ,  0.0445037  ])
2048    , -100.695    , array([ 0.036462   ,  1.06445    ,  0.0198181  ,  0.0438096  ])
2052    , -100.695    , array([ 0.0356506  ,  1.06492    ,  0.0193097  ,  0.0438763  ])
2056    , -100.487    , array([ 0.0347926  ,  1.04008    ,  0.0186173  ,  0.0443066  ])
2060    , -100.487    , array([ 0.0347815  ,  1.03983    ,  0.0186088  ,  0.0443111  ])
2064    , -100.415    , array([ 0.0427164  ,  1.0681     ,  0.0235356  ,  0.0433977  ])
2068    , -100.388    , array([ 0.0405678  ,  1.0605     ,  0.022202   ,  0.0436442  ])
2072    , -100.383    , array([ 0.0392399  ,  1.05581    ,  0.0213778  ,  0.0437965  ])
2076    , -100.265    , array([ 0.0363921  ,  1.01508    ,  0.020139   ,  0.0454575  ])
2080    , -100.113    , array([ 0.0376255  ,  1.03272    ,  0.0206755  ,  0.0447381  ])
2084    , -101.95     , array([ 0.0776917  ,  1.00952    ,  0.0457817  ,  0.0414555  ])
2088    , -111.689    , array([ 0.0171187  ,  1.04423    ,  0.00783035 ,  0.0464306  ])
2092    , -99.8541    , array([ 0.0308302  ,  1.03637    ,  0.0164212  ,  0.0453044  ])
2096    , -99.8537    , array([ 0.030507   ,  1.03655    ,  0.0162186  ,  0.045331   ])
2100    , -100.186    , array([ 0.0315432  ,  1.05809    ,  0.0170031  ,  0.0449316  ])
2104    , -99.8322    , array([ 0.0302661  ,  1.02956    ,  0.0160242  ,  0.045452   ])
2108    , -99.8321    , array([ 0.0302757  ,  1.02978    ,  0.0160315  ,  0.0454481  ])
2112    , -99.8385    , array([ 0.0333024  ,  1.04048    ,  0.0179102  ,  0.0451009  ])
2116    , -99.8085    , array([ 0.0316129  ,  1.03451    ,  0.0168615  ,  0.0452947  ])
2120    , -99.8085    , array([ 0.0316129  ,  1.03451    ,  0.0168615  ,  0.0452947  ])
2124    , -99.6855    , array([ 0.0295937  ,  1.00563    ,  0.0159832  ,  0.0464724  ])
2128    , -99.6303    , array([ 0.0303118  ,  1.0159     ,  0.0162956  ,  0.0460536  ])
2132    , -101.847    , array([ 0.0703943  ,  0.992934   ,  0.0414089  ,  0.0427614  ])
2136    , -99.9619    , array([ 0.034069   ,  1.01375    ,  0.0186496  ,  0.045745   ])
2140    , -99.4788    , array([ 0.0270548  ,  1.01777    ,  0.0142549  ,  0.0463211  ])
2144    , -99.4788    , array([ 0.0270548  ,  1.01777    ,  0.0142549  ,  0.0463211  ])
2148    , -99.2498    , array([ 0.0213553  ,  0.987432   ,  0.0110063  ,  0.0479325  ])
2152    , -99.2385    , array([ 0.0221993  ,  0.991924   ,  0.0114873  ,  0.0476939  ])
2156    , -99.6501    , array([ 0.0216023  ,  0.978591   ,  0.0110298  ,  0.0479372  ])
2160    , -99.1864    , array([ 0.0227962  ,  1.00526    ,  0.0119449  ,  0.0474506  ])
2164    , -99.1675    , array([ 0.0225888  ,  1.00062    ,  0.0117859  ,  0.0475352  ])
2168    , -99.4675    , array([ 0.0256154  ,  1.01133    ,  0.0136646  ,  0.047188   ])
2172    , -99.1674    , array([ 0.0225442  ,  1.00047    ,  0.0117582  ,  0.0475403  ])
2176    , -99.1674    , array([ 0.0225455  ,  1.00047    ,  0.011759   ,  0.0475401  ])
2184    , -114.432    , array([ 0.0130833  ,  1.00589    ,  0.00583058 ,  0.0483173  ])
2188    , -99.1703    , array([ 0.0226975  ,  1.00038    ,  0.0118543  ,  0.0475277  ])
2192    , -99.1663    , array([ 0.022391   ,  1.00056    ,  0.0116622  ,  0.0475528  ])
2196    , -99.8691    , array([ 0.0302444  ,  1.04237    ,  0.0161384  ,  0.0453318  ])
2200    , -99.132     , array([ 0.0204357  ,  0.99017    ,  0.0105476  ,  0.048105   ])
2204    , -99.1306    , array([ 0.0207206  ,  0.991687   ,  0.01071    ,  0.0480245  ])
2208    , -99.3549    , array([ 0.021703   ,  1.01335    ,  0.0114598  ,  0.0476262  ])
2212    , -99.0988    , array([ 0.0209836  ,  0.99728    ,  0.0109083  ,  0.0479194  ])
2216    , -99.0988    , array([ 0.0209763  ,  0.997117   ,  0.0109027  ,  0.0479223  ])
2220    , -99.0988    , array([ 0.0209787  ,  0.997171   ,  0.0109046  ,  0.0479214  ])
2224    , -99.0985    , array([ 0.0209322  ,  0.997006   ,  0.0108757  ,  0.0479267  ])
2228    , -99.0984    , array([ 0.0208909  ,  0.99686    ,  0.0108501  ,  0.0479314  ])
2232    , -99.0984    , array([ 0.02089    ,  0.996857   ,  0.0108495  ,  0.0479315  ])
2236    , -100.19     , array([ 0.0172758  ,  0.998928   ,  0.00858506 ,  0.0482284  ])
2240    , -99.0977    , array([ 0.0207801  ,  0.99692    ,  0.0107807  ,  0.0479406  ])
2244    , -99.0977    , array([ 0.0207813  ,  0.996919   ,  0.0107814  ,  0.0479405  ])
2248    , -99.2633    , array([ 0.0237822  ,  1.01289    ,  0.0124919  ,  0.047092   ])
2252    , -99.0842    , array([ 0.0198215  ,  0.99181    ,  0.0102343  ,  0.0482118  ])
2256    , -99.0469    , array([ 0.018925   ,  0.991948   ,  0.0097602  ,  0.0483984  ])
2260    , -98.9761    , array([ 0.0153399  ,  0.992292   ,  0.00786252 ,  0.0491475  ])
2264    , -98.9801    , array([ 0.0132209  ,  0.992495   ,  0.00674085 ,  0.0495903  ])
2268    , -98.9742    , array([ 0.0145706  ,  0.992366   ,  0.00745529 ,  0.0493083  ])
2272    , -99.1871    , array([ 0.0175715  ,  1.00834    ,  0.00916574 ,  0.0484598  ])
2276    , -98.9741    , array([ 0.0145085  ,  0.992035   ,  0.00741988 ,  0.0493258  ])
2280    , -98.9741    , array([ 0.014523   ,  0.992112   ,  0.00742817 ,  0.0493217  ])
2284    , -98.9741    , array([ 0.0145149  ,  0.992069   ,  0.00742354 ,  0.049324   ])
2288    , -99.9903    , array([ 0.0175415  ,  1.00277    ,  0.00930217 ,  0.0489769  ])
2292    , -98.9725    , array([ 0.0144104  ,  0.9917     ,  0.00735869 ,  0.049336   ])
2296    , -98.9725    , array([ 0.0144177  ,  0.991726   ,  0.00736325 ,  0.0493352  ])
2300    , -104.772    , array([ 0.0297279  ,  0.982953   ,  0.0169557  ,  0.0480777  ])
2304    , -99.5967    , array([ 0.0167831  ,  0.99037    ,  0.00884525 ,  0.0491409  ])
2308    , -98.9725    , array([ 0.0144223  ,  0.991723   ,  0.00736612 ,  0.0493348  ])
2312    , -98.9725    , array([ 0.0144236  ,  0.991722   ,  0.00736692 ,  0.0493347  ])
2316    , -98.9725    , array([ 0.0144232  ,  0.991723   ,  0.00736669 ,  0.0493347  ])
2320    , -98.9725    , array([ 0.0144235  ,  0.991722   ,  0.00736683 ,  0.0493347  ])
2324    , -99.0156    , array([ 0.0176746  ,  0.991411   ,  0.00908776 ,  0.0486554  ])
2328    , -98.9725    , array([ 0.0143804  ,  0.991727   ,  0.00734406 ,  0.0493437  ])
2332    , -98.9725    , array([ 0.0143731  ,  0.991727   ,  0.0073402  ,  0.0493452  ])
