2208    , -103.038    , array([ 0.169712   ,  3.75233    ,  0.13334    ,  0.020109   ])
2212    , -103.038    , array([ 0.169712   ,  3.75233    ,  0.13334    ,  0.020109   ])
2220    , -103.236    , array([ 0.175546   ,  3.75233    ,  0.13334    ,  0.020109   ])
2224    , -102.901    , array([ 0.17194    ,  3.75233    ,  0.13334    ,  0.020109   ])
2228    , -102.901    , array([ 0.171962   ,  3.75233    ,  0.13334    ,  0.020109   ])
2232    , -102.876    , array([ 0.171962   ,  3.98632    ,  0.13334    ,  0.020109   ])
2236    , -102.876    , array([ 0.171962   ,  3.97802    ,  0.13334    ,  0.020109   ])
2244    , -113.544    , array([ 0.171962   ,  3.97802    ,  0.151871   ,  0.020109   ])
2248    , -102.875    , array([ 0.171962   ,  3.97802    ,  0.133205   ,  0.020109   ])
2252    , -102.875    , array([ 0.171962   ,  3.97802    ,  0.133205   ,  0.020109   ])
2268    , -102.546    , array([ 0.171962   ,  3.97802    ,  0.133205   ,  0.0205882  ])
2272    , -102.546    , array([ 0.171962   ,  3.97802    ,  0.133205   ,  0.0205835  ])
2280    , -798.315    , array([ 0.0817926  ,  3.97802    ,  0.133205   ,  0.0205835  ])
2284    , -102.507    , array([ 0.173355   ,  3.97802    ,  0.133205   ,  0.0205835  ])
2288    , -102.506    , array([ 0.173153   ,  3.97802    ,  0.133205   ,  0.0205835  ])
2292    , -102.344    , array([ 0.173153   ,  3.35999    ,  0.133205   ,  0.0205835  ])
2296    , -102.338    , array([ 0.173153   ,  3.44982    ,  0.133205   ,  0.0205835  ])
2304    , -1162.39    , array([ 0.173153   ,  3.44982    ,  0.324162   ,  0.0205835  ])
2308    , -102.337    , array([ 0.173153   ,  3.44982    ,  0.13291    ,  0.0205835  ])
2312    , -102.337    , array([ 0.173153   ,  3.44982    ,  0.132979   ,  0.0205835  ])
2316    , -102.337    , array([ 0.173153   ,  3.44982    ,  0.133018   ,  0.0205835  ])
2320    , -102.337    , array([ 0.173153   ,  3.44982    ,  0.13302    ,  0.0205835  ])
2328    , -726.067    , array([ 0.173153   ,  3.44982    ,  0.13302    ,  0.0484353  ])
2332    , -102.42     , array([ 0.173153   ,  3.44982    ,  0.13302    ,  0.0214301  ])
2336    , -101.879    , array([ 0.174344   ,  2.92161    ,  0.132835   ,  0.0213514  ])
2340    , -101.879    , array([ 0.174344   ,  2.92161    ,  0.132835   ,  0.0213514  ])
2344    , -101.867    , array([ 0.174575   ,  2.81928    ,  0.132799   ,  0.0214257  ])
2348    , -3012.78    , array([ 1.1746     ,  2.80689    ,  0.132795   ,  0.0214348  ])
2352    , -1361.67    , array([ 0.556569   ,  2.80689    ,  0.132795   ,  0.0214348  ])
2356    , -174.149    , array([ 0.229053   ,  2.80689    ,  0.132795   ,  0.0214348  ])
2360    , -101.627    , array([ 0.171607   ,  2.80689    ,  0.132795   ,  0.0214348  ])
2364    , -103.107    , array([ 0.171648   ,  3.80689    ,  0.132795   ,  0.0214348  ])
2368    , -102.034    , array([ 0.171648   ,  3.18885    ,  0.132795   ,  0.0214348  ])
2372    , -101.584    , array([ 0.171648   ,  2.66226    ,  0.132795   ,  0.0214348  ])
2376    , -6122.56    , array([ 0.171648   ,  2.66226    ,  1.13279    ,  0.0214348  ])
2380    , -3515.76    , array([ 0.171648   ,  2.66226    ,  0.514761   ,  0.0214348  ])
2384    , -102.31     , array([ 0.171648   ,  2.66226    ,  0.136198   ,  0.0214348  ])
2388    , -101.508    , array([ 0.171648   ,  2.66226    ,  0.131306   ,  0.0214348  ])
2392    , -101.508    , array([ 0.171648   ,  2.66226    ,  0.131291   ,  0.0214348  ])
2396    , -101.508    , array([ 0.171625   ,  2.67271    ,  0.131295   ,  0.0214272  ])
2400    , -101.508    , array([ 0.171632   ,  2.66955    ,  0.131294   ,  0.0214295  ])
2408    , -625.294    , array([ 0.362605   ,  2.66955    ,  0.131294   ,  0.0214295  ])
2412    , -137.056    , array([ 0.137591   ,  2.66955    ,  0.131294   ,  0.0214295  ])
2416    , -101.429    , array([ 0.169947   ,  2.66955    ,  0.131294   ,  0.0214295  ])
2420    , -132.867    , array([ 0.169947   ,  1.05151    ,  0.131294   ,  0.0214295  ])
2424    , -101.433    , array([ 0.169947   ,  2.77942    ,  0.131294   ,  0.0214295  ])
2428    , -101.424    , array([ 0.169947   ,  2.71697    ,  0.131294   ,  0.0214295  ])
2432    , -101.424    , array([ 0.169947   ,  2.7165     ,  0.131294   ,  0.0214295  ])
2436    , -495.673    , array([ 0.169947   ,  2.7165     ,  0.0509917  ,  0.0214295  ])
2440    , -101.358    , array([ 0.169947   ,  2.7165     ,  0.129894   ,  0.0214295  ])
2444    , -102.236    , array([ 0.171397   ,  2.07357    ,  0.129683   ,  0.0218968  ])
2448    , -101.404    , array([ 0.170501   ,  2.47092    ,  0.129822   ,  0.021608   ])
2452    , -101.349    , array([ 0.170121   ,  2.63956    ,  0.129881   ,  0.0214854  ])
2456    , -101.245    , array([ 0.16861    ,  2.60957    ,  0.128469   ,  0.0215413  ])
2460    , -101.198    , array([ 0.167304   ,  2.58366    ,  0.127248   ,  0.0215896  ])
2464    , -101.191    , array([ 0.166497   ,  2.56765    ,  0.126494   ,  0.0216195  ])
2468    , -101.43     , array([ 0.165601   ,  2.965      ,  0.126633   ,  0.0213307  ])
2472    , -101.19     , array([ 0.166468   ,  2.58053    ,  0.126498   ,  0.0216101  ])
2476    , -101.19     , array([ 0.16647    ,  2.57987    ,  0.126498   ,  0.0216106  ])
2480    , -144.698    , array([ 0.166469   ,  0.962284   ,  0.126498   ,  0.0216103  ])
2484    , -101.022    , array([ 0.166469   ,  2.82287    ,  0.126498   ,  0.0216103  ])
2488    , -101.019    , array([ 0.166469   ,  2.86471    ,  0.126498   ,  0.0216103  ])
2496    , -121.272    , array([ 0.166469   ,  2.86471    ,  0.150519   ,  0.0216103  ])
2500    , -101.01     , array([ 0.166469   ,  2.86471    ,  0.126005   ,  0.0216103  ])
2504    , -101.593    , array([ 0.172332   ,  2.98107    ,  0.131486   ,  0.0213933  ])
2508    , -100.986    , array([ 0.165001   ,  2.83557    ,  0.124632   ,  0.0216646  ])
2512    , -100.986    , array([ 0.165001   ,  2.83557    ,  0.124632   ,  0.0216646  ])
2516    , -101.472    , array([ 0.164105   ,  3.23293    ,  0.124772   ,  0.0213758  ])
2520    , -100.864    , array([ 0.165587   ,  2.57527    ,  0.124541   ,  0.0218539  ])
2524    , -101.387    , array([ 0.165587   ,  3.57527    ,  0.124541   ,  0.0218539  ])
2528    , -100.744    , array([ 0.165587   ,  2.95724    ,  0.124541   ,  0.0218539  ])
2532    , -100.717    , array([ 0.165587   ,  2.83004    ,  0.124541   ,  0.0218539  ])
2540    , -1288.72    , array([ 0.165587   ,  2.83261    ,  0.315494   ,  0.0218539  ])
2544    , -100.719    , array([ 0.165587   ,  2.83261    ,  0.124218   ,  0.0218539  ])
2548    , -100.717    , array([ 0.165587   ,  2.83261    ,  0.124449   ,  0.0218539  ])
2552    , -100.731    , array([ 0.161964   ,  2.7607     ,  0.121067   ,  0.021988   ])
2556    , -100.686    , array([ 0.164203   ,  2.80514    ,  0.12316    ,  0.0219051  ])
2560    , -100.4      , array([ 0.162879   ,  2.76426    ,  0.121196   ,  0.022165   ])
2564    , -100.06     , array([ 0.143568   ,  2.11493    ,  0.0899115  ,  0.026721   ])
2568    , -98.5313    , array([ 0.150425   ,  2.3455     ,  0.101021   ,  0.0251032  ])
2572    , -98.5268    , array([ 0.150741   ,  2.35614    ,  0.101533   ,  0.0250286  ])
2576    , -98.5262    , array([ 0.150872   ,  2.36053    ,  0.101745   ,  0.0249977  ])
2580    , -98.522     , array([ 0.150936   ,  2.33219    ,  0.101735   ,  0.0250183  ])
2584    , -98.5218    , array([ 0.150949   ,  2.32653    ,  0.101733   ,  0.0250224  ])
2588    , -98.5218    , array([ 0.150949   ,  2.32653    ,  0.101733   ,  0.0250224  ])
2592    , -98.4782    , array([ 0.153188   ,  2.37098    ,  0.103826   ,  0.0249396  ])
2596    , -98.4754    , array([ 0.152723   ,  2.36174    ,  0.103391   ,  0.0249568  ])
2600    , -98.4754    , array([ 0.152741   ,  2.3621     ,  0.103408   ,  0.0249561  ])
2604    , -1175.16    , array([ 0.152741   ,  2.3621     ,  0.019711   ,  0.0249561  ])
2608    , -97.9253    , array([ 0.152741   ,  2.3621     ,  0.106693   ,  0.0249561  ])
2612    , -97.9245    , array([ 0.152741   ,  2.3621     ,  0.10657    ,  0.0249561  ])
2616    , -99.7114    , array([ 0.160817   ,  2.63365    ,  0.119654   ,  0.0230508  ])
2620    , -97.4388    , array([ 0.14768    ,  2.19195    ,  0.0983724  ,  0.0261499  ])
2624    , -100.543    , array([ 0.14913    ,  1.54902    ,  0.0981468  ,  0.0266173  ])
2628    , -97.4844    , array([ 0.148234   ,  1.94637    ,  0.0982862  ,  0.0263284  ])
2632    , -97.3608    , array([ 0.147942   ,  2.07597    ,  0.0983317  ,  0.0262342  ])
2636    , -97.9231    , array([ 0.153805   ,  2.19233    ,  0.103813   ,  0.0260172  ])
2640    , -97.3608    , array([ 0.147924   ,  2.07561    ,  0.0983147  ,  0.0262349  ])
2644    , -97.3608    , array([ 0.147911   ,  2.07536    ,  0.0983029  ,  0.0262354  ])
2652    , -1709.51    , array([ 0.147911   ,  2.07536    ,  0.289247   ,  0.0262354  ])
2656    , -96.7812    , array([ 0.147911   ,  2.07536    ,  0.102075   ,  0.0262354  ])
2660    , -96.7565    , array([ 0.147911   ,  2.07536    ,  0.101388   ,  0.0262354  ])
2664    , -96.7564    , array([ 0.147911   ,  2.07536    ,  0.10142    ,  0.0262354  ])
2668    , -96.3929    , array([ 0.1444     ,  1.95732    ,  0.0957325  ,  0.0270636  ])
2672    , -95.5204    , array([ 0.140731   ,  1.7096     ,  0.0924618  ,  0.0280691  ])
2676    , -95.5204    , array([ 0.140731   ,  1.7096     ,  0.0924618  ,  0.0280691  ])
2680    , -95.3147    , array([ 0.138729   ,  1.57065    ,  0.0907591  ,  0.028622   ])
2684    , -123.835    , array([ 0.140179   ,  0.927716   ,  0.0905336  ,  0.0290893  ])
2688    , -98.6539    , array([ 0.139283   ,  1.32507    ,  0.090673   ,  0.0288005  ])
2692    , -95.0139    , array([ 0.138451   ,  1.69385    ,  0.0908024  ,  0.0285324  ])
2696    , -95.2667    , array([ 0.134828   ,  1.62194    ,  0.0874149  ,  0.0286665  ])
2700    , -95.0282    , array([ 0.137067   ,  1.66638    ,  0.0895084  ,  0.0285836  ])
2704    , -95.0078    , array([ 0.137954   ,  1.68399    ,  0.0903377  ,  0.0285508  ])
2708    , -95.0078    , array([ 0.137959   ,  1.68409    ,  0.0903423  ,  0.0285506  ])
2712    , -95.0001    , array([ 0.138451   ,  1.70063    ,  0.0911395  ,  0.0284345  ])
2716    , -94.9997    , array([ 0.13835    ,  1.69723    ,  0.0909757  ,  0.0284584  ])
2720    , -94.9997    , array([ 0.138354   ,  1.69737    ,  0.0909821  ,  0.0284575  ])
2724    , -94.6934    , array([ 0.136201   ,  1.5479     ,  0.0891506  ,  0.0290522  ])
2728    , -94.69      , array([ 0.135948   ,  1.53036    ,  0.0889357  ,  0.0291219  ])
2732    , -126.301    , array([ 0.137422   ,  0.889082   ,  0.0887304  ,  0.0295827  ])
2736    , -98.1131    , array([ 0.136526   ,  1.28643    ,  0.0888698  ,  0.0292939  ])
2740    , -94.4888    , array([ 0.135763   ,  1.6247     ,  0.0889885  ,  0.029048   ])
2744    , -94.7841    , array([ 0.132139   ,  1.55279    ,  0.085601   ,  0.0291821  ])
2748    , -94.511     , array([ 0.134379   ,  1.59723    ,  0.0876946  ,  0.0290992  ])
2752    , -94.4843    , array([ 0.135363   ,  1.61676    ,  0.0886145  ,  0.0290628  ])
2756    , -94.4843    , array([ 0.135359   ,  1.61668    ,  0.0886107  ,  0.0290629  ])
2760    , -94.4844    , array([ 0.135585   ,  1.62427    ,  0.0889764  ,  0.0290097  ])
2764    , -94.4837    , array([ 0.135514   ,  1.6219     ,  0.0888619  ,  0.0290264  ])
2768    , -94.4836    , array([ 0.135471   ,  1.62047    ,  0.088793   ,  0.0290364  ])
2772    , -94.4836    , array([ 0.13547    ,  1.62043    ,  0.0887912  ,  0.0290367  ])
2776    , -94.3111    , array([ 0.133918   ,  1.51272    ,  0.0874714  ,  0.0294652  ])
2780    , -94.3106    , array([ 0.13382    ,  1.50586    ,  0.0873873  ,  0.0294925  ])
2784    , -93.481     , array([ 0.128244   ,  1.44149    ,  0.0833307  ,  0.0304636  ])
2788    , -92.6014    , array([ 0.0992533  ,  1.10189    ,  0.0622279  ,  0.0355214  ])
2792    , -92.1102    , array([ 0.108312   ,  1.208      ,  0.068822   ,  0.033941   ])
2796    , -97.9028    , array([ 0.117173   ,  1.82307    ,  0.0763587  ,  0.0314938  ])
2800    , -91.9416    , array([ 0.109553   ,  1.29415    ,  0.0698776  ,  0.0335982  ])
2804    , -91.9124    , array([ 0.109195   ,  1.26931    ,  0.0695732  ,  0.0336971  ])
2808    , -93.4743    , array([ 0.115049   ,  1.38506    ,  0.0750468  ,  0.0334825  ])
2812    , -91.9066    , array([ 0.109541   ,  1.27573    ,  0.0698969  ,  0.0336864  ])
2816    , -91.9065    , array([ 0.109505   ,  1.27502    ,  0.0698637  ,  0.0336877  ])
2820    , -102.235    , array([ 0.117582   ,  1.54658    ,  0.0829472  ,  0.0317824  ])
2824    , -92.3333    , array([ 0.107247   ,  1.19909    ,  0.0662052  ,  0.0342205  ])
2828    , -91.807     , array([ 0.108786   ,  1.25084    ,  0.0686985  ,  0.0338574  ])
2832    , -91.807     , array([ 0.108793   ,  1.25108    ,  0.06871    ,  0.0338557  ])
2836    , -91.7287    , array([ 0.104832   ,  1.20468    ,  0.0658266  ,  0.0345468  ])
2840    , -99.7408    , array([ 0.0751301  ,  0.894188   ,  0.043744   ,  0.0397274  ])
2844    , -91.7281    , array([ 0.104483   ,  1.20059    ,  0.0655726  ,  0.0346077  ])
2848    , -91.5809    , array([ 0.105291   ,  1.2567     ,  0.0662601  ,  0.0343845  ])
2852    , -91.5793    , array([ 0.1052     ,  1.25034    ,  0.0661822  ,  0.0344097  ])
2856    , -91.5792    , array([ 0.105207   ,  1.25084    ,  0.0661883  ,  0.0344077  ])
2860    , -91.5741    , array([ 0.105488   ,  1.25642    ,  0.0664513  ,  0.0343973  ])
2864    , -156.531    , array([ 0.0924204  ,  0.817039   ,  0.0452817  ,  0.0374802  ])
2868    , -96.9587    , array([ 0.100497   ,  1.08859    ,  0.0583652  ,  0.0355749  ])
2872    , -91.4893    , array([ 0.104857   ,  1.23519    ,  0.0654285  ,  0.0345463  ])
2876    , -91.4892    , array([ 0.104874   ,  1.23576    ,  0.0654558  ,  0.0345423  ])
2880    , -92.6137    , array([ 0.120648   ,  1.42055    ,  0.0769383  ,  0.0317902  ])
2884    , -91.432     , array([ 0.101214   ,  1.19289    ,  0.0627918  ,  0.0351808  ])
2888    , -91.1579    , array([ 0.098145   ,  1.18753    ,  0.0601566  ,  0.035719   ])
2892    , -92.7216    , array([ 0.0744662  ,  1.13875    ,  0.0399227  ,  0.039871   ])
2896    , -90.5871    , array([ 0.0877257  ,  1.16607    ,  0.0512532  ,  0.037546   ])
2900    , -90.5835    , array([ 0.0869534  ,  1.16448    ,  0.0505932  ,  0.0376814  ])
2904    , -91.336     , array([ 0.102728   ,  1.34926    ,  0.0620758  ,  0.0349293  ])
2908    , -90.5269    , array([ 0.0897028  ,  1.19668    ,  0.0525946  ,  0.0372018  ])
2912    , -90.5268    , array([ 0.0895847  ,  1.1953     ,  0.0525086  ,  0.0372224  ])
2916    , -90.4042    , array([ 0.0918241  ,  1.23975    ,  0.0546022  ,  0.0371395  ])
2920    , -90.3449    , array([ 0.0909962  ,  1.22331    ,  0.0538282  ,  0.0371701  ])
2924    , -155.413    , array([ 0.11214    ,  1.93425    ,  0.0880813  ,  0.0321819  ])
2928    , -90.6464    , array([ 0.0918542  ,  1.25216    ,  0.0552182  ,  0.0369677  ])
2932    , -90.3431    , array([ 0.0909251  ,  1.22092    ,  0.053713   ,  0.0371869  ])
2936    , -92.1594    , array([ 0.11416    ,  1.26877    ,  0.0735674  ,  0.0331127  ])
2940    , -90.2529    , array([ 0.0862339  ,  1.21124    ,  0.0497038  ,  0.0380095  ])
2944    , -90.249     , array([ 0.0869011  ,  1.21261    ,  0.0502739  ,  0.0378925  ])
2948    , -94.553     , array([ 0.128239   ,  1.69647    ,  0.0803696  ,  0.0306804  ])
2952    , -90.276     , array([ 0.0876364  ,  1.22084    ,  0.0508141  ,  0.0377642  ])
2956    , -90.2124    , array([ 0.0848623  ,  1.18834    ,  0.0487949  ,  0.0382482  ])
2960    , -92.6011    , array([ 0.0812388  ,  1.11643    ,  0.0454074  ,  0.0383823  ])
2964    , -90.7414    , array([ 0.0834783  ,  1.16088    ,  0.047501   ,  0.0382994  ])
2968    , -90.1105    , array([ 0.0855214  ,  1.20143    ,  0.049411   ,  0.0382238  ])
2972    , -167.505    , array([ 0.107073   ,  1.92045    ,  0.084045   ,  0.0332205  ])
2976    , -90.4552    , array([ 0.086927   ,  1.24307    ,  0.051409   ,  0.0379732  ])
2980    , -90.0914    , array([ 0.0859933  ,  1.21168    ,  0.0498964  ,  0.0381935  ])
2984    , -90.0914    , array([ 0.0859926  ,  1.21166    ,  0.0498954  ,  0.0381936  ])
2988    , -90.0759    , array([ 0.0847584  ,  1.20912    ,  0.0488407  ,  0.03841    ])
2992    , -90.0755    , array([ 0.084556   ,  1.2087     ,  0.0486677  ,  0.0384455  ])
2996    , -89.9691    , array([ 0.082142   ,  1.20464    ,  0.0470027  ,  0.0390106  ])
3000    , -89.9277    , array([ 0.0802158  ,  1.20141    ,  0.0456761  ,  0.0394622  ])
3004    , -89.9202    , array([ 0.078947   ,  1.19928    ,  0.0448021  ,  0.0397597  ])
3008    , -92.4635    , array([ 0.0947215  ,  1.38407    ,  0.0562847  ,  0.0370076  ])
3012    , -89.7169    , array([ 0.0747658  ,  1.1503     ,  0.0417586  ,  0.0404892  ])
3016    , -89.7159    , array([ 0.075003   ,  1.15308    ,  0.0419313  ,  0.0404478  ])
3020    , -90.0146    , array([ 0.0838784  ,  1.17137    ,  0.0495154  ,  0.0388915  ])
3024    , -89.6359    , array([ 0.0774451  ,  1.15811    ,  0.0440181  ,  0.0400196  ])
3028    , -89.6358    , array([ 0.0773766  ,  1.15797    ,  0.0439595  ,  0.0400316  ])
3032    , -116.529    , array([ 0.085453   ,  1.42953    ,  0.0570431  ,  0.0381263  ])
3036    , -89.6343    , array([ 0.0774268  ,  1.15966    ,  0.0440408  ,  0.0400198  ])
3040    , -89.6023    , array([ 0.0718332  ,  1.15031    ,  0.0401891  ,  0.0413312  ])
3044    , -89.585     , array([ 0.0739701  ,  1.15389    ,  0.0416609  ,  0.0408302  ])
3048    , -89.585     , array([ 0.0739355  ,  1.15383    ,  0.0416371  ,  0.0408383  ])
3052    , -89.702     , array([ 0.0567747  ,  1.06511    ,  0.0302814  ,  0.0447057  ])
3056    , -89.4479    , array([ 0.0650704  ,  1.108      ,  0.0357708  ,  0.0428362  ])
3060    , -89.8305    , array([ 0.0594759  ,  1.09861    ,  0.0319176  ,  0.0441478  ])
3064    , -89.3727    , array([ 0.0706649  ,  1.11738    ,  0.039624   ,  0.0415245  ])
3068    , -89.3678    , array([ 0.0695428  ,  1.1155     ,  0.0388512  ,  0.0417876  ])
3072    , -90.3534    , array([ 0.0784182  ,  1.13379    ,  0.0464353  ,  0.0402314  ])
3076    , -89.3673    , array([ 0.0696913  ,  1.11581    ,  0.038978   ,  0.0417616  ])
3080    , -89.3673    , array([ 0.0696955  ,  1.11582    ,  0.0389816  ,  0.0417608  ])
3084    , -89.3673    , array([ 0.0696928  ,  1.11581    ,  0.0389793  ,  0.0417613  ])
3088    , -89.3753    , array([ 0.0697744  ,  1.11855    ,  0.0391115  ,  0.0417421  ])
3092    , -89.367     , array([ 0.0696709  ,  1.11508    ,  0.0389439  ,  0.0417665  ])
3096    , -89.367     , array([ 0.0696712  ,  1.11508    ,  0.0389443  ,  0.0417664  ])
3100    , -89.6693    , array([ 0.055327   ,  1.04092    ,  0.0294524  ,  0.0449991  ])
3104    , -89.3106    , array([ 0.0645531  ,  1.08862    ,  0.0355576  ,  0.0429198  ])
3108    , -89.6106    , array([ 0.0589586  ,  1.07924    ,  0.0317044  ,  0.0442315  ])
3112    , -89.3188    , array([ 0.0701477  ,  1.09801    ,  0.0394108  ,  0.0416082  ])
3116    , -89.2828    , array([ 0.067085   ,  1.09287    ,  0.0373013  ,  0.0423263  ])
3120    , -89.2828    , array([ 0.0671105  ,  1.09291    ,  0.037319   ,  0.0423203  ])
3124    , -89.2803    , array([ 0.06726    ,  1.09322    ,  0.0374467  ,  0.0422941  ])
3128    , -89.2786    , array([ 0.0675224  ,  1.09376    ,  0.0376709  ,  0.042248   ])
3132    , -89.2786    , array([ 0.0675266  ,  1.09377    ,  0.0376745  ,  0.0422473  ])
3136    , -89.2872    , array([ 0.0676444  ,  1.09773    ,  0.0378653  ,  0.0422195  ])
3140    , -89.2784    , array([ 0.0675423  ,  1.0943     ,  0.0377     ,  0.0422436  ])
3144    , -89.3284    , array([ 0.0586775  ,  1.04848    ,  0.0318343  ,  0.0442414  ])
3148    , -89.2456    , array([ 0.0641565  ,  1.0768     ,  0.0354598  ,  0.0430066  ])
3152    , -89.245     , array([ 0.0636277  ,  1.07407    ,  0.03511    ,  0.0431258  ])
3156    , -89.2179    , array([ 0.0613453  ,  1.0367     ,  0.0340309  ,  0.0436334  ])
3160    , -89.2017    , array([ 0.0622086  ,  1.05067    ,  0.0344418  ,  0.0434413  ])
3164    , -89.4827    , array([ 0.0712607  ,  1.06586    ,  0.0406764  ,  0.0413191  ])
3168    , -89.2017    , array([ 0.0623847  ,  1.05097    ,  0.034563   ,  0.0434001  ])
3172    , -89.2017    , array([ 0.0622679  ,  1.05077    ,  0.0344826  ,  0.0434274  ])
3176    , -89.2017    , array([ 0.0622735  ,  1.05078    ,  0.0344865  ,  0.0434261  ])
3180    , -90.7202    , array([ 0.0711489  ,  1.06907    ,  0.0420706  ,  0.0418699  ])
3184    , -89.2015    , array([ 0.0623472  ,  1.05093    ,  0.0345494  ,  0.0434132  ])
3188    , -89.2015    , array([ 0.0623805  ,  1.051      ,  0.0345779  ,  0.0434074  ])
3192    , -89.2015    , array([ 0.0623547  ,  1.05095    ,  0.0345558  ,  0.0434119  ])
3196    , -89.2015    , array([ 0.0623537  ,  1.05095    ,  0.034555   ,  0.0434121  ])
3200    , -89.2086    , array([ 0.0625189  ,  1.0565     ,  0.0348226  ,  0.0433731  ])
3204    , -89.1975    , array([ 0.0624156  ,  1.05303    ,  0.0346553  ,  0.0433975  ])
3208    , -89.2121    , array([ 0.0633166  ,  1.06761    ,  0.0350841  ,  0.043197   ])
3212    , -89.1974    , array([ 0.0624664  ,  1.05385    ,  0.0346794  ,  0.0433862  ])
3216    , -89.1974    , array([ 0.062464   ,  1.05381    ,  0.0346783  ,  0.0433867  ])
