116     , -393.138    , array([ 0.714366   ,  0.0378532  ,  1.3995     ,  0.125431   ])
120     , -393.138    , array([ 0.714366   ,  0.0378532  ,  1.3995     ,  0.125431   ])
124     , -399.755    , array([ 0.649339   ,  0.0378532  ,  1.3995     ,  0.125431   ])
128     , -394.037    , array([ 0.689254   ,  0.0378532  ,  1.3995     ,  0.125431   ])
132     , -2806.31    , array([ 0.713928   ,  1.03785    ,  1.3995     ,  0.125431   ])
136     , -994.55     , array([ 0.713928   ,  0.419819   ,  1.3995     ,  0.125431   ])
140     , -1100.7     , array([ 0.713928   ,  0.1108     ,  1.3995     ,  0.125431   ])
144     , -577.652    , array([ 0.713928   ,  0.0484961  ,  1.3995     ,  0.125431   ])
148     , -393.137    , array([ 0.713928   ,  0.0378414  ,  1.3995     ,  0.125431   ])
152     , -393.137    , array([ 0.713928   ,  0.037847   ,  1.3995     ,  0.125431   ])
156     , -397.483    , array([ 0.713928   ,  0.037847   ,  0.781469   ,  0.125431   ])
160     , -393.137    , array([ 0.713928   ,  0.037847   ,  1.39727    ,  0.125431   ])
164     , -393.137    , array([ 0.713928   ,  0.037847   ,  1.39311    ,  0.125431   ])
168     , -393.137    , array([ 0.713928   ,  0.037847   ,  1.39317    ,  0.125431   ])
176     , -479.922    , array([ 0.713928   ,  0.037847   ,  1.39317    ,  0.138948   ])
180     , -393.137    , array([ 0.713928   ,  0.037847   ,  1.39317    ,  0.125445   ])
