256     , -394.576    , array([ 33.8821    ,  0.461003   ,  5          ,  1.27233    ])
260     , -394.576    , array([ 33.8821    ,  0.461003   ,  5          ,  1.27233    ])
264     , -394.576    , array([ 33.8128    ,  0.461003   ,  5          ,  1.27233    ])
268     , -919.131    , array([ 33.8138    ,  1.461      ,  5          ,  1.27233    ])
272     , -587.596    , array([ 33.8138    ,  0.842969   ,  5          ,  1.27233    ])
276     , -412.729    , array([ 33.8138    ,  0.509932   ,  5          ,  1.27233    ])
280     , -394.572    , array([ 33.8138    ,  0.460373   ,  5          ,  1.27233    ])
292     , -394.661    , array([ 33.8138    ,  0.460373   ,  4.95492    ,  1.27233    ])
296     , -394.574    , array([ 33.8138    ,  0.460373   ,  4.99749    ,  1.27233    ])
300     , -394.572    , array([ 33.8138    ,  0.460373   ,  4.99963    ,  1.27233    ])
304     , -394.572    , array([ 33.8138    ,  0.460373   ,  4.99995    ,  1.27233    ])
308     , -394.572    , array([ 33.8138    ,  0.460373   ,  4.99999    ,  1.27233    ])
312     , -394.572    , array([ 33.8138    ,  0.460373   ,  5          ,  1.27233    ])
316     , -394.572    , array([ 33.8138    ,  0.460373   ,  5          ,  1.27233    ])
320     , -394.572    , array([ 33.8138    ,  0.460373   ,  5          ,  1.27233    ])
324     , -394.572    , array([ 33.8138    ,  0.460373   ,  5          ,  1.27233    ])
328     , -394.572    , array([ 33.8138    ,  0.460373   ,  5          ,  1.27233    ])
332     , -394.572    , array([ 33.8138    ,  0.460373   ,  5          ,  1.27233    ])
336     , -394.572    , array([ 33.8138    ,  0.460373   ,  5          ,  1.27233    ])
340     , -1594.36    , array([ 33.8138    ,  0.460373   ,  5          ,  0.654293   ])
344     , -394.57     , array([ 33.8138    ,  0.460373   ,  5          ,  1.27161    ])
