5       , -1313.47    , array([ 0.993321   ,  0.102757   ,  5.02374    ,  2.09725    ,  0.0497161  ])
10      , -1313.47    , array([ 1.00916    ,  0.102757   ,  5.02374    ,  2.09725    ,  0.0497161  ])
15      , -39977.1    , array([ 1.00138    ,  1.10276    ,  5.02374    ,  2.09725    ,  0.0497161  ])
20      , -13765.5    , array([ 1.00138    ,  0.293554   ,  5.02374    ,  2.09725    ,  0.0497161  ])
25      , -1548.45    , array([ 1.00138    ,  0.116493   ,  5.02374    ,  2.09725    ,  0.0497161  ])
30      , -1313.04    , array([ 1.00138    ,  0.102243   ,  5.02374    ,  2.09725    ,  0.0497161  ])
35      , -1326.23    , array([ 1.00138    ,  0.102238   ,  4.40571    ,  2.09725    ,  0.0497161  ])
40      , -1313.03    , array([ 1.00138    ,  0.102238   ,  5.03699    ,  2.09725    ,  0.0497161  ])
45      , -1350.32    , array([ 1.00138    ,  0.102238   ,  5.03712    ,  1.47922    ,  0.0497161  ])
50      , -1312.71    , array([ 1.00138    ,  0.102238   ,  5.03712    ,  2.1623     ,  0.0497161  ])
60      , -5454.41    , array([ 1.00138    ,  0.102238   ,  5.03712    ,  2.16296    ,  0.122629   ])
65      , -1313.92    , array([ 1.00138    ,  0.102238   ,  5.03712    ,  2.16296    ,  0.0508104  ])
70      , -1312.39    , array([ 1.00944    ,  0.10172    ,  5.0505     ,  2.22867    ,  0.0504132  ])
75      , -3280.01    , array([ 0.383347   ,  0.102238   ,  5.03712    ,  2.16296    ,  0.0500646  ])
80      , -1312.35    , array([ 1.00029    ,  0.102238   ,  5.03712    ,  2.16296    ,  0.0500646  ])
85      , -39948.3    , array([ 0.999714   ,  1.10224    ,  5.03712    ,  2.16296    ,  0.0500646  ])
90      , -13711.5    , array([ 0.999714   ,  0.293036   ,  5.03712    ,  2.16296    ,  0.0500646  ])
95      , -1550.53    , array([ 0.999714   ,  0.116622   ,  5.03712    ,  2.16296    ,  0.0500646  ])
100     , -1312.35    , array([ 0.999714   ,  0.102258   ,  5.03712    ,  2.16296    ,  0.0500646  ])
105     , -1312.35    , array([ 0.999714   ,  0.102258   ,  5.03712    ,  2.16296    ,  0.0500646  ])
110     , -1312.35    , array([ 0.999714   ,  0.102258   ,  5.04218    ,  2.16296    ,  0.0500646  ])
115     , -1312.35    , array([ 0.999714   ,  0.102258   ,  5.04213    ,  2.16296    ,  0.0500646  ])
120     , -1312.12    , array([ 0.999714   ,  0.102258   ,  5.04213    ,  2.21861    ,  0.0500646  ])
125     , -1312.12    , array([ 0.999714   ,  0.102258   ,  5.04213    ,  2.21861    ,  0.0500646  ])
135     , -1370.66    , array([ 0.999714   ,  0.102258   ,  5.04213    ,  2.21861    ,  0.0551964  ])
140     , -1311.91    , array([ 0.999714   ,  0.102258   ,  5.04213    ,  2.21861    ,  0.0503343  ])
145     , -1311.29    , array([ 0.994388   ,  0.102319   ,  5.05816    ,  2.39644    ,  0.0512073  ])
150     , -1311.29    , array([ 0.994441   ,  0.102319   ,  5.058      ,  2.39466    ,  0.0511986  ])
155     , -1311.29    , array([ 0.994388   ,  0.102319   ,  5.05816    ,  2.39644    ,  0.0512073  ])
160     , -1311.37    , array([ 1.00448    ,  0.102319   ,  5.05816    ,  2.39644    ,  0.0512073  ])
165     , -1311.28    , array([ 0.995854   ,  0.102319   ,  5.05816    ,  2.39644    ,  0.0512073  ])
170     , -24203.2    , array([ 0.995854   ,  0.484285   ,  5.05816    ,  2.39644    ,  0.0512073  ])
175     , -3770.55    , array([ 0.995854   ,  0.0678773  ,  5.05816    ,  2.39644    ,  0.0512073  ])
180     , -1311.26    , array([ 0.995854   ,  0.102197   ,  5.05816    ,  2.39644    ,  0.0512073  ])
185     , -1311.26    , array([ 0.995854   ,  0.102197   ,  5.05816    ,  2.39644    ,  0.0512073  ])
190     , -1311.26    , array([ 0.995854   ,  0.102197   ,  5.04536    ,  2.39644    ,  0.0512073  ])
195     , -1311.26    , array([ 0.995854   ,  0.102197   ,  5.04536    ,  2.39644    ,  0.0512073  ])
205     , -1364.67    , array([ 0.995854   ,  0.102197   ,  5.04536    ,  2.39644    ,  0.0559247  ])
210     , -1311.24    , array([ 0.995854   ,  0.102197   ,  5.04536    ,  2.39644    ,  0.0511201  ])
215     , -1311.51    , array([ 0.999145   ,  0.102159   ,  5.03546    ,  2.28654    ,  0.0505831  ])
220     , -1311.24    , array([ 0.995645   ,  0.1022     ,  5.04599    ,  2.40341    ,  0.0511551  ])
