212     , -393.958    , array([ 11.1082    ,  0.174186   ,  4.73696    ,  0.63048    ])
216     , -393.159    , array([ 12.838     ,  0.174186   ,  4.73696    ,  0.63048    ])
220     , -393.159    , array([ 12.827     ,  0.174186   ,  4.73696    ,  0.63048    ])
228     , -2078.08    , array([ 12.827     ,  0.0840163  ,  4.73696    ,  0.63048    ])
232     , -393.683    , array([ 12.827     ,  0.175946   ,  4.73696    ,  0.63048    ])
236     , -393.159    , array([ 12.827     ,  0.174171   ,  4.73696    ,  0.63048    ])
240     , -449.023    , array([ 12.827     ,  0.174171   ,  3.11893    ,  0.63048    ])
244     , -394.77     , array([ 12.827     ,  0.174171   ,  4.42795    ,  0.63048    ])
248     , -393.159    , array([ 12.827     ,  0.174171   ,  4.74012    ,  0.63048    ])
256     , -701.761    , array([ 12.827     ,  0.174171   ,  4.74009    ,  0.757002   ])
260     , -395.869    , array([ 12.827     ,  0.174171   ,  4.74009    ,  0.640965   ])
264     , -393.159    , array([ 12.827     ,  0.174171   ,  4.74009    ,  0.630536   ])
