546     , -1334.8     , array([ 0.586095   ,  1.07136    ,  0.0688742  ,  0.125221   ,  6.50155    ,  3.10643    ])
552     , -2695.57    , array([ 0.776962   ,  1.07136    ,  0.0688742  ,  0.125221   ,  6.50155    ,  3.10643    ])
558     , -1334.73    , array([ 0.58786    ,  1.07136    ,  0.0688742  ,  0.125221   ,  6.50155    ,  3.10643    ])
564     , -1420.63    , array([ 0.587842   ,  1.45333    ,  0.0688742  ,  0.125221   ,  6.50155    ,  3.10643    ])
570     , -1334.73    , array([ 0.587842   ,  1.07039    ,  0.0688742  ,  0.125221   ,  6.50155    ,  3.10643    ])
576     , -27423.9    , array([ 0.587842   ,  1.07036    ,  1.06887    ,  0.125221   ,  6.50155    ,  3.10643    ])
588     , -1334.81    , array([ 0.587842   ,  1.07036    ,  0.0687121  ,  0.125221   ,  6.50155    ,  3.10643    ])
594     , -11082      , array([ 0.587842   ,  1.07036    ,  0.0691152  ,  1.12522    ,  6.50155    ,  3.10643    ])
606     , -1334.68    , array([ 0.587842   ,  1.07036    ,  0.0691152  ,  0.124914   ,  6.50155    ,  3.10643    ])
612     , -1491.45    , array([ 0.587842   ,  1.07036    ,  0.0691152  ,  0.125079   ,  4.88352    ,  3.10643    ])
618     , -1334.68    , array([ 0.587842   ,  1.07036    ,  0.0691152  ,  0.125079   ,  6.50341    ,  3.10643    ])
624     , -1655.54    , array([ 0.587842   ,  1.07036    ,  0.0691152  ,  0.125079   ,  6.50341    ,  1.4884     ])
630     , -1334.67    , array([ 0.587842   ,  1.07036    ,  0.0691152  ,  0.125079   ,  6.50341    ,  3.09917    ])
