8       , -53036.9    , array([ 1.0171     ,  0.219071   ,  1.37144    ,  6.35826    ,  1.43595    ,  1.2326     ,  0.923434   ,  2.45159    ])
24      , -50560.9    , array([ 0.936213   ,  0.374832   ,  1.37144    ,  6.35826    ,  1.43595    ,  1.2326     ,  0.923434   ,  2.45159    ])
32      , -47939.1    , array([ 0.936213   ,  0.371409   ,  0.753405   ,  6.35826    ,  1.43595    ,  1.2326     ,  0.923434   ,  2.45159    ])
40      , -50760.5    , array([ 0.936213   ,  0.371409   ,  0.753405   ,  7.35826    ,  1.43595    ,  1.2326     ,  0.923434   ,  2.45159    ])
56      , -33981.9    , array([ 0.936213   ,  0.371409   ,  0.753405   ,  1.43375    ,  1.43595    ,  1.2326     ,  0.923434   ,  2.45159    ])
64      , -33833.8    , array([ 0.936213   ,  0.371409   ,  0.753405   ,  1.43375    ,  1.26409    ,  1.2326     ,  0.923434   ,  2.45159    ])
72      , -19664.5    , array([ 0.936213   ,  0.371409   ,  0.753405   ,  1.43375    ,  1.19637    ,  3.85064    ,  0.923434   ,  2.45159    ])
88      , -16841.1    , array([ 0.936213   ,  0.371409   ,  0.753405   ,  1.43375    ,  1.19637    ,  8.31793    ,  0.923434   ,  2.45159    ])
96      , -16657.6    , array([ 0.936213   ,  0.371409   ,  0.753405   ,  1.43375    ,  1.19637    ,  8.31793    ,  0.141538   ,  2.45159    ])
104     , -15992.6    , array([ 0.936213   ,  0.371409   ,  0.753405   ,  1.43375    ,  1.19637    ,  8.31793    ,  0.13364    ,  1.14256    ])
112     , -13228.4    , array([ 0.936213   ,  0.371409   ,  0.753405   ,  1.43375    ,  1.19637    ,  8.31793    ,  0.13364    ,  0.114147   ])
120     , -12551.1    , array([ 1.29545    ,  0.371409   ,  0.753405   ,  1.43375    ,  1.19637    ,  8.31793    ,  0.13364    ,  0.114147   ])
128     , -16268.3    , array([ 1.29545    ,  0.753375   ,  0.753405   ,  1.43375    ,  1.19637    ,  8.31793    ,  0.13364    ,  0.114147   ])
136     , -12495.2    , array([ 1.29545    ,  0.398258   ,  0.753405   ,  1.43375    ,  1.19637    ,  8.31793    ,  0.13364    ,  0.114147   ])
144     , -12495.8    , array([ 1.29545    ,  0.398258   ,  0.755108   ,  1.43375    ,  1.19637    ,  8.31793    ,  0.13364    ,  0.114147   ])
160     , -12346.2    , array([ 1.29545    ,  0.398258   ,  0.723638   ,  1.11529    ,  1.19637    ,  8.31793    ,  0.13364    ,  0.114147   ])
168     , -12321.7    , array([ 1.29545    ,  0.398258   ,  0.723638   ,  1.11208    ,  1.33964    ,  8.31793    ,  0.13364    ,  0.114147   ])
176     , -12321.3    , array([ 1.29545    ,  0.398258   ,  0.723638   ,  1.11208    ,  1.32315    ,  8.31793    ,  0.13364    ,  0.114147   ])
184     , -51993.2    , array([ 1.29545    ,  0.398258   ,  0.723638   ,  1.11208    ,  1.32315    ,  7.84591    ,  1.13364    ,  0.114147   ])
192     , -12280.8    , array([ 1.29545    ,  0.398258   ,  0.723638   ,  1.11208    ,  1.32315    ,  7.84591    ,  0.132025   ,  0.114147   ])
200     , -14997.6    , array([ 1.29545    ,  0.398258   ,  0.723638   ,  1.11208    ,  1.32315    ,  7.84591    ,  0.101696   ,  1.11415    ])
208     , -12569.6    , array([ 1.29545    ,  0.398258   ,  0.723638   ,  1.11208    ,  1.32315    ,  7.84591    ,  0.101696   ,  0.17275    ])
216     , -14586.5    , array([ 1.65469    ,  0.425106   ,  0.69387    ,  0.790401   ,  1.44993    ,  7.3739     ,  0.0697531  ,  0.0234733  ])
224     , -11676.9    , array([ 1.31519    ,  0.398258   ,  0.723638   ,  1.11208    ,  1.32315    ,  7.84591    ,  0.101696   ,  0.0688101  ])
232     , -11676.5    , array([ 1.32768    ,  0.398258   ,  0.723638   ,  1.11208    ,  1.32315    ,  7.84591    ,  0.101696   ,  0.0688101  ])
240     , -11672.5    , array([ 1.32768    ,  0.405569   ,  0.723638   ,  1.11208    ,  1.32315    ,  7.84591    ,  0.101696   ,  0.0688101  ])
248     , -11939.6    , array([ 1.32768    ,  0.405669   ,  1.1056     ,  1.11208    ,  1.32315    ,  7.84591    ,  0.101696   ,  0.0688101  ])
256     , -11669.6    , array([ 1.32768    ,  0.405669   ,  0.749416   ,  1.11208    ,  1.32315    ,  7.84591    ,  0.101696   ,  0.0688101  ])
264     , -11554.1    , array([ 1.32768    ,  0.405669   ,  0.749677   ,  0.783342   ,  1.32315    ,  7.84591    ,  0.101696   ,  0.0688101  ])
272     , -12022.7    , array([ 1.32768    ,  0.405669   ,  0.749677   ,  0.770601   ,  0.705117   ,  7.84591    ,  0.101696   ,  0.0688101  ])
280     , -11520.2    , array([ 1.32768    ,  0.405669   ,  0.749677   ,  0.770601   ,  1.34844    ,  6.22788    ,  0.101696   ,  0.0688101  ])
288     , -11503.9    , array([ 1.32768    ,  0.405669   ,  0.749677   ,  0.770601   ,  1.34844    ,  6.79277    ,  0.101696   ,  0.0688101  ])
296     , -22352.5    , array([ 1.32768    ,  0.405669   ,  0.749677   ,  0.770601   ,  1.34844    ,  6.79277    ,  0.0115266  ,  0.0688101  ])
304     , -11417.1    , array([ 1.32768    ,  0.405669   ,  0.749677   ,  0.770601   ,  1.34844    ,  6.79277    ,  0.0905783  ,  0.0688101  ])
312     , -12967.7    , array([ 1.32768    ,  0.405669   ,  0.749677   ,  0.770601   ,  1.34844    ,  6.79277    ,  0.0906884  ,  0.259774   ])
320     , -11404.4    , array([ 1.32768    ,  0.405669   ,  0.749677   ,  0.770601   ,  1.34844    ,  6.79277    ,  0.0906884  ,  0.0633464  ])
336     , -11403.9    , array([ 1.34023    ,  0.405669   ,  0.749677   ,  0.770601   ,  1.34844    ,  6.79277    ,  0.0906884  ,  0.0628197  ])
344     , -12844.5    , array([ 1.34023    ,  0.596619   ,  0.749677   ,  0.770601   ,  1.34844    ,  6.79277    ,  0.0906884  ,  0.0628197  ])
352     , -11398.5    , array([ 1.34023    ,  0.414408   ,  0.749677   ,  0.770601   ,  1.34844    ,  6.79277    ,  0.0906884  ,  0.0628197  ])
360     , -11429.9    , array([ 1.34023    ,  0.414321   ,  0.674656   ,  0.770601   ,  1.34844    ,  6.79277    ,  0.0906884  ,  0.0628197  ])
376     , -11348.3    , array([ 1.34023    ,  0.414321   ,  0.756785   ,  0.554017   ,  1.34844    ,  6.79277    ,  0.0906884  ,  0.0628197  ])
384     , -11338.1    , array([ 1.34023    ,  0.414321   ,  0.756785   ,  0.551829   ,  1.23178    ,  6.79277    ,  0.0906884  ,  0.0628197  ])
392     , -11331.8    , array([ 1.34023    ,  0.414321   ,  0.756785   ,  0.551829   ,  1.24059    ,  6.17474    ,  0.0906884  ,  0.0628197  ])
408     , -12341.5    , array([ 1.34023    ,  0.414321   ,  0.756785   ,  0.551829   ,  1.24059    ,  6.36946    ,  0.0562465  ,  0.0628197  ])
416     , -11303.5    , array([ 1.34023    ,  0.414321   ,  0.756785   ,  0.551829   ,  1.24059    ,  6.36946    ,  0.0852606  ,  0.0628197  ])
432     , -11303.4    , array([ 1.34023    ,  0.414321   ,  0.756785   ,  0.551829   ,  1.24059    ,  6.36946    ,  0.0852606  ,  0.0624396  ])
440     , -11319.9    , array([ 1.36054    ,  0.428321   ,  0.768285   ,  0.197848   ,  1.06608    ,  5.68454    ,  0.0764784  ,  0.0618346  ])
448     , -11280.5    , array([ 1.34924    ,  0.42053    ,  0.761885   ,  0.394837   ,  1.16319    ,  6.06569    ,  0.0813657  ,  0.0621734  ])
456     , -11273.7    , array([ 1.40157    ,  0.42053    ,  0.761885   ,  0.394837   ,  1.16319    ,  6.06569    ,  0.0813657  ,  0.0621734  ])
464     , -12846      , array([ 1.4021     ,  0.306476   ,  0.761885   ,  0.394837   ,  1.16319    ,  6.06569    ,  0.0813657  ,  0.0621734  ])
472     , -12210.9    , array([ 1.4021     ,  0.432213   ,  1.76189    ,  0.394837   ,  1.16319    ,  6.06569    ,  0.0813657  ,  0.0621734  ])
480     , -11263.7    , array([ 1.4021     ,  0.432213   ,  0.776599   ,  0.394837   ,  1.16319    ,  6.06569    ,  0.0813657  ,  0.0621734  ])
488     , -14065.9    , array([ 1.4021     ,  0.432213   ,  0.776599   ,  0.394837   ,  1.16319    ,  6.06569    ,  0.0813657  ,  0.444139   ])
496     , -11270.3    , array([ 1.4021     ,  0.432213   ,  0.776599   ,  0.394837   ,  1.16319    ,  6.06569    ,  0.0813657  ,  0.0670634  ])
512     , -11239.7    , array([ 1.4021     ,  0.432213   ,  0.776599   ,  0.394837   ,  1.00827    ,  6.06569    ,  0.0813657  ,  0.0628806  ])
520     , -11239.7    , array([ 1.4021     ,  0.432213   ,  0.776599   ,  0.394837   ,  1.0067     ,  6.04453    ,  0.0813657  ,  0.0628806  ])
536     , -11326.4    , array([ 1.4021     ,  0.432213   ,  0.776599   ,  0.394837   ,  1.0067     ,  6.04519    ,  0.0908817  ,  0.0628806  ])
544     , -11289      , array([ 1.38753    ,  0.422167   ,  0.768346   ,  0.648855   ,  1.13193    ,  6.5367     ,  0.0877722  ,  0.0633175  ])
552     , -11260.5    , array([ 1.46173    ,  0.448559   ,  0.795144   ,  0.276928   ,  0.792088   ,  5.79655    ,  0.0786491  ,  0.0633849  ])
560     , -11236.9    , array([ 1.4248     ,  0.43144    ,  0.775965   ,  0.414378   ,  1.01634    ,  6.08301    ,  0.0819549  ,  0.0629142  ])
568     , -11236.7    , array([ 1.43481    ,  0.43144    ,  0.775965   ,  0.414378   ,  1.01634    ,  6.08301    ,  0.0819549  ,  0.0629142  ])
576     , -11234.5    , array([ 1.43481    ,  0.437228   ,  0.775965   ,  0.414378   ,  1.01634    ,  6.08301    ,  0.0819549  ,  0.0629142  ])
584     , -11463.6    , array([ 1.43481    ,  0.437296   ,  1.15793    ,  0.414378   ,  1.01634    ,  6.08301    ,  0.0819549  ,  0.0629142  ])
592     , -11230.6    , array([ 1.43481    ,  0.437296   ,  0.808311   ,  0.414378   ,  1.01634    ,  6.08301    ,  0.0819549  ,  0.0629142  ])
608     , -11228.9    , array([ 1.43481    ,  0.437296   ,  0.808311   ,  0.414378   ,  1.01634    ,  6.08301    ,  0.0819549  ,  0.0650274  ])
616     , -11620.5    , array([ 1.43481    ,  0.437296   ,  0.808311   ,  0.414378   ,  0.398304   ,  6.08301    ,  0.0819549  ,  0.0649541  ])
624     , -11282      , array([ 1.43481    ,  0.437296   ,  0.808311   ,  0.414378   ,  0.947628   ,  7.08301    ,  0.0819549  ,  0.0649541  ])
632     , -11223.2    , array([ 1.43481    ,  0.437296   ,  0.808311   ,  0.414378   ,  0.947628   ,  5.96295    ,  0.0819549  ,  0.0649541  ])
640     , -24354      , array([ 1.43481    ,  0.437296   ,  0.808311   ,  0.414378   ,  0.947628   ,  5.96174    ,  0.272697   ,  0.0649541  ])
648     , -11223.1    , array([ 1.43481    ,  0.437296   ,  0.808311   ,  0.414378   ,  0.947628   ,  5.96174    ,  0.0822035  ,  0.0649541  ])
656     , -11228.5    , array([ 1.42924    ,  0.433459   ,  0.805158   ,  0.511405   ,  0.995461   ,  6.14947    ,  0.0846412  ,  0.065121   ])
664     , -12141.5    , array([ 2.43366    ,  0.436504   ,  0.80766    ,  0.434394   ,  0.957496   ,  6.00046    ,  0.0827305  ,  0.0649885  ])
672     , -11221.9    , array([ 1.45305    ,  0.436504   ,  0.80766    ,  0.434394   ,  0.957496   ,  6.00046    ,  0.0827305  ,  0.0649885  ])
680     , -15086      , array([ 1.45324    ,  0.81847    ,  0.80766    ,  0.434394   ,  0.957496   ,  6.00046    ,  0.0827305  ,  0.0649885  ])
688     , -11220.7    , array([ 1.45324    ,  0.440891   ,  0.80766    ,  0.434394   ,  0.957496   ,  6.00046    ,  0.0827305  ,  0.0649885  ])
696     , -11229.1    , array([ 1.45324    ,  0.440847   ,  0.775785   ,  0.434394   ,  0.957496   ,  6.00046    ,  0.0827305  ,  0.0649885  ])
712     , -12449.2    , array([ 1.45324    ,  0.440847   ,  0.8279     ,  0.434394   ,  0.957496   ,  6.00046    ,  0.0827305  ,  0.0305467  ])
720     , -11219.2    , array([ 1.45324    ,  0.440847   ,  0.8279     ,  0.434394   ,  0.957496   ,  6.00046    ,  0.0827305  ,  0.0651726  ])
728     , -11217.6    , array([ 1.45324    ,  0.440847   ,  0.8279     ,  0.434394   ,  0.912771   ,  6.00046    ,  0.0827305  ,  0.0651744  ])
736     , -11217.5    , array([ 1.45324    ,  0.440847   ,  0.8279     ,  0.434394   ,  0.917915   ,  6.00046    ,  0.0827305  ,  0.0651744  ])
744     , -11216.2    , array([ 1.45324    ,  0.440847   ,  0.8279     ,  0.434394   ,  0.917915   ,  5.83977    ,  0.0827305  ,  0.0651744  ])
760     , -11216      , array([ 1.45324    ,  0.440847   ,  0.8279     ,  0.434394   ,  0.917915   ,  5.83977    ,  0.0831856  ,  0.0651744  ])
768     , -11215.8    , array([ 1.45246    ,  0.440308   ,  0.827457   ,  0.448039   ,  0.924642   ,  5.86617    ,  0.0835288  ,  0.0651979  ])
776     , -11209.6    , array([ 1.49409    ,  0.448718   ,  0.87131    ,  0.478726   ,  0.852065   ,  5.56946    ,  0.0853087  ,  0.0656625  ])
784     , -11209.6    , array([ 1.49409    ,  0.448718   ,  0.87131    ,  0.478726   ,  0.852065   ,  5.56946    ,  0.0853087  ,  0.0656625  ])
792     , -11209.4    , array([ 1.48485    ,  0.448718   ,  0.87131    ,  0.478726   ,  0.852065   ,  5.56946    ,  0.0853087  ,  0.0656625  ])
800     , -13275.1    , array([ 1.48494    ,  0.306061   ,  0.87131    ,  0.478726   ,  0.852065   ,  5.56946    ,  0.0853087  ,  0.0656625  ])
808     , -11975.8    , array([ 1.48494    ,  0.451405   ,  1.87131    ,  0.478726   ,  0.852065   ,  5.56946    ,  0.0853087  ,  0.0656625  ])
816     , -11208.5    , array([ 1.48494    ,  0.451405   ,  0.883132   ,  0.478726   ,  0.852065   ,  5.56946    ,  0.0853087  ,  0.0656625  ])
824     , -14545.6    , array([ 1.48494    ,  0.451405   ,  0.883132   ,  0.478726   ,  0.852065   ,  5.56946    ,  0.0853087  ,  0.447629   ])
832     , -11210.5    , array([ 1.48494    ,  0.451405   ,  0.883132   ,  0.478726   ,  0.852065   ,  5.56946    ,  0.0853087  ,  0.0665836  ])
840     , -11229.5    , array([ 1.49394    ,  0.457614   ,  0.888233   ,  0.321734   ,  0.774669   ,  5.26569    ,  0.0814138  ,  0.0633859  ])
848     , -11206.6    , array([ 1.48549    ,  0.451783   ,  0.883443   ,  0.469155   ,  0.847347   ,  5.55094    ,  0.0850713  ,  0.0636395  ])
856     , -11205      , array([ 1.48548    ,  0.45178    ,  0.88344    ,  0.46925    ,  0.847394   ,  5.37898    ,  0.0850737  ,  0.0636397  ])
872     , -11248.2    , array([ 1.48548    ,  0.45178    ,  0.88344    ,  0.46925    ,  0.847394   ,  5.37465    ,  0.0792613  ,  0.0636397  ])
880     , -11204.6    , array([ 1.48548    ,  0.45178    ,  0.88344    ,  0.46925    ,  0.847394   ,  5.37465    ,  0.0856746  ,  0.0636397  ])
888     , -12123.4    , array([ 2.48949    ,  0.452589   ,  0.88766    ,  0.47219    ,  0.840403   ,  5.34607    ,  0.0858456  ,  0.0636844  ])
896     , -11204.5    , array([ 1.48773    ,  0.452589   ,  0.88766    ,  0.47219    ,  0.840403   ,  5.34607    ,  0.0858456  ,  0.0636844  ])
912     , -11204.2    , array([ 1.4877     ,  0.454767   ,  0.88766    ,  0.47219    ,  0.840403   ,  5.34607    ,  0.0858456  ,  0.0636844  ])
920     , -11251.2    , array([ 1.4877     ,  0.454767   ,  1.05176    ,  0.47219    ,  0.840403   ,  5.34607    ,  0.0858456  ,  0.0636844  ])
936     , -12577.6    , array([ 1.4877     ,  0.454767   ,  0.898385   ,  0.47219    ,  0.840403   ,  5.34607    ,  0.0858456  ,  0.0292425  ])
944     , -11203      , array([ 1.4877     ,  0.454767   ,  0.898385   ,  0.47219    ,  0.840403   ,  5.34607    ,  0.0858456  ,  0.0623184  ])
952     , -11203      , array([ 1.48737    ,  0.454544   ,  0.898201   ,  0.477839   ,  0.843188   ,  5.357      ,  0.0859857  ,  0.0623417  ])
960     , -11217      , array([ 1.48737    ,  0.454541   ,  0.8982     ,  0.477896   ,  0.843216   ,  5.73908    ,  0.0859871  ,  0.0623418  ])
976     , -22967.1    , array([ 1.48737    ,  0.454541   ,  0.8982     ,  0.477896   ,  0.843216   ,  5.19456    ,  0.0140456  ,  0.0623418  ])
984     , -11207.3    , array([ 1.52901    ,  0.462957   ,  0.942057   ,  0.508442   ,  0.77057    ,  4.89758    ,  0.0883694  ,  0.0628062  ])
992     , -11201.2    , array([ 1.48799    ,  0.454667   ,  0.898855   ,  0.478352   ,  0.842131   ,  5.19012    ,  0.0866195  ,  0.0623487  ])
1000    , -11210.3    , array([ 1.47242    ,  0.476398   ,  1.01594    ,  0.542819   ,  0.860067   ,  3.55954    ,  0.094712   ,  0.0483882  ])
1016    , -11191.2    , array([ 1.48667    ,  0.465795   ,  0.958814   ,  0.511365   ,  0.85131    ,  4.35516    ,  0.0907634  ,  0.0552002  ])
1024    , -12526.8    , array([ 1.48667    ,  0.656748   ,  0.958814   ,  0.511365   ,  0.85131    ,  4.35516    ,  0.0907634  ,  0.0552002  ])
1032    , -11190.9    , array([ 1.48667    ,  0.467785   ,  0.958814   ,  0.511365   ,  0.85131    ,  4.35516    ,  0.0907634  ,  0.0552002  ])
1040    , -11191.1    , array([ 1.48667    ,  0.467785   ,  0.969054   ,  0.511365   ,  0.85131    ,  4.35516    ,  0.0907634  ,  0.0552002  ])
1048    , -11190.9    , array([ 1.48667    ,  0.467785   ,  0.960567   ,  0.511365   ,  0.85131    ,  4.35516    ,  0.0907634  ,  0.0552002  ])
1056    , -11513.8    , array([ 1.48667    ,  0.467785   ,  0.960567   ,  0.511365   ,  0.85131    ,  4.35516    ,  0.0907634  ,  0.0823485  ])
1064    , -11189.4    , array([ 1.48667    ,  0.467785   ,  0.960567   ,  0.511365   ,  0.85131    ,  4.35516    ,  0.0907634  ,  0.0565373  ])
1072    , -11189.4    , array([ 1.48645    ,  0.46763    ,  0.96044    ,  0.515281   ,  0.85324    ,  4.36273    ,  0.0908606  ,  0.0565441  ])
1080    , -11189.3    , array([ 1.48192    ,  0.466715   ,  0.955671   ,  0.51196    ,  0.861139   ,  4.39502    ,  0.0906674  ,  0.0564936  ])
1096    , -11190.9    , array([ 1.48203    ,  0.466738   ,  0.955791   ,  0.512043   ,  0.860941   ,  4.39421    ,  0.0921034  ,  0.0564948  ])
1104    , -11189.3    , array([ 1.48203    ,  0.466738   ,  0.955791   ,  0.512043   ,  0.860941   ,  4.39421    ,  0.0908179  ,  0.0564948  ])
1112    , -11210.1    , array([ 1.47198    ,  0.484504   ,  1.04342    ,  0.562629   ,  0.884467   ,  3.17086    ,  0.0971375  ,  0.0469808  ])
1120    , -11189.2    , array([ 1.46693    ,  0.469586   ,  0.971139   ,  0.520493   ,  0.863293   ,  4.18047    ,  0.0918786  ,  0.0546648  ])
1128    , -11188.4    , array([ 1.48712    ,  0.469586   ,  0.971139   ,  0.520493   ,  0.863293   ,  4.18047    ,  0.0918786  ,  0.0546648  ])
1136    , -11188.2    , array([ 1.48712    ,  0.470985   ,  0.971139   ,  0.520493   ,  0.863293   ,  4.18047    ,  0.0918786  ,  0.0546648  ])
1144    , -11349.1    , array([ 1.48712    ,  0.470999   ,  1.3531     ,  0.520493   ,  0.863293   ,  4.18047    ,  0.0918786  ,  0.0546648  ])
1152    , -11188.2    , array([ 1.48712    ,  0.470999   ,  0.970114   ,  0.520493   ,  0.863293   ,  4.18047    ,  0.0918786  ,  0.0546648  ])
1168    , -11187.4    , array([ 1.48712    ,  0.470999   ,  0.970114   ,  0.520493   ,  0.863293   ,  4.18047    ,  0.0918786  ,  0.0556376  ])
1176    , -11190.5    , array([ 1.49056    ,  0.47337    ,  0.972062   ,  0.460527   ,  0.833731   ,  4.06444    ,  0.0903909  ,  0.0555248  ])
1184    , -11187.4    , array([ 1.48724    ,  0.471084   ,  0.970184   ,  0.518339   ,  0.862232   ,  4.1763     ,  0.0918252  ,  0.0556242  ])
1200    , -12827      , array([ 1.4817     ,  0.469964   ,  0.96435    ,  0.514276   ,  0.871896   ,  4.21581    ,  0.057147   ,  0.0555624  ])
1208    , -11201      , array([ 1.47372    ,  0.481091   ,  1.0243     ,  0.547284   ,  0.881086   ,  3.38089    ,  0.0959271  ,  0.0484138  ])
1216    , -11186.7    , array([ 1.48019    ,  0.472077   ,  0.975731   ,  0.520542   ,  0.87364    ,  4.05731    ,  0.0925701  ,  0.0542053  ])
1224    , -11179.7    , array([ 1.48163    ,  0.492362   ,  1.01382    ,  0.521511   ,  0.957277   ,  3.04917    ,  0.0982207  ,  0.0503744  ])
1240    , -11179.1    , array([ 1.49641    ,  0.496438   ,  1.02146    ,  0.521694   ,  0.974094   ,  2.84673    ,  0.0993555  ,  0.0496066  ])
1248    , -14704.5    , array([ 1.49656    ,  0.878404   ,  1.02146    ,  0.521694   ,  0.974094   ,  2.84673    ,  0.0993555  ,  0.0496066  ])
1256    , -11179      , array([ 1.49656    ,  0.498046   ,  1.02146    ,  0.521694   ,  0.974094   ,  2.84673    ,  0.0993555  ,  0.0496066  ])
1264    , -11185.1    , array([ 1.49656    ,  0.49803    ,  0.962402   ,  0.521694   ,  0.974094   ,  2.84673    ,  0.0993555  ,  0.0496066  ])
1272    , -11213.9    , array([ 1.50946    ,  0.480026   ,  0.924077   ,  0.468285   ,  0.959224   ,  4.19766    ,  0.0926509  ,  0.0611733  ])
1280    , -11179      , array([ 1.49635    ,  0.498315   ,  1.02262    ,  0.522538   ,  0.974329   ,  2.82538    ,  0.0994615  ,  0.0494238  ])
1288    , -11179      , array([ 1.49642    ,  0.498362   ,  1.02267    ,  0.521412   ,  0.973772   ,  2.82297    ,  0.0994344  ,  0.04942    ])
1296    , -11180.4    , array([ 1.51232    ,  0.501578   ,  1.03942    ,  0.533065   ,  0.946017   ,  2.7095     ,  0.100113   ,  0.0495974  ])
1304    , -11178.9    , array([ 1.49167    ,  0.497404   ,  1.01767    ,  0.517916   ,  0.982045   ,  2.85679    ,  0.0992316  ,  0.0493671  ])
1312    , -11245.4    , array([ 1.49167    ,  0.497404   ,  1.01767    ,  0.517916   ,  0.982045   ,  2.85679    ,  0.108265   ,  0.0493671  ])
1320    , -11200.6    , array([ 1.48884    ,  0.458021   ,  0.943864   ,  0.516155   ,  0.819536   ,  4.81296    ,  0.0885669  ,  0.0567858  ])
