616     , -2944.08    , array([ 1.09796    ,  3.38352    ,  0.17258    ,  0.0450029  ])
620     , -1496.03    , array([ 0.47993    ,  3.38352    ,  0.17258    ,  0.0450029  ])
624     , -273.058    , array([ 0.170909   ,  3.38352    ,  0.17258    ,  0.0450029  ])
628     , -94.1574    , array([ 0.0983277  ,  3.38352    ,  0.17258    ,  0.0450029  ])
632     , -94.1568    , array([ 0.0984284  ,  3.38352    ,  0.17258    ,  0.0450029  ])
636     , -96.3206    , array([ 0.0984284  ,  2.76548    ,  0.17258    ,  0.0450029  ])
640     , -94.1531    , array([ 0.0984284  ,  3.41487    ,  0.17258    ,  0.0450029  ])
644     , -6992.76    , array([ 0.0984284  ,  3.41455    ,  1.17258    ,  0.0450029  ])
648     , -1768.25    , array([ 0.0984284  ,  3.41455    ,  0.554546   ,  0.0450029  ])
652     , -94.1108    , array([ 0.0984284  ,  3.41455    ,  0.170934   ,  0.0450029  ])
656     , -17356.6    , array([ 0.0984284  ,  3.41455    ,  0.170901   ,  1.045      ])
660     , -9872.6     , array([ 0.0984284  ,  3.41455    ,  0.170901   ,  0.426969   ])
664     , -1236.03    , array([ 0.0984284  ,  3.41455    ,  0.170901   ,  0.117922   ])
668     , -97.2424    , array([ 0.0984284  ,  3.41455    ,  0.170901   ,  0.0480192  ])
672     , -94.099     , array([ 0.0984284  ,  3.41455    ,  0.170901   ,  0.0451754  ])
676     , -2948.55    , array([ 1.09843    ,  3.41455    ,  0.170901   ,  0.0451737  ])
680     , -1505.38    , array([ 0.480394   ,  3.41455    ,  0.170901   ,  0.0451737  ])
684     , -278.894    , array([ 0.171373   ,  3.41455    ,  0.170901   ,  0.0451737  ])
688     , -94.0827    , array([ 0.0976965  ,  3.41455    ,  0.170901   ,  0.0451737  ])
692     , -94.0808    , array([ 0.0978769  ,  3.41455    ,  0.170901   ,  0.0451737  ])
696     , -96.0232    , array([ 0.0978769  ,  2.79652    ,  0.170901   ,  0.0451737  ])
700     , -94.0808    , array([ 0.0978769  ,  3.41441    ,  0.170901   ,  0.0451737  ])
704     , -94.0808    , array([ 0.0978769  ,  3.4142     ,  0.170901   ,  0.0451737  ])
708     , -94.0808    , array([ 0.0978769  ,  3.41431    ,  0.170901   ,  0.0451737  ])
712     , -94.0808    , array([ 0.0978769  ,  3.41432    ,  0.170901   ,  0.0451737  ])
716     , -94.0808    , array([ 0.0978769  ,  3.41432    ,  0.170901   ,  0.0451737  ])
720     , -95.0022    , array([ 0.0978769  ,  3.41432    ,  0.16159    ,  0.0451737  ])
724     , -94.0453    , array([ 0.0978769  ,  3.41432    ,  0.169359   ,  0.0451737  ])
732     , -4531.66    , array([ 0.0978769  ,  3.41432    ,  0.169375   ,  0.236077   ])
740     , -94.0537    , array([ 0.0978769  ,  3.41432    ,  0.169375   ,  0.0451182  ])
744     , -94.0349    , array([ 0.0978769  ,  3.41432    ,  0.169375   ,  0.0453334  ])
748     , -93.8722    , array([ 0.0964332  ,  3.41369    ,  0.165378   ,  0.0457572  ])
752     , -93.0596    , array([ 0.078231   ,  3.40585    ,  0.114994   ,  0.0510802  ])
756     , -92.9057    , array([ 0.0820932  ,  3.40751    ,  0.125685   ,  0.0499508  ])
760     , -92.9053    , array([ 0.0822495  ,  3.40758    ,  0.126117   ,  0.0499051  ])
768     , -111.03     , array([ 0.0961368  ,  3.40758    ,  0.126117   ,  0.0499051  ])
772     , -92.5838    , array([ 0.0803233  ,  3.40758    ,  0.126117   ,  0.0499051  ])
776     , -119.482    , array([ 0.0803233  ,  1.78955    ,  0.126117   ,  0.0499051  ])
780     , -92.5918    , array([ 0.0803233  ,  3.46419    ,  0.126117   ,  0.0499051  ])
784     , -92.5832    , array([ 0.0803233  ,  3.4191     ,  0.126117   ,  0.0499051  ])
788     , -92.5832    , array([ 0.0803233  ,  3.41921    ,  0.126117   ,  0.0499051  ])
796     , -312.221    , array([ 0.0803233  ,  3.41921    ,  0.126117   ,  0.0777564  ])
800     , -92.5664    , array([ 0.0803233  ,  3.41921    ,  0.126117   ,  0.0501198  ])
804     , -94.003     , array([ 0.0646958  ,  3.41248    ,  0.0828601  ,  0.0546877  ])
808     , -92.3408    , array([ 0.0743541  ,  3.41664    ,  0.109595   ,  0.0518632  ])
812     , -92.3378    , array([ 0.0749489  ,  3.4169     ,  0.111241   ,  0.0516893  ])
816     , -2954.43    , array([ 1.07489    ,  3.41687    ,  0.11109    ,  0.0517052  ])
820     , -1687.87    , array([ 0.456861   ,  3.41687    ,  0.11109    ,  0.0517052  ])
824     , -361.698    , array([ 0.147839   ,  3.41687    ,  0.11109    ,  0.0517052  ])
828     , -92.2956    , array([ 0.0732553  ,  3.41687    ,  0.11109    ,  0.0517052  ])
832     , -92.2457    , array([ 0.0739432  ,  3.41687    ,  0.11109    ,  0.0517052  ])
836     , -94.4538    , array([ 0.0739432  ,  2.79884    ,  0.11109    ,  0.0517052  ])
840     , -92.2456    , array([ 0.0739432  ,  3.41311    ,  0.11109    ,  0.0517052  ])
844     , -92.2456    , array([ 0.0739432  ,  3.4132     ,  0.11109    ,  0.0517052  ])
852     , -4930.82    , array([ 0.0739432  ,  3.41311    ,  0.11109    ,  0.242597   ])
860     , -92.2158    , array([ 0.0739432  ,  3.41311    ,  0.11109    ,  0.0520331  ])
864     , -92.2153    , array([ 0.0739432  ,  3.41311    ,  0.11109    ,  0.0519977  ])
868     , -93.2326    , array([ 0.0836015  ,  3.41728    ,  0.137825   ,  0.0491732  ])
872     , -92.0987    , array([ 0.0706112  ,  3.41168    ,  0.101868   ,  0.0529721  ])
876     , -92.0987    , array([ 0.0705779  ,  3.41166    ,  0.101775   ,  0.0529818  ])
880     , -92.764     , array([ 0.0335537  ,  3.36699    ,  0.0218791  ,  0.0639313  ])
884     , -91.5946    , array([ 0.0506334  ,  3.3876     ,  0.0587361  ,  0.0588802  ])
888     , -2977.45    , array([ 1.0504     ,  3.38731    ,  0.05823    ,  0.0589495  ])
892     , -1930.01    , array([ 0.432365   ,  3.38731    ,  0.05823    ,  0.0589495  ])
896     , -511.546    , array([ 0.123342   ,  3.38731    ,  0.05823    ,  0.0589495  ])
900     , -137.715    , array([ 0.0376466  ,  3.38731    ,  0.05823    ,  0.0589495  ])
904     , -91.5735    , array([ 0.0500895  ,  3.38731    ,  0.05823    ,  0.0589495  ])
908     , -95.3613    , array([ 0.0500895  ,  4.38731    ,  0.05823    ,  0.0589495  ])
912     , -92.3044    , array([ 0.0500895  ,  3.76928    ,  0.05823    ,  0.0589495  ])
916     , -91.5706    , array([ 0.0500895  ,  3.36402    ,  0.05823    ,  0.0589495  ])
920     , -20567.9    , array([ 0.0500895  ,  3.36402    ,  0.05823    ,  1.05895    ])
924     , -14493.4    , array([ 0.0500895  ,  3.36402    ,  0.05823    ,  0.440916   ])
928     , -1350.84    , array([ 0.0500895  ,  3.36402    ,  0.05823    ,  0.131854   ])
932     , -91.4984    , array([ 0.0500895  ,  3.36402    ,  0.05823    ,  0.0593987  ])
936     , -91.4984    , array([ 0.0500895  ,  3.36402    ,  0.05823    ,  0.0594113  ])
940     , -91.7406    , array([ 0.0625609  ,  3.37907    ,  0.0851425  ,  0.0557231  ])
944     , -91.4526    , array([ 0.0453369  ,  3.35829    ,  0.0479741  ,  0.0608169  ])
948     , -91.4526    , array([ 0.0453369  ,  3.35829    ,  0.0479741  ,  0.0608169  ])
960     , -159.265    , array([ 0.0321813  ,  3.35829    ,  0.0479741  ,  0.0608169  ])
964     , -91.4497    , array([ 0.0454414  ,  3.35829    ,  0.0479741  ,  0.0608169  ])
968     , -95.5208    , array([ 0.0454404  ,  4.35829    ,  0.0479741  ,  0.0608169  ])
972     , -92.2604    , array([ 0.0454404  ,  3.74025    ,  0.0479741  ,  0.0608169  ])
976     , -91.443     , array([ 0.0454404  ,  3.323      ,  0.0479741  ,  0.0608169  ])
980     , -20779      , array([ 0.0454404  ,  3.32336    ,  0.0479741  ,  1.06082    ])
984     , -15449.7    , array([ 0.0454404  ,  3.32336    ,  0.0479741  ,  0.442783   ])
988     , -1402.34    , array([ 0.0454404  ,  3.32336    ,  0.0479741  ,  0.133718   ])
992     , -91.3786    , array([ 0.0454404  ,  3.32336    ,  0.0479741  ,  0.0612505  ])
996     , -93.8669    , array([ 0.0252613  ,  3.29901    ,  0.00442878 ,  0.0672182  ])
1000    , -91.4583    , array([ 0.0377326  ,  3.31406    ,  0.0313413  ,  0.0635299  ])
1004    , -91.3591    , array([ 0.0428668  ,  3.32025    ,  0.0424204  ,  0.0620116  ])
1008    , -91.2815    , array([ 0.0402062  ,  3.28199    ,  0.0364558  ,  0.0632626  ])
1012    , -91.3441    , array([ 0.0292741  ,  3.11941    ,  0.0119135  ,  0.0684737  ])
1016    , -91.1669    , array([ 0.0333721  ,  3.18035    ,  0.0211134  ,  0.0665203  ])
1020    , -91.1669    , array([ 0.0332781  ,  3.17896    ,  0.0209024  ,  0.0665651  ])
1032    , -246.339    , array([ 0.0201225  ,  3.17896    ,  0.0209024  ,  0.0665651  ])
1036    , -91.1278    , array([ 0.033566   ,  3.17896    ,  0.0209024  ,  0.0665651  ])
1040    , -91.1278    , array([ 0.0335583  ,  3.17896    ,  0.0209024  ,  0.0665651  ])
1044    , -94.6377    , array([ 0.0335583  ,  2.56092    ,  0.0209024  ,  0.0665651  ])
1048    , -91.1262    , array([ 0.0335583  ,  3.1946     ,  0.0209024  ,  0.0665651  ])
1056    , -92.1552    , array([ 0.0258506  ,  3.18509    ,  0.00426958 ,  0.0688446  ])
1060    , -91.1043    , array([ 0.0353968  ,  3.19661    ,  0.0248698  ,  0.0660214  ])
1064    , -91.6194    , array([ 0.0507393  ,  3.42503    ,  0.0593149  ,  0.0587046  ])
1068    , -91.1417    , array([ 0.0285546  ,  3.09511    ,  0.00951088 ,  0.0692796  ])
1072    , -91.0544    , array([ 0.0314056  ,  3.13751    ,  0.0159113  ,  0.0679206  ])
1076    , -3007.68    , array([ 1.03137    ,  3.13691    ,  0.0158212  ,  0.0679397  ])
1080    , -2198.99    , array([ 0.413331   ,  3.13691    ,  0.0158212  ,  0.0679397  ])
1084    , -757.785    , array([ 0.104308   ,  3.13691    ,  0.0158212  ,  0.0679397  ])
1088    , -111.175    , array([ 0.0381633  ,  3.13691    ,  0.0158212  ,  0.0679397  ])
1092    , -91.0444    , array([ 0.0314992  ,  3.13691    ,  0.0158212  ,  0.0679397  ])
1096    , -95.8046    , array([ 0.0314992  ,  4.13691    ,  0.0158212  ,  0.0679397  ])
1100    , -91.8861    , array([ 0.0314992  ,  3.51888    ,  0.0158212  ,  0.0679397  ])
1104    , -91.044     , array([ 0.0314992  ,  3.14434    ,  0.0158212  ,  0.0679397  ])
1108    , -91.044     , array([ 0.0314992  ,  3.14407    ,  0.0158212  ,  0.0679397  ])
1112    , -92.8595    , array([ 0.0641495  ,  3.18364    ,  0.086279   ,  0.0582837  ])
1116    , -91.1681    , array([ 0.0377348  ,  3.15176    ,  0.0292774  ,  0.0660956  ])
1120    , -91.0253    , array([ 0.0330478  ,  3.14611    ,  0.0191632  ,  0.0674817  ])
1124    , -91.4739    , array([ 0.0484085  ,  3.37454    ,  0.0536476  ,  0.0601595  ])
1128    , -91.0523    , array([ 0.0279398  ,  3.07014    ,  0.0076957  ,  0.0699167  ])
1132    , -90.9709    , array([ 0.0299765  ,  3.10043    ,  0.0122682  ,  0.0689458  ])
1136    , -90.9693    , array([ 0.0300452  ,  3.10145    ,  0.0124223  ,  0.068913   ])
1140    , -90.9076    , array([ 0.028869   ,  3.06814    ,  0.00934685 ,  0.0698177  ])
1144    , -90.8238    , array([ 0.0258685  ,  2.98548    ,  0.00156549 ,  0.0720747  ])
1148    , -90.8203    , array([ 0.0254939  ,  2.97516    ,  0.000593954,  0.0723565  ])
1152    , -3017.63    , array([ 1.02535    ,  2.97122    ,  0.000222861,  0.0724641  ])
1156    , -2311.19    , array([ 0.407317   ,  2.97122    ,  0.000222861,  0.0724641  ])
1160    , -896.836    , array([ 0.098293   ,  2.97122    ,  0.000222861,  0.0724641  ])
1164    , -135.233    , array([ 0.0339031  ,  2.97122    ,  0.000222861,  0.0724641  ])
1168    , -90.7683    , array([ 0.0255998  ,  2.97122    ,  0.000222861,  0.0724641  ])
1172    , -95.6537    , array([ 0.0255971  ,  3.97122    ,  0.000222861,  0.0724641  ])
1176    , -91.4045    , array([ 0.0255971  ,  3.35318    ,  0.000222861,  0.0724641  ])
1180    , -90.7235    , array([ 0.0255971  ,  3.04433    ,  0.000222861,  0.0724641  ])
1184    , -95.2146    , array([ 0.0582475  ,  3.08373    ,  0.0706806  ,  0.0628082  ])
1188    , -91.364     , array([ 0.0318328  ,  3.05186    ,  0.0136791  ,  0.07062    ])
1192    , -90.7051    , array([ 0.026727   ,  3.0457     ,  0.00266108 ,  0.07213    ])
1196    , -90.7051    , array([ 0.0266915  ,  3.04565    ,  0.00258444 ,  0.0721405  ])
1200    , -90.8239    , array([ 0.0296373  ,  3.1268     ,  0.0102241  ,  0.0699246  ])
1212    , -90.6689    , array([ 0.0257164  ,  3.01879    ,  5.55389e-05,  0.072874   ])
1220    , -1715.82    , array([ 0.216671   ,  3.01852    ,  2.99945e-05,  0.0728814  ])
1228    , -118.203    , array([ 0.0206815  ,  3.01852    ,  2.99945e-05,  0.0728814  ])
1232    , -90.6665    , array([ 0.0256558  ,  3.01852    ,  2.99945e-05,  0.0728814  ])
1236    , -96.7337    , array([ 0.0256563  ,  4.01852    ,  2.99945e-05,  0.0728814  ])
1240    , -91.8476    , array([ 0.0256563  ,  3.40048    ,  2.99945e-05,  0.0728814  ])
1244    , -90.6616    , array([ 0.0256563  ,  2.99455    ,  2.99945e-05,  0.0728814  ])
1248    , -95.4935    , array([ 0.0583067  ,  3.03395    ,  0.0704878  ,  0.0632255  ])
1252    , -91.3979    , array([ 0.031892   ,  3.00208    ,  0.0134862  ,  0.0710373  ])
1256    , -90.6543    , array([ 0.0263476  ,  2.99539    ,  0.00152166 ,  0.072677   ])
1260    , -90.6543    , array([ 0.0263095  ,  2.99534    ,  0.00143949 ,  0.0726883  ])
1264    , -90.7651    , array([ 0.0292553  ,  3.07649    ,  0.00907911 ,  0.0704723  ])
1268    , -90.6741    , array([ 0.0268721  ,  3.01084    ,  0.00289853 ,  0.0722651  ])
1276    , -90.6367    , array([ 0.0257691  ,  2.98045    ,  3.80373e-05,  0.0730948  ])
1280    , -90.6174    , array([ 0.0258204  ,  2.94208    ,  1.67536e-05,  0.0733166  ])
1284    , -90.6122    , array([ 0.0258538  ,  2.91963    ,  1.28649e-05,  0.0734444  ])
1288    , -90.6113    , array([ 0.0258745  ,  2.90575    ,  1.04616e-05,  0.0735234  ])
1300    , -428.838    , array([ 0.0127189  ,  2.90575    ,  1.04616e-05,  0.0735234  ])
1304    , -90.599     , array([ 0.0261112  ,  2.90575    ,  1.04616e-05,  0.0735234  ])
1308    , -90.5929    , array([ 0.0260241  ,  2.90575    ,  1.04616e-05,  0.0735234  ])
1312    , -95.2899    , array([ 0.0260241  ,  2.28772    ,  1.04616e-05,  0.0735234  ])
1316    , -90.5928    , array([ 0.0260241  ,  2.90223    ,  1.04616e-05,  0.0735234  ])
1320    , -90.5928    , array([ 0.0260241  ,  2.9023     ,  1.04616e-05,  0.0735234  ])
1324    , -90.5928    , array([ 0.0260241  ,  2.90223    ,  1.04616e-05,  0.0735234  ])
1328    , -90.5949    , array([ 0.0265636  ,  2.90289    ,  0.00117472 ,  0.0733638  ])
1332    , -90.5922    , array([ 0.0262243  ,  2.90248    ,  0.000442651,  0.0734642  ])
1336    , -90.6929    , array([ 0.0265151  ,  2.70732    ,  0.000408846,  0.0745752  ])
1340    , -90.5827    , array([ 0.0262919  ,  2.85715    ,  0.0004348  ,  0.0737222  ])
1344    , -90.5827    , array([ 0.0262912  ,  2.8576     ,  0.000434878,  0.0737197  ])
1356    , -407.488    , array([ 0.0131356  ,  2.8576     ,  0.000434878,  0.0737197  ])
1360    , -90.5833    , array([ 0.0264603  ,  2.8576     ,  0.000434878,  0.0737197  ])
1364    , -90.5781    , array([ 0.0263414  ,  2.8576     ,  0.000434878,  0.0737197  ])
1368    , -163.119    , array([ 0.0263724  ,  1.23957    ,  0.000434878,  0.0737197  ])
1372    , -90.6013    , array([ 0.0263724  ,  2.91059    ,  0.000434878,  0.0737197  ])
1376    , -90.5772    , array([ 0.0263724  ,  2.86011    ,  0.000434878,  0.0737197  ])
1380    , -90.5772    , array([ 0.0263724  ,  2.86118    ,  0.000434878,  0.0737197  ])
1384    , -90.5772    , array([ 0.0263724  ,  2.86013    ,  0.000434878,  0.0737197  ])
1388    , -90.5772    , array([ 0.0263724  ,  2.86011    ,  0.000434878,  0.0737197  ])
1396    , -90.5787    , array([ 0.0265708  ,  2.86035    ,  0.000862993,  0.073661   ])
1400    , -90.5771    , array([ 0.0263127  ,  2.86003    ,  0.000306105,  0.0737373  ])
1404    , -90.5771    , array([ 0.0263247  ,  2.86005    ,  0.000332023,  0.0737338  ])
1408    , -90.5771    , array([ 0.0263181  ,  2.86004    ,  0.000317642,  0.0737357  ])
1412    , -90.5986    , array([ 0.0262494  ,  2.90611    ,  0.000325623,  0.0734734  ])
1416    , -90.5738    , array([ 0.0263565  ,  2.83426    ,  0.000313177,  0.0738825  ])
