4       , -392.883    , array([ 2.80225    ,  0.0288777  ,  1.44182e-14,  0.112478   ])
8       , -392.883    , array([ 2.1993     ,  0.0288777  ,  1.44182e-14,  0.112478   ])
12      , -392.883    , array([ 2.3474     ,  0.0288777  ,  1.44182e-14,  0.112478   ])
20      , -987.628    , array([ 2.3727     ,  0.219856   ,  1.44182e-14,  0.112478   ])
28      , -644.338    , array([ 2.3727     ,  0.0238527  ,  1.44182e-14,  0.112478   ])
32      , -392.731    , array([ 2.3727     ,  0.0290152  ,  1.44182e-14,  0.112478   ])
36      , -524.455    , array([ 2.3727     ,  0.0290152  ,  1          ,  0.112478   ])
40      , -420.941    , array([ 2.3727     ,  0.0290152  ,  0.381966   ,  0.112478   ])
44      , -392.627    , array([ 2.3727     ,  0.0290152  ,  0.0127406  ,  0.112478   ])
48      , -392.62     , array([ 2.3727     ,  0.0290152  ,  0.0169576  ,  0.112478   ])
52      , -392.62     , array([ 2.3727     ,  0.0290152  ,  0.0171289  ,  0.112478   ])
60      , -624.289    , array([ 2.3727     ,  0.0290152  ,  0.0171289  ,  0.130408   ])
64      , -393.173    , array([ 2.3727     ,  0.0290152  ,  0.0171289  ,  0.113572   ])
68      , -392.613    , array([ 4.56119    ,  0.0291527  ,  0.0342578  ,  0.113035   ])
72      , -392.452    , array([ 5.27866    ,  0.0290152  ,  0.0171289  ,  0.112757   ])
76      , -392.411    , array([ 12.4902    ,  0.0290152  ,  0.0171289  ,  0.112757   ])
80      , -392.394    , array([ 29.8999    ,  0.0290152  ,  0.0171289  ,  0.112757   ])
84      , -392.387    , array([ 71.8628    ,  0.0290152  ,  0.0171289  ,  0.112757   ])
88      , -392.386    , array([ 95.2267    ,  0.0290152  ,  0.0171289  ,  0.112757   ])
92      , -392.386    , array([ 98.8063    ,  0.0290152  ,  0.0171289  ,  0.112757   ])
100     , -1003.59    , array([ 99.7706    ,  0.219993   ,  0.0171289  ,  0.112757   ])
108     , -626.425    , array([ 99.7706    ,  0.0239902  ,  0.0171289  ,  0.112757   ])
112     , -392.32     , array([ 99.7706    ,  0.0289266  ,  0.0171289  ,  0.112757   ])
116     , -817.57     , array([ 99.7706    ,  0.0289266  ,  1.01713    ,  0.112757   ])
120     , -475.887    , array([ 99.7706    ,  0.0289266  ,  0.399095   ,  0.112757   ])
124     , -392.11     , array([ 99.7706    ,  0.0289266  ,  0.0330996  ,  0.112757   ])
128     , -2336.8     , array([ 99.7706    ,  0.0289266  ,  0.0332593  ,  1.11276    ])
132     , -2336.79    , array([ 99.7706    ,  0.0289266  ,  0.0332593  ,  0.494723   ])
136     , -1878.03    , array([ 99.7706    ,  0.0289266  ,  0.0332593  ,  0.1857     ])
140     , -391.978    , array([ 99.7706    ,  0.0289266  ,  0.0332593  ,  0.112959   ])
144     , -391.926    , array([ 99.7706    ,  0.0289266  ,  0.0332593  ,  0.113184   ])
148     , -391.926    , array([ 98.1526    ,  0.0289266  ,  0.0332593  ,  0.113188   ])
152     , -391.926    , array([ 99.4616    ,  0.0289266  ,  0.0332593  ,  0.113188   ])
156     , -391.926    , array([ 99.951     ,  0.0289266  ,  0.0332593  ,  0.113188   ])
160     , -391.926    , array([ 99.9986    ,  0.0289266  ,  0.0332593  ,  0.113188   ])
164     , -2819.94    , array([ 99.9986    ,  1.02893    ,  0.0332593  ,  0.113188   ])
168     , -1155.53    , array([ 99.9986    ,  0.410893   ,  0.0332593  ,  0.113188   ])
172     , -1936.8     , array([ 99.9986    ,  0.101873   ,  0.0332593  ,  0.113188   ])
176     , -873.575    , array([ 99.9986    ,  0.0395693  ,  0.0332593  ,  0.113188   ])
180     , -391.924    , array([ 99.9986    ,  0.0289064  ,  0.0332593  ,  0.113188   ])
184     , -391.924    , array([ 99.9986    ,  0.0289122  ,  0.0332593  ,  0.113188   ])
192     , -391.71     , array([ 99.9986    ,  0.0289122  ,  0.0521722  ,  0.113188   ])
196     , -391.706    , array([ 99.9986    ,  0.0289122  ,  0.0498834  ,  0.113188   ])
204     , -4443       , array([ 99.9986    ,  0.0289122  ,  0.0498834  ,  0.0230181  ])
208     , -395.43     , array([ 99.9986    ,  0.0289122  ,  0.0498834  ,  0.115644   ])
212     , -391.53     , array([ 99.9986    ,  0.0289122  ,  0.0498834  ,  0.113615   ])
232     , -391.53     , array([ 99.9998    ,  0.0289122  ,  0.0498834  ,  0.113611   ])
236     , -391.53     , array([ 99.9996    ,  0.0289122  ,  0.0498834  ,  0.113611   ])
240     , -391.53     , array([ 100        ,  0.0289122  ,  0.0498834  ,  0.113611   ])
248     , -1035.74    , array([ 100        ,  0.219889   ,  0.0498834  ,  0.113611   ])
256     , -639.205    , array([ 100        ,  0.0238872  ,  0.0498834  ,  0.113611   ])
260     , -391.528    , array([ 100        ,  0.0288977  ,  0.0498834  ,  0.113611   ])
268     , -412.023    , array([ 100        ,  0.0288977  ,  0.240866   ,  0.113611   ])
272     , -391.328    , array([ 100        ,  0.0288977  ,  0.0660246  ,  0.113611   ])
280     , -2328.25    , array([ 100        ,  0.0288977  ,  0.0660246  ,  0.304578   ])
284     , -1729       , array([ 100        ,  0.0288977  ,  0.0660246  ,  0.0791687  ])
288     , -391.179    , array([ 100        ,  0.0288977  ,  0.0660246  ,  0.113937   ])
296     , -391.175    , array([ 100        ,  0.0288977  ,  0.0660246  ,  0.114007   ])
320     , -391.175    , array([ 100        ,  0.0288977  ,  0.0660246  ,  0.114007   ])
324     , -391.175    , array([ 100        ,  0.0288977  ,  0.0660246  ,  0.114007   ])
328     , -391.175    , array([ 100        ,  0.0288977  ,  0.0660246  ,  0.114007   ])
332     , -3246.48    , array([ 100        ,  1.0289     ,  0.0660246  ,  0.114007   ])
336     , -1289.11    , array([ 100        ,  0.410864   ,  0.0660246  ,  0.114007   ])
340     , -1973.95    , array([ 100        ,  0.101844   ,  0.0660246  ,  0.114007   ])
344     , -892.428    , array([ 100        ,  0.0395404  ,  0.0660246  ,  0.114007   ])
348     , -391.173    , array([ 100        ,  0.0288865  ,  0.0660246  ,  0.114007   ])
352     , -391.173    , array([ 100        ,  0.0288843  ,  0.0660246  ,  0.114007   ])
360     , -391.007    , array([ 100        ,  0.0288843  ,  0.0833126  ,  0.114007   ])
364     , -391.003    , array([ 100        ,  0.0288843  ,  0.0810967  ,  0.114007   ])
372     , -4466.57    , array([ 100        ,  0.0288843  ,  0.0810967  ,  0.0238375  ])
376     , -396.862    , array([ 100        ,  0.0288843  ,  0.0810967  ,  0.116373   ])
380     , -390.878    , array([ 100        ,  0.0288843  ,  0.0810967  ,  0.114365   ])
424     , -390.878    , array([ 100        ,  0.0288843  ,  0.0810967  ,  0.114365   ])
428     , -390.878    , array([ 100        ,  0.0288843  ,  0.0810967  ,  0.114365   ])
432     , -390.878    , array([ 100        ,  0.0288843  ,  0.0810967  ,  0.114365   ])
440     , -1067.82    , array([ 100        ,  0.21986    ,  0.0810967  ,  0.114365   ])
448     , -643.443    , array([ 100        ,  0.0238593  ,  0.0810967  ,  0.114365   ])
452     , -390.877    , array([ 100        ,  0.0288712  ,  0.0810967  ,  0.114365   ])
456     , -783.583    , array([ 100        ,  0.0288712  ,  1.0811     ,  0.114365   ])
460     , -468.075    , array([ 100        ,  0.0288712  ,  0.463063   ,  0.114365   ])
464     , -390.739    , array([ 100        ,  0.0288712  ,  0.0946611  ,  0.114365   ])
468     , -2336.8     , array([ 100        ,  0.0288712  ,  0.0947968  ,  1.11437    ])
472     , -2336.79    , array([ 100        ,  0.0288712  ,  0.0947968  ,  0.496331   ])
476     , -1881.01    , array([ 100        ,  0.0288712  ,  0.0947968  ,  0.187308   ])
480     , -392.497    , array([ 100        ,  0.0288712  ,  0.0947968  ,  0.113313   ])
484     , -390.641    , array([ 100        ,  0.0288712  ,  0.0947968  ,  0.114685   ])
488     , -390.642    , array([ 98.382     ,  0.0288712  ,  0.0947968  ,  0.114682   ])
492     , -390.641    , array([ 99.691     ,  0.0288712  ,  0.0947968  ,  0.114682   ])
496     , -390.641    , array([ 99.9549    ,  0.0288712  ,  0.0947968  ,  0.114682   ])
500     , -390.641    , array([ 99.9934    ,  0.0288712  ,  0.0947968  ,  0.114682   ])
504     , -390.641    , array([ 99.999     ,  0.0288712  ,  0.0947968  ,  0.114682   ])
508     , -390.641    , array([ 99.9999    ,  0.0288712  ,  0.0947968  ,  0.114682   ])
512     , -390.641    , array([ 100        ,  0.0288712  ,  0.0947968  ,  0.114682   ])
516     , -390.641    , array([ 100        ,  0.0288712  ,  0.0947968  ,  0.114682   ])
520     , -390.641    , array([ 100        ,  0.0288712  ,  0.0947968  ,  0.114682   ])
524     , -390.641    , array([ 100        ,  0.0288712  ,  0.0947968  ,  0.114682   ])
528     , -390.641    , array([ 100        ,  0.0288712  ,  0.0947968  ,  0.114682   ])
532     , -390.641    , array([ 100        ,  0.0288712  ,  0.0947968  ,  0.114682   ])
536     , -390.641    , array([ 100        ,  0.0288712  ,  0.0947968  ,  0.114682   ])
544     , -1082.28    , array([ 100        ,  0.219846   ,  0.0947968  ,  0.114682   ])
552     , -645.442    , array([ 100        ,  0.0238462  ,  0.0947968  ,  0.114682   ])
556     , -390.64     , array([ 100        ,  0.028859   ,  0.0947968  ,  0.114682   ])
560     , -777.424    , array([ 100        ,  0.028859   ,  1.0948     ,  0.114682   ])
564     , -466.913    , array([ 100        ,  0.028859   ,  0.476763   ,  0.114682   ])
568     , -390.533    , array([ 100        ,  0.028859   ,  0.106897   ,  0.114682   ])
572     , -2336.8     , array([ 100        ,  0.028859   ,  0.107018   ,  1.11468    ])
576     , -2336.79    , array([ 100        ,  0.028859   ,  0.107018   ,  0.496648   ])
580     , -1881.83    , array([ 100        ,  0.028859   ,  0.107018   ,  0.187625   ])
584     , -393.423    , array([ 100        ,  0.028859   ,  0.107018   ,  0.113231   ])
588     , -390.459    , array([ 100        ,  0.028859   ,  0.107018   ,  0.114961   ])
636     , -390.459    , array([ 100        ,  0.028859   ,  0.107018   ,  0.114958   ])
640     , -390.459    , array([ 100        ,  0.028859   ,  0.107018   ,  0.114958   ])
644     , -390.459    , array([ 100        ,  0.028859   ,  0.107018   ,  0.114958   ])
648     , -390.459    , array([ 100        ,  0.028859   ,  0.107018   ,  0.114958   ])
656     , -1797.74    , array([ 100        ,  0.0567218  ,  0.107018   ,  0.114958   ])
660     , -415.594    , array([ 100        ,  0.0303212  ,  0.107018   ,  0.114958   ])
664     , -390.458    , array([ 100        ,  0.0288478  ,  0.107018   ,  0.114958   ])
672     , -410.505    , array([ 100        ,  0.0288479  ,  0.298      ,  0.114958   ])
676     , -390.377    , array([ 100        ,  0.0288479  ,  0.117771   ,  0.114958   ])
684     , -2328.38    , array([ 100        ,  0.0288479  ,  0.117771   ,  0.305926   ])
688     , -1716.91    , array([ 100        ,  0.0288479  ,  0.117771   ,  0.0805164  ])
692     , -390.45     , array([ 100        ,  0.0288479  ,  0.117771   ,  0.114833   ])
696     , -390.322    , array([ 100        ,  0.0288479  ,  0.117771   ,  0.115194   ])
700     , -391.829    , array([ 100        ,  0.0288188  ,  0.145923   ,  0.115819   ])
704     , -390.241    , array([ 100        ,  0.0288403  ,  0.125104   ,  0.115358   ])
708     , -390.236    , array([ 100        ,  0.0288396  ,  0.125822   ,  0.115374   ])
712     , -390.236    , array([ 98.382     ,  0.0288397  ,  0.125743   ,  0.115373   ])
716     , -390.236    , array([ 99.691     ,  0.0288397  ,  0.125743   ,  0.115373   ])
720     , -390.236    , array([ 99.9549    ,  0.0288397  ,  0.125743   ,  0.115373   ])
724     , -390.236    , array([ 99.9934    ,  0.0288397  ,  0.125743   ,  0.115373   ])
728     , -390.236    , array([ 99.999     ,  0.0288397  ,  0.125743   ,  0.115373   ])
732     , -390.236    , array([ 99.9999    ,  0.0288397  ,  0.125743   ,  0.115373   ])
736     , -390.236    , array([ 100        ,  0.0288397  ,  0.125743   ,  0.115373   ])
740     , -390.236    , array([ 100        ,  0.0288397  ,  0.125743   ,  0.115373   ])
744     , -390.236    , array([ 100        ,  0.0288397  ,  0.125743   ,  0.115373   ])
748     , -390.236    , array([ 100        ,  0.0288397  ,  0.125743   ,  0.115373   ])
752     , -390.236    , array([ 100        ,  0.0288397  ,  0.125743   ,  0.115373   ])
756     , -390.236    , array([ 100        ,  0.0288397  ,  0.125743   ,  0.115373   ])
760     , -390.236    , array([ 100        ,  0.0288397  ,  0.125743   ,  0.115373   ])
768     , -1830.08    , array([ 100        ,  0.0567024  ,  0.125743   ,  0.115373   ])
772     , -411.947    , array([ 100        ,  0.0302781  ,  0.125743   ,  0.115373   ])
776     , -390.244    , array([ 100        ,  0.0288655  ,  0.125743   ,  0.115373   ])
780     , -390.235    , array([ 100        ,  0.0288447  ,  0.125743   ,  0.115373   ])
784     , -390.234    , array([ 100        ,  0.0288421  ,  0.125743   ,  0.115373   ])
788     , -2336.8     , array([ 100        ,  0.0288421  ,  0.125743   ,  1.11537    ])
792     , -2336.79    , array([ 100        ,  0.0288421  ,  0.125743   ,  0.497339   ])
796     , -1885.93    , array([ 100        ,  0.0288421  ,  0.125743   ,  0.188316   ])
800     , -397.543    , array([ 100        ,  0.0288421  ,  0.125743   ,  0.112682   ])
804     , -390.234    , array([ 100        ,  0.0288421  ,  0.125743   ,  0.115372   ])
808     , -390.234    , array([ 100        ,  0.0288421  ,  0.125743   ,  0.115372   ])
812     , -390.234    , array([ 100        ,  0.0288421  ,  0.125743   ,  0.115372   ])
816     , -390.238    , array([ 100        ,  0.0288409  ,  0.126906   ,  0.115397   ])
820     , -390.232    , array([ 100        ,  0.0288416  ,  0.126163   ,  0.115381   ])
