8       , -1116.62    , array([ 0.261785   ,  1.10841    ,  0.0401356  ,  0.0411868  ])
12      , -649.708    , array([ 0.0363733  ,  1.10841    ,  0.0401356  ,  0.0411868  ])
16      , -89.4137    , array([ 0.0710723  ,  1.10841    ,  0.0401356  ,  0.0411868  ])
20      , -89.3933    , array([ 0.0707363  ,  1.10841    ,  0.0401356  ,  0.0411868  ])
24      , -89.3933    , array([ 0.0707371  ,  1.10841    ,  0.0401356  ,  0.0411868  ])
28      , -89.6618    , array([ 0.0707371  ,  1.06318    ,  0.0401356  ,  0.0411868  ])
32      , -89.3927    , array([ 0.0707371  ,  1.10638    ,  0.0401356  ,  0.0411868  ])
40      , -9822.9     , array([ 0.0707371  ,  1.10636    ,  0.230984   ,  0.0411868  ])
44      , -157.09     , array([ 0.0707371  ,  1.10636    ,  0.0291943  ,  0.0411868  ])
48      , -89.3921    , array([ 0.0707371  ,  1.10636    ,  0.0400991  ,  0.0411868  ])
52      , -4158.07    , array([ 0.0707371  ,  1.10636    ,  0.0400991  ,  1.04119    ])
56      , -3735.17    , array([ 0.0707371  ,  1.10636    ,  0.0400991  ,  0.423153   ])
60      , -991.936    , array([ 0.0707371  ,  1.10636    ,  0.0400991  ,  0.114125   ])
64      , -93.4906    , array([ 0.0707371  ,  1.10636    ,  0.0400991  ,  0.0442717  ])
68      , -89.3918    , array([ 0.0707371  ,  1.10636    ,  0.0400991  ,  0.0412144  ])
