145     , -1311.92    , array([ 1.00533    ,  0.0999547  ,  4.96214    ,  2.29022    ,  0.0487694  ])
150     , -1401.35    , array([ 1.3873     ,  0.0999547  ,  4.96214    ,  2.29022    ,  0.0487694  ])
155     , -1311.92    , array([ 1.00478    ,  0.0999547  ,  4.96214    ,  2.29022    ,  0.0487694  ])
170     , -1322.3     , array([ 1.00479    ,  0.1025     ,  4.96214    ,  2.29022    ,  0.0487694  ])
175     , -1311.85    , array([ 1.00479    ,  0.0997373  ,  4.96214    ,  2.29022    ,  0.0487694  ])
180     , -1315.77    , array([ 1.00479    ,  0.0997373  ,  5.34411    ,  2.29022    ,  0.0487694  ])
185     , -1311.83    , array([ 1.00479    ,  0.0997373  ,  4.98483    ,  2.29022    ,  0.0487694  ])
190     , -1320.13    , array([ 1.00479    ,  0.0997373  ,  4.98483    ,  2.67218    ,  0.0487694  ])
195     , -1311.75    , array([ 1.00479    ,  0.0997373  ,  4.98483    ,  2.32352    ,  0.0487694  ])
200     , -12681.1    , array([ 1.00479    ,  0.0997373  ,  4.98483    ,  2.32352    ,  0.430735   ])
205     , -14056.1    , array([ 1.00479    ,  0.0997373  ,  4.98483    ,  2.32352    ,  0.0143275  ])
210     , -1311.56    , array([ 1.00479    ,  0.0997373  ,  4.98483    ,  2.32352    ,  0.048991   ])
215     , -1311.56    , array([ 1.00479    ,  0.0997373  ,  4.98483    ,  2.32352    ,  0.0490243  ])
220     , -1311.52    , array([ 1.00446    ,  0.0996029  ,  4.99885    ,  2.3441     ,  0.0491818  ])
225     , -1632.98    , array([ 2.00451    ,  0.0996261  ,  4.99643    ,  2.34054    ,  0.0491546  ])
230     , -1332.5     , array([ 1.15909    ,  0.0996261  ,  4.99643    ,  2.34054    ,  0.0491546  ])
235     , -1311.5     , array([ 1.00154    ,  0.0996261  ,  4.99643    ,  2.34054    ,  0.0491546  ])
240     , -1311.5     , array([ 1.00154    ,  0.0996261  ,  4.99643    ,  2.34054    ,  0.0491546  ])
245     , -84821.2    , array([ 1.00154    ,  0.00945619 ,  4.99643    ,  2.34054    ,  0.0491546  ])
250     , -1311.48    , array([ 1.00154    ,  0.0996704  ,  4.99643    ,  2.34054    ,  0.0491546  ])
255     , -1311.41    , array([ 1.00154    ,  0.099882   ,  4.99643    ,  2.34054    ,  0.0491546  ])
260     , -1315.79    , array([ 1.00154    ,  0.099882   ,  5.37839    ,  2.34054    ,  0.0491546  ])
265     , -1311.41    , array([ 1.00154    ,  0.099882   ,  5.00109    ,  2.34054    ,  0.0491546  ])
270     , -1320.01    , array([ 1.00154    ,  0.099882   ,  5.00109    ,  2.72251    ,  0.0491546  ])
275     , -1311.35    , array([ 1.00154    ,  0.099882   ,  5.00109    ,  2.36874    ,  0.0491546  ])
280     , -1311.17    , array([ 1.00108    ,  0.0996967  ,  5.02041    ,  2.39711    ,  0.0493718  ])
285     , -1311.16    , array([ 1.00097    ,  0.0996509  ,  5.02519    ,  2.40413    ,  0.0494254  ])
290     , -1311.06    , array([ 0.998602   ,  0.0995975  ,  5.05014    ,  2.45394    ,  0.0496733  ])
295     , -1640.86    , array([ 1.99781    ,  0.0995796  ,  5.05851    ,  2.47066    ,  0.0497565  ])
300     , -1332.72    , array([ 1.15299    ,  0.0995796  ,  5.05851    ,  2.47066    ,  0.0497565  ])
305     , -1311.05    , array([ 0.995194   ,  0.0995796  ,  5.05851    ,  2.47066    ,  0.0497565  ])
310     , -1311.05    , array([ 0.995194   ,  0.0995796  ,  5.05851    ,  2.47066    ,  0.0497565  ])
315     , -83691      , array([ 0.995194   ,  0.00940969 ,  5.05851    ,  2.47066    ,  0.0497565  ])
320     , -1311.08    , array([ 0.995194   ,  0.0995163  ,  5.05851    ,  2.47066    ,  0.0497565  ])
325     , -1311.01    , array([ 0.995194   ,  0.0997383  ,  5.05851    ,  2.47066    ,  0.0497565  ])
330     , -1316.31    , array([ 0.995194   ,  0.0997383  ,  5.44047    ,  2.47066    ,  0.0497565  ])
335     , -1310.98    , array([ 0.995194   ,  0.0997383  ,  5.0262     ,  2.47066    ,  0.0497565  ])
340     , -1320.35    , array([ 0.995194   ,  0.0997383  ,  5.0262     ,  2.85263    ,  0.0497565  ])
345     , -1310.97    , array([ 0.995194   ,  0.0997383  ,  5.0262     ,  2.48443    ,  0.0497565  ])
350     , -1310.97    , array([ 0.993988   ,  0.0997111  ,  5.03893    ,  2.50985    ,  0.049883   ])
