8       , -1925.93    , array([ 0.206669   ,  1.00447    ,  0.00803081 ,  0.0487752  ])
16      , -254.935    , array([ 0.0106778  ,  1.00447    ,  0.00803081 ,  0.0487752  ])
20      , -98.9725    , array([ 0.0156762  ,  1.00447    ,  0.00803081 ,  0.0487752  ])
24      , -98.9725    , array([ 0.0156751  ,  1.00447    ,  0.00803081 ,  0.0487752  ])
28      , -376.943    , array([ 0.0156751  ,  0.386439   ,  0.00803081 ,  0.0487752  ])
32      , -98.9734    , array([ 0.0156751  ,  1.00493    ,  0.00803081 ,  0.0487752  ])
36      , -98.9685    , array([ 0.0156751  ,  1.00024    ,  0.00803081 ,  0.0487752  ])
44      , -45380.3    , array([ 0.0156751  ,  1.0002     ,  0.198648   ,  0.0487752  ])
52      , -104.426    , array([ 0.0156751  ,  1.0002     ,  0.00869557 ,  0.0487752  ])
56      , -98.968     , array([ 0.0156751  ,  1.0002     ,  0.00803718 ,  0.0487752  ])
64      , -2188.77    , array([ 0.0156751  ,  1.0002     ,  0.00803711 ,  0.239732   ])
68      , -1134.68    , array([ 0.0156751  ,  1.0002     ,  0.00803711 ,  0.0143333  ])
72      , -99.0042    , array([ 0.0156751  ,  1.0002     ,  0.00803711 ,  0.049111   ])
76      , -98.9677    , array([ 0.0156751  ,  1.0002     ,  0.00803711 ,  0.0488009  ])
