560     , -1315.91    , array([ 0.936499   ,  0.10056    ,  5.00858    ,  2.50483    ,  0.0504708  ])
565     , -1310.97    , array([ 0.999218   ,  0.10056    ,  5.00858    ,  2.50483    ,  0.0504708  ])
575     , -5070.69    , array([ 0.999231   ,  0.173438   ,  5.00858    ,  2.50483    ,  0.0504708  ])
580     , -1310.97    , array([ 0.999231   ,  0.100588   ,  5.00858    ,  2.50483    ,  0.0504708  ])
585     , -1341.84    , array([ 0.999231   ,  0.100584   ,  6.00858    ,  2.50483    ,  0.0504708  ])
590     , -1310.97    , array([ 0.999231   ,  0.100584   ,  5.01399    ,  2.50483    ,  0.0504708  ])
595     , -1310.97    , array([ 0.999231   ,  0.100584   ,  5.0081     ,  2.50483    ,  0.0504708  ])
600     , -1321.34    , array([ 0.999231   ,  0.100584   ,  5.0081     ,  2.8868     ,  0.0504708  ])
605     , -1310.97    , array([ 0.999231   ,  0.100584   ,  5.0081     ,  2.50283    ,  0.0504708  ])
615     , -5044.37    , array([ 0.999231   ,  0.100584   ,  5.0081     ,  2.50285    ,  0.123388   ])
620     , -1312.59    , array([ 0.999231   ,  0.100584   ,  5.0081     ,  2.50285    ,  0.051222   ])
