17      , -12291.6    , array([ 0.520256   ,  1.6903     ,  0.640195   ,  0.434444   ,  0.397738   ,  0.665807   ,  1.60982    ,  0.111197   ,  0.0415245  ,  0          ,  0          ,  0.658151   ,  1.33012    ,  0.561845   ,  2.09027    ,  1.14774    ,  2.56688    ])
34      , -11226.7    , array([ 0.520256   ,  3.30469    ,  0.581682   ,  0.434444   ,  0.397738   ,  0.665807   ,  1.60982    ,  0.111197   ,  0.0415245  ,  0          ,  0          ,  0.658151   ,  1.33012    ,  0.561845   ,  2.09027    ,  1.14774    ,  2.56688    ])
51      , -11190.9    , array([ 0.520256   ,  3.30469    ,  0.645169   ,  0.431119   ,  0.397738   ,  0.665807   ,  1.60982    ,  0.111197   ,  0.0415245  ,  0          ,  0          ,  0.658151   ,  1.33012    ,  0.561845   ,  2.09027    ,  1.14774    ,  2.56688    ])
68      , -11190.9    , array([ 0.520256   ,  3.30469    ,  0.645169   ,  0.431086   ,  0.402225   ,  0.665807   ,  1.60982    ,  0.111197   ,  0.0415245  ,  0          ,  0          ,  0.658151   ,  1.33012    ,  0.561845   ,  2.09027    ,  1.14774    ,  2.56688    ])
85      , -11223.6    , array([ 0.520256   ,  3.30469    ,  0.645169   ,  0.431086   ,  0.402225   ,  0.665488   ,  1.99179    ,  0.111197   ,  0.0415245  ,  0          ,  0          ,  0.658151   ,  1.33012    ,  0.561845   ,  2.09027    ,  1.14774    ,  2.56688    ])
102     , -26346      , array([ 0.520256   ,  3.30469    ,  0.645169   ,  0.431086   ,  0.402225   ,  0.665488   ,  1.60461    ,  0.0210268  ,  0.0415245  ,  0          ,  0          ,  0.658151   ,  1.33012    ,  0.561845   ,  2.09027    ,  1.14774    ,  2.56688    ])
136     , -11217.3    , array([ 0.520256   ,  3.30469    ,  0.645169   ,  0.431086   ,  0.402225   ,  0.665488   ,  1.60461    ,  0.111122   ,  0.0414898  ,  0.381966   ,  0          ,  0.658151   ,  1.33012    ,  0.561845   ,  2.09027    ,  1.14774    ,  2.56688    ])
170     , -11190.9    , array([ 0.520256   ,  3.30469    ,  0.645169   ,  0.431086   ,  0.402225   ,  0.665488   ,  1.60461    ,  0.111122   ,  0.0414898  ,  5.72057e-09,  0          ,  0.658151   ,  1.33012    ,  0.561845   ,  2.09027    ,  1.14774    ,  2.56688    ])
187     , -11190.9    , array([ 0.520256   ,  3.30469    ,  0.645169   ,  0.431086   ,  0.402225   ,  0.665488   ,  1.60461    ,  0.111122   ,  0.0414898  ,  0          ,  0          ,  0.658151   ,  1.33012    ,  0.561845   ,  2.09027    ,  1.14774    ,  2.56688    ])
204     , -11190.9    , array([ 0.520256   ,  3.30469    ,  0.645169   ,  0.431086   ,  0.402225   ,  0.665488   ,  1.60461    ,  0.111122   ,  0.0414898  ,  0          ,  1.14466e-05,  0.658151   ,  1.33012    ,  0.561845   ,  2.09027    ,  1.14774    ,  2.56688    ])
238     , -11216.4    , array([ 0.520256   ,  3.30469    ,  0.645169   ,  0.431086   ,  0.402225   ,  0.665488   ,  1.60461    ,  0.111122   ,  0.0414898  ,  0          ,  0          ,  1.04012    ,  1.33012    ,  0.561845   ,  2.09027    ,  1.14774    ,  2.56688    ])
255     , -11190.9    , array([ 0.520256   ,  3.30469    ,  0.645169   ,  0.431086   ,  0.402225   ,  0.665488   ,  1.60461    ,  0.111122   ,  0.0414898  ,  0          ,  0          ,  0.652917   ,  1.32964    ,  0.561845   ,  2.09027    ,  1.14774    ,  2.56688    ])
272     , -11190.9    , array([ 0.520256   ,  3.30469    ,  0.645169   ,  0.431086   ,  0.402225   ,  0.665488   ,  1.60461    ,  0.111122   ,  0.0414898  ,  0          ,  0          ,  0.652917   ,  1.32967    ,  0.563918   ,  2.09027    ,  1.14774    ,  2.56688    ])
289     , -11190.9    , array([ 0.520256   ,  3.30469    ,  0.645169   ,  0.431086   ,  0.402225   ,  0.665488   ,  1.60461    ,  0.111122   ,  0.0414898  ,  0          ,  0          ,  0.652917   ,  1.32967    ,  0.563918   ,  2.07843    ,  1.14774    ,  2.56688    ])
306     , -11190.8    , array([ 0.520256   ,  3.30469    ,  0.645169   ,  0.431086   ,  0.402225   ,  0.665488   ,  1.60461    ,  0.111122   ,  0.0414898  ,  0          ,  0          ,  0.652917   ,  1.32967    ,  0.563918   ,  2.07843    ,  1.15173    ,  2.55657    ])
