115     , -1320.42    , array([ 0.910168   ,  0.0994365  ,  5.21377    ,  2.22418    ,  0.0483403  ])
120     , -1313.45    , array([ 0.983776   ,  0.0994365  ,  5.21377    ,  2.22418    ,  0.0483403  ])
130     , -5224.07    , array([ 0.983722   ,  0.172313   ,  5.21377    ,  2.22418    ,  0.0483403  ])
135     , -1313.22    , array([ 0.983722   ,  0.0990319  ,  5.21377    ,  2.22418    ,  0.0483403  ])
140     , -1387.18    , array([ 0.983722   ,  0.0990319  ,  3.59573    ,  2.22418    ,  0.0483403  ])
145     , -1312.83    , array([ 0.983722   ,  0.0990319  ,  5.09911    ,  2.22418    ,  0.0483403  ])
150     , -1554.1     , array([ 0.983722   ,  0.0990319  ,  5.10052    ,  0.606144   ,  0.0483403  ])
155     , -1312.38    , array([ 0.983722   ,  0.0990319  ,  5.10052    ,  2.30538    ,  0.0483403  ])
170     , -2122.6     , array([ 0.983722   ,  0.0990319  ,  5.10052    ,  2.30438    ,  0.0351846  ])
175     , -1312.1     , array([ 0.983722   ,  0.0990319  ,  5.10052    ,  2.30438    ,  0.0486408  ])
185     , -1315.64    , array([ 0.938097   ,  0.0990319  ,  5.10052    ,  2.30438    ,  0.0486408  ])
190     , -1312.01    , array([ 0.992802   ,  0.0990319  ,  5.10052    ,  2.30438    ,  0.0486408  ])
195     , -24802.9    , array([ 0.992802   ,  0.480998   ,  5.10052    ,  2.30438    ,  0.0486408  ])
200     , -4035.46    , array([ 0.992802   ,  0.06459    ,  5.10052    ,  2.30438    ,  0.0486408  ])
205     , -1311.98    , array([ 0.992802   ,  0.0991779  ,  5.10052    ,  2.30438    ,  0.0486408  ])
210     , -1393.31    , array([ 0.992802   ,  0.0991779  ,  3.48249    ,  2.30438    ,  0.0486408  ])
215     , -1311.89    , array([ 0.992802   ,  0.0991779  ,  5.04503    ,  2.30438    ,  0.0486408  ])
220     , -1544.83    , array([ 0.992802   ,  0.0991779  ,  5.04567    ,  0.686345   ,  0.0486408  ])
225     , -1311.7     , array([ 0.992802   ,  0.0991779  ,  5.04567    ,  2.3559     ,  0.0486408  ])
240     , -2097.22    , array([ 0.992802   ,  0.0991779  ,  5.04567    ,  2.35527    ,  0.0354852  ])
245     , -1311.54    , array([ 0.992802   ,  0.0991779  ,  5.04567    ,  2.35527    ,  0.0488754  ])
250     , -1311.19    , array([ 1.01657    ,  0.0995601  ,  4.90206    ,  2.4885     ,  0.0494894  ])
255     , -1311.12    , array([ 1.00966    ,  0.099449   ,  4.94381    ,  2.44977    ,  0.0493109  ])
260     , -1311.12    , array([ 1.00983    ,  0.0994517  ,  4.94278    ,  2.45073    ,  0.0493153  ])
265     , -1311.19    , array([ 1.01457    ,  0.0994517  ,  4.94278    ,  2.45073    ,  0.0493153  ])
270     , -1311.1     , array([ 1.00529    ,  0.0994517  ,  4.94278    ,  2.45073    ,  0.0493153  ])
275     , -24716.1    , array([ 1.00529    ,  0.481418   ,  4.94278    ,  2.45073    ,  0.0493153  ])
280     , -3975.38    , array([ 1.00529    ,  0.0650099  ,  4.94278    ,  2.45073    ,  0.0493153  ])
285     , -1311.1     , array([ 1.00529    ,  0.0995045  ,  4.94278    ,  2.45073    ,  0.0493153  ])
290     , -1403.85    , array([ 1.00529    ,  0.0995045  ,  3.32474    ,  2.45073    ,  0.0493153  ])
295     , -1311.07    , array([ 1.00529    ,  0.0995045  ,  4.97083    ,  2.45073    ,  0.0493153  ])
310     , -2043.54    , array([ 1.00529    ,  0.0995045  ,  4.97055    ,  2.45073    ,  0.0361597  ])
315     , -1311.05    , array([ 1.00529    ,  0.0995045  ,  4.97055    ,  2.45073    ,  0.049396   ])
320     , -1311.05    , array([ 1.00529    ,  0.0995045  ,  4.97055    ,  2.45073    ,  0.049396   ])
325     , -1311.05    , array([ 1.00764    ,  0.0995424  ,  4.95631    ,  2.46394    ,  0.0494569  ])
