235     , -1310.98    , array([ 0.995631   ,  0.10063    ,  0.0503542  ,  5.01962    ,  2.49265    ])
240     , -1311.05    , array([ 1.00687    ,  0.10063    ,  0.0503542  ,  5.01962    ,  2.49265    ])
245     , -1310.97    , array([ 0.998423   ,  0.10063    ,  0.0503542  ,  5.01962    ,  2.49265    ])
250     , -24513.3    , array([ 0.998423   ,  0.482596   ,  0.0503542  ,  5.01962    ,  2.49265    ])
255     , -3885.44    , array([ 0.998423   ,  0.0661878  ,  0.0503542  ,  5.01962    ,  2.49265    ])
260     , -1310.97    , array([ 0.998423   ,  0.100581   ,  0.0503542  ,  5.01962    ,  2.49265    ])
275     , -1987.07    , array([ 0.998423   ,  0.100581   ,  0.0371986  ,  5.01962    ,  2.49265    ])
280     , -1310.97    , array([ 0.998423   ,  0.100581   ,  0.0503436  ,  5.01962    ,  2.49265    ])
285     , -1402.39    , array([ 0.998423   ,  0.100581   ,  0.0503436  ,  3.40159    ,  2.49265    ])
290     , -1310.97    , array([ 0.998423   ,  0.100581   ,  0.0503436  ,  5.01665    ,  2.49265    ])
295     , -1377.31    , array([ 0.998423   ,  0.100581   ,  0.0503436  ,  5.01674    ,  3.49265    ])
300     , -1310.98    , array([ 0.998423   ,  0.100581   ,  0.0503436  ,  5.01674    ,  2.50518    ])
305     , -1310.97    , array([ 0.998423   ,  0.100581   ,  0.0503436  ,  5.01674    ,  2.4944     ])
