3720    , -28066.5    , array([ 4.3185     ,  0.439443   ,  3.58351    ,  0.466052   ,  4.9493e-05 ,  1.84097    ,  2.41564    ,  4.76059    ])
3728    , -17988.5    , array([ 4.37745    ,  1.05748    ,  3.58351    ,  0.466052   ,  4.9493e-05 ,  1.84097    ,  2.41564    ,  4.76059    ])
3736    , -19944      , array([ 4.37745    ,  1.06366    ,  1.96547    ,  0.466052   ,  4.9493e-05 ,  1.84097    ,  2.41564    ,  4.76059    ])
3744    , -17980.1    , array([ 4.37745    ,  1.06366    ,  3.43998    ,  0.466052   ,  4.9493e-05 ,  1.84097    ,  2.41564    ,  4.76059    ])
3752    , -17191.5    , array([ 4.37745    ,  1.06366    ,  3.4414     ,  0.620004   ,  4.9493e-05 ,  1.84097    ,  2.41564    ,  4.76059    ])
3760    , -17167.6    , array([ 4.37745    ,  1.06366    ,  3.4414     ,  0.594394   ,  4.9493e-05 ,  1.84097    ,  2.41564    ,  4.76059    ])
3768    , -17004.4    , array([ 4.37745    ,  1.06366    ,  3.4414     ,  0.594394   ,  0.0469688  ,  1.84097    ,  2.41564    ,  4.76059    ])
3776    , -16225.5    , array([ 4.37745    ,  1.06366    ,  3.4414     ,  0.594394   ,  0.0464996  ,  2.459      ,  2.41564    ,  4.76059    ])
3792    , -14718.1    , array([ 4.37745    ,  1.06366    ,  3.4414     ,  0.594394   ,  0.0464996  ,  2.78492    ,  4.97795    ,  4.76059    ])
3800    , -14716.1    , array([ 4.37745    ,  1.06366    ,  3.4414     ,  0.594394   ,  0.0464996  ,  2.78492    ,  4.97795    ,  4.38496    ])
3808    , -14716      , array([ 4.37745    ,  1.06366    ,  3.4414     ,  0.594394   ,  0.0464996  ,  2.78492    ,  4.97795    ,  4.3256     ])
3816    , -14656.1    , array([ 4.74843    ,  1.06366    ,  3.4414     ,  0.594394   ,  0.0464996  ,  2.78492    ,  4.97795    ,  4.3256     ])
3824    , -14606.6    , array([ 4.74476    ,  1.05064    ,  3.4414     ,  0.594394   ,  0.0464996  ,  2.78492    ,  4.97795    ,  4.3256     ])
3832    , -14600.4    , array([ 4.74476    ,  0.869898   ,  4.4414     ,  0.594394   ,  0.0464996  ,  2.78492    ,  4.97795    ,  4.3256     ])
3840    , -14204.9    , array([ 4.74476    ,  0.869898   ,  3.01252    ,  0.594394   ,  0.0464996  ,  2.78492    ,  4.97795    ,  4.3256     ])
3848    , -17202.7    , array([ 4.74476    ,  0.869898   ,  3.13329    ,  0.97636    ,  0.0464996  ,  2.78492    ,  4.97795    ,  4.3256     ])
3856    , -14198.6    , array([ 4.74476    ,  0.869898   ,  3.13329    ,  0.59175    ,  0.0464996  ,  2.78492    ,  4.97795    ,  4.3256     ])
3864    , -14360.5    , array([ 4.74476    ,  0.869898   ,  3.13329    ,  0.59175    ,  0.119437   ,  2.78492    ,  4.97795    ,  4.3256     ])
3872    , -14284.7    , array([ 4.74476    ,  0.869898   ,  3.13329    ,  0.59175    ,  0.0586921  ,  3.78492    ,  4.97795    ,  4.3256     ])
3880    , -14127.8    , array([ 4.74476    ,  0.869898   ,  3.13329    ,  0.59175    ,  0.0586921  ,  3.13825    ,  4.97795    ,  4.3256     ])
3888    , -14190.9    , array([ 4.74476    ,  0.869898   ,  3.13329    ,  0.59175    ,  0.0586921  ,  3.13149    ,  4.66893    ,  4.3256     ])
3904    , -14124      , array([ 4.74476    ,  0.869898   ,  3.13329    ,  0.59175    ,  0.0586921  ,  3.13149    ,  4.99997    ,  4.3256     ])
3920    , -14110.1    , array([ 4.74476    ,  0.869898   ,  3.13329    ,  0.59175    ,  0.0586921  ,  3.13149    ,  4.99997    ,  4.96574    ])
3928    , -14097.6    , array([ 4.56473    ,  0.869898   ,  3.13329    ,  0.59175    ,  0.0586921  ,  3.13149    ,  4.99997    ,  4.96574    ])
3936    , -15602.5    , array([ 4.56653    ,  1.25186    ,  3.13329    ,  0.59175    ,  0.0586921  ,  3.13149    ,  4.99997    ,  4.96574    ])
3944    , -14087.1    , array([ 4.56653    ,  0.84282    ,  3.13329    ,  0.59175    ,  0.0586921  ,  3.13149    ,  4.99997    ,  4.96574    ])
3952    , -14106.6    , array([ 4.56653    ,  0.84282    ,  2.85554    ,  0.59175    ,  0.0586921  ,  3.13149    ,  4.99997    ,  4.96574    ])
3968    , -14085.9    , array([ 4.56653    ,  0.84282    ,  3.07944    ,  0.593352   ,  0.0586921  ,  3.13149    ,  4.99997    ,  4.96574    ])
3984    , -14353.7    , array([ 4.56653    ,  0.84282    ,  3.07944    ,  0.593368   ,  0.0669787  ,  4.13149    ,  4.99997    ,  4.96574    ])
3992    , -14080.3    , array([ 4.56653    ,  0.84282    ,  3.07944    ,  0.593368   ,  0.0669787  ,  3.21779    ,  4.99997    ,  4.96574    ])
4000    , -14155      , array([ 4.56653    ,  0.84282    ,  3.07944    ,  0.593368   ,  0.0669787  ,  3.21055    ,  4.38194    ,  4.96574    ])
4008    , -14081.3    , array([ 4.56653    ,  0.84282    ,  3.07944    ,  0.593368   ,  0.0669787  ,  3.21055    ,  4.98275    ,  4.96574    ])
4016    , -14080.1    , array([ 4.56653    ,  0.84282    ,  3.07944    ,  0.593368   ,  0.0669787  ,  3.21055    ,  4.9996     ,  4.96574    ])
4040    , -14077.2    , array([ 4.56653    ,  0.84282    ,  3.07944    ,  0.593368   ,  0.0669787  ,  3.21055    ,  5          ,  4.59322    ])
4048    , -15677.9    , array([ 2.9485     ,  0.84282    ,  3.07944    ,  0.593368   ,  0.0669787  ,  3.21055    ,  5          ,  4.59322    ])
4056    , -14071.6    , array([ 4.44943    ,  0.84282    ,  3.07944    ,  0.593368   ,  0.0669787  ,  3.21055    ,  5          ,  4.59322    ])
4064    , -14124.6    , array([ 4.45059    ,  0.772618   ,  3.07944    ,  0.593368   ,  0.0669787  ,  3.21055    ,  5          ,  4.59322    ])
4072    , -16520.3    , array([ 4.45059    ,  0.830242   ,  1.4614     ,  0.593368   ,  0.0669787  ,  3.21055    ,  5          ,  4.59322    ])
4080    , -14067.2    , array([ 4.45059    ,  0.830242   ,  3.00472    ,  0.593368   ,  0.0669787  ,  3.21055    ,  5          ,  4.59322    ])
4088    , -14889.7    , array([ 4.45059    ,  0.830242   ,  3.00472    ,  0.784329   ,  0.0669787  ,  3.21055    ,  5          ,  4.59322    ])
4096    , -25757.7    , array([ 4.45059    ,  0.830242   ,  3.00472    ,  0.598717   ,  1.06698    ,  3.21055    ,  5          ,  4.59322    ])
4104    , -14069.7    , array([ 4.45059    ,  0.830242   ,  3.00472    ,  0.598717   ,  0.063232   ,  3.21055    ,  5          ,  4.59322    ])
4112    , -14063.4    , array([ 4.45059    ,  0.830242   ,  3.00472    ,  0.598717   ,  0.0748614  ,  3.21055    ,  5          ,  4.59322    ])
4120    , -14062.3    , array([ 4.45059    ,  0.830242   ,  3.00472    ,  0.598717   ,  0.0748614  ,  3.25414    ,  5          ,  4.59322    ])
4128    , -14141.1    , array([ 4.45059    ,  0.830242   ,  3.00472    ,  0.598717   ,  0.0748614  ,  3.25522    ,  4.38197    ,  4.59322    ])
4136    , -14063.5    , array([ 4.45059    ,  0.830242   ,  3.00472    ,  0.598717   ,  0.0748614  ,  3.25522    ,  4.98278    ,  4.59322    ])
4144    , -14062.3    , array([ 4.45059    ,  0.830242   ,  3.00472    ,  0.598717   ,  0.0748614  ,  3.25522    ,  4.99963    ,  4.59322    ])
4152    , -14062.3    , array([ 4.45059    ,  0.830242   ,  3.00472    ,  0.598717   ,  0.0748614  ,  3.25522    ,  4.99999    ,  4.59322    ])
4160    , -14062.3    , array([ 4.45059    ,  0.830242   ,  3.00472    ,  0.598717   ,  0.0748614  ,  3.25522    ,  5          ,  4.59322    ])
4176    , -14071.7    , array([ 4.45059    ,  0.830242   ,  3.00472    ,  0.598717   ,  0.0748614  ,  3.25522    ,  5          ,  4.97518    ])
4184    , -14059.3    , array([ 4.45059    ,  0.830242   ,  3.00472    ,  0.598717   ,  0.0748614  ,  3.25522    ,  5          ,  4.28423    ])
4192    , -14054.8    , array([ 4.35039    ,  0.830242   ,  3.00472    ,  0.598717   ,  0.0748614  ,  3.25522    ,  5          ,  4.28423    ])
4200    , -15521.9    , array([ 4.35039    ,  1.21221    ,  3.00472    ,  0.598717   ,  0.0748614  ,  3.25522    ,  5          ,  4.28423    ])
4208    , -14053.4    , array([ 4.35039    ,  0.8204     ,  3.00472    ,  0.598717   ,  0.0748614  ,  3.25522    ,  5          ,  4.28423    ])
4216    , -14072.4    , array([ 4.35039    ,  0.8204     ,  2.70572    ,  0.598717   ,  0.0748614  ,  3.25522    ,  5          ,  4.28423    ])
4232    , -14049.9    , array([ 4.35039    ,  0.8204     ,  2.92307    ,  0.603681   ,  0.0748614  ,  3.25522    ,  5          ,  4.28423    ])
4240    , -14392.4    , array([ 4.35039    ,  0.8204     ,  2.92307    ,  0.603731   ,  0.00180934 ,  3.25522    ,  5          ,  4.28423    ])
4248    , -16605.1    , array([ 4.35039    ,  0.8204     ,  2.92307    ,  0.603731   ,  0.0828502  ,  1.63719    ,  5          ,  4.28423    ])
4256    , -14045.9    , array([ 4.35039    ,  0.8204     ,  2.92307    ,  0.603731   ,  0.0828502  ,  3.30348    ,  5          ,  4.28423    ])
4264    , -14125.5    , array([ 4.35039    ,  0.8204     ,  2.92307    ,  0.603731   ,  0.0828502  ,  3.30299    ,  4.38197    ,  4.28423    ])
4272    , -14047      , array([ 4.35039    ,  0.8204     ,  2.92307    ,  0.603731   ,  0.0828502  ,  3.30299    ,  4.98278    ,  4.28423    ])
4280    , -14045.9    , array([ 4.35039    ,  0.8204     ,  2.92307    ,  0.603731   ,  0.0828502  ,  3.30299    ,  4.99963    ,  4.28423    ])
4288    , -14045.9    , array([ 4.35039    ,  0.8204     ,  2.92307    ,  0.603731   ,  0.0828502  ,  3.30299    ,  4.99999    ,  4.28423    ])
4296    , -14045.9    , array([ 4.35039    ,  0.8204     ,  2.92307    ,  0.603731   ,  0.0828502  ,  3.30299    ,  5          ,  4.28423    ])
4304    , -14045.9    , array([ 4.35039    ,  0.8204     ,  2.92307    ,  0.603731   ,  0.0828502  ,  3.30299    ,  5          ,  4.28423    ])
4312    , -14045.9    , array([ 4.35039    ,  0.8204     ,  2.92307    ,  0.603731   ,  0.0828502  ,  3.30299    ,  5          ,  4.28423    ])
4320    , -14048.7    , array([ 4.35039    ,  0.8204     ,  2.92307    ,  0.603731   ,  0.0828502  ,  3.30299    ,  5          ,  3.66619    ])
4328    , -14043.1    , array([ 4.35039    ,  0.8204     ,  2.92307    ,  0.603731   ,  0.0828502  ,  3.30299    ,  5          ,  4.04234    ])
4336    , -14040      , array([ 4.29854    ,  0.8204     ,  2.92307    ,  0.603731   ,  0.0828502  ,  3.30299    ,  5          ,  4.03989    ])
4344    , -14039.3    , array([ 4.26038    ,  0.8204     ,  2.92307    ,  0.603731   ,  0.0828502  ,  3.30299    ,  5          ,  4.03989    ])
4352    , -14038.2    , array([ 4.26038    ,  0.811882   ,  2.92307    ,  0.603731   ,  0.0828502  ,  3.30299    ,  5          ,  4.03989    ])
4360    , -14037.6    , array([ 4.26038    ,  0.811882   ,  2.91388    ,  0.603731   ,  0.0828502  ,  3.30299    ,  5          ,  4.03989    ])
4376    , -14035.3    , array([ 4.26038    ,  0.811882   ,  2.84827    ,  0.607828   ,  0.0828502  ,  3.30299    ,  5          ,  4.03989    ])
4384    , -17138      , array([ 4.26038    ,  0.811882   ,  2.84827    ,  0.607787   ,  0.464816   ,  3.30299    ,  5          ,  4.03989    ])
4392    , -14032.6    , array([ 4.26038    ,  0.811882   ,  2.84827    ,  0.607787   ,  0.0909085  ,  3.30299    ,  5          ,  4.03989    ])
4400    , -14031.6    , array([ 4.26038    ,  0.811882   ,  2.84827    ,  0.607787   ,  0.0909085  ,  3.35001    ,  5          ,  4.03989    ])
4408    , -14031.6    , array([ 4.26038    ,  0.811882   ,  2.84827    ,  0.607787   ,  0.0909085  ,  3.35286    ,  5          ,  4.03989    ])
4464    , -14335.6    , array([ 4.26038    ,  0.811882   ,  2.84827    ,  0.607787   ,  0.0909085  ,  3.35286    ,  5          ,  2.42186    ])
4472    , -14029.1    , array([ 4.26038    ,  0.811882   ,  2.84827    ,  0.607787   ,  0.0909085  ,  3.35286    ,  5          ,  3.78568    ])
4480    , -14016.3    , array([ 4.17036    ,  0.803364   ,  2.77347    ,  0.611843   ,  0.0989668  ,  3.40273    ,  5          ,  3.56247    ])
4488    , -14003.2    , array([ 3.99086    ,  0.786378   ,  2.6243     ,  0.619932   ,  0.115036   ,  3.50217    ,  5          ,  3.08645    ])
4496    , -13997.8    , array([ 3.99521    ,  0.78679    ,  2.62792    ,  0.619736   ,  0.114646   ,  3.49976    ,  5          ,  3.31137    ])
4512    , -13997.6    , array([ 3.99521    ,  0.785942   ,  2.62792    ,  0.619736   ,  0.114646   ,  3.49976    ,  5          ,  3.32798    ])
4520    , -14065.6    , array([ 3.99521    ,  0.78595    ,  3.00988    ,  0.619736   ,  0.114646   ,  3.49976    ,  5          ,  3.32798    ])
4536    , -13997.4    , array([ 3.99521    ,  0.78595    ,  2.61152    ,  0.617845   ,  0.114646   ,  3.49976    ,  5          ,  3.32798    ])
4544    , -16803.5    , array([ 3.99521    ,  0.78595    ,  2.61152    ,  0.617845   ,  0.496612   ,  3.49976    ,  5          ,  3.32798    ])
4552    , -13995.1    , array([ 3.99521    ,  0.78595    ,  2.61152    ,  0.617845   ,  0.122435   ,  3.49976    ,  5          ,  3.32798    ])
4560    , -13995.2    , array([ 3.99521    ,  0.78595    ,  2.61152    ,  0.617845   ,  0.122435   ,  3.50356    ,  5          ,  3.32798    ])
4568    , -14413      , array([ 3.99521    ,  0.78595    ,  2.61152    ,  0.617845   ,  0.122435   ,  3.4971     ,  3.38197    ,  3.32798    ])
4576    , -13995.4    , array([ 3.99521    ,  0.78595    ,  2.61152    ,  0.617845   ,  0.122435   ,  3.4971     ,  4.98278    ,  3.32798    ])
4584    , -13995.1    , array([ 3.99521    ,  0.78595    ,  2.61152    ,  0.617845   ,  0.122435   ,  3.4971     ,  4.99963    ,  3.32798    ])
4592    , -13995.1    , array([ 3.99521    ,  0.78595    ,  2.61152    ,  0.617845   ,  0.122435   ,  3.4971     ,  4.99999    ,  3.32798    ])
4600    , -13995.1    , array([ 3.99521    ,  0.78595    ,  2.61152    ,  0.617845   ,  0.122435   ,  3.4971     ,  5          ,  3.32798    ])
4608    , -13995.1    , array([ 3.99521    ,  0.78595    ,  2.61152    ,  0.617845   ,  0.122435   ,  3.4971     ,  5          ,  3.32798    ])
4616    , -13995.1    , array([ 3.99521    ,  0.78595    ,  2.61152    ,  0.617845   ,  0.122435   ,  3.4971     ,  5          ,  3.32798    ])
4624    , -14056.4    , array([ 4.42426    ,  0.82655    ,  2.96806    ,  0.598512   ,  0.084027   ,  3.25942    ,  5          ,  4.46576    ])
4632    , -13990.6    , array([ 3.90304    ,  0.777229   ,  2.53493    ,  0.621998   ,  0.130686   ,  3.54816    ,  5          ,  3.08356    ])
4640    , -13990      , array([ 3.90304    ,  0.777229   ,  2.53493    ,  0.621998   ,  0.130686   ,  3.54816    ,  5          ,  3.22647    ])
4648    , -13989.7    , array([ 3.90304    ,  0.777229   ,  2.53493    ,  0.621998   ,  0.130686   ,  3.54816    ,  5          ,  3.16975    ])
4656    , -13990.3    , array([ 3.90304    ,  0.78509    ,  2.53493    ,  0.621998   ,  0.130686   ,  3.54816    ,  5          ,  3.16975    ])
4664    , -13989.7    , array([ 3.90304    ,  0.778799   ,  2.53493    ,  0.621998   ,  0.130686   ,  3.54816    ,  5          ,  3.16975    ])
4672    , -13989.6    , array([ 3.90304    ,  0.778799   ,  2.52385    ,  0.621998   ,  0.130686   ,  3.54816    ,  5          ,  3.16975    ])
4680    , -13989.5    , array([ 3.90304    ,  0.778799   ,  2.52385    ,  0.621727   ,  0.130686   ,  3.54816    ,  5          ,  3.16975    ])
4696    , -13987      , array([ 3.90304    ,  0.778799   ,  2.52385    ,  0.61634    ,  0.138007   ,  3.54816    ,  5          ,  3.16975    ])
4704    , -14036.2    , array([ 3.90304    ,  0.778799   ,  2.52385    ,  0.61634    ,  0.137917   ,  3.93012    ,  5          ,  3.16975    ])
4712    , -13986.9    , array([ 3.90304    ,  0.778799   ,  2.52385    ,  0.61634    ,  0.137917   ,  3.54412    ,  5          ,  3.16975    ])
4720    , -13986.6    , array([ 3.90304    ,  0.778799   ,  2.52385    ,  0.61634    ,  0.137917   ,  3.54412    ,  4.94668    ,  3.16975    ])
4728    , -13986.6    , array([ 3.80175    ,  0.769214   ,  2.43969    ,  0.620904   ,  0.146984   ,  3.60023    ,  4.94601    ,  2.90116    ])
4736    , -13962.1    , array([ 3.38867    ,  0.744432   ,  1.99549    ,  0.58796    ,  0.249851   ,  3.79228    ,  4.454      ,  2.59117    ])
4744    , -13961.5    , array([ 3.44295    ,  0.747893   ,  2.05242    ,  0.591552   ,  0.237276   ,  3.76652    ,  4.51162    ,  2.64313    ])
4752    , -13961.1    , array([ 3.44295    ,  0.747893   ,  2.05242    ,  0.591552   ,  0.237276   ,  3.76652    ,  4.51162    ,  2.69267    ])
4760    , -13961.1    , array([ 3.44295    ,  0.747893   ,  2.05242    ,  0.591552   ,  0.237276   ,  3.76652    ,  4.51162    ,  2.69267    ])
4768    , -13960      , array([ 3.44295    ,  0.755476   ,  2.05242    ,  0.591552   ,  0.237276   ,  3.76652    ,  4.51162    ,  2.69267    ])
4776    , -13959.2    , array([ 3.44295    ,  0.755553   ,  2.07794    ,  0.591552   ,  0.237276   ,  3.76652    ,  4.51162    ,  2.69267    ])
4784    , -13959.2    , array([ 3.44295    ,  0.755553   ,  2.0821     ,  0.591552   ,  0.237276   ,  3.76652    ,  4.51162    ,  2.69267    ])
4792    , -13958.5    , array([ 3.44295    ,  0.755553   ,  2.0821     ,  0.585791   ,  0.237276   ,  3.76652    ,  4.51162    ,  2.69267    ])
4800    , -13958.2    , array([ 3.48686    ,  0.759707   ,  2.11858    ,  0.583812   ,  0.233346   ,  3.7422     ,  4.51162    ,  2.80909    ])
4808    , -13957.9    , array([ 3.46698    ,  0.757826   ,  2.10206    ,  0.584708   ,  0.235125   ,  3.75321    ,  4.51162    ,  2.75638    ])
4816    , -13977.2    , array([ 3.46698    ,  0.757826   ,  2.10206    ,  0.584708   ,  0.235125   ,  3.49847    ,  4.51162    ,  2.75638    ])
4824    , -13957.8    , array([ 3.46698    ,  0.757826   ,  2.10206    ,  0.584708   ,  0.235125   ,  3.72476    ,  4.51162    ,  2.75638    ])
4832    , -13956.1    , array([ 3.46698    ,  0.757826   ,  2.10206    ,  0.584708   ,  0.235125   ,  3.72476    ,  4.42474    ,  2.75638    ])
4840    , -13956.1    , array([ 3.46698    ,  0.757826   ,  2.10206    ,  0.584708   ,  0.235125   ,  3.72476    ,  4.40965    ,  2.75638    ])
4848    , -13954.2    , array([ 3.36686    ,  0.751442   ,  1.99706    ,  0.578082   ,  0.258321   ,  3.77228    ,  4.30337    ,  2.66053    ])
4856    , -13974.8    , array([ 3.36785    ,  0.751506   ,  1.9981     ,  0.578148   ,  0.258091   ,  3.77181    ,  4.30443    ,  3.04345    ])
4864    , -13954.2    , array([ 3.36785    ,  0.751506   ,  1.9981     ,  0.578148   ,  0.258091   ,  3.77181    ,  4.30443    ,  2.65942    ])
4872    , -13954.2    , array([ 3.36785    ,  0.751506   ,  1.9981     ,  0.578148   ,  0.258091   ,  3.77181    ,  4.30443    ,  2.65978    ])
4880    , -13954.1    , array([ 3.36785    ,  0.752817   ,  1.9981     ,  0.578148   ,  0.258091   ,  3.77181    ,  4.30443    ,  2.65978    ])
4888    , -13959.5    , array([ 3.36785    ,  0.75283    ,  2.08617    ,  0.578148   ,  0.258091   ,  3.77181    ,  4.30443    ,  2.65978    ])
4904    , -13954      , array([ 3.36785    ,  0.75283    ,  2.01017    ,  0.578346   ,  0.258091   ,  3.77181    ,  4.30443    ,  2.65978    ])
4912    , -13968.4    , array([ 3.26656    ,  0.743246   ,  1.926      ,  0.58291    ,  0.267158   ,  3.82792    ,  4.30443    ,  2.39118    ])
4920    , -13954      , array([ 3.36881    ,  0.752922   ,  2.01097    ,  0.578303   ,  0.258004   ,  3.77127    ,  4.30443    ,  2.66234    ])
4928    , -13953.9    , array([ 3.36881    ,  0.752922   ,  2.01097    ,  0.578303   ,  0.258004   ,  3.78634    ,  4.30443    ,  2.66234    ])
4936    , -13953.9    , array([ 3.36881    ,  0.752922   ,  2.01097    ,  0.578303   ,  0.258004   ,  3.7822     ,  4.30443    ,  2.66234    ])
4944    , -13953.8    , array([ 3.36881    ,  0.752922   ,  2.01097    ,  0.578303   ,  0.258004   ,  3.7822     ,  4.28468    ,  2.66234    ])
4952    , -13954.1    , array([ 3.28812    ,  0.747777   ,  1.92634    ,  0.572963   ,  0.276698   ,  3.8205     ,  4.19902    ,  2.5851     ])
4960    , -13953.6    , array([ 3.34877    ,  0.751644   ,  1.98995    ,  0.576977   ,  0.262647   ,  3.79171    ,  4.26341    ,  2.64316    ])
