408     , -88.7766    , array([ 0.0454905  ,  1.04376    ,  0.024425   ,  0.0453031  ])
420     , -210.954    , array([ 0.0323349  ,  1.04376    ,  0.024425   ,  0.0453031  ])
424     , -88.7729    , array([ 0.0455854  ,  1.04376    ,  0.024425   ,  0.0453031  ])
428     , -88.7728    , array([ 0.0455828  ,  1.04376    ,  0.024425   ,  0.0453031  ])
432     , -314.509    , array([ 0.0455828  ,  0.425725   ,  0.024425   ,  0.0453031  ])
436     , -88.7762    , array([ 0.0455828  ,  1.04833    ,  0.024425   ,  0.0453031  ])
440     , -88.7728    , array([ 0.0455828  ,  1.04407    ,  0.024425   ,  0.0453031  ])
444     , -88.7728    , array([ 0.0455828  ,  1.04402    ,  0.024425   ,  0.0453031  ])
456     , -88.8138    , array([ 0.0455828  ,  1.04402    ,  0.024587   ,  0.0453031  ])
460     , -88.7725    , array([ 0.0455828  ,  1.04402    ,  0.0244101  ,  0.0453031  ])
464     , -88.7726    , array([ 0.0455828  ,  1.04402    ,  0.0244092  ,  0.0453031  ])
468     , -3858.61    , array([ 0.0455828  ,  1.04402    ,  0.0244101  ,  1.0453     ])
472     , -3445.39    , array([ 0.0455828  ,  1.04402    ,  0.0244101  ,  0.427269   ])
476     , -908.347    , array([ 0.0455828  ,  1.04402    ,  0.0244101  ,  0.118242   ])
480     , -91.9095    , array([ 0.0455828  ,  1.04402    ,  0.0244101  ,  0.0480882  ])
484     , -88.7716    , array([ 0.0455828  ,  1.04402    ,  0.0244101  ,  0.0452549  ])
