6       , -5180.48    , array([ 0.228095   ,  1.06752    ,  0.0902035  ,  0.0608187  ,  5.43398    ,  2.65765    ])
12      , -1361.38    , array([ 0.820075   ,  1.06752    ,  0.0902035  ,  0.0608187  ,  5.43398    ,  2.65765    ])
18      , -1312.37    , array([ 0.846419   ,  1.06752    ,  0.0902035  ,  0.0608187  ,  5.43398    ,  2.65765    ])
24      , -1358.62    , array([ 0.846422   ,  1.44948    ,  0.0902035  ,  0.0608187  ,  5.43398    ,  2.65765    ])
30      , -1312.37    , array([ 0.846422   ,  1.06725    ,  0.0902035  ,  0.0608187  ,  5.43398    ,  2.65765    ])
36      , -1312.37    , array([ 0.846422   ,  1.06715    ,  0.0902035  ,  0.0608187  ,  5.43398    ,  2.65765    ])
42      , -18760.2    , array([ 0.846422   ,  1.06725    ,  1.0902     ,  0.0608187  ,  5.43398    ,  2.65765    ])
54      , -1312.51    , array([ 0.846422   ,  1.06725    ,  0.0898246  ,  0.0608187  ,  5.43398    ,  2.65765    ])
60      , -14011.2    , array([ 0.846422   ,  1.06725    ,  0.0902783  ,  1.06082    ,  5.43398    ,  2.65765    ])
72      , -1334.25    , array([ 0.846422   ,  1.06725    ,  0.0902783  ,  0.0645893  ,  5.43398    ,  2.65765    ])
78      , -1312.37    , array([ 0.846422   ,  1.06725    ,  0.0902783  ,  0.0608128  ,  5.43398    ,  2.65765    ])
84      , -1326.45    , array([ 0.846422   ,  1.06725    ,  0.0902783  ,  0.0608126  ,  4.81595    ,  2.65765    ])
90      , -1312.37    , array([ 0.846422   ,  1.06725    ,  0.0902783  ,  0.0608126  ,  5.43177    ,  2.65765    ])
96      , -1323.15    , array([ 0.846422   ,  1.06725    ,  0.0902783  ,  0.0608126  ,  5.4318     ,  3.03962    ])
102     , -1312.37    , array([ 0.846422   ,  1.06725    ,  0.0902783  ,  0.0608126  ,  5.4318     ,  2.65626    ])
