5348    , -106.034    , array([ 0.124948   ,  1.26011    ,  0.0845926  ,  0.0316611  ])
5352    , -106.034    , array([ 0.124948   ,  1.26011    ,  0.0845926  ,  0.0316611  ])
5360    , -113.442    , array([ 0.137497   ,  1.26011    ,  0.0845926  ,  0.0316611  ])
5364    , -106.017    , array([ 0.125502   ,  1.26011    ,  0.0845926  ,  0.0316611  ])
5372    , -106.757    , array([ 0.125502   ,  1.39569    ,  0.0845926  ,  0.0316611  ])
5376    , -106.003    , array([ 0.125502   ,  1.27541    ,  0.0845926  ,  0.0316611  ])
5384    , -2680.18    , array([ 0.125502   ,  1.27541    ,  0.27552    ,  0.0316611  ])
5388    , -105.88     , array([ 0.125502   ,  1.27541    ,  0.083661   ,  0.0316611  ])
5392    , -105.874    , array([ 0.125502   ,  1.27541    ,  0.0834151  ,  0.0316611  ])
5408    , -105.859    , array([ 0.125502   ,  1.27541    ,  0.0834151  ,  0.0318028  ])
5412    , -105.999    , array([ 0.126055   ,  1.2907     ,  0.0822376  ,  0.0319714  ])
5416    , -105.859    , array([ 0.125502   ,  1.27541    ,  0.0834151  ,  0.0318163  ])
5424    , -113.044    , array([ 0.136213   ,  1.27541    ,  0.0834151  ,  0.0318163  ])
5428    , -105.802    , array([ 0.124517   ,  1.27541    ,  0.0834151  ,  0.0318163  ])
5436    , -106.626    , array([ 0.124517   ,  1.40425    ,  0.0834151  ,  0.0318163  ])
5440    , -105.802    , array([ 0.124517   ,  1.27804    ,  0.0834151  ,  0.0318163  ])
5444    , -105.802    , array([ 0.124517   ,  1.27787    ,  0.0834151  ,  0.0318163  ])
5448    , -9611.47    , array([ 0.124517   ,  1.27799    ,  1.08342    ,  0.0318163  ])
5452    , -7089.27    , array([ 0.124517   ,  1.27799    ,  0.465381   ,  0.0318163  ])
5456    , -1559.71    , array([ 0.124517   ,  1.27799    ,  0.00940891 ,  0.0318163  ])
5460    , -105.711    , array([ 0.124517   ,  1.27799    ,  0.0824641  ,  0.0318163  ])
5464    , -105.711    , array([ 0.124517   ,  1.27799    ,  0.0824333  ,  0.0318163  ])
5480    , -105.699    , array([ 0.124517   ,  1.27799    ,  0.0824333  ,  0.0319369  ])
5484    , -105.545    , array([ 0.123532   ,  1.28057    ,  0.0814515  ,  0.0320861  ])
5488    , -105.111    , array([ 0.0995652  ,  1.34339    ,  0.0575561  ,  0.0353701  ])
5492    , -104.178    , array([ 0.108111   ,  1.32099    ,  0.0660765  ,  0.0341991  ])
5496    , -104.379    , array([ 0.11353    ,  1.30678    ,  0.0714793  ,  0.0334566  ])
5504    , -919.749    , array([ 0.299304   ,  1.32041    ,  0.066298   ,  0.0341687  ])
5508    , -239.127    , array([ 0.0738914  ,  1.32041    ,  0.066298   ,  0.0341687  ])
5512    , -119.006    , array([ 0.0934693  ,  1.32041    ,  0.066298   ,  0.0341687  ])
5516    , -103.739    , array([ 0.106019   ,  1.32041    ,  0.066298   ,  0.0341687  ])
5520    , -158.189    , array([ 0.106019   ,  0.702371   ,  0.066298   ,  0.0341687  ])
5524    , -103.621    , array([ 0.106019   ,  1.28133    ,  0.066298   ,  0.0341687  ])
5528    , -103.619    , array([ 0.106019   ,  1.27626    ,  0.066298   ,  0.0341687  ])
5532    , -103.619    , array([ 0.106019   ,  1.2767     ,  0.066298   ,  0.0341687  ])
5540    , -385.556    , array([ 0.106019   ,  1.2767     ,  0.066298   ,  0.0620275  ])
5544    , -103.634    , array([ 0.106019   ,  1.2767     ,  0.066298   ,  0.0348946  ])
5548    , -103.547    , array([ 0.106019   ,  1.2767     ,  0.066298   ,  0.0345138  ])
5552    , -104.77     , array([ 0.116021   ,  1.25048    ,  0.0762702  ,  0.0331434  ])
5556    , -103.306    , array([ 0.100721   ,  1.29058    ,  0.0610151  ,  0.0352399  ])
5560    , -103.306    , array([ 0.100721   ,  1.29058    ,  0.0610151  ,  0.0352399  ])
5568    , -44088.3    , array([ 0.0105508  ,  1.29058    ,  0.0610151  ,  0.0352399  ])
5572    , -104.152    , array([ 0.102711   ,  1.29058    ,  0.0610151  ,  0.0352399  ])
5576    , -103.139    , array([ 0.0994025  ,  1.29058    ,  0.0610151  ,  0.0352399  ])
5580    , -103.139    , array([ 0.0993892  ,  1.29058    ,  0.0610151  ,  0.0352399  ])
5584    , -103.393    , array([ 0.0993892  ,  1.18149    ,  0.0610151  ,  0.0352399  ])
5588    , -103.017    , array([ 0.0993892  ,  1.24946    ,  0.0610151  ,  0.0352399  ])
5596    , -2953.42    , array([ 0.0993892  ,  1.24905    ,  0.0610151  ,  0.226188   ])
5600    , -2012.14    , array([ 0.0993892  ,  1.24905    ,  0.0610151  ,  0.000798003])
5604    , -103.033    , array([ 0.0993892  ,  1.24905    ,  0.0610151  ,  0.0360471  ])
5608    , -102.931    , array([ 0.0993892  ,  1.24905    ,  0.0610151  ,  0.0356253  ])
5612    , -104.15     , array([ 0.109391   ,  1.22283    ,  0.0709873  ,  0.0342548  ])
5616    , -102.811    , array([ 0.0961094  ,  1.25765    ,  0.0577451  ,  0.0360747  ])
5620    , -102.361    , array([ 0.0914325  ,  1.22488    ,  0.0544097  ,  0.0369185  ])
5624    , -106.955    , array([ 0.0549825  ,  0.967028   ,  0.0284879  ,  0.0435062  ])
5628    , -101.394    , array([ 0.0762064  ,  1.11717    ,  0.0435815  ,  0.0396704  ])
5632    , -101.383    , array([ 0.0748439  ,  1.10753    ,  0.0426126  ,  0.0399166  ])
5636    , -102.517    , array([ 0.084846   ,  1.08131    ,  0.0525848  ,  0.0385461  ])
5640    , -101.225    , array([ 0.0770701  ,  1.10169    ,  0.0448321  ,  0.0396116  ])
5644    , -101.224    , array([ 0.0769937  ,  1.1019     ,  0.0447559  ,  0.0396221  ])
5648    , -263.978    , array([ 0.0769937  ,  0.483861   ,  0.0447559  ,  0.0396221  ])
5652    , -101.156    , array([ 0.0769937  ,  1.12911    ,  0.0447559  ,  0.0396221  ])
5656    , -101.154    , array([ 0.0769937  ,  1.12582    ,  0.0447559  ,  0.0396221  ])
5660    , -101.154    , array([ 0.0769937  ,  1.12558    ,  0.0447559  ,  0.0396221  ])
5668    , -289.015    , array([ 0.0769937  ,  1.12558    ,  0.0447559  ,  0.0637273  ])
5672    , -101.149    , array([ 0.0769937  ,  1.12558    ,  0.0447559  ,  0.0397161  ])
5676    , -101.149    , array([ 0.0769937  ,  1.12558    ,  0.0447559  ,  0.039724   ])
5680    , -102.247    , array([ 0.0901162  ,  1.21841    ,  0.0540881  ,  0.0373523  ])
5684    , -100.897    , array([ 0.0701271  ,  1.07701    ,  0.0398726  ,  0.040965   ])
5688    , -100.897    , array([ 0.0701271  ,  1.07701    ,  0.0398726  ,  0.040965   ])
5692    , -103.042    , array([ 0.0801291  ,  1.05079    ,  0.0498448  ,  0.0395946  ])
5696    , -100.86     , array([ 0.071095   ,  1.07447    ,  0.0408377  ,  0.0408324  ])
5700    , -100.859    , array([ 0.071046   ,  1.0746     ,  0.0407888  ,  0.0408391  ])
5704    , -287.491    , array([ 0.071046   ,  0.456567   ,  0.0407888  ,  0.0408391  ])
5708    , -100.799    , array([ 0.071046   ,  1.09927    ,  0.0407888  ,  0.0408391  ])
5712    , -100.797    , array([ 0.071046   ,  1.0958     ,  0.0407888  ,  0.0408391  ])
5716    , -100.797    , array([ 0.071046   ,  1.09559    ,  0.0407888  ,  0.0408391  ])
5724    , -279.147    , array([ 0.071046   ,  1.09559    ,  0.0407888  ,  0.0646135  ])
5728    , -100.797    , array([ 0.071046   ,  1.09559    ,  0.0407888  ,  0.0407997  ])
5732    , -100.797    , array([ 0.071046   ,  1.09559    ,  0.0407888  ,  0.040812   ])
5736    , -101.875    , array([ 0.0841685  ,  1.18842    ,  0.050121   ,  0.0384403  ])
5740    , -100.692    , array([ 0.0670058  ,  1.06701    ,  0.0379156  ,  0.0415422  ])
5744    , -100.517    , array([ 0.0641177  ,  1.05866    ,  0.0361243  ,  0.0420773  ])
5748    , -100.009    , array([ 0.0453714  ,  1.00142    ,  0.0244316  ,  0.0455468  ])
5752    , -100.032    , array([ 0.0506748  ,  1.01762    ,  0.0277395  ,  0.0445653  ])
5756    , -99.9978    , array([ 0.0469182  ,  1.00615    ,  0.0253964  ,  0.0452606  ])
5760    , -99.9976    , array([ 0.0471182  ,  1.00676    ,  0.0255212  ,  0.0452235  ])
5764    , -99.9998    , array([ 0.0471079  ,  1.00678    ,  0.0255109  ,  0.0452249  ])
5768    , -99.9368    , array([ 0.0477173  ,  1.00519    ,  0.0261185  ,  0.0451414  ])
5776    , -102.813    , array([ 0.0477173  ,  1.15058    ,  0.0261185  ,  0.0451414  ])
5780    , -99.9091    , array([ 0.0477173  ,  1.01702    ,  0.0261185  ,  0.0451414  ])
5788    , -2291.77    , array([ 0.0477173  ,  1.01702    ,  0.0261185  ,  0.236097   ])
5792    , -1225.07    , array([ 0.0477173  ,  1.01702    ,  0.0261185  ,  0.0106996  ])
5796    , -99.8919    , array([ 0.0477173  ,  1.01702    ,  0.0261185  ,  0.0450871  ])
5800    , -99.8383    , array([ 0.0477173  ,  1.01702    ,  0.0261185  ,  0.0447205  ])
5804    , -99.8383    , array([ 0.0477173  ,  1.01702    ,  0.0261185  ,  0.0447247  ])
5808    , -99.7784    , array([ 0.0437683  ,  1.00497    ,  0.0236553  ,  0.0454556  ])
5812    , -99.7775    , array([ 0.0432269  ,  1.00331    ,  0.0233176  ,  0.0455558  ])
5816    , -393.907    , array([ 0.0270877  ,  1.04587    ,  0.00720998 ,  0.0477651  ])
5820    , -115.235    , array([ 0.0370897  ,  1.01965    ,  0.0171822  ,  0.0463946  ])
5824    , -99.7477    , array([ 0.043634   ,  1.0025     ,  0.0237069  ,  0.0454979  ])
5828    , -99.7477    , array([ 0.0436431  ,  1.00247    ,  0.023716   ,  0.0454966  ])
5832    , -376.419    , array([ 0.0436431  ,  0.384441   ,  0.023716   ,  0.0454966  ])
5836    , -99.7083    , array([ 0.0436431  ,  1.02131    ,  0.023716   ,  0.0454966  ])
5840    , -99.7048    , array([ 0.0436431  ,  1.01713    ,  0.023716   ,  0.0454966  ])
5852    , -188.033    , array([ 0.0436431  ,  1.01713    ,  0.023716   ,  0.032341   ])
5856    , -99.6689    , array([ 0.0436431  ,  1.01713    ,  0.023716   ,  0.0451994  ])
5860    , -106.928    , array([ 0.0236389  ,  0.956054   ,  0.0112387  ,  0.0489018  ])
5864    , -99.7568    , array([ 0.0360022  ,  0.993803   ,  0.0189501  ,  0.0466136  ])
5868    , -99.6207    , array([ 0.0403126  ,  1.00696    ,  0.0216387  ,  0.0458158  ])
5872    , -99.4949    , array([ 0.037194   ,  1.00999    ,  0.0198322  ,  0.0461136  ])
5876    , -99.3944    , array([ 0.0266535  ,  1.02134    ,  0.0137391  ,  0.0470953  ])
5880    , -99.3352    , array([ 0.0298777  ,  1.01787    ,  0.0156029  ,  0.046795   ])
5888    , -153.213    , array([ 0.0235926  ,  1.03418    ,  0.00937988 ,  0.0476517  ])
5892    , -99.2602    , array([ 0.0301234  ,  1.01706    ,  0.0158912  ,  0.0467568  ])
5896    , -169.584    , array([ 0.0301234  ,  2.01706    ,  0.0158912  ,  0.0467568  ])
5900    , -117.349    , array([ 0.0301234  ,  1.39903    ,  0.0158912  ,  0.0467568  ])
5904    , -99.2587    , array([ 0.0301234  ,  1.01981    ,  0.0158912  ,  0.0467568  ])
5908    , -3813.26    , array([ 0.0301234  ,  1.01976    ,  0.0158912  ,  1.04676    ])
5912    , -3404.25    , array([ 0.0301234  ,  1.01976    ,  0.0158912  ,  0.428723   ])
5916    , -902.343    , array([ 0.0301234  ,  1.01976    ,  0.0158912  ,  0.119696   ])
5920    , -102.248    , array([ 0.0301234  ,  1.01976    ,  0.0158912  ,  0.0496042  ])
5924    , -99.2578    , array([ 0.0301234  ,  1.01976    ,  0.0158912  ,  0.0468031  ])
5928    , -99.935     , array([ 0.0470456  ,  1.00155    ,  0.0256735  ,  0.045227   ])
5932    , -99.2438    , array([ 0.0241373  ,  1.02621    ,  0.0124308  ,  0.0473607  ])
5936    , -99.207     , array([ 0.026374   ,  1.0238     ,  0.0137238  ,  0.0471523  ])
5940    , -171.519    , array([ 0.0525969  ,  0.955129   ,  0.0398528  ,  0.0435609  ])
5944    , -105.21     , array([ 0.0297674  ,  1.01496    ,  0.0170915  ,  0.046689   ])
5948    , -99.1894    , array([ 0.0265621  ,  1.02336    ,  0.0138958  ,  0.0471282  ])
5952    , -99.1894    , array([ 0.0265561  ,  1.02338    ,  0.0138899  ,  0.047129   ])
5956    , -349.208    , array([ 0.0265561  ,  0.405346   ,  0.0138899  ,  0.047129   ])
5960    , -99.191     , array([ 0.0265561  ,  1.02436    ,  0.0138899  ,  0.047129   ])
5964    , -99.1868    , array([ 0.0265561  ,  1.01987    ,  0.0138899  ,  0.047129   ])
5968    , -99.1868    , array([ 0.0265561  ,  1.01983    ,  0.0138899  ,  0.047129   ])
5976    , -240.996    , array([ 0.0265561  ,  1.01983    ,  0.0138899  ,  0.0699344  ])
5980    , -99.1819    , array([ 0.0265561  ,  1.01983    ,  0.0138899  ,  0.0472356  ])
5984    , -99.1819    , array([ 0.0265561  ,  1.01983    ,  0.0138899  ,  0.0472409  ])
5988    , -99.3605    , array([ 0.0330199  ,  1.01287    ,  0.0176263  ,  0.0466389  ])
5992    , -99.1656    , array([ 0.0246675  ,  1.02186    ,  0.0127981  ,  0.0474168  ])
5996    , -99.1296    , array([ 0.0232235  ,  1.01965    ,  0.0120241  ,  0.0476568  ])
6000    , -99.2831    , array([ 0.0123303  ,  1.00558    ,  0.00614238 ,  0.0493924  ])
6004    , -99.0481    , array([ 0.0175424  ,  1.01231    ,  0.00895664 ,  0.048562   ])
6008    , -99.0474    , array([ 0.0170105  ,  1.01162    ,  0.00866945 ,  0.0486467  ])
6012    , -99.0474    , array([ 0.0170878  ,  1.01172    ,  0.00871118 ,  0.0486344  ])
6016    , -99.0321    , array([ 0.0175964  ,  1.01118    ,  0.0090052  ,  0.048587   ])
6020    , -99.0296    , array([ 0.0179335  ,  1.01081    ,  0.00920005 ,  0.0485556  ])
6024    , -99.0296    , array([ 0.0179251  ,  1.01082    ,  0.00919521 ,  0.0485564  ])
6028    , -99.6334    , array([ 0.0179251  ,  0.952086   ,  0.00919521 ,  0.0485564  ])
6032    , -99.0172    , array([ 0.0179251  ,  1.00329    ,  0.00919521 ,  0.0485564  ])
6040    , -2194.37    , array([ 0.0179251  ,  1.00322    ,  0.00919521 ,  0.239513   ])
6044    , -1136.06    , array([ 0.0179251  ,  1.00322    ,  0.00919521 ,  0.0141146  ])
6048    , -99.0544    , array([ 0.0179251  ,  1.00322    ,  0.00919521 ,  0.0488524  ])
6052    , -99.017     , array([ 0.0179251  ,  1.00322    ,  0.00919521 ,  0.0485393  ])
6056    , -99.017     , array([ 0.0179251  ,  1.00322    ,  0.00919521 ,  0.0485395  ])
6060    , -99.0051    , array([ 0.0162977  ,  1.00112    ,  0.00831648 ,  0.0487988  ])
6064    , -99.0049    , array([ 0.0161187  ,  1.00088    ,  0.00821986 ,  0.0488273  ])
6068    , -99.3752    , array([ 0.0225824  ,  0.993926   ,  0.0119563  ,  0.0482253  ])
6072    , -98.9923    , array([ 0.0169417  ,  0.999998   ,  0.00869562 ,  0.0487506  ])
6076    , -98.9916    , array([ 0.0167798  ,  1.00017    ,  0.008602   ,  0.0487657  ])
6084    , -102.626    , array([ 0.0167798  ,  1.13933    ,  0.008602   ,  0.0487657  ])
6088    , -98.9913    , array([ 0.0167798  ,  0.998935   ,  0.008602   ,  0.0487657  ])
6092    , -3707.2     , array([ 0.0167798  ,  0.998935   ,  0.008602   ,  1.04877    ])
6096    , -3297.58    , array([ 0.0167798  ,  0.998935   ,  0.008602   ,  0.430732   ])
6100    , -872.15     , array([ 0.0167798  ,  0.998935   ,  0.008602   ,  0.121705   ])
6104    , -101.63     , array([ 0.0167798  ,  0.998935   ,  0.008602   ,  0.0514166  ])
6108    , -98.9906    , array([ 0.0167798  ,  0.998935   ,  0.008602   ,  0.048723   ])
6112    , -99.2908    , array([ 0.0292864  ,  1.01508    ,  0.0153549  ,  0.0467299  ])
6116    , -98.9798    , array([ 0.0154355  ,  0.997199   ,  0.00787616 ,  0.0489368  ])
6120    , -98.9794    , array([ 0.0151639  ,  0.996849   ,  0.00772951 ,  0.0489801  ])
6124    , -98.9794    , array([ 0.0151639  ,  0.996849   ,  0.00772951 ,  0.0489801  ])
6128    , -98.9316    , array([ 0.0126642  ,  0.986283   ,  0.00644578 ,  0.0493801  ])
6136    , -98.909     , array([ 0.0100042  ,  0.975041   ,  0.00507979 ,  0.0498058  ])
6140    , -98.909     , array([ 0.0100042  ,  0.975041   ,  0.00507979 ,  0.0498058  ])
6160    , -98.909     , array([ 0.0100002  ,  0.975036   ,  0.00507762 ,  0.0498064  ])
6168    , -180.877    , array([ 0.0100001  ,  1.97504    ,  0.00507756 ,  0.0498064  ])
6172    , -119.606    , array([ 0.0100001  ,  1.357      ,  0.00507756 ,  0.0498064  ])
6176    , -98.8872    , array([ 0.0100001  ,  0.984432   ,  0.00507756 ,  0.0498064  ])
6180    , -3645.98    , array([ 0.0100001  ,  0.984569   ,  0.00507756 ,  1.04981    ])
6184    , -3239.72    , array([ 0.0100001  ,  0.984569   ,  0.00507756 ,  0.431772   ])
6188    , -857.054    , array([ 0.0100001  ,  0.984569   ,  0.00507756 ,  0.122746   ])
6192    , -101.366    , array([ 0.0100001  ,  0.984569   ,  0.00507756 ,  0.0523449  ])
6196    , -98.8831    , array([ 0.0100001  ,  0.984569   ,  0.00507756 ,  0.0497022  ])
6200    , -99.0928    , array([ 0.0183486  ,  1.01986    ,  0.00936491 ,  0.0483652  ])
6204    , -98.9034    , array([ 0.0115945  ,  0.991308   ,  0.00589637 ,  0.049446   ])
6208    , -98.8856    , array([ 0.0102327  ,  0.985553   ,  0.00519702 ,  0.0496639  ])
6212    , -98.8834    , array([ 0.0100341  ,  0.984713   ,  0.00509499 ,  0.0496957  ])
6216    , -98.8831    , array([ 0.0100051  ,  0.98459    ,  0.0050801  ,  0.0497004  ])
6220    , -98.8831    , array([ 0.0100008  ,  0.984572   ,  0.00507793 ,  0.049701   ])
6224    , -98.8831    , array([ 0.0100002  ,  0.98457    ,  0.00507761 ,  0.0497011  ])
6228    , -98.8831    , array([ 0.01       ,  0.984569   ,  0.0050775  ,  0.0497012  ])
6272    , -98.8831    , array([ 0.01       ,  0.984569   ,  0.0050775  ,  0.0497012  ])
6280    , -98.8831    , array([ 0.01       ,  0.984569   ,  0.0050775  ,  0.0497012  ])
6288    , -102.641    , array([ 0.01       ,  1.12618    ,  0.0050775  ,  0.0497012  ])
6292    , -98.8812    , array([ 0.01       ,  0.98737    ,  0.0050775  ,  0.0497012  ])
6300    , -2151.78    , array([ 0.01       ,  0.98737    ,  0.0050775  ,  0.240659   ])
6304    , -1095.66    , array([ 0.01       ,  0.98737    ,  0.0050775  ,  0.0152593  ])
6308    , -98.9155    , array([ 0.01       ,  0.98737    ,  0.0050775  ,  0.0499612  ])
6312    , -98.8804    , array([ 0.01       ,  0.98737    ,  0.0050775  ,  0.0496533  ])
6316    , -98.8804    , array([ 0.01       ,  0.98737    ,  0.0050775  ,  0.0496538  ])
6360    , -98.8804    , array([ 0.01       ,  0.98737    ,  0.0050775  ,  0.0496538  ])
6364    , -98.8804    , array([ 0.01       ,  0.98737    ,  0.0050775  ,  0.0496538  ])
