2448    , -101.772    , array([ 0.0570618  ,  1.62603    ,  0.0275414  ,  0.0477112  ])
2452    , -101.772    , array([ 0.0570618  ,  1.62603    ,  0.0275414  ,  0.0477112  ])
2460    , -228.804    , array([ 0.0849238  ,  1.62603    ,  0.0275414  ,  0.0477112  ])
2464    , -101.258    , array([ 0.055519   ,  1.62603    ,  0.0275414  ,  0.0477112  ])
2468    , -101.255    , array([ 0.0556397  ,  1.62603    ,  0.0275414  ,  0.0477112  ])
2472    , -137.013    , array([ 0.0556397  ,  1.00799    ,  0.0275414  ,  0.0477112  ])
2476    , -105.597    , array([ 0.0556397  ,  1.33262    ,  0.0275414  ,  0.0477112  ])
2480    , -101.072    , array([ 0.0556397  ,  1.57059    ,  0.0275414  ,  0.0477112  ])
2484    , -101.072    , array([ 0.0556397  ,  1.57114    ,  0.0275414  ,  0.0477112  ])
2492    , -210.093    , array([ 0.0556397  ,  1.57114    ,  0.0407119  ,  0.0477112  ])
2496    , -101.064    , array([ 0.0556397  ,  1.57114    ,  0.0276386  ,  0.0477112  ])
2500    , -10410.9    , array([ 0.0556397  ,  1.57114    ,  0.0276386  ,  1.04771    ])
2504    , -6601.78    , array([ 0.0556397  ,  1.57114    ,  0.0276386  ,  0.429677   ])
2508    , -1058.96    , array([ 0.0556397  ,  1.57114    ,  0.0276386  ,  0.12064    ])
2512    , -101.243    , array([ 0.0556397  ,  1.57114    ,  0.0276386  ,  0.0469906  ])
2516    , -101.063    , array([ 0.0556397  ,  1.57114    ,  0.0276386  ,  0.0476651  ])
2524    , -1186.81    , array([ 0.246609   ,  1.57114    ,  0.0276386  ,  0.0476655  ])
2528    , -1508.22    , array([ 0.0211978  ,  1.57114    ,  0.0276386  ,  0.0476655  ])
2532    , -101.18     , array([ 0.0562216  ,  1.57114    ,  0.0276386  ,  0.0476655  ])
2536    , -101.061    , array([ 0.0555382  ,  1.57114    ,  0.0276386  ,  0.0476655  ])
2540    , -101.061    , array([ 0.0555372  ,  1.57114    ,  0.0276386  ,  0.0476655  ])
2544    , -101.081    , array([ 0.0555372  ,  1.55011    ,  0.0276386  ,  0.0476655  ])
2548    , -101.06     , array([ 0.0555372  ,  1.56806    ,  0.0276386  ,  0.0476655  ])
2552    , -101.06     , array([ 0.0555372  ,  1.56809    ,  0.0276386  ,  0.0476655  ])
2560    , -213.903    , array([ 0.0555372  ,  1.56809    ,  0.0409245  ,  0.0476655  ])
2564    , -101.059    , array([ 0.0555372  ,  1.56809    ,  0.0276067  ,  0.0476655  ])
2568    , -10405      , array([ 0.0555372  ,  1.56809    ,  0.0276064  ,  1.04767    ])
2572    , -6601.41    , array([ 0.0555372  ,  1.56809    ,  0.0276064  ,  0.429632   ])
2576    , -1057.21    , array([ 0.0555372  ,  1.56809    ,  0.0276064  ,  0.120594   ])
2580    , -101.231    , array([ 0.0555372  ,  1.56809    ,  0.0276064  ,  0.047028   ])
2584    , -101.059    , array([ 0.0555372  ,  1.56809    ,  0.0276064  ,  0.0476896  ])
