180     , -393.271    , array([ 7.96923    ,  0.208287   ,  5          ,  0.695154   ])
184     , -393.271    , array([ 7.96923    ,  0.208287   ,  5          ,  0.695154   ])
188     , -393.271    , array([ 7.96872    ,  0.208287   ,  5          ,  0.695154   ])
192     , -393.271    , array([ 7.96983    ,  0.208287   ,  5          ,  0.695154   ])
200     , -1602.22    , array([ 7.96983    ,  0.118117   ,  5          ,  0.695154   ])
204     , -393.501    , array([ 7.96983    ,  0.209838   ,  5          ,  0.695154   ])
208     , -393.271    , array([ 7.96983    ,  0.208249   ,  5          ,  0.695154   ])
212     , -393.271    , array([ 7.96983    ,  0.208249   ,  5          ,  0.695154   ])
216     , -393.274    , array([ 7.96983    ,  0.208249   ,  4.98684    ,  0.695154   ])
220     , -393.271    , array([ 7.96983    ,  0.208249   ,  4.99808    ,  0.695154   ])
224     , -393.271    , array([ 7.96983    ,  0.208249   ,  4.99972    ,  0.695154   ])
228     , -393.271    , array([ 7.96983    ,  0.208249   ,  4.99996    ,  0.695154   ])
232     , -393.271    , array([ 7.96983    ,  0.208249   ,  4.99999    ,  0.695154   ])
236     , -393.271    , array([ 7.96983    ,  0.208249   ,  5          ,  0.695154   ])
240     , -393.271    , array([ 7.96983    ,  0.208249   ,  5          ,  0.695154   ])
244     , -393.271    , array([ 7.96983    ,  0.208249   ,  5          ,  0.695154   ])
248     , -393.271    , array([ 7.96983    ,  0.208249   ,  5          ,  0.695154   ])
252     , -393.271    , array([ 7.96983    ,  0.208249   ,  5          ,  0.695154   ])
256     , -393.271    , array([ 7.96983    ,  0.208249   ,  5          ,  0.695154   ])
260     , -393.271    , array([ 7.96983    ,  0.208249   ,  5          ,  0.695154   ])
264     , -393.271    , array([ 7.96983    ,  0.208249   ,  5          ,  0.695154   ])
268     , -395.267    , array([ 7.96983    ,  0.208249   ,  5          ,  0.705815   ])
272     , -393.271    , array([ 7.96983    ,  0.208249   ,  5          ,  0.695112   ])
