200     , -29795.8    , array([ 98.382     ,  100        ,  0.00876243 ,  0.142297   ])
204     , -29795.8    , array([ 99.691     ,  100        ,  0.00876243 ,  0.142297   ])
208     , -29795.8    , array([ 99.9549    ,  100        ,  0.00876243 ,  0.142297   ])
212     , -29795.8    , array([ 99.9934    ,  100        ,  0.00876243 ,  0.142297   ])
216     , -29795.8    , array([ 99.999     ,  100        ,  0.00876243 ,  0.142297   ])
220     , -29795.8    , array([ 99.9999    ,  100        ,  0.00876243 ,  0.142297   ])
224     , -29795.8    , array([ 100        ,  100        ,  0.00876243 ,  0.142297   ])
228     , -29795.8    , array([ 100        ,  100        ,  0.00876243 ,  0.142297   ])
232     , -29795.8    , array([ 100        ,  100        ,  0.00876243 ,  0.142297   ])
236     , -29795.8    , array([ 100        ,  100        ,  0.00876243 ,  0.142297   ])
240     , -29795.8    , array([ 100        ,  100        ,  0.00876243 ,  0.142297   ])
244     , -29795.8    , array([ 100        ,  100        ,  0.00876243 ,  0.142297   ])
248     , -29795.8    , array([ 100        ,  100        ,  0.00876243 ,  0.142297   ])
252     , -29795.8    , array([ 100        ,  100        ,  0.00876243 ,  0.142297   ])
312     , -39374.9    , array([ 100        ,  100        ,  1.00876    ,  0.142297   ])
316     , -33286.6    , array([ 100        ,  100        ,  0.390728   ,  0.142297   ])
324     , -29795.8    , array([ 100        ,  100        ,  0.00871385 ,  0.142297   ])
328     , -29795.8    , array([ 100        ,  100        ,  0.00876125 ,  0.142297   ])
332     , -29795.8    , array([ 100        ,  100        ,  0.00876239 ,  0.142297   ])
336     , -29795.8    , array([ 100        ,  100        ,  0.00876243 ,  0.142297   ])
340     , -29795.8    , array([ 100        ,  100        ,  0.00876243 ,  0.142297   ])
348     , -31145.3    , array([ 100        ,  100        ,  0.00876243 ,  0.333252   ])
352     , -29867.7    , array([ 100        ,  100        ,  0.00876243 ,  0.176916   ])
356     , -29795.8    , array([ 100        ,  100        ,  0.00876243 ,  0.142302   ])
