2408    , -409.688    , array([ 0.362821   ,  4.0284     ,  0.197794   ,  0.013441   ])
2412    , -123.936    , array([ 0.189407   ,  4.0284     ,  0.197794   ,  0.013441   ])
2416    , -123.917    , array([ 0.187954   ,  4.0284     ,  0.197794   ,  0.013441   ])
2420    , -122.178    , array([ 0.188117   ,  6.94177    ,  0.197794   ,  0.013441   ])
2424    , -121.654    , array([ 0.188117   ,  12.3488    ,  0.197794   ,  0.013441   ])
2428    , -121.55     , array([ 0.188117   ,  20.3344    ,  0.197794   ,  0.013441   ])
2432    , -121.539    , array([ 0.188117   ,  27.765     ,  0.197794   ,  0.013441   ])
2436    , -121.539    , array([ 0.188117   ,  28.1939    ,  0.197794   ,  0.013441   ])
2444    , -992.81     , array([ 0.188117   ,  28.438     ,  0.388757   ,  0.013441   ])
2448    , -118.901    , array([ 0.188117   ,  28.438     ,  0.186287   ,  0.013441   ])
2452    , -35533.7    , array([ 0.188117   ,  28.438     ,  0.186172   ,  1.01344    ])
2456    , -21863.6    , array([ 0.188117   ,  28.438     ,  0.186172   ,  0.395407   ])
2460    , -4550.78    , array([ 0.188117   ,  28.438     ,  0.186172   ,  0.0863228  ])
2464    , -302.788    , array([ 0.188117   ,  28.438     ,  0.186172   ,  0.0240743  ])
2468    , -116.826    , array([ 0.188117   ,  28.438     ,  0.186172   ,  0.0143651  ])
2472    , -3167.33    , array([ 1.18812    ,  28.438     ,  0.186172   ,  0.0143651  ])
2476    , -1190.68    , array([ 0.570083   ,  28.438     ,  0.186172   ,  0.0143651  ])
2480    , -118.129    , array([ 0.183684   ,  28.438     ,  0.186172   ,  0.0143651  ])
2484    , -116.099    , array([ 0.194979   ,  28.438     ,  0.186172   ,  0.0143651  ])
2488    , -116.032    , array([ 0.194911   ,  40.9789    ,  0.186172   ,  0.0143651  ])
2492    , -115.971    , array([ 0.194911   ,  85.6946    ,  0.186172   ,  0.0143651  ])
2500    , -115.965    , array([ 0.194911   ,  99.4757    ,  0.186172   ,  0.0143651  ])
2508    , -911.503    , array([ 0.194911   ,  99.4757    ,  0.377135   ,  0.0143651  ])
2512    , -135.518    , array([ 0.194911   ,  99.4757    ,  0.146127   ,  0.0143651  ])
2516    , -114.778    , array([ 0.194911   ,  99.4757    ,  0.178332   ,  0.0143651  ])
2532    , -113.331    , array([ 0.194911   ,  99.4757    ,  0.178332   ,  0.015158   ])
2536    , -113.331    , array([ 0.194911   ,  99.4757    ,  0.178332   ,  0.0151707  ])
2544    , -190.245    , array([ 0.267857   ,  99.4757    ,  0.178332   ,  0.0151707  ])
2548    , -113.331    , array([ 0.194861   ,  99.4757    ,  0.178332   ,  0.0151707  ])
2552    , -113.35     , array([ 0.193809   ,  99.4757    ,  0.178332   ,  0.0151707  ])
2556    , -113.331    , array([ 0.194839   ,  99.4757    ,  0.178332   ,  0.0151707  ])
2560    , -113.331    , array([ 0.194862   ,  99.4757    ,  0.178332   ,  0.0151707  ])
2564    , -113.331    , array([ 0.194861   ,  97.8577    ,  0.178332   ,  0.0151707  ])
2572    , -113.329    , array([ 0.194861   ,  62.7786    ,  0.178332   ,  0.0151707  ])
2576    , -113.329    , array([ 0.194861   ,  64.1011    ,  0.178332   ,  0.0151707  ])
2580    , -4748.2     , array([ 0.194861   ,  64.515     ,  1.17833    ,  0.0151707  ])
2584    , -2561.55    , array([ 0.194861   ,  64.515     ,  0.560298   ,  0.0151707  ])
2588    , -112.315    , array([ 0.194861   ,  64.515     ,  0.17286    ,  0.0151707  ])
2592    , -112.248    , array([ 0.194861   ,  64.515     ,  0.17093    ,  0.0151707  ])
2596    , -112.247    , array([ 0.194861   ,  64.515     ,  0.171003   ,  0.0151707  ])
2604    , -1097.02    , array([ 0.194861   ,  64.515     ,  0.171003   ,  0.0430085  ])
2608    , -111.513    , array([ 0.194861   ,  64.515     ,  0.171003   ,  0.016143   ])
2612    , -109.79     , array([ 0.194811   ,  29.5543    ,  0.163674   ,  0.0165012  ])
2616    , -109.79     , array([ 0.194811   ,  29.5543    ,  0.163674   ,  0.0165012  ])
2620    , -109.458    , array([ 0.194794   ,  18.2932    ,  0.161313   ,  0.0167155  ])
2624    , -109.407    , array([ 0.194789   ,  14.4279    ,  0.160502   ,  0.016789   ])
2628    , -109.406    , array([ 0.194788   ,  13.922     ,  0.160396   ,  0.0167986  ])
2636    , -108.551    , array([ 0.186662   ,  13.922     ,  0.160396   ,  0.0167986  ])
2640    , -108.511    , array([ 0.188083   ,  13.922     ,  0.160396   ,  0.0167986  ])
2644    , -108.503    , array([ 0.188083   ,  12.3039    ,  0.160396   ,  0.0167986  ])
2648    , -108.503    , array([ 0.188083   ,  12.2647    ,  0.160396   ,  0.0167986  ])
2656    , -10446.8    , array([ 0.188083   ,  12.2647    ,  0.160396   ,  0.207641   ])
2664    , -126.891    , array([ 0.188083   ,  12.2647    ,  0.160396   ,  0.0201965  ])
2668    , -108.433    , array([ 0.188083   ,  12.2647    ,  0.160396   ,  0.0169886  ])
2672    , -114.139    , array([ 0.188201   ,  94.1259    ,  0.177558   ,  0.0154328  ])
2676    , -109.611    , array([ 0.188105   ,  27.8988    ,  0.163674   ,  0.016693   ])
2680    , -108.201    , array([ 0.188077   ,  8.2166     ,  0.159548   ,  0.0170675  ])
2684    , -108.218    , array([ 0.188075   ,  7.25659    ,  0.159346   ,  0.0170858  ])
2692    , -108.2      , array([ 0.188076   ,  8.01492    ,  0.159505   ,  0.0170714  ])
2700    , -110.832    , array([ 0.198524   ,  8.01492    ,  0.159505   ,  0.0170714  ])
2704    , -108.169    , array([ 0.18682    ,  8.01492    ,  0.159505   ,  0.0170714  ])
2708    , -108.165    , array([ 0.186832   ,  9.01492    ,  0.159505   ,  0.0170714  ])
2712    , -108.162    , array([ 0.186832   ,  8.62678    ,  0.159505   ,  0.0170714  ])
2720    , -9691.82    , array([ 0.186832   ,  8.62678    ,  0.159505   ,  0.207926   ])
2728    , -128.674    , array([ 0.186832   ,  8.62678    ,  0.159505   ,  0.0207056  ])
2732    , -108.102    , array([ 0.186832   ,  8.62678    ,  0.159505   ,  0.0172503  ])
2736    , -114.66     , array([ 0.18695    ,  90.488     ,  0.176667   ,  0.0156945  ])
2740    , -109.757    , array([ 0.186855   ,  24.2609    ,  0.162783   ,  0.0169546  ])
2744    , -108.077    , array([ 0.186827   ,  5.36795    ,  0.158822   ,  0.0173141  ])
2748    , -107.963    , array([ 0.186829   ,  6.61985    ,  0.159085   ,  0.0172903  ])
2752    , -107.814    , array([ 0.185582   ,  5.12064    ,  0.158642   ,  0.0175113  ])
2756    , -107.814    , array([ 0.185582   ,  5.12064    ,  0.158642   ,  0.0175113  ])
2760    , -107.807    , array([ 0.185374   ,  4.88015    ,  0.15857    ,  0.0175478  ])
2764    , -107.807    , array([ 0.185339   ,  4.83911    ,  0.158558   ,  0.0175541  ])
2776    , -107.824    , array([ 0.184411   ,  4.83911    ,  0.158558   ,  0.0175541  ])
2780    , -107.81     , array([ 0.184966   ,  4.83911    ,  0.158558   ,  0.0175541  ])
2784    , -107.807    , array([ 0.185308   ,  4.83911    ,  0.158558   ,  0.0175541  ])
2788    , -107.904    , array([ 0.185308   ,  7.45714    ,  0.158558   ,  0.0175541  ])
2792    , -107.734    , array([ 0.185308   ,  5.62853    ,  0.158558   ,  0.0175541  ])
2796    , -19265.5    , array([ 0.185308   ,  5.62853    ,  0.158558   ,  1.01755    ])
2800    , -13791.1    , array([ 0.185308   ,  5.62853    ,  0.158558   ,  0.39952    ])
2804    , -3257       , array([ 0.185308   ,  5.62853    ,  0.158558   ,  0.0904608  ])
2808    , -471.4      , array([ 0.185308   ,  5.62853    ,  0.158558   ,  0.00527142 ])
2812    , -107.701    , array([ 0.185308   ,  5.62853    ,  0.158558   ,  0.0176924  ])
2816    , -107.582    , array([ 0.183818   ,  3.89986    ,  0.158043   ,  0.0179552  ])
2820    , -107.578    , array([ 0.184387   ,  4.56015    ,  0.15824    ,  0.0178548  ])
2824    , -107.564    , array([ 0.184077   ,  4.20049    ,  0.158132   ,  0.0179095  ])
2832    , -555.066    , array([ 0.375063   ,  4.21463    ,  0.158136   ,  0.0179073  ])
2836    , -145.705    , array([ 0.231357   ,  4.21463    ,  0.158136   ,  0.0179073  ])
2840    , -107.54     , array([ 0.18517    ,  4.21463    ,  0.158136   ,  0.0179073  ])
2844    , -107.567    , array([ 0.18517    ,  5.21463    ,  0.158136   ,  0.0179073  ])
2848    , -107.506    , array([ 0.18517    ,  4.5966     ,  0.158136   ,  0.0179073  ])
2852    , -107.506    , array([ 0.18517    ,  4.59081    ,  0.158136   ,  0.0179073  ])
2856    , -107.506    , array([ 0.18517    ,  4.59081    ,  0.158136   ,  0.0179073  ])
2864    , -874.512    , array([ 0.18517    ,  4.59081    ,  0.158136   ,  0.0457566  ])
2868    , -108.004    , array([ 0.18517    ,  4.59081    ,  0.158136   ,  0.0185551  ])
2872    , -107.493    , array([ 0.18517    ,  4.59081    ,  0.158136   ,  0.0179957  ])
2876    , -107.493    , array([ 0.18517    ,  4.59081    ,  0.158136   ,  0.0179966  ])
2880    , -107.441    , array([ 0.184723   ,  4.07159    ,  0.157982   ,  0.0180755  ])
2884    , -107.439    , array([ 0.184641   ,  3.97658    ,  0.157953   ,  0.0180899  ])
2888    , -107.298    , array([ 0.186066   ,  3.33091    ,  0.157467   ,  0.0185714  ])
2892    , -107.298    , array([ 0.185936   ,  3.38878    ,  0.157511   ,  0.0185279  ])
2896    , -107.298    , array([ 0.186016   ,  3.35297    ,  0.157484   ,  0.0185548  ])
2904    , -591.076    , array([ 0.0958464  ,  3.35297    ,  0.157484   ,  0.0185548  ])
2908    , -107.267    , array([ 0.18495    ,  3.35297    ,  0.157484   ,  0.0185548  ])
2912    , -107.266    , array([ 0.184802   ,  3.35297    ,  0.157484   ,  0.0185548  ])
2916    , -107.772    , array([ 0.184802   ,  2.73493    ,  0.157484   ,  0.0185548  ])
2920    , -107.26     , array([ 0.184802   ,  3.45215    ,  0.157484   ,  0.0185548  ])
2924    , -107.26     , array([ 0.184802   ,  3.44879    ,  0.157484   ,  0.0185548  ])
2928    , -107.26     , array([ 0.184802   ,  3.45002    ,  0.157484   ,  0.0185548  ])
2936    , -808.866    , array([ 0.184802   ,  3.45002    ,  0.157484   ,  0.0464061  ])
2940    , -107.261    , array([ 0.184802   ,  3.45002    ,  0.157484   ,  0.0185139  ])
2944    , -107.26     , array([ 0.184802   ,  3.45002    ,  0.157484   ,  0.0185392  ])
2948    , -107.26     , array([ 0.184802   ,  3.45002    ,  0.157484   ,  0.0185442  ])
2952    , -107.755    , array([ 0.182567   ,  4.44901    ,  0.15824    ,  0.0177937  ])
2956    , -107.23     , array([ 0.185497   ,  3.13884    ,  0.157248   ,  0.0187782  ])
2960    , -107.532    , array([ 0.186171   ,  2.39164    ,  0.156608   ,  0.0194023  ])
2964    , -107.23     , array([ 0.185403   ,  3.18101    ,  0.15728    ,  0.0187466  ])
2972    , -107.327    , array([ 0.18696    ,  3.18101    ,  0.15728    ,  0.0187466  ])
2976    , -107.22     , array([ 0.184729   ,  3.18101    ,  0.15728    ,  0.0187466  ])
2980    , -107.22     , array([ 0.184722   ,  3.18101    ,  0.15728    ,  0.0187466  ])
2984    , -107.218    , array([ 0.184722   ,  3.22705    ,  0.15728    ,  0.0187466  ])
2988    , -13416.4    , array([ 0.184722   ,  3.22785    ,  0.15728    ,  1.01875    ])
2992    , -10541.9    , array([ 0.184722   ,  3.22785    ,  0.15728    ,  0.400713   ])
2996    , -2696.73    , array([ 0.184722   ,  3.22785    ,  0.15728    ,  0.0916633  ])
3000    , -131.876    , array([ 0.184722   ,  3.22785    ,  0.15728    ,  0.0229635  ])
3004    , -107.215    , array([ 0.184722   ,  3.22785    ,  0.15728    ,  0.0187037  ])
3008    , -107.65     , array([ 0.182488   ,  4.22684    ,  0.158037   ,  0.0179525  ])
3012    , -107.206    , array([ 0.185019   ,  3.09514    ,  0.157179   ,  0.018803   ])
3016    , -107.188    , array([ 0.184634   ,  3.00927    ,  0.157079   ,  0.0188594  ])
3020    , -107.17     , array([ 0.183658   ,  2.79125    ,  0.156823   ,  0.0190025  ])
3024    , -107.17     , array([ 0.183794   ,  2.82146    ,  0.156859   ,  0.0189827  ])
3028    , -107.17     , array([ 0.183758   ,  2.81359    ,  0.15685    ,  0.0189879  ])
3032    , -107.238    , array([ 0.182905   ,  3.19517    ,  0.157139   ,  0.0187011  ])
3036    , -107.168    , array([ 0.183661   ,  2.85737    ,  0.156883   ,  0.018955   ])
3040    , -107.168    , array([ 0.183667   ,  2.85451    ,  0.156881   ,  0.0189571  ])
3044    , -107.713    , array([ 0.183661   ,  3.85693    ,  0.156882   ,  0.0189553  ])
3048    , -107.22     , array([ 0.183661   ,  3.23889    ,  0.156882   ,  0.0189553  ])
3052    , -107.151    , array([ 0.183661   ,  2.97546    ,  0.156882   ,  0.0189553  ])
3056    , -107.151    , array([ 0.183661   ,  2.96774    ,  0.156882   ,  0.0189553  ])
3060    , -12619.2    , array([ 0.183661   ,  2.97428    ,  0.156882   ,  1.01896    ])
3064    , -10076.7    , array([ 0.183661   ,  2.97428    ,  0.156882   ,  0.400921   ])
3068    , -2614.53    , array([ 0.183661   ,  2.97428    ,  0.156882   ,  0.0918735  ])
3072    , -131.611    , array([ 0.183661   ,  2.97428    ,  0.156882   ,  0.0231881  ])
3076    , -107.144    , array([ 0.183661   ,  2.97428    ,  0.156882   ,  0.0188911  ])
3080    , -107.144    , array([ 0.183661   ,  2.97428    ,  0.156882   ,  0.0188898  ])
3084    , -107.169    , array([ 0.18444    ,  3.14829    ,  0.157086   ,  0.0187755  ])
3088    , -107.141    , array([ 0.183382   ,  2.91192    ,  0.156809   ,  0.0189307  ])
3092    , -107.14     , array([ 0.183205   ,  2.87238    ,  0.156763   ,  0.0189567  ])
3096    , -107.258    , array([ 0.182352   ,  3.25396    ,  0.157052   ,  0.0186699  ])
3100    , -107.137    , array([ 0.183346   ,  2.80932    ,  0.156715   ,  0.0190041  ])
3104    , -107.718    , array([ 0.183346   ,  3.80932    ,  0.156715   ,  0.0190041  ])
3108    , -107.194    , array([ 0.183346   ,  3.19128    ,  0.156715   ,  0.0190041  ])
3112    , -107.118    , array([ 0.183346   ,  2.92632    ,  0.156715   ,  0.0190041  ])
3120    , -6530.87    , array([ 0.183346   ,  2.92632    ,  0.156715   ,  0.209907   ])
3128    , -107.69     , array([ 0.183346   ,  2.92632    ,  0.156715   ,  0.0195714  ])
3132    , -107.112    , array([ 0.183346   ,  2.92632    ,  0.156715   ,  0.0189346  ])
3136    , -107.112    , array([ 0.183346   ,  2.92632    ,  0.156715   ,  0.0189353  ])
3140    , -107.11     , array([ 0.183109   ,  2.87334    ,  0.156653   ,  0.0189701  ])
3144    , -107.11     , array([ 0.183112   ,  2.87386    ,  0.156654   ,  0.0189697  ])
3148    , -108.02     , array([ 0.155092   ,  3.31809    ,  0.124032   ,  0.0228716  ])
3152    , -105.304    , array([ 0.171187   ,  3.06293    ,  0.14277    ,  0.0206304  ])
3156    , -103.972    , array([ 0.172689   ,  2.44359    ,  0.142444   ,  0.0210775  ])
3160    , -103.958    , array([ 0.174069   ,  1.82618    ,  0.141976   ,  0.0215414  ])
3164    , -103.588    , array([ 0.173463   ,  2.09736    ,  0.142181   ,  0.0213377  ])
3168    , -103.588    , array([ 0.173485   ,  2.08762    ,  0.142174   ,  0.021345   ])
3172    , -103.565    , array([ 0.173951   ,  2.19184    ,  0.142296   ,  0.0212765  ])
3176    , -103.565    , array([ 0.173931   ,  2.18735    ,  0.142291   ,  0.0212795  ])
3188    , -394.954    , array([ 0.173931   ,  2.18735    ,  0.142291   ,  0.00812385 ])
3192    , -103.554    , array([ 0.173931   ,  2.18735    ,  0.142291   ,  0.0211832  ])
3196    , -102.122    , array([ 0.162128   ,  2.37449    ,  0.128548   ,  0.0228279  ])
3200    , -102.309    , array([ 0.166636   ,  2.30301    ,  0.133797   ,  0.0222001  ])
3204    , -102.122    , array([ 0.162362   ,  2.37077    ,  0.128822   ,  0.0227952  ])
3208    , -136.046    , array([ 0.107618   ,  1.06034    ,  0.0554634  ,  0.0328693  ])
3212    , -95.1306    , array([ 0.132925   ,  1.66828    ,  0.0893851  ,  0.0282098  ])
3216    , -95.0262    , array([ 0.130829   ,  1.61791    ,  0.0865746  ,  0.0285959  ])
3220    , -96.195     , array([ 0.138124   ,  1.50225    ,  0.095068   ,  0.02758    ])
3224    , -94.8712    , array([ 0.127001   ,  1.6786     ,  0.0821181  ,  0.0291289  ])
3228    , -94.8712    , array([ 0.127039   ,  1.678      ,  0.0821622  ,  0.0291236  ])
3232    , -94.8711    , array([ 0.127032   ,  1.67644    ,  0.0821604  ,  0.0291246  ])
3236    , -94.8711    , array([ 0.127029   ,  1.67575    ,  0.0821596  ,  0.0291251  ])
3240    , -6813.37    , array([ 0.127029   ,  1.67575    ,  0.0821596  ,  1.02913    ])
3244    , -5845.68    , array([ 0.127029   ,  1.67575    ,  0.0821596  ,  0.411091   ])
3248    , -1504.17    , array([ 0.127029   ,  1.67575    ,  0.0821596  ,  0.102056   ])
3252    , -131.063    , array([ 0.127029   ,  1.67575    ,  0.0821596  ,  0.0375424  ])
3256    , -94.0666    , array([ 0.127029   ,  1.67575    ,  0.0821596  ,  0.0301311  ])
3260    , -107.954    , array([ 0.177863   ,  2.89689    ,  0.150296   ,  0.0207718  ])
3264    , -94.5161    , array([ 0.128823   ,  1.71884    ,  0.0845641  ,  0.0298009  ])
3268    , -93.7489    , array([ 0.124009   ,  1.60321    ,  0.0781125  ,  0.0306871  ])
3272    , -337.476    , array([ 0.085959   ,  0.838279   ,  0.0277888  ,  0.0385284  ])
3276    , -93.7486    , array([ 0.124102   ,  1.60545    ,  0.0782372  ,  0.0306699  ])
3280    , -93.6582    , array([ 0.126787   ,  1.56289    ,  0.0813628  ,  0.0302961  ])
3284    , -95.7655    , array([ 0.125486   ,  1.28198    ,  0.0809855  ,  0.0304867  ])
3288    , -93.7897    , array([ 0.126265   ,  1.45599    ,  0.0811892  ,  0.0303724  ])
3292    , -93.6347    , array([ 0.126605   ,  1.53204    ,  0.0812783  ,  0.0303225  ])
3300    , -3562.84    , array([ 0.126605   ,  1.53204    ,  0.0812783  ,  0.221263   ])
3308    , -101.552    , array([ 0.126605   ,  1.53204    ,  0.0812783  ,  0.0345032  ])
3312    , -93.3027    , array([ 0.126605   ,  1.53204    ,  0.0812783  ,  0.0309921  ])
3316    , -93.3027    , array([ 0.126605   ,  1.53204    ,  0.0812783  ,  0.0309989  ])
3320    , -93.2343    , array([ 0.126055   ,  1.51882    ,  0.0805406  ,  0.0311002  ])
3324    , -93.177     , array([ 0.124958   ,  1.49246    ,  0.0790701  ,  0.0313022  ])
3328    , -92.9686    , array([ 0.125813   ,  1.37948    ,  0.079903   ,  0.0319345  ])
3332    , -92.9986    , array([ 0.125486   ,  1.42264    ,  0.0795848  ,  0.031693   ])
3336    , -92.9685    , array([ 0.125792   ,  1.38228    ,  0.0798823  ,  0.0319188  ])
3340    , -94.196     , array([ 0.133087   ,  1.26662    ,  0.0883756  ,  0.0309029  ])
3344    , -92.9374    , array([ 0.124443   ,  1.40367    ,  0.0783117  ,  0.0321067  ])
3348    , -97.8397    , array([ 0.126482   ,  1.85923    ,  0.0788452  ,  0.0318075  ])
3352    , -92.9354    , array([ 0.124433   ,  1.40149    ,  0.0783092  ,  0.0321081  ])
3356    , -92.9305    , array([ 0.124382   ,  1.39019    ,  0.0782959  ,  0.0321155  ])
3360    , -113.643    , array([ 0.175216   ,  2.61134    ,  0.146433   ,  0.0227562  ])
3364    , -93.9309    , array([ 0.129692   ,  1.51775    ,  0.0854136  ,  0.0311378  ])
3368    , -92.904     , array([ 0.125056   ,  1.40639    ,  0.0791995  ,  0.0319914  ])
3372    , -93.0339    , array([ 0.12589    ,  1.2962     ,  0.0800117  ,  0.032608   ])
3376    , -92.8939    , array([ 0.125375   ,  1.3643     ,  0.0795097  ,  0.0322269  ])
3380    , -92.8899    , array([ 0.125267   ,  1.37858    ,  0.0794045  ,  0.032147   ])
3384    , -100.32     , array([ 0.144366   ,  1.07578    ,  0.10164    ,  0.0294874  ])
3388    , -92.8731    , array([ 0.124333   ,  1.39338    ,  0.0783174  ,  0.0322771  ])
3392    , -92.8731    , array([ 0.124271   ,  1.39437    ,  0.0782449  ,  0.0322857  ])
3396    , -94.075     , array([ 0.12505    ,  1.56837    ,  0.0784487  ,  0.0321715  ])
3400    , -92.8548    , array([ 0.124174   ,  1.37274    ,  0.0782196  ,  0.0322999  ])
3404    , -313.734    , array([ 0.0927581  ,  0.618248   ,  0.0361089  ,  0.0380842  ])
3408    , -108.395    , array([ 0.112175   ,  1.08468    ,  0.0621349  ,  0.0345092  ])
3412    , -92.836     , array([ 0.124717   ,  1.38597    ,  0.0789459  ,  0.0322001  ])
3416    , -93.0459    , array([ 0.125559   ,  1.27599    ,  0.0797696  ,  0.0328151  ])
3420    , -92.8517    , array([ 0.125044   ,  1.34409    ,  0.0792676  ,  0.032434   ])
3424    , -92.8335    , array([ 0.124813   ,  1.37459    ,  0.0790427  ,  0.0322633  ])
3428    , -92.6967    , array([ 0.123625   ,  1.36417    ,  0.0780957  ,  0.0325676  ])
3432    , -91.7443    , array([ 0.102107   ,  1.1754     ,  0.0609466  ,  0.0380788  ])
3436    , -91.7409    , array([ 0.10085    ,  1.16438    ,  0.0599449  ,  0.0384007  ])
3440    , -100.14     , array([ 0.0890462  ,  1.35152    ,  0.0462024  ,  0.0400445  ])
3444    , -92.9704    , array([ 0.0963412  ,  1.23586    ,  0.0546957  ,  0.0390286  ])
3448    , -91.6729    , array([ 0.102288   ,  1.14158    ,  0.0616188  ,  0.0382005  ])
3452    , -105.298    , array([ 0.104341   ,  1.59692    ,  0.0621691  ,  0.0378993  ])
3456    , -91.5889    , array([ 0.102211   ,  1.12112    ,  0.061612   ,  0.0382118  ])
3460    , -91.5784    , array([ 0.102169   ,  1.11156    ,  0.0616008  ,  0.038218   ])
3464    , -91.5784    , array([ 0.102167   ,  1.11126    ,  0.0616004  ,  0.0382182  ])
3468    , -91.4135    , array([ 0.101734   ,  1.16854    ,  0.0611782  ,  0.0378977  ])
3472    , -95.0908    , array([ 0.0777641  ,  0.959172   ,  0.0420741  ,  0.0440304  ])
3476    , -91.4996    , array([ 0.0925742  ,  1.08909    ,  0.0538772  ,  0.0402373  ])
3480    , -91.3804    , array([ 0.0980627  ,  1.13724    ,  0.0582514  ,  0.0388315  ])
3484    , -91.3804    , array([ 0.0980627  ,  1.13724    ,  0.0582514  ,  0.0388315  ])
3488    , -92.793     , array([ 0.105358   ,  1.02158    ,  0.0667447  ,  0.0378157  ])
3492    , -91.367     , array([ 0.0986775  ,  1.12749    ,  0.0589672  ,  0.0387459  ])
3496    , -105.386    , array([ 0.100711   ,  1.58315    ,  0.0594935  ,  0.0384476  ])
3500    , -91.3135    , array([ 0.09861    ,  1.11388    ,  0.058944   ,  0.0387558  ])
3504    , -91.2999    , array([ 0.0985617  ,  1.10309    ,  0.0589313  ,  0.0387629  ])
3508    , -91.2998    , array([ 0.0985606  ,  1.10284    ,  0.0589311  ,  0.038763   ])
3512    , -91.1585    , array([ 0.0981621  ,  1.15549    ,  0.0585429  ,  0.0384684  ])
3516    , -91.1584    , array([ 0.0981703  ,  1.1544     ,  0.058551   ,  0.0384745  ])
3520    , -91.6886    , array([ 0.11298    ,  1.28432    ,  0.0703541  ,  0.0346814  ])
3524    , -91.1573    , array([ 0.0935758  ,  1.11409    ,  0.0548893  ,  0.0396513  ])
3528    , -91.14      , array([ 0.0956668  ,  1.13244    ,  0.0565557  ,  0.0391157  ])
3532    , -90.9152    , array([ 0.0933204  ,  1.12807    ,  0.0548996  ,  0.0393872  ])
3536    , -89.8979    , array([ 0.0782623  ,  1.09896    ,  0.0442569  ,  0.0411516  ])
3540    , -89.8086    , array([ 0.0740193  ,  1.09076    ,  0.041258   ,  0.0416487  ])
3544    , -105.793    , array([ 0.0926801  ,  0.787114   ,  0.0631844  ,  0.0390404  ])
3548    , -89.6914    , array([ 0.0757082  ,  1.05619    ,  0.0434246  ,  0.0414039  ])
3552    , -89.6437    , array([ 0.0749484  ,  1.06824    ,  0.04254    ,  0.0415097  ])
3556    , -103.693    , array([ 0.0769741  ,  1.52401    ,  0.0430577  ,  0.0412124  ])
3560    , -89.6319    , array([ 0.0750772  ,  1.10024    ,  0.0425614  ,  0.0414907  ])
3564    , -89.6046    , array([ 0.0750113  ,  1.08552    ,  0.0425442  ,  0.0415004  ])
3568    , -90.7366    , array([ 0.0898213  ,  1.21544    ,  0.0543473  ,  0.0377072  ])
3572    , -89.5982    , array([ 0.0759294  ,  1.09357    ,  0.043276   ,  0.0412652  ])
3576    , -89.5978    , array([ 0.0757618  ,  1.0921     ,  0.0431424  ,  0.0413081  ])
3580    , -89.5978    , array([ 0.0757544  ,  1.09204    ,  0.0431365  ,  0.04131    ])
3584    , -89.4293    , array([ 0.0695869  ,  1.08011    ,  0.0387774  ,  0.0420327  ])
3588    , -89.4284    , array([ 0.0692608  ,  1.07948    ,  0.0385469  ,  0.0420709  ])
3592    , -107.722    , array([ 0.0882939  ,  0.776563   ,  0.0607365  ,  0.0394189  ])
3596    , -89.4642    , array([ 0.0707816  ,  1.05421    ,  0.0403475  ,  0.0418577  ])
3600    , -89.3823    , array([ 0.0698647  ,  1.06874    ,  0.03928    ,  0.0419853  ])
3604    , -103.709    , array([ 0.0718973  ,  1.52441    ,  0.0398057  ,  0.0416871  ])
3608    , -89.3762    , array([ 0.0699945  ,  1.09932    ,  0.039308   ,  0.0419662  ])
3612    , -89.3485    , array([ 0.0699291  ,  1.08471    ,  0.0392909  ,  0.0419758  ])
3616    , -90.9969    , array([ 0.0847391  ,  1.21463    ,  0.051094   ,  0.0381827  ])
3620    , -89.3484    , array([ 0.0703747  ,  1.08862    ,  0.039646   ,  0.0418617  ])
3624    , -89.3477    , array([ 0.0701556  ,  1.0867     ,  0.0394714  ,  0.0419178  ])
3628    , -90.1497    , array([ 0.0838204  ,  1.11311    ,  0.0491294  ,  0.0403167  ])
3632    , -89.281     , array([ 0.0662224  ,  1.07909    ,  0.0366915  ,  0.0423787  ])
3636    , -89.1631    , array([ 0.0635714  ,  1.07945    ,  0.0351099  ,  0.0426411  ])
3640    , -88.9155    , array([ 0.051949   ,  1.07964    ,  0.0281026  ,  0.0438036  ])
3644    , -88.9071    , array([ 0.0448763  ,  1.07975    ,  0.0238384  ,  0.044511   ])
3648    , -234.421    , array([ 0.0357742  ,  1.26684    ,  0.0117247  ,  0.0458846  ])
3652    , -99.169     , array([ 0.0430693  ,  1.15119    ,  0.020218   ,  0.0448687  ])
3656    , -88.8883    , array([ 0.0477372  ,  1.07718    ,  0.0256527  ,  0.0442186  ])
3660    , -106.658    , array([ 0.0464794  ,  0.795587   ,  0.025326   ,  0.0444032  ])
3664    , -90.7977    , array([ 0.0472583  ,  0.969597   ,  0.0255297  ,  0.0442889  ])
3668    , -88.8882    , array([ 0.0477378  ,  1.07671    ,  0.0256552  ,  0.0442186  ])
3672    , -88.8882    , array([ 0.0477379  ,  1.07672    ,  0.0256552  ,  0.0442185  ])
3676    , -88.8882    , array([ 0.0477378  ,  1.07671    ,  0.0256552  ,  0.0442186  ])
3680    , -90.2646    , array([ 0.043405   ,  1.03871    ,  0.0222021  ,  0.0453283  ])
3684    , -88.8823    , array([ 0.047432   ,  1.07403    ,  0.0254114  ,  0.0442969  ])
3688    , -90.9262    , array([ 0.0286265  ,  1.07434    ,  0.0140733  ,  0.0461779  ])
3692    , -88.967     , array([ 0.0402489  ,  1.07415    ,  0.0210807  ,  0.0450154  ])
3696    , -88.8821    , array([ 0.0470427  ,  1.07404    ,  0.0251767  ,  0.0443358  ])
3700    , -88.8821    , array([ 0.0470539  ,  1.07404    ,  0.0251835  ,  0.0443347  ])
3704    , -120.029    , array([ 0.0661487  ,  0.771242   ,  0.047417   ,  0.0416755  ])
3708    , -89.4593    , array([ 0.048611   ,  1.04929    ,  0.0269985  ,  0.0441177  ])
3712    , -88.8768    , array([ 0.0471778  ,  1.07201    ,  0.0253299  ,  0.0443173  ])
3716    , -105.03     , array([ 0.0492171  ,  1.52757    ,  0.0258633  ,  0.0440181  ])
3720    , -88.9042    , array([ 0.0472553  ,  1.08932    ,  0.0253502  ,  0.0443059  ])
3724    , -88.8756    , array([ 0.0471909  ,  1.07494    ,  0.0253333  ,  0.0443154  ])
3728    , -88.8756    , array([ 0.047191   ,  1.07497    ,  0.0253333  ,  0.0443154  ])
3732    , -90.3235    , array([ 0.0428502  ,  1.03689    ,  0.0218739  ,  0.0454271  ])
3736    , -88.87      , array([ 0.0469013  ,  1.07242    ,  0.0251024  ,  0.0443896  ])
3740    , -91.1093    , array([ 0.0280958  ,  1.07273    ,  0.0137644  ,  0.0462706  ])
3744    , -88.9615    , array([ 0.0397183  ,  1.07254    ,  0.0207717  ,  0.045108   ])
3748    , -88.8798    , array([ 0.0439499  ,  1.07247    ,  0.023323   ,  0.0446848  ])
3752    , -88.8699    , array([ 0.0465805  ,  1.07243    ,  0.024909   ,  0.0444217  ])
3756    , -88.8699    , array([ 0.0465771  ,  1.07243    ,  0.0249069  ,  0.044422   ])
3760    , -255.606    , array([ 0.00767469 ,  0.940226   ,  0.00235411 ,  0.0515695  ])
3764    , -88.7215    , array([ 0.0343971  ,  1.03104    ,  0.0178458  ,  0.0466598  ])
3768    , -88.71      , array([ 0.0362922  ,  1.03748    ,  0.0189445  ,  0.0463116  ])
3772    , -105.199    , array([ 0.0435872  ,  0.921821   ,  0.0274378  ,  0.0452958  ])
3776    , -88.6849    , array([ 0.0365826  ,  1.03287    ,  0.0192826  ,  0.0462712  ])
3780    , -88.6807    , array([ 0.0365051  ,  1.0341     ,  0.0191924  ,  0.046282   ])
3784    , -88.6807    , array([ 0.036503   ,  1.03414    ,  0.01919    ,  0.0462823  ])
3788    , -88.674     , array([ 0.0365351  ,  1.0413     ,  0.0191984  ,  0.0462776  ])
3792    , -88.6739    , array([ 0.0365317  ,  1.04055    ,  0.0191975  ,  0.0462781  ])
3796    , -88.9105    , array([ 0.0481542  ,  1.04037    ,  0.0262048  ,  0.0451155  ])
3800    , -88.6724    , array([ 0.0361847  ,  1.04056    ,  0.0189882  ,  0.0463128  ])
3804    , -88.6718    , array([ 0.035807   ,  1.04057    ,  0.0187606  ,  0.0463506  ])
3808    , -88.6718    , array([ 0.035807   ,  1.04057    ,  0.0187606  ,  0.0463506  ])
3812    , -88.6591    , array([ 0.0338107  ,  1.03378    ,  0.0176032  ,  0.0467173  ])
3816    , -88.659     , array([ 0.0336065  ,  1.03309    ,  0.0174848  ,  0.0467549  ])
3820    , -141.947    , array([ 0.0527269  ,  0.730366   ,  0.0397333  ,  0.0440912  ])
3824    , -90.8109    , array([ 0.0355626  ,  1.00249    ,  0.0197495  ,  0.0464815  ])
3828    , -88.6468    , array([ 0.0337519  ,  1.0312     ,  0.0176414  ,  0.0467336  ])
3832    , -107.501    , array([ 0.0357899  ,  1.48678    ,  0.0181734  ,  0.0464346  ])
3836    , -88.6805    , array([ 0.0338295  ,  1.04884    ,  0.0176606  ,  0.0467223  ])
3840    , -88.6453    , array([ 0.0337637  ,  1.03414    ,  0.0176433  ,  0.0467319  ])
3844    , -88.6453    , array([ 0.0337638  ,  1.03417    ,  0.0176434  ,  0.0467319  ])
3848    , -88.6869    , array([ 0.0310201  ,  1.03421    ,  0.0159892  ,  0.0470063  ])
3852    , -88.6441    , array([ 0.0333042  ,  1.03417    ,  0.0173662  ,  0.0467779  ])
3856    , -88.6441    , array([ 0.0333181  ,  1.03417    ,  0.0173746  ,  0.0467765  ])
3860    , -88.7503    , array([ 0.0396745  ,  1.05577    ,  0.0210596  ,  0.0456086  ])
3864    , -88.6421    , array([ 0.0312021  ,  1.02698    ,  0.0161479  ,  0.0471652  ])
3868    , -88.6389    , array([ 0.032065   ,  1.02991    ,  0.0166482  ,  0.0470067  ])
3872    , -88.6039    , array([ 0.0280171  ,  1.02157    ,  0.0144508  ,  0.0476682  ])
3876    , -88.606     , array([ 0.0209275  ,  1.00691    ,  0.0106013  ,  0.0488274  ])
3880    , -88.5893    , array([ 0.0237934  ,  1.01284    ,  0.0121574  ,  0.0483588  ])
3884    , -89.1078    , array([ 0.0405168  ,  1.06956    ,  0.0218494  ,  0.0452879  ])
3888    , -88.6058    , array([ 0.0259465  ,  1.02004    ,  0.0134026  ,  0.0479649  ])
3892    , -88.5848    , array([ 0.0244731  ,  1.01504    ,  0.0125484  ,  0.0482356  ])
3896    , -108.998    , array([ 0.0265123  ,  1.4706     ,  0.0130818  ,  0.0479364  ])
3900    , -88.6222    , array([ 0.0245356  ,  1.029      ,  0.0125648  ,  0.0482264  ])
3904    , -88.5848    , array([ 0.0244703  ,  1.01442    ,  0.0125477  ,  0.048236   ])
3908    , -89.9695    , array([ 0.0548983  ,  1.01393    ,  0.0308931  ,  0.0451925  ])
3912    , -88.8492    , array([ 0.0288887  ,  1.01435    ,  0.0152116  ,  0.047794   ])
3916    , -88.5847    , array([ 0.0244878  ,  1.01442    ,  0.0125582  ,  0.0482342  ])
3920    , -88.5847    , array([ 0.0244915  ,  1.01442    ,  0.0125605  ,  0.0482339  ])
3924    , -88.7277    , array([ 0.0377631  ,  1.04185    ,  0.0197666  ,  0.0460641  ])
3928    , -88.5814    , array([ 0.0228436  ,  1.01101    ,  0.0116657  ,  0.0485033  ])
3932    , -88.5814    , array([ 0.0226952  ,  1.0107     ,  0.0115852  ,  0.0485276  ])
