716     , -393.184    , array([ 3.81677    ,  0.148629   ,  4.99661    ,  0.497244   ])
720     , -393.183    , array([ 3.81295    ,  0.148629   ,  4.99661    ,  0.497244   ])
724     , -506.97     , array([ 3.81295    ,  0.148777   ,  1.81986    ,  0.497244   ])
728     , -405.017    , array([ 3.81295    ,  0.148629   ,  3.56831    ,  0.497244   ])
732     , -405.634    , array([ 3.81295    ,  0.148629   ,  3.56831    ,  0.497741   ])
736     , -394.253    , array([ 3.81295    ,  0.148777   ,  4.4662     ,  0.497244   ])
740     , -393.311    , array([ 3.81295    ,  0.148629   ,  4.81315    ,  0.497244   ])
744     , -393.383    , array([ 3.81295    ,  0.148629   ,  4.81315    ,  0.497741   ])
748     , -393.188    , array([ 3.81295    ,  0.148777   ,  4.93469    ,  0.497244   ])
752     , -393.185    , array([ 3.81295    ,  0.148629   ,  4.97589    ,  0.497244   ])
756     , -393.198    , array([ 3.81295    ,  0.148629   ,  4.97589    ,  0.497741   ])
760     , -393.188    , array([ 3.81295    ,  0.148777   ,  4.98969    ,  0.497244   ])
764     , -393.183    , array([ 3.81295    ,  0.148629   ,  4.9943     ,  0.497244   ])
768     , -393.19     , array([ 3.81295    ,  0.148629   ,  4.9943     ,  0.497741   ])
772     , -393.19     , array([ 3.81295    ,  0.148777   ,  4.99584    ,  0.497244   ])
776     , -393.183    , array([ 3.81295    ,  0.148629   ,  4.99645    ,  0.497244   ])
780     , -393.189    , array([ 3.81295    ,  0.148629   ,  4.99645    ,  0.497741   ])
784     , -393.19     , array([ 3.81295    ,  0.148777   ,  4.99658    ,  0.497244   ])
788     , -393.183    , array([ 3.81295    ,  0.148629   ,  4.9966     ,  0.497244   ])
792     , -393.189    , array([ 3.81295    ,  0.148629   ,  4.9966     ,  0.497741   ])
796     , -393.19     , array([ 3.81295    ,  0.148777   ,  4.99661    ,  0.497244   ])
800     , -393.183    , array([ 3.81295    ,  0.148629   ,  4.99661    ,  0.497244   ])
804     , -393.189    , array([ 3.81295    ,  0.148629   ,  4.99661    ,  0.497741   ])
808     , -393.19     , array([ 3.81295    ,  0.148777   ,  4.99661    ,  0.497244   ])
812     , -393.183    , array([ 3.81295    ,  0.148629   ,  4.99661    ,  0.497244   ])
816     , -393.189    , array([ 3.81295    ,  0.148629   ,  4.99661    ,  0.497741   ])
820     , -393.19     , array([ 3.81295    ,  0.148777   ,  4.99661    ,  0.497244   ])
824     , -393.183    , array([ 3.81295    ,  0.148629   ,  4.99661    ,  0.497244   ])
828     , -393.189    , array([ 3.81295    ,  0.148629   ,  4.99661    ,  0.497741   ])
832     , -393.19     , array([ 3.81295    ,  0.148777   ,  4.99661    ,  0.497244   ])
836     , -393.183    , array([ 3.81295    ,  0.148629   ,  4.99661    ,  0.497244   ])
840     , -393.189    , array([ 3.81295    ,  0.148629   ,  4.99661    ,  0.497741   ])
844     , -393.19     , array([ 3.81295    ,  0.148777   ,  4.99661    ,  0.497244   ])
848     , -393.183    , array([ 3.81295    ,  0.148629   ,  4.99661    ,  0.497244   ])
852     , -393.189    , array([ 3.81295    ,  0.148629   ,  4.99661    ,  0.497741   ])
856     , -393.19     , array([ 3.81295    ,  0.148777   ,  4.99661    ,  0.497244   ])
860     , -393.183    , array([ 3.81295    ,  0.148629   ,  4.99661    ,  0.497244   ])
864     , -393.189    , array([ 3.81295    ,  0.148629   ,  4.99661    ,  0.497741   ])
868     , -393.19     , array([ 3.81295    ,  0.148777   ,  4.99661    ,  0.497244   ])
872     , -393.183    , array([ 3.81295    ,  0.148629   ,  4.99661    ,  0.497244   ])
876     , -393.189    , array([ 3.81295    ,  0.148629   ,  4.99661    ,  0.497741   ])
880     , -393.19     , array([ 3.81295    ,  0.148777   ,  4.99661    ,  0.497244   ])
884     , -393.183    , array([ 3.81295    ,  0.148629   ,  4.99661    ,  0.497244   ])
888     , -393.189    , array([ 3.81295    ,  0.148629   ,  4.99661    ,  0.497741   ])
892     , -393.19     , array([ 3.81295    ,  0.148777   ,  4.99661    ,  0.497244   ])
896     , -393.183    , array([ 3.81295    ,  0.148629   ,  4.99661    ,  0.497244   ])
900     , -393.189    , array([ 3.81295    ,  0.148629   ,  4.99661    ,  0.497741   ])
904     , -393.19     , array([ 3.81295    ,  0.148777   ,  4.99661    ,  0.497244   ])
908     , -393.183    , array([ 3.81295    ,  0.148629   ,  4.99661    ,  0.497244   ])
912     , -393.189    , array([ 3.81295    ,  0.148629   ,  4.99661    ,  0.497741   ])
916     , -393.19     , array([ 3.81295    ,  0.148777   ,  4.99661    ,  0.497244   ])
920     , -393.183    , array([ 3.81295    ,  0.148629   ,  4.99661    ,  0.497244   ])
924     , -393.189    , array([ 3.81295    ,  0.148629   ,  4.99661    ,  0.497741   ])
928     , -393.19     , array([ 3.81295    ,  0.148777   ,  4.99661    ,  0.497244   ])
932     , -393.183    , array([ 3.81295    ,  0.148629   ,  4.99661    ,  0.497244   ])
936     , -393.189    , array([ 3.81295    ,  0.148629   ,  4.99661    ,  0.497741   ])
940     , -393.19     , array([ 3.81295    ,  0.148777   ,  4.99661    ,  0.497244   ])
944     , -393.183    , array([ 3.81295    ,  0.148629   ,  4.99661    ,  0.497244   ])
948     , -393.189    , array([ 3.81295    ,  0.148629   ,  4.99661    ,  0.497741   ])
952     , -393.19     , array([ 3.81295    ,  0.148777   ,  4.99661    ,  0.497244   ])
956     , -393.183    , array([ 3.81295    ,  0.148629   ,  4.99661    ,  0.497244   ])
960     , -393.189    , array([ 3.81295    ,  0.148629   ,  4.99661    ,  0.497741   ])
964     , -393.19     , array([ 3.81295    ,  0.148777   ,  4.99661    ,  0.497244   ])
968     , -393.183    , array([ 3.81295    ,  0.148629   ,  4.99661    ,  0.497244   ])
972     , -393.189    , array([ 3.81295    ,  0.148629   ,  4.99661    ,  0.497741   ])
976     , -393.19     , array([ 3.81295    ,  0.148777   ,  4.99661    ,  0.497244   ])
980     , -393.183    , array([ 3.81295    ,  0.148629   ,  4.99661    ,  0.497244   ])
984     , -393.189    , array([ 3.81295    ,  0.148629   ,  4.99661    ,  0.497741   ])
988     , -393.19     , array([ 3.81295    ,  0.148777   ,  4.99661    ,  0.497244   ])
992     , -393.183    , array([ 3.81295    ,  0.148629   ,  4.99661    ,  0.497244   ])
996     , -393.189    , array([ 3.81295    ,  0.148629   ,  4.99661    ,  0.497741   ])
1000    , -393.19     , array([ 3.81295    ,  0.148777   ,  4.99661    ,  0.497244   ])
1004    , -393.183    , array([ 3.81295    ,  0.148629   ,  4.99661    ,  0.497244   ])
1008    , -393.189    , array([ 3.81295    ,  0.148629   ,  4.99661    ,  0.497741   ])
1012    , -393.19     , array([ 3.81295    ,  0.148777   ,  4.99661    ,  0.497244   ])
1016    , -393.183    , array([ 3.81295    ,  0.148629   ,  4.99661    ,  0.497244   ])
1020    , -393.189    , array([ 3.81295    ,  0.148629   ,  4.99661    ,  0.497741   ])
1024    , -393.19     , array([ 3.81295    ,  0.148777   ,  4.99661    ,  0.497244   ])
1028    , -393.183    , array([ 3.81295    ,  0.148629   ,  4.99661    ,  0.497244   ])
1032    , -393.189    , array([ 3.81295    ,  0.148629   ,  4.99661    ,  0.497741   ])
1036    , -393.19     , array([ 3.81295    ,  0.148777   ,  4.99661    ,  0.497244   ])
1040    , -393.183    , array([ 3.81295    ,  0.148629   ,  4.99661    ,  0.497244   ])
1044    , -393.189    , array([ 3.81295    ,  0.148629   ,  4.99661    ,  0.497741   ])
1048    , -393.19     , array([ 3.81295    ,  0.148777   ,  4.99661    ,  0.497244   ])
1052    , -393.183    , array([ 3.81295    ,  0.148629   ,  4.99661    ,  0.497244   ])
1056    , -393.189    , array([ 3.81295    ,  0.148629   ,  4.99661    ,  0.497741   ])
1060    , -393.19     , array([ 3.81295    ,  0.148777   ,  4.99661    ,  0.497244   ])
1064    , -393.183    , array([ 3.81295    ,  0.148629   ,  4.99661    ,  0.497244   ])
1068    , -393.189    , array([ 3.81295    ,  0.148629   ,  4.99661    ,  0.497741   ])
1072    , -393.19     , array([ 3.81295    ,  0.148777   ,  4.99661    ,  0.497244   ])
1076    , -393.183    , array([ 3.81295    ,  0.148629   ,  4.99661    ,  0.497244   ])
1080    , -393.189    , array([ 3.81295    ,  0.148629   ,  4.99661    ,  0.497741   ])
1084    , -393.19     , array([ 3.81295    ,  0.148777   ,  4.99661    ,  0.497244   ])
1088    , -393.183    , array([ 3.81295    ,  0.148629   ,  4.99661    ,  0.497244   ])
1092    , -393.189    , array([ 3.81295    ,  0.148629   ,  4.99661    ,  0.497741   ])
1096    , -393.19     , array([ 3.81295    ,  0.148777   ,  4.99661    ,  0.497244   ])
1100    , -393.183    , array([ 3.81295    ,  0.148629   ,  4.99661    ,  0.497244   ])
1104    , -393.189    , array([ 3.81295    ,  0.148629   ,  4.99661    ,  0.497741   ])
1108    , -393.19     , array([ 3.81295    ,  0.148777   ,  4.99661    ,  0.497244   ])
1112    , -393.183    , array([ 3.81295    ,  0.148629   ,  4.99661    ,  0.497244   ])
1116    , -393.189    , array([ 3.81295    ,  0.148629   ,  4.99661    ,  0.497741   ])
1120    , -393.19     , array([ 3.81295    ,  0.148777   ,  4.99661    ,  0.497244   ])
1124    , -393.183    , array([ 3.81295    ,  0.148629   ,  4.99661    ,  0.497244   ])
1128    , -393.189    , array([ 3.81295    ,  0.148629   ,  4.99661    ,  0.497741   ])
1132    , -393.19     , array([ 3.81295    ,  0.148777   ,  4.99661    ,  0.497244   ])
1136    , -393.183    , array([ 3.81295    ,  0.148629   ,  4.99661    ,  0.497244   ])
1140    , -393.189    , array([ 3.81295    ,  0.148629   ,  4.99661    ,  0.497741   ])
1144    , -393.19     , array([ 3.81295    ,  0.148777   ,  4.99661    ,  0.497244   ])
1148    , -393.183    , array([ 3.81295    ,  0.148629   ,  4.99661    ,  0.497244   ])
1152    , -393.189    , array([ 3.81295    ,  0.148629   ,  4.99661    ,  0.497741   ])
1156    , -393.19     , array([ 3.81295    ,  0.148777   ,  4.99661    ,  0.497244   ])
1160    , -393.183    , array([ 3.81295    ,  0.148629   ,  4.99661    ,  0.497244   ])
1164    , -393.189    , array([ 3.81295    ,  0.148629   ,  4.99661    ,  0.497741   ])
1168    , -393.19     , array([ 3.81295    ,  0.148777   ,  4.99661    ,  0.497244   ])
1172    , -393.183    , array([ 3.81295    ,  0.148629   ,  4.99661    ,  0.497244   ])
1176    , -393.189    , array([ 3.81295    ,  0.148629   ,  4.99661    ,  0.497741   ])
1180    , -393.19     , array([ 3.81295    ,  0.148777   ,  4.99661    ,  0.497244   ])
1184    , -393.183    , array([ 3.81295    ,  0.148629   ,  4.99661    ,  0.497244   ])
1188    , -393.189    , array([ 3.81295    ,  0.148629   ,  4.99661    ,  0.497741   ])
1192    , -393.19     , array([ 3.81295    ,  0.148777   ,  4.99661    ,  0.497244   ])
1196    , -393.183    , array([ 3.81295    ,  0.148629   ,  4.99661    ,  0.497244   ])
1200    , -393.189    , array([ 3.81295    ,  0.148629   ,  4.99661    ,  0.497741   ])
1204    , -393.19     , array([ 3.81295    ,  0.148777   ,  4.99661    ,  0.497244   ])
1208    , -393.183    , array([ 3.81295    ,  0.148629   ,  4.99661    ,  0.497244   ])
1212    , -393.189    , array([ 3.81295    ,  0.148629   ,  4.99661    ,  0.497741   ])
1216    , -393.19     , array([ 3.81295    ,  0.148777   ,  4.99661    ,  0.497244   ])
1220    , -393.183    , array([ 3.81295    ,  0.148629   ,  4.99661    ,  0.497244   ])
1224    , -393.189    , array([ 3.81295    ,  0.148629   ,  4.99661    ,  0.497741   ])
1228    , -393.19     , array([ 3.81295    ,  0.148777   ,  4.99661    ,  0.497244   ])
1232    , -393.183    , array([ 3.81295    ,  0.148629   ,  4.99661    ,  0.497244   ])
1236    , -393.189    , array([ 3.81295    ,  0.148629   ,  4.99661    ,  0.497741   ])
1240    , -393.19     , array([ 3.81295    ,  0.148777   ,  4.99661    ,  0.497244   ])
1244    , -393.183    , array([ 3.81295    ,  0.148629   ,  4.99661    ,  0.497244   ])
1248    , -393.189    , array([ 3.81295    ,  0.148629   ,  4.99661    ,  0.497741   ])
1252    , -393.19     , array([ 3.81295    ,  0.148777   ,  4.99661    ,  0.497244   ])
1256    , -393.183    , array([ 3.81295    ,  0.148629   ,  4.99661    ,  0.497244   ])
1260    , -393.189    , array([ 3.81295    ,  0.148629   ,  4.99661    ,  0.497741   ])
1264    , -393.19     , array([ 3.81295    ,  0.148777   ,  4.99661    ,  0.497244   ])
1268    , -393.183    , array([ 3.81295    ,  0.148629   ,  4.99661    ,  0.497244   ])
1272    , -393.189    , array([ 3.81295    ,  0.148629   ,  4.99661    ,  0.497741   ])
1276    , -393.19     , array([ 3.81295    ,  0.148777   ,  4.99661    ,  0.497244   ])
1280    , -393.183    , array([ 3.81295    ,  0.148629   ,  4.99661    ,  0.497244   ])
1284    , -393.189    , array([ 3.81295    ,  0.148629   ,  4.99661    ,  0.497741   ])
1288    , -393.19     , array([ 3.81295    ,  0.148777   ,  4.99661    ,  0.497244   ])
1292    , -393.183    , array([ 3.81295    ,  0.148629   ,  4.99661    ,  0.497244   ])
1296    , -393.189    , array([ 3.81295    ,  0.148629   ,  4.99661    ,  0.497741   ])
1300    , -393.19     , array([ 3.81295    ,  0.148777   ,  4.99661    ,  0.497244   ])
1304    , -393.183    , array([ 3.81295    ,  0.148629   ,  4.99661    ,  0.497244   ])
1308    , -393.189    , array([ 3.81295    ,  0.148629   ,  4.99661    ,  0.497741   ])
1312    , -393.19     , array([ 3.81295    ,  0.148777   ,  4.99661    ,  0.497244   ])
1316    , -393.183    , array([ 3.81295    ,  0.148629   ,  4.99661    ,  0.497244   ])
1320    , -393.189    , array([ 3.81295    ,  0.148629   ,  4.99661    ,  0.497741   ])
1324    , -394.002    , array([ 3.81295    ,  0.148629   ,  4.55234    ,  0.497244   ])
1328    , -393.184    , array([ 3.81295    ,  0.148629   ,  4.9801     ,  0.497244   ])
1332    , -393.183    , array([ 3.81295    ,  0.148629   ,  4.99602    ,  0.497244   ])
