357     , -11336.9    , array([ 0.500673   ,  1.38104    ,  0.904301   ,  0.174721   ,  1.89986    ,  0.790406   ,  1.2522     ,  0.121586   ,  0.0328275  ,  0.894664   ,  0.0663529  ,  0.38056    ,  0.866086   ,  0.608776   ,  1.45532    ,  1.20668    ,  0.0375907  ])
374     , -11189.2    , array([ 0.619338   ,  1.38536    ,  0.904301   ,  0.174721   ,  1.89986    ,  0.790406   ,  1.2522     ,  0.121586   ,  0.0328275  ,  0.894664   ,  0.0663529  ,  0.38056    ,  0.866086   ,  0.608776   ,  1.45532    ,  1.20668    ,  0.0375907  ])
391     , -11189.2    , array([ 0.619338   ,  1.38541    ,  0.903627   ,  0.174721   ,  1.89986    ,  0.790406   ,  1.2522     ,  0.121586   ,  0.0328275  ,  0.894664   ,  0.0663529  ,  0.38056    ,  0.866086   ,  0.608776   ,  1.45532    ,  1.20668    ,  0.0375907  ])
408     , -11190.5    , array([ 0.619338   ,  1.38541    ,  0.90404    ,  0.184826   ,  1.89986    ,  0.790406   ,  1.2522     ,  0.121586   ,  0.0328275  ,  0.894664   ,  0.0663529  ,  0.38056    ,  0.866086   ,  0.608776   ,  1.45532    ,  1.20668    ,  0.0375907  ])
425     , -11189.2    , array([ 0.619338   ,  1.38541    ,  0.90404    ,  0.175348   ,  1.87684    ,  0.790406   ,  1.2522     ,  0.121586   ,  0.0328275  ,  0.894664   ,  0.0663529  ,  0.38056    ,  0.866086   ,  0.608776   ,  1.45532    ,  1.20668    ,  0.0375907  ])
493     , -11189.1    , array([ 0.619338   ,  1.38541    ,  0.90404    ,  0.175348   ,  1.87684    ,  0.790063   ,  1.25107    ,  0.121389   ,  0.0329578  ,  0.894664   ,  0.0663529  ,  0.38056    ,  0.866086   ,  0.608776   ,  1.45532    ,  1.20668    ,  0.0375907  ])
510     , -11202.8    , array([ 0.619338   ,  1.38541    ,  0.90404    ,  0.175348   ,  1.87684    ,  0.790063   ,  1.25107    ,  0.121389   ,  0.0329578  ,  0.884542   ,  0.257335   ,  0.38056    ,  0.866086   ,  0.608776   ,  1.45532    ,  1.20668    ,  0.0375907  ])
527     , -11189      , array([ 0.619338   ,  1.38541    ,  0.90404    ,  0.175348   ,  1.87684    ,  0.790063   ,  1.25107    ,  0.121389   ,  0.0329578  ,  0.884542   ,  0.0768277  ,  0.375882   ,  0.866086   ,  0.608776   ,  1.45532    ,  1.20668    ,  0.0375907  ])
544     , -11189      , array([ 0.619338   ,  1.38541    ,  0.90404    ,  0.175348   ,  1.87684    ,  0.790063   ,  1.25107    ,  0.121389   ,  0.0329578  ,  0.884542   ,  0.0768277  ,  0.378189   ,  0.863023   ,  0.608776   ,  1.45532    ,  1.20668    ,  0.0375907  ])
578     , -11188.9    , array([ 0.619338   ,  1.38541    ,  0.90404    ,  0.175348   ,  1.87684    ,  0.790063   ,  1.25107    ,  0.121389   ,  0.0329578  ,  0.884542   ,  0.0768277  ,  0.378189   ,  0.863173   ,  0.607195   ,  1.51101    ,  1.19428    ,  0.0375907  ])
