716     , -92.1278    , array([ 0.117904   ,  1.2641     ,  0.0761952  ,  0.0333879  ])
724     , -8610.1     , array([ 0.0277339  ,  1.2641     ,  0.0761952  ,  0.0333879  ])
728     , -92.4044    , array([ 0.120714   ,  1.2641     ,  0.0761952  ,  0.0333879  ])
732     , -92.1016    , array([ 0.118529   ,  1.2641     ,  0.0761952  ,  0.0333879  ])
736     , -92.1016    , array([ 0.118536   ,  1.2641     ,  0.0761952  ,  0.0333879  ])
740     , -92.1724    , array([ 0.118536   ,  1.23719    ,  0.0761952  ,  0.0333879  ])
744     , -92.0995    , array([ 0.118536   ,  1.26976    ,  0.0761952  ,  0.0333879  ])
748     , -92.0995    , array([ 0.118536   ,  1.26969    ,  0.0761952  ,  0.0333879  ])
756     , -93.3054    , array([ 0.118536   ,  1.26969    ,  0.0724005  ,  0.0333879  ])
760     , -92.0635    , array([ 0.118536   ,  1.26969    ,  0.0756392  ,  0.0333879  ])
768     , -3016.96    , array([ 0.118536   ,  1.26969    ,  0.0756336  ,  0.224335   ])
776     , -99.5934    , array([ 0.118536   ,  1.26969    ,  0.0756336  ,  0.0371524  ])
780     , -92.0567    , array([ 0.118536   ,  1.26969    ,  0.0756336  ,  0.0334934  ])
784     , -2622.49    , array([ 1.11854    ,  1.26969    ,  0.0756336  ,  0.0334934  ])
788     , -1502.29    , array([ 0.500502   ,  1.26969    ,  0.0756336  ,  0.0334934  ])
792     , -294.008    , array([ 0.19148    ,  1.26969    ,  0.0756336  ,  0.0334934  ])
796     , -92.0403    , array([ 0.117827   ,  1.26969    ,  0.0756336  ,  0.0334934  ])
800     , -92.0382    , array([ 0.118007   ,  1.26969    ,  0.0756336  ,  0.0334934  ])
804     , -161.671    , array([ 0.118007   ,  0.651656   ,  0.0756336  ,  0.0334934  ])
808     , -92.0387    , array([ 0.118007   ,  1.27161    ,  0.0756336  ,  0.0334934  ])
812     , -92.0381    , array([ 0.118007   ,  1.26864    ,  0.0756336  ,  0.0334934  ])
816     , -92.0381    , array([ 0.118007   ,  1.26867    ,  0.0756336  ,  0.0334934  ])
828     , -92.0417    , array([ 0.118007   ,  1.26867    ,  0.0756644  ,  0.0334934  ])
832     , -92.0105    , array([ 0.118007   ,  1.26867    ,  0.075141   ,  0.0334934  ])
836     , -92.0105    , array([ 0.118007   ,  1.26867    ,  0.0751459  ,  0.0334934  ])
844     , -378.46     , array([ 0.118007   ,  1.26867    ,  0.0751459  ,  0.0613523  ])
848     , -92.1246    , array([ 0.118007   ,  1.26867    ,  0.0751459  ,  0.0340277  ])
852     , -92.0058    , array([ 0.118007   ,  1.26867    ,  0.0751459  ,  0.0335809  ])
856     , -91.8766    , array([ 0.116621   ,  1.266      ,  0.073869   ,  0.0338133  ])
860     , -91.2957    , array([ 0.0991717  ,  1.23239    ,  0.0577849  ,  0.0367284  ])
864     , -91.1448    , array([ 0.103344   ,  1.24042    ,  0.0616309  ,  0.0360313  ])
868     , -91.1446    , array([ 0.103489   ,  1.2407     ,  0.0617647  ,  0.0360071  ])
876     , -107.948    , array([ 0.116409   ,  1.2407     ,  0.0617647  ,  0.0360071  ])
880     , -90.7826    , array([ 0.101473   ,  1.2407     ,  0.0617647  ,  0.0360071  ])
888     , -92.062     , array([ 0.101473   ,  1.3607     ,  0.0617647  ,  0.0360071  ])
892     , -90.7608    , array([ 0.101473   ,  1.22425    ,  0.0617647  ,  0.0360071  ])
896     , -4748.39    , array([ 0.101473   ,  1.22425    ,  0.0617647  ,  1.03601    ])
900     , -4261.32    , array([ 0.101473   ,  1.22425    ,  0.0617647  ,  0.417973   ])
904     , -1136.44    , array([ 0.101473   ,  1.22425    ,  0.0617647  ,  0.108943   ])
908     , -96.634     , array([ 0.101473   ,  1.22425    ,  0.0617647  ,  0.0395163  ])
912     , -90.749     , array([ 0.101473   ,  1.22425    ,  0.0617647  ,  0.0361515  ])
916     , -93.088     , array([ 0.124963   ,  1.2695     ,  0.0834159  ,  0.0322288  ])
920     , -90.6075    , array([ 0.0932247  ,  1.20836    ,  0.0541617  ,  0.0375309  ])
924     , -95.5887    , array([ 0.0737388  ,  1.15825    ,  0.0380591  ,  0.0405953  ])
928     , -90.5376    , array([ 0.0958727  ,  1.21346    ,  0.0566025  ,  0.0370886  ])
936     , -113.93     , array([ 0.111241   ,  1.21346    ,  0.0566025  ,  0.0370886  ])
940     , -90.3836    , array([ 0.0946513  ,  1.21346    ,  0.0566025  ,  0.0370886  ])
948     , -91.8038    , array([ 0.0946513  ,  1.33647    ,  0.0566025  ,  0.0370886  ])
952     , -90.3681    , array([ 0.0946513  ,  1.20031    ,  0.0566025  ,  0.0370886  ])
956     , -4623.89    , array([ 0.0946513  ,  1.20031    ,  0.0566025  ,  1.03709    ])
960     , -4148.34    , array([ 0.0946513  ,  1.20031    ,  0.0566025  ,  0.419055   ])
964     , -1103.15    , array([ 0.0946513  ,  1.20031    ,  0.0566025  ,  0.110025   ])
968     , -95.831     , array([ 0.0946513  ,  1.20031    ,  0.0566025  ,  0.0405747  ])
972     , -90.3509    , array([ 0.0946513  ,  1.20031    ,  0.0566025  ,  0.0372667  ])
976     , -92.8114    , array([ 0.118141   ,  1.24556    ,  0.0782536  ,  0.0333444  ])
980     , -90.2397    , array([ 0.0909159  ,  1.19311    ,  0.0531593  ,  0.0378926  ])
984     , -90.2391    , array([ 0.0911266  ,  1.19352    ,  0.0533536  ,  0.0378574  ])
988     , -89.6678    , array([ 0.0788274  ,  1.14154    ,  0.0449643  ,  0.0398491  ])
992     , -89.5297    , array([ 0.0671868  ,  1.09243    ,  0.0370163  ,  0.0417344  ])
996     , -89.4963    , array([ 0.0699007  ,  1.10388    ,  0.0388692  ,  0.0412949  ])
1000    , -89.496     , array([ 0.0701112  ,  1.10477    ,  0.039013   ,  0.0412608  ])
1004    , -89.3865    , array([ 0.0721596  ,  1.10871    ,  0.0409011  ,  0.0409186  ])
1008    , -89.3851    , array([ 0.0719683  ,  1.10835    ,  0.0407248  ,  0.0409505  ])
1012    , -89.3851    , array([ 0.0719499  ,  1.10831    ,  0.0407078  ,  0.0409536  ])
1016    , -89.5266    , array([ 0.0719499  ,  1.0846     ,  0.0407078  ,  0.0409536  ])
1020    , -89.372     , array([ 0.0719499  ,  1.11838    ,  0.0407078  ,  0.0409536  ])
1024    , -89.372     , array([ 0.0719499  ,  1.11828    ,  0.0407078  ,  0.0409536  ])
1032    , -265.808    , array([ 0.0719499  ,  1.11828    ,  0.0407078  ,  0.064752   ])
1036    , -89.3664    , array([ 0.0719499  ,  1.11828    ,  0.0407078  ,  0.0410557  ])
1040    , -89.3664    , array([ 0.0719499  ,  1.11828    ,  0.0407078  ,  0.0410624  ])
1044    , -89.9048    , array([ 0.0849598  ,  1.17317    ,  0.0495907  ,  0.0389553  ])
1048    , -89.2244    , array([ 0.0648678  ,  1.0884     ,  0.0358723  ,  0.0422094  ])
1052    , -89.2244    , array([ 0.0648678  ,  1.0884     ,  0.0358723  ,  0.0422094  ])
1056    , -91.0162    , array([ 0.0738399  ,  1.10568    ,  0.0441423  ,  0.0407105  ])
1060    , -89.1851    , array([ 0.0658345  ,  1.09026    ,  0.0367634  ,  0.0420478  ])
1064    , -89.185     , array([ 0.0657983  ,  1.09019    ,  0.0367299  ,  0.0420539  ])
1068    , -265.353    , array([ 0.0657983  ,  0.472157   ,  0.0367299  ,  0.0420539  ])
1072    , -89.1821    , array([ 0.0657983  ,  1.09992    ,  0.0367299  ,  0.0420539  ])
1076    , -89.18      , array([ 0.0657983  ,  1.09612    ,  0.0367299  ,  0.0420539  ])
1088    , -193.193    , array([ 0.0657983  ,  1.09612    ,  0.0367299  ,  0.0288983  ])
1092    , -89.1791    , array([ 0.0657983  ,  1.09612    ,  0.0367299  ,  0.0420988  ])
1096    , -93.2407    , array([ 0.0447479  ,  1.0073     ,  0.0223571  ,  0.045508   ])
1100    , -89.232     , array([ 0.0577577  ,  1.06219    ,  0.03124    ,  0.043401   ])
1104    , -89.1229    , array([ 0.0619881  ,  1.08004    ,  0.0341285  ,  0.0427159  ])
1108    , -89.1229    , array([ 0.0619881  ,  1.08004    ,  0.0341285  ,  0.0427159  ])
1112    , -90.8726    , array([ 0.0308376  ,  0.989648   ,  0.0152647  ,  0.0481953  ])
1116    , -88.8685    , array([ 0.0472235  ,  1.0372     ,  0.0251875  ,  0.045313   ])
1120    , -185.367    , array([ 0.0327063  ,  1.00923    ,  0.0118064  ,  0.0477382  ])
1124    , -96.1535    , array([ 0.0416784  ,  1.02652    ,  0.0200764  ,  0.0462393  ])
1128    , -88.8282    , array([ 0.0477686  ,  1.03825    ,  0.0256899  ,  0.0452219  ])
1132    , -152.933    , array([ 0.0477741  ,  2.03826    ,  0.025695   ,  0.045221   ])
1136    , -105.328    , array([ 0.0477741  ,  1.42022    ,  0.025695   ,  0.045221   ])
1140    , -88.8272    , array([ 0.0477741  ,  1.0406     ,  0.025695   ,  0.045221   ])
1144    , -88.8272    , array([ 0.0477741  ,  1.04055    ,  0.025695   ,  0.045221   ])
1156    , -179.187    , array([ 0.0477741  ,  1.04055    ,  0.025695   ,  0.0320654  ])
1160    , -88.8148    , array([ 0.0477741  ,  1.04055    ,  0.025695   ,  0.0450464  ])
1164    , -89.4872    , array([ 0.0330094  ,  0.997701   ,  0.016754   ,  0.0476435  ])
1168    , -88.7962    , array([ 0.0421345  ,  1.02418    ,  0.0222798  ,  0.0460384  ])
1172    , -88.7887    , array([ 0.0438678  ,  1.02921    ,  0.0233295  ,  0.0457335  ])
1176    , -216.022    , array([ 0.0293111  ,  1.00113    ,  0.00992442 ,  0.0481657  ])
1180    , -97.3242    , array([ 0.0382832  ,  1.01841    ,  0.0181944  ,  0.0466668  ])
1184    , -88.7737    , array([ 0.0441245  ,  1.02967    ,  0.0235786  ,  0.0456909  ])
1188    , -154.321    , array([ 0.0441291  ,  2.02967    ,  0.0235828  ,  0.0456902  ])
1192    , -105.476    , array([ 0.0441291  ,  1.41164    ,  0.0235828  ,  0.0456902  ])
1196    , -88.7677    , array([ 0.0441291  ,  1.03529    ,  0.0235828  ,  0.0456902  ])
1200    , -3821.55    , array([ 0.0441291  ,  1.03529    ,  0.0235828  ,  1.04569    ])
1204    , -3412.71    , array([ 0.0441291  ,  1.03529    ,  0.0235828  ,  0.427656   ])
1208    , -901.229    , array([ 0.0441291  ,  1.03529    ,  0.0235828  ,  0.118629   ])
1212    , -91.7859    , array([ 0.0441291  ,  1.03529    ,  0.0235828  ,  0.0483452  ])
1216    , -88.7594    , array([ 0.0441291  ,  1.03529    ,  0.0235828  ,  0.0455485  ])
1220    , -89.3298    , array([ 0.0680188  ,  1.10462    ,  0.0380496  ,  0.0413448  ])
1224    , -88.7456    , array([ 0.0423771  ,  1.03021    ,  0.0225219  ,  0.0458552  ])
1228    , -88.7433    , array([ 0.0414608  ,  1.02755    ,  0.021967   ,  0.0460164  ])
1232    , -88.7073    , array([ 0.0390395  ,  1.02585    ,  0.0205958  ,  0.0463018  ])
1236    , -88.6627    , array([ 0.0289577  ,  1.01901    ,  0.014891   ,  0.0474838  ])
1240    , -88.648     , array([ 0.0314298  ,  1.02069    ,  0.0162898  ,  0.047194   ])
1244    , -88.648     , array([ 0.0315298  ,  1.02075    ,  0.0163465  ,  0.0471822  ])
1248    , -104.01     , array([ 0.040502   ,  1.03804    ,  0.0246165  ,  0.0456833  ])
1252    , -88.6359    , array([ 0.031854   ,  1.02138    ,  0.0166452  ,  0.0471281  ])
1256    , -88.6304    , array([ 0.031736   ,  1.02115    ,  0.0165365  ,  0.0471478  ])
1260    , -88.6304    , array([ 0.031736   ,  1.02115    ,  0.0165365  ,  0.0471478  ])
1264    , -88.968     , array([ 0.031736   ,  0.985684   ,  0.0165365  ,  0.0471478  ])
1268    , -88.6258    , array([ 0.031736   ,  1.02589    ,  0.0165365  ,  0.0471478  ])
1272    , -88.6258    , array([ 0.031736   ,  1.02593    ,  0.0165365  ,  0.0471478  ])
1280    , -228.439    , array([ 0.031736   ,  1.02593    ,  0.0165365  ,  0.0698156  ])
1284    , -88.6258    , array([ 0.031736   ,  1.02593    ,  0.0165365  ,  0.0471555  ])
1288    , -88.6258    , array([ 0.031736   ,  1.02593    ,  0.0165365  ,  0.0471633  ])
1292    , -88.6855    , array([ 0.0378571  ,  1.03009    ,  0.0200001  ,  0.0464457  ])
1296    , -88.61      , array([ 0.0285512  ,  1.02378    ,  0.0147344  ,  0.0475367  ])
1300    , -88.61      , array([ 0.0285512  ,  1.02378    ,  0.0147344  ,  0.0475367  ])
1304    , -108.132    , array([ 0.0375234  ,  1.04106    ,  0.0230044  ,  0.0460378  ])
1308    , -88.6225    , array([ 0.0288102  ,  1.02427    ,  0.0149731  ,  0.0474934  ])
1312    , -88.6064    , array([ 0.0286328  ,  1.02393    ,  0.0148096  ,  0.047523   ])
1316    , -88.6064    , array([ 0.0286337  ,  1.02393    ,  0.0148104  ,  0.0475229  ])
1320    , -89.0171    , array([ 0.0286337  ,  0.980564   ,  0.0148104  ,  0.0475229  ])
1324    , -88.6064    , array([ 0.0286337  ,  1.02429    ,  0.0148104  ,  0.0475229  ])
1328    , -88.6064    , array([ 0.0286337  ,  1.02429    ,  0.0148104  ,  0.0475229  ])
1340    , -176.971    , array([ 0.0286337  ,  1.02429    ,  0.0148104  ,  0.0343673  ])
1344    , -88.6056    , array([ 0.0286337  ,  1.02429    ,  0.0148104  ,  0.0475678  ])
1348    , -89.3834    , array([ 0.0187296  ,  1.01758    ,  0.00920616 ,  0.0487289  ])
1352    , -88.6259    , array([ 0.0248506  ,  1.02173    ,  0.0126697  ,  0.0480113  ])
1356    , -88.6014    , array([ 0.027362   ,  1.02343    ,  0.0140908  ,  0.0477169  ])
