735     , -1647.53    , array([ 1.99575    ,  0.101137   ,  0.0508097  ,  5.04047    ,  2.48752    ])
740     , -1332.55    , array([ 1.15194    ,  0.101137   ,  0.0508097  ,  5.04047    ,  2.48752    ])
745     , -1311.04    , array([ 0.996683   ,  0.101137   ,  0.0508097  ,  5.04047    ,  2.48752    ])
750     , -1311.04    , array([ 0.996692   ,  0.101137   ,  0.0508097  ,  5.04047    ,  2.48752    ])
755     , -75929.9    , array([ 0.996692   ,  0.0109672  ,  0.0508097  ,  5.04047    ,  2.48752    ])
760     , -1311.1     , array([ 0.996692   ,  0.100961   ,  0.0508097  ,  5.04047    ,  2.48752    ])
765     , -1311.04    , array([ 0.996692   ,  0.101182   ,  0.0508097  ,  5.04047    ,  2.48752    ])
770     , -11444.1    , array([ 0.996692   ,  0.101182   ,  0.432776   ,  5.04047    ,  2.48752    ])
775     , -11803.9    , array([ 0.996692   ,  0.101182   ,  0.0163678  ,  5.04047    ,  2.48752    ])
780     , -1311.04    , array([ 0.996692   ,  0.101182   ,  0.0507185  ,  5.04047    ,  2.48752    ])
785     , -1342.86    , array([ 0.996692   ,  0.101182   ,  0.0507723  ,  6.04047    ,  2.48752    ])
790     , -1311.03    , array([ 0.996692   ,  0.101182   ,  0.0507723  ,  5.03347    ,  2.48752    ])
795     , -1378.52    , array([ 0.996692   ,  0.101182   ,  0.0507723  ,  5.02743    ,  3.48752    ])
800     , -1311.04    , array([ 0.996692   ,  0.101182   ,  0.0507723  ,  5.02743    ,  2.49818    ])
805     , -1311.03    , array([ 0.996692   ,  0.101182   ,  0.0507723  ,  5.02743    ,  2.48695    ])
