656     , -1457.52    , array([ 0.233037   ,  2.70119    ,  0.01028    ,  0.065725   ])
664     , -103.531    , array([ 0.0429136  ,  2.70119    ,  0.01028    ,  0.065725   ])
668     , -103.226    , array([ 0.041994   ,  2.70119    ,  0.01028    ,  0.065725   ])
672     , -103.226    , array([ 0.0419932  ,  2.70119    ,  0.01028    ,  0.065725   ])
676     , -103.216    , array([ 0.0419932  ,  2.73068    ,  0.01028    ,  0.065725   ])
680     , -103.216    , array([ 0.0419932  ,  2.73266    ,  0.01028    ,  0.065725   ])
692     , -871.715    , array([ 0.0419932  ,  2.73266    ,  0.0381151  ,  0.065725   ])
696     , -103.214    , array([ 0.0419932  ,  2.73266    ,  0.0102416  ,  0.065725   ])
700     , -19264.2    , array([ 0.0419932  ,  2.73266    ,  0.0102416  ,  1.06572    ])
704     , -15669.9    , array([ 0.0419932  ,  2.73266    ,  0.0102416  ,  0.447691   ])
708     , -1412.55    , array([ 0.0419932  ,  2.73266    ,  0.0102416  ,  0.138626   ])
712     , -103.206    , array([ 0.0419932  ,  2.73266    ,  0.0102416  ,  0.0655663  ])
716     , -103.192    , array([ 0.0419156  ,  2.76413    ,  0.0102032  ,  0.0654153  ])
720     , -103.186    , array([ 0.0418197  ,  2.80297    ,  0.0101558  ,  0.0652242  ])
724     , -103.186    , array([ 0.041818   ,  2.80367    ,  0.0101549  ,  0.0652207  ])
732     , -1474.21    , array([ 0.232786   ,  2.80297    ,  0.0101558  ,  0.0652242  ])
740     , -103.457    , array([ 0.0424336  ,  2.80297    ,  0.0101558  ,  0.0652242  ])
744     , -103.155    , array([ 0.0415357  ,  2.80297    ,  0.0101558  ,  0.0652242  ])
748     , -103.155    , array([ 0.0415328  ,  2.80297    ,  0.0101558  ,  0.0652242  ])
756     , -108.863    , array([ 0.0415328  ,  2.80297    ,  0.0101558  ,  0.0693957  ])
760     , -103.153    , array([ 0.0415328  ,  2.80297    ,  0.0101558  ,  0.0651488  ])
768     , -21858.5    , array([ 0.0415328  ,  2.80297    ,  0.200939   ,  0.0651481  ])
776     , -103.153    , array([ 0.0415328  ,  2.80297    ,  0.0101694  ,  0.0651481  ])
780     , -103.153    , array([ 0.0415328  ,  2.80297    ,  0.0101658  ,  0.0651481  ])
784     , -103.155    , array([ 0.0412521  ,  2.91673    ,  0.010027   ,  0.0645883  ])
788     , -103.142    , array([ 0.0413988  ,  2.85727    ,  0.0100995  ,  0.0648809  ])
792     , -103.285    , array([ 0.0423614  ,  2.65532    ,  0.0103298  ,  0.0659978  ])
796     , -103.136    , array([ 0.0411643  ,  2.90681    ,  0.010043   ,  0.0646073  ])
800     , -103.169    , array([ 0.0409884  ,  2.97761    ,  0.00995662 ,  0.0642586  ])
804     , -103.14     , array([ 0.0413354  ,  2.83699    ,  0.0101282  ,  0.0649506  ])
808     , -103.133    , array([ 0.0412297  ,  2.87982    ,  0.010076   ,  0.0647398  ])
820     , -103.156    , array([ 0.0412297  ,  2.87982    ,  0.010076   ,  0.0650613  ])
824     , -103.132    , array([ 0.0412297  ,  2.87982    ,  0.010076   ,  0.0647943  ])
828     , -103.132    , array([ 0.0412297  ,  2.87982    ,  0.010076   ,  0.0647938  ])
836     , -899.684    , array([ 0.0412297  ,  2.87982    ,  0.0379107  ,  0.0647938  ])
840     , -103.132    , array([ 0.0412297  ,  2.87982    ,  0.0100899  ,  0.0647938  ])
844     , -103.13     , array([ 0.0409942  ,  2.9293     ,  0.0100334  ,  0.0645202  ])
848     , -103.13     , array([ 0.0410842  ,  2.9104     ,  0.010055   ,  0.0646247  ])
