660     , -1311.13    , array([ 1.00339    ,  0.0982222  ,  4.9694     ,  2.56464    ,  0.0490427  ])
665     , -3203.1     , array([ 0.385357   ,  0.0982222  ,  4.9694     ,  2.56464    ,  0.0490427  ])
670     , -1311.13    , array([ 1.0026     ,  0.0982222  ,  4.9694     ,  2.56464    ,  0.0490427  ])
675     , -40670.2    , array([ 1.00204    ,  1.09822    ,  4.9694     ,  2.56464    ,  0.0490427  ])
680     , -14186.5    , array([ 1.00204    ,  0.289014   ,  4.9694     ,  2.56464    ,  0.0490427  ])
685     , -1581.48    , array([ 1.00204    ,  0.113208   ,  4.9694     ,  2.56464    ,  0.0490427  ])
690     , -1311.11    , array([ 1.00204    ,  0.098351   ,  4.9694     ,  2.56464    ,  0.0490427  ])
695     , -1311.11    , array([ 1.00204    ,  0.0983498  ,  4.9694     ,  2.56464    ,  0.0490427  ])
700     , -1311.11    , array([ 1.00204    ,  0.0983498  ,  4.97189    ,  2.56464    ,  0.0490427  ])
705     , -1311.11    , array([ 1.00204    ,  0.0983498  ,  4.97189    ,  2.56464    ,  0.0490427  ])
710     , -1311.1     , array([ 1.00204    ,  0.0983498  ,  4.97189    ,  2.55607    ,  0.0490427  ])
725     , -2039.24    , array([ 1.00204    ,  0.0983498  ,  4.97189    ,  2.55607    ,  0.035887   ])
730     , -1311.1     , array([ 1.00204    ,  0.0983498  ,  4.97189    ,  2.55607    ,  0.0490612  ])
