4       , -386.631    , array([ 29.2188    ,  0.068625   ,  0.250325   ,  0.219593   ])
8       , -386.628    , array([ 31.0838    ,  0.068625   ,  0.250325   ,  0.219593   ])
12      , -386.628    , array([ 31.0864    ,  0.068625   ,  0.250325   ,  0.219593   ])
24      , -572.55     , array([ 31.0864    ,  0.0554694  ,  0.250325   ,  0.219593   ])
28      , -387.116    , array([ 31.0864    ,  0.0691688  ,  0.250325   ,  0.219593   ])
32      , -386.675    , array([ 31.0864    ,  0.0687167  ,  0.250325   ,  0.219593   ])
36      , -386.62     , array([ 31.0864    ,  0.0686114  ,  0.250325   ,  0.219593   ])
40      , -386.62     , array([ 31.0864    ,  0.0686126  ,  0.250325   ,  0.219593   ])
48      , -401.87     , array([ 31.0864    ,  0.0686127  ,  0.441307   ,  0.219593   ])
52      , -386.569    , array([ 31.0864    ,  0.0686127  ,  0.260216   ,  0.219593   ])
60      , -1974.21    , array([ 31.0864    ,  0.0686127  ,  0.260216   ,  0.41056    ])
64      , -402.966    , array([ 31.0864    ,  0.0686127  ,  0.260216   ,  0.225201   ])
68      , -393.291    , array([ 31.0864    ,  0.0686127  ,  0.260216   ,  0.221735   ])
72      , -386.585    , array([ 31.0864    ,  0.0686127  ,  0.260216   ,  0.219564   ])
76      , -386.565    , array([ 31.0864    ,  0.0686127  ,  0.260216   ,  0.219616   ])
80      , -386.565    , array([ 31.0864    ,  0.0686127  ,  0.260216   ,  0.219616   ])
84      , -386.562    , array([ 33.3219    ,  0.0686127  ,  0.260216   ,  0.219616   ])
88      , -386.562    , array([ 33.3855    ,  0.0686127  ,  0.260216   ,  0.219616   ])
96      , -779.201    , array([ 33.3855    ,  0.25959    ,  0.260216   ,  0.219616   ])
100     , -1870.41    , array([ 33.3855    ,  0.0341708  ,  0.260216   ,  0.219616   ])
104     , -395.532    , array([ 33.3855    ,  0.0676762  ,  0.260216   ,  0.219616   ])
108     , -387.993    , array([ 33.3855    ,  0.0684148  ,  0.260216   ,  0.219616   ])
112     , -386.598    , array([ 33.3855    ,  0.0685838  ,  0.260216   ,  0.219616   ])
116     , -386.561    , array([ 33.3855    ,  0.0686078  ,  0.260216   ,  0.219616   ])
120     , -695.004    , array([ 33.3855    ,  0.0686078  ,  1.26022    ,  0.219616   ])
124     , -447.465    , array([ 33.3855    ,  0.0686078  ,  0.642182   ,  0.219616   ])
128     , -386.561    , array([ 33.3855    ,  0.0686078  ,  0.260483   ,  0.219616   ])
132     , -386.561    , array([ 33.3855    ,  0.0686078  ,  0.26048    ,  0.219616   ])
140     , -1875.66    , array([ 33.3855    ,  0.0686078  ,  0.26048    ,  0.129446   ])
144     , -387.465    , array([ 33.3855    ,  0.0686078  ,  0.26048    ,  0.21806    ])
148     , -388.294    , array([ 33.3855    ,  0.0686078  ,  0.26048    ,  0.220319   ])
152     , -386.561    , array([ 33.3855    ,  0.0686078  ,  0.26048    ,  0.219622   ])
156     , -386.56     , array([ 33.3855    ,  0.0686078  ,  0.26048    ,  0.219619   ])
