Model	Replicate	log-likelihood	AIC	chi-squared	theta	optimized_params( )
our_model	Round_1_Replicate_1	-1621.38	3252.76	586.96	20004.94	0.9776,0.0712,3.3529,9.5169,0.0499
our_model	Round_1_Replicate_2	-1338.63	2687.26	55.88	20070.85	1.0366,0.0802,4.6836,3.924,0.041
our_model	Round_1_Replicate_3	-3062.52	6135.04	3220.87	5620.94	2.9607,0.6973,0.862,1.0794,30.0
our_model	Round_1_Replicate_4	-1461.88	2933.76	293.5	19979.79	0.8971,0.1447,5.3568,1.5875,0.0834
our_model	Round_1_Replicate_5	-2669.03	5348.06	2546.08	4394.64	3.9507,0.7539,0.6597,1.0317,30.0
our_model	Round_1_Replicate_6	-1608.56	3227.12	595.66	19594.48	0.9677,0.1671,5.5825,0.274,0.0725
our_model	Round_1_Replicate_7	-1401.83	2813.66	178.28	20187.41	0.8434,0.133,5.6478,1.6175,0.0703
our_model	Round_1_Replicate_8	-2085.38	4180.76	1491.41	6014.44	3.1663,0.3405,0.8962,2.4411,30.0
our_model	Round_1_Replicate_9	-2121.68	4253.36	1562.2	3335.04	5.6846,0.6443,0.4941,1.2841,30.0
our_model	Round_1_Replicate_10	-1980.04	3970.08	1273.35	8833.99	2.275,0.158,1.3744,5.4619,30.0
our_model	Round_2_Replicate_1	-1359.15	2728.3	94.74	19646.98	1.0627,0.1284,4.8803,1.6097,0.0637
our_model	Round_2_Replicate_2	-2337.19	4684.38	1991.09	110850.28	0.1666,0.0248,20.394,30.0,0.5763
our_model	Round_2_Replicate_3	-1615.78	3241.56	641.24	19961.08	1.6649,0.04,1.5153,8.7316,0.0182
our_model	Round_2_Replicate_4	-1576.15	3162.3	559.38	19922.32	1.6712,0.0449,2.3662,7.4246,0.0206
our_model	Round_2_Replicate_5	-1343.66	2697.32	65.08	19707.87	1.1134,0.106,4.6739,3.2871,0.0573
our_model	Round_2_Replicate_6	-1583.7	3177.4	580.69	20314.61	1.0473,0.0402,3.2114,8.9128,0.0191
our_model	Round_2_Replicate_7	-1354.09	2718.18	88.38	20161.64	1.0018,0.0748,4.7099,3.7267,0.0361
our_model	Round_2_Replicate_8	-2039.27	4088.54	1390.88	29390.02	0.6344,0.0642,4.8167,13.1127,1.3595
our_model	Round_2_Replicate_9	-1747.13	3504.26	923.3	20251.54	1.2803,0.0271,1.0669,17.0596,0.0137
our_model	Round_2_Replicate_10	-1973.76	3957.52	1260.22	43661.69	0.457,0.0321,6.9706,26.7793,1.8736
our_model	Round_3_Replicate_1	-1381.33	2772.66	146.76	20037.34	1.1416,0.0708,4.394,3.4055,0.0335
our_model	Round_3_Replicate_2	-1382.07	2774.14	145.7	20155.09	1.0156,0.0687,4.2751,3.9735,0.0321
our_model	Round_3_Replicate_3	-1527.64	3065.28	458.68	20058.5	1.3384,0.0476,3.2645,7.2485,0.0229
our_model	Round_3_Replicate_4	-1326.78	2663.56	31.8	20194.59	0.9249,0.0889,5.0028,2.6559,0.0426
our_model	Round_3_Replicate_5	-1366.33	2742.66	112.65	20161.77	1.0143,0.0718,4.5945,4.5812,0.0366
our_model	Round_3_Replicate_6	-1338.22	2686.44	55.3	20133.78	0.9899,0.08,4.7031,3.4093,0.0388
our_model	Round_3_Replicate_7	-1447.42	2904.84	278.91	20201.07	1.0336,0.0567,3.8209,6.4523,0.0283
Model	Replicate	log-likelihood	AIC	chi-squared	theta	optimized_params( )
our_model	Round_1_Replicate_1	-1325.36	2660.72	28.42	20004.86	0.993,0.0972,4.9105,3.5242,0.0521
our_model	Round_1_Replicate_2	-1327.63	2665.26	33.86	20030.42	0.9793,0.1055,5.3039,1.446,0.0489
Model	Replicate	log-likelihood	AIC	chi-squared	theta	optimized_params( )
our_model	Round_1_Replicate_1	-1312.37	2634.74	2.9	19974.64	1.011,0.1013,4.9991,2.1909,0.0494
our_model	Round_1_Replicate_2	-2090.14	4190.28	1500.89	4125.97	4.6164,0.4993,0.6145,1.6641,30.0
our_model	Round_1_Replicate_3	-2067.26	4144.52	1456.21	5550.34	3.449,0.3571,0.8287,2.3359,30.0
our_model	Round_1_Replicate_4	-2380.68	4771.36	2045.16	2571.71	7.1172,1.0638,0.3778,0.7552,30.0
our_model	Round_1_Replicate_5	-1359.35	2728.7	95.9	19554.8	1.3118,0.0949,4.0765,3.0977,0.048
our_model	Round_1_Replicate_6	-2046.46	4102.92	1415.23	7721.03	2.4955,0.246,1.1567,3.4063,30.0
our_model	Round_1_Replicate_7	-2146.56	4303.12	1608.14	4861.66	3.8602,0.4604,0.7211,1.7873,30.0
our_model	Round_1_Replicate_8	-2312.32	4634.64	1913.95	4889.58	3.723,0.5411,0.7246,1.4885,30.0
our_model	Round_1_Replicate_9	-1323.56	2657.12	25.03	20166.31	0.9466,0.0915,5.157,3.4847,0.0484
our_model	Round_1_Replicate_10	-2070.51	4151.02	1464.7	2850.72	6.7837,0.682,0.4226,1.2276,30.0
our_model	Round_2_Replicate_1	-1518.27	3046.54	433.7	20177.91	1.0904,0.0494,2.8609,5.2771,0.0214
our_model	Round_2_Replicate_2	-1460.64	2931.28	309.12	20219.49	1.0154,0.0565,3.8929,5.338,0.0257
our_model	Round_2_Replicate_3	-1982.39	3974.78	1284.32	36482.67	0.5351,0.0433,5.8522,19.413,1.6679
our_model	Round_2_Replicate_4	-1372.69	2755.38	124.16	20400.73	0.8333,0.0847,5.4573,1.9587,0.0378
our_model	Round_2_Replicate_5	-1312.81	2635.62	3.75	19983.35	0.987,0.104,5.0024,2.4407,0.0521
our_model	Round_2_Replicate_6	-1361.63	2733.26	102.59	20110.36	1.0378,0.0732,4.5501,4.5914,0.0372
our_model	Round_2_Replicate_7	-1526.84	3063.68	453.0	20226.23	1.0394,0.0493,2.9406,4.7155,0.0209
our_model	Round_2_Replicate_8	-1345.75	2701.5	70.71	20177.92	0.9782,0.0772,4.7407,3.7693,0.0382
our_model	Round_2_Replicate_9	-1757.89	3525.78	980.95	20388.3	0.9859,0.0277,0.2188,9.3423,0.0117
our_model	Round_2_Replicate_10	-1313.85	2637.7	5.87	19976.81	1.0051,0.1035,5.0776,2.0329,0.0502
our_model	Round_3_Replicate_1	-1590.53	3191.06	595.29	20086.85	1.3684,0.0414,2.2331,7.5002,0.0184
our_model	Round_3_Replicate_2	-1331.33	2672.66	41.19	20101.27	0.9996,0.0826,4.7162,3.3397,0.0403
our_model	Round_3_Replicate_3	-1396.05	2802.1	168.01	19328.36	1.4472,0.1013,3.7345,2.7176,0.0501
our_model	Round_3_Replicate_4	-1314.02	2638.04	6.2	20032.42	1.0052,0.093,4.8755,2.8005,0.0462
our_model	Round_3_Replicate_5	-1311.89	2633.78	1.93	20046.02	0.9905,0.0964,5.0271,2.5786,0.0478
our_model	Round_3_Replicate_6	-1314.32	2638.64	6.75	19939.4	1.0061,0.1063,5.0438,2.3546,0.0532
our_model	Round_3_Replicate_7	-1359.41	2728.82	96.17	19619.01	1.2966,0.0896,4.0274,3.4838,0.0457
our_model	Round_3_Replicate_8	-1335.56	2681.12	48.56	19902.96	0.9706,0.1198,5.0789,1.6751,0.0588
our_model	Round_3_Replicate_9	-1338.83	2687.66	54.96	20026.71	1.0052,0.0832,4.1701,3.5095,0.0403
our_model	Round_3_Replicate_10	-1373.78	2757.56	129.6	20058.88	1.093,0.0709,4.1974,3.5615,0.0333
our_model	Round_4_Replicate_1	-1328.71	2667.42	35.97	20111.66	0.9945,0.0835,4.7982,3.292,0.0411
our_model	Round_4_Replicate_2	-1355.43	2720.86	90.84	19904.64	1.1908,0.08,4.5816,3.1566,0.038
our_model	Round_4_Replicate_3	-1311.69	2633.38	1.51	19958.03	1.0067,0.1024,4.9172,2.3548,0.0507
our_model	Round_4_Replicate_4	-1318.85	2647.7	15.91	20061.33	1.0048,0.089,4.8665,3.1479,0.0446
our_model	Round_4_Replicate_5	-1317.3	2644.6	12.84	20078.59	0.9938,0.09,4.9265,2.9059,0.0446
our_model	Round_4_Replicate_6	-1328.65	2667.3	35.12	19955.0	0.9755,0.1163,5.248,2.1206,0.0608
our_model	Round_4_Replicate_7	-1311.56	2633.12	1.27	20043.37	0.9874,0.0979,5.0667,2.5015,0.0484
our_model	Round_4_Replicate_8	-1314.4	2638.8	6.94	20073.4	0.9847,0.0932,4.9966,2.9617,0.0472
our_model	Round_4_Replicate_9	-1331.77	2673.54	42.34	20084.09	1.012,0.0847,4.8119,2.6123,0.0396
our_model	Round_4_Replicate_10	-1315.51	2641.02	9.1	19952.87	0.9916,0.1087,5.0477,2.1255,0.0544
our_model	Round_4_Replicate_11	-1311.34	2632.68	0.82	19975.83	1.0168,0.0994,4.9833,2.5995,0.0499
our_model	Round_4_Replicate_12	-1319.53	2649.06	17.27	20094.43	0.9878,0.0888,4.903,3.1854,0.0449
our_model	Round_4_Replicate_13	-1315.92	2641.84	10.03	20048.79	1.0043,0.0911,4.8765,2.934,0.0454
our_model	Round_4_Replicate_14	-1325.8	2661.6	29.46	19782.91	1.0477,0.114,4.824,1.9755,0.0559
our_model	Round_4_Replicate_15	-1336.48	2682.96	50.86	20110.83	0.9733,0.0826,4.5212,3.5393,0.0404
our_model	Round_4_Replicate_16	-1327.51	2665.02	33.61	20109.68	0.9971,0.084,4.8262,3.206,0.0413
our_model	Round_4_Replicate_17	-1316.04	2642.08	10.22	19833.88	1.0632,0.1038,4.6641,2.2027,0.0503
our_model	Round_4_Replicate_18	-1313.67	2637.34	5.47	19925.42	1.0208,0.1054,5.0362,2.3758,0.0529
our_model	Round_4_Replicate_19	-1310.95	2631.9	0.03	19997.11	0.9997,0.1005,5.0026,2.4897,0.0503
our_model	Round_4_Replicate_20	-1325.28	2660.56	29.07	20168.27	0.9609,0.0861,5.0516,2.9281,0.0419
