460     , -1317.71    , array([ 0.918348   ,  0.101998   ,  0.0512122  ,  5.17144    ,  2.407      ])
465     , -1311.53    , array([ 0.986151   ,  0.101998   ,  0.0512122  ,  5.17144    ,  2.407      ])
475     , -5010.98    , array([ 0.986133   ,  0.174876   ,  0.0512122  ,  5.17144    ,  2.407      ])
480     , -1311.53    , array([ 0.986133   ,  0.101985   ,  0.0512122  ,  5.17144    ,  2.407      ])
485     , -1311.53    , array([ 0.986133   ,  0.101982   ,  0.0512122  ,  5.17144    ,  2.407      ])
490     , -11697.8    , array([ 0.986133   ,  0.101982   ,  0.433178   ,  5.17144    ,  2.407      ])
495     , -11496.2    , array([ 0.986133   ,  0.101982   ,  0.0167704  ,  5.17144    ,  2.407      ])
500     , -1311.53    , array([ 0.986133   ,  0.101982   ,  0.051115   ,  5.17144    ,  2.407      ])
505     , -1347.44    , array([ 0.986133   ,  0.101982   ,  0.0511668  ,  6.17144    ,  2.407      ])
510     , -1311.34    , array([ 0.986133   ,  0.101982   ,  0.0511668  ,  5.10215    ,  2.407      ])
515     , -1376.56    , array([ 0.986133   ,  0.101982   ,  0.0511668  ,  5.09578    ,  3.407      ])
520     , -1311.29    , array([ 0.986133   ,  0.101982   ,  0.0511668  ,  5.09578    ,  2.44378    ])
525     , -1311.28    , array([ 0.986133   ,  0.101982   ,  0.0511668  ,  5.09578    ,  2.43319    ])
530     , -1311.28    , array([ 0.985471   ,  0.101976   ,  0.0511494  ,  5.06688    ,  2.44319    ])
535     , -1650.68    , array([ 1.9858     ,  0.101979   ,  0.051158   ,  5.08122    ,  2.43823    ])
540     , -1332.06    , array([ 1.14462    ,  0.101979   ,  0.051158   ,  5.08122    ,  2.43823    ])
545     , -1311.2     , array([ 0.993487   ,  0.101979   ,  0.051158   ,  5.08122    ,  2.43823    ])
555     , -5017.06    , array([ 0.993565   ,  0.174857   ,  0.051158   ,  5.08122    ,  2.43823    ])
560     , -1311.19    , array([ 0.993565   ,  0.101895   ,  0.051158   ,  5.08122    ,  2.43823    ])
565     , -13769.5    , array([ 0.993565   ,  0.101893   ,  1.05116    ,  5.08122    ,  2.43823    ])
570     , -9026.32    , array([ 0.993565   ,  0.101893   ,  0.242058   ,  5.08122    ,  2.43823    ])
575     , -2412.05    , array([ 0.993565   ,  0.101893   ,  0.07901    ,  5.08122    ,  2.43823    ])
580     , -1311.19    , array([ 0.993565   ,  0.101893   ,  0.0511054  ,  5.08122    ,  2.43823    ])
585     , -1544.1     , array([ 0.993565   ,  0.101893   ,  0.0511054  ,  5.08122    ,  0.820194   ])
590     , -1311.19    , array([ 0.993565   ,  0.101893   ,  0.0511054  ,  5.08122    ,  2.43743    ])
595     , -1311.19    , array([ 0.993565   ,  0.101893   ,  0.0511054  ,  5.08122    ,  2.43767    ])
600     , -1311.17    , array([ 0.993231   ,  0.10189    ,  0.0510966  ,  5.06665    ,  2.4427     ])
605     , -1311.16    , array([ 0.992889   ,  0.101887   ,  0.0510877  ,  5.05173    ,  2.44786    ])
