275     , -1311.33    , array([ 0.990622   ,  0.10233    ,  0.0516134  ,  5.06312    ,  2.47068    ])
280     , -1311.39    , array([ 1.00314    ,  0.10233    ,  0.0516134  ,  5.06312    ,  2.47068    ])
285     , -1311.31    , array([ 0.994876   ,  0.10233    ,  0.0516134  ,  5.06312    ,  2.47068    ])
290     , -24177.9    , array([ 0.994876   ,  0.484296   ,  0.0516134  ,  5.06312    ,  2.47068    ])
295     , -3782.37    , array([ 0.994876   ,  0.0678879  ,  0.0516134  ,  5.06312    ,  2.47068    ])
300     , -1311.31    , array([ 0.994876   ,  0.102318   ,  0.0516134  ,  5.06312    ,  2.47068    ])
305     , -13482.8    , array([ 0.994876   ,  0.102318   ,  1.05161    ,  5.06312    ,  2.47068    ])
310     , -8834.69    , array([ 0.994876   ,  0.102318   ,  0.242516   ,  5.06312    ,  2.47068    ])
315     , -2386.4     , array([ 0.994876   ,  0.102318   ,  0.0794656  ,  5.06312    ,  2.47068    ])
320     , -1311.29    , array([ 0.994876   ,  0.102318   ,  0.0515255  ,  5.06312    ,  2.47068    ])
325     , -1403.46    , array([ 0.994876   ,  0.102318   ,  0.0515255  ,  3.44509    ,  2.47068    ])
330     , -1311.28    , array([ 0.994876   ,  0.102318   ,  0.0515255  ,  5.03972    ,  2.47068    ])
335     , -1544.99    , array([ 0.994876   ,  0.102318   ,  0.0515255  ,  5.04002    ,  0.852643   ])
340     , -1311.27    , array([ 0.994876   ,  0.102318   ,  0.0515255  ,  5.04002    ,  2.46557    ])
