1240    , -413.486    , array([ 25.0004    ,  0.337609   ,  5          ,  1.03014    ])
1244    , -413.497    , array([ 24.3823    ,  0.337609   ,  5          ,  1.03014    ])
1248    , -413.486    , array([ 25.1782    ,  0.337609   ,  5          ,  1.03014    ])
1252    , -413.486    , array([ 25.18      ,  0.337609   ,  5          ,  1.03014    ])
1256    , -2366.09    , array([ 25.18      ,  0.101541   ,  5          ,  1.03014    ])
1260    , -414.479    , array([ 25.18      ,  0.343741   ,  5          ,  1.03014    ])
1264    , -413.485    , array([ 25.18      ,  0.337445   ,  5          ,  1.03014    ])
1268    , -478.851    , array([ 25.18      ,  0.337443   ,  3.38197    ,  1.03014    ])
1272    , -415.532    , array([ 25.18      ,  0.337443   ,  4.69098    ,  1.03014    ])
1316    , -413.485    , array([ 25.18      ,  0.337443   ,  5          ,  1.03014    ])
1320    , -2347.67    , array([ 25.18      ,  0.337443   ,  5          ,  0.412111   ])
1324    , -413.485    , array([ 25.18      ,  0.337443   ,  5          ,  1.02998    ])
