5       , -1311.21    , array([ 1.00448    ,  0.101822   ,  0.0508668  ,  4.99242    ,  2.46199    ])
10      , -1311.29    , array([ 1.01021    ,  0.101822   ,  0.0508668  ,  4.99242    ,  2.46199    ])
15      , -1311.2     , array([ 1.00102    ,  0.101822   ,  0.0508668  ,  4.99242    ,  2.46199    ])
20      , -24347.8    , array([ 1.00102    ,  0.483788   ,  0.0508668  ,  4.99242    ,  2.46199    ])
25      , -3780.83    , array([ 1.00102    ,  0.0673802  ,  0.0508668  ,  4.99242    ,  2.46199    ])
30      , -1311.08    , array([ 1.00102    ,  0.101537   ,  0.0508668  ,  4.99242    ,  2.46199    ])
35      , -1311.08    , array([ 1.00102    ,  0.101534   ,  0.0508668  ,  4.99242    ,  2.46199    ])
45      , -1366.06    , array([ 1.00102    ,  0.101534   ,  0.0556772  ,  4.99242    ,  2.46199    ])
50      , -1311.08    , array([ 1.00102    ,  0.101534   ,  0.0508207  ,  4.99242    ,  2.46199    ])
55      , -1324.6     , array([ 1.00102    ,  0.101534   ,  0.0508211  ,  4.37439    ,  2.46199    ])
60      , -1311.07    , array([ 1.00102    ,  0.101534   ,  0.0508211  ,  5.00731    ,  2.46199    ])
65      , -1340.73    , array([ 1.00102    ,  0.101534   ,  0.0508211  ,  5.00716    ,  1.84395    ])
70      , -1311.07    , array([ 1.00102    ,  0.101534   ,  0.0508211  ,  5.00716    ,  2.45738    ])
75      , -1311.07    , array([ 1.00102    ,  0.101534   ,  0.0508211  ,  5.00716    ,  2.45738    ])
80      , -1311.06    , array([ 0.999699   ,  0.101424   ,  0.0508037  ,  5.01279    ,  2.45561    ])
90      , -1316.37    , array([ 0.93474    ,  0.101425   ,  0.0508039  ,  5.01273    ,  2.45563    ])
95      , -1311.06    , array([ 0.999296   ,  0.101425   ,  0.0508039  ,  5.01273    ,  2.45563    ])
100     , -1377.36    , array([ 0.999338   ,  0.101425   ,  0.0508039  ,  5.01273    ,  3.45563    ])
105     , -1311.06    , array([ 0.999338   ,  0.101425   ,  0.0508039  ,  5.01273    ,  2.47736    ])
110     , -13684.9    , array([ 0.999338   ,  0.101425   ,  1.0508     ,  5.01273    ,  2.46642    ])
115     , -9022.24    , array([ 0.999338   ,  0.101425   ,  0.241704   ,  5.01273    ,  2.46642    ])
120     , -2420.23    , array([ 0.999338   ,  0.101425   ,  0.0786559  ,  5.01273    ,  2.46642    ])
125     , -1311.05    , array([ 0.999338   ,  0.101425   ,  0.0507996  ,  5.01273    ,  2.46642    ])
130     , -1311.05    , array([ 0.999338   ,  0.101425   ,  0.0507991  ,  5.01273    ,  2.46642    ])
135     , -1315.65    , array([ 0.999338   ,  0.101425   ,  0.0507991  ,  5.3947     ,  2.46642    ])
140     , -1311.05    , array([ 0.999338   ,  0.101425   ,  0.0507991  ,  5.01574    ,  2.46642    ])
145     , -1311.04    , array([ 0.998031   ,  0.101316   ,  0.0507819  ,  5.02147    ,  2.46468    ])
150     , -1311.04    , array([ 0.998207   ,  0.10133    ,  0.0507842  ,  5.02072    ,  2.46491    ])
