312     , -89.1034    , array([ 0.0605597  ,  1.08433    ,  0.0335775  ,  0.0427181  ])
316     , -89.1031    , array([ 0.0605597  ,  1.08433    ,  0.0335775  ,  0.0427608  ])
320     , -168.783    , array([ 0.0374356  ,  0.978148   ,  0.014119   ,  0.0502875  ])
324     , -89.1013    , array([ 0.0601847  ,  1.08289    ,  0.0332048  ,  0.042808   ])
328     , -89.0971    , array([ 0.0601847  ,  1.08289    ,  0.033238   ,  0.042808   ])
332     , -89.1068    , array([ 0.0601651  ,  1.08272    ,  0.0331541  ,  0.0428256  ])
336     , -89.091     , array([ 0.0597868  ,  1.08205    ,  0.0329521  ,  0.0428961  ])
340     , -89.0869    , array([ 0.0597868  ,  1.08205    ,  0.0329851  ,  0.0428961  ])
344     , -89.071     , array([ 0.0585896  ,  1.07937    ,  0.0321563  ,  0.0431793  ])
348     , -89.0295    , array([ 0.0570944  ,  1.07544    ,  0.0312771  ,  0.0433808  ])
352     , -89.0257    , array([ 0.0570944  ,  1.07544    ,  0.0313084  ,  0.0433808  ])
356     , -88.9314    , array([ 0.0517438  ,  1.05984    ,  0.0279942  ,  0.0441962  ])
360     , -89.0619    , array([ 0.0469986  ,  1.11069    ,  0.0249616  ,  0.0441934  ])
364     , -89.0532    , array([ 0.0469986  ,  1.11069    ,  0.0249866  ,  0.0441934  ])
368     , -88.9184    , array([ 0.0506822  ,  1.07072    ,  0.0273038  ,  0.0441956  ])
372     , -88.9001    , array([ 0.0500947  ,  1.06959    ,  0.0269818  ,  0.044283   ])
376     , -88.8943    , array([ 0.0500947  ,  1.06959    ,  0.0270088  ,  0.044283   ])
380     , -88.8757    , array([ 0.0480516  ,  1.06512    ,  0.0257312  ,  0.0446346  ])
384     , -88.8179    , array([ 0.0404763  ,  1.04741    ,  0.0212821  ,  0.0460688  ])
388     , -88.8082    , array([ 0.0404763  ,  1.04741    ,  0.0213033  ,  0.0460688  ])
392     , -88.8052    , array([ 0.037133   ,  1.03983    ,  0.0193691  ,  0.0466251  ])
396     , -88.7771    , array([ 0.036241   ,  1.03821    ,  0.0188962  ,  0.046741   ])
400     , -88.7674    , array([ 0.036241   ,  1.03821    ,  0.0189151  ,  0.046741   ])
404     , -88.7496    , array([ 0.0330471  ,  1.03178    ,  0.0171173  ,  0.0472077  ])
408     , -88.7166    , array([ 0.031382   ,  1.02901    ,  0.0162256  ,  0.0474272  ])
412     , -88.7082    , array([ 0.031382   ,  1.02901    ,  0.0162418  ,  0.0474272  ])
416     , -88.7017    , array([ 0.0256474  ,  1.01804    ,  0.0130995  ,  0.0483154  ])
420     , -88.6783    , array([ 0.0244205  ,  1.01616    ,  0.0124605  ,  0.0484745  ])
424     , -88.6701    , array([ 0.0244205  ,  1.01616    ,  0.0124729  ,  0.0484745  ])
428     , -88.6783    , array([ 0.0201729  ,  1.00866    ,  0.0102012  ,  0.0491162  ])
432     , -88.6625    , array([ 0.0196828  ,  1.00805    ,  0.00995608 ,  0.0491729  ])
436     , -88.6547    , array([ 0.0196828  ,  1.00805    ,  0.00996604 ,  0.0491729  ])
440     , -88.6593    , array([ 0.0179281  ,  1.0056     ,  0.00903301 ,  0.0494006  ])
444     , -88.6875    , array([ 0.0122786  ,  0.995892   ,  0.00612082 ,  0.050322   ])
448     , -88.6786    , array([ 0.0122786  ,  0.995892   ,  0.00612694 ,  0.050322   ])
452     , -88.6556    , array([ 0.0165455  ,  1.00353    ,  0.00831574 ,  0.0495951  ])
456     , -88.6435    , array([ 0.0161395  ,  1.00307    ,  0.00811439 ,  0.0496433  ])
460     , -88.6364    , array([ 0.0161395  ,  1.00307    ,  0.00812251 ,  0.0496433  ])
464     , -88.648     , array([ 0.0146861  ,  1.00125    ,  0.0073566  ,  0.0498367  ])
468     , -88.6919    , array([ 0.0100183  ,  0.993986   ,  0.00497007 ,  0.0506177  ])
472     , -88.6821    , array([ 0.0100183  ,  0.993986   ,  0.00497505 ,  0.0506177  ])
476     , -88.6495    , array([ 0.0135887  ,  0.999767   ,  0.00679211 ,  0.0499947  ])
480     , -88.6385    , array([ 0.0144329  ,  1.00094    ,  0.00723368 ,  0.04987    ])
484     , -88.6316    , array([ 0.0144329  ,  1.00094    ,  0.00724092 ,  0.04987    ])
488     , -88.6486    , array([ 0.0138747  ,  1.00016    ,  0.00693913 ,  0.0499523  ])
492     , -88.6386    , array([ 0.0143108  ,  1.00077    ,  0.00717082 ,  0.0498873  ])
496     , -88.6316    , array([ 0.0143108  ,  1.00077    ,  0.00717799 ,  0.0498873  ])
500     , -88.6479    , array([ 0.0144215  ,  1.0009     ,  0.00722038 ,  0.0498736  ])
504     , -88.6385    , array([ 0.0144274  ,  1.00093    ,  0.00723088 ,  0.0498708  ])
508     , -88.6316    , array([ 0.0144274  ,  1.00093    ,  0.00723811 ,  0.0498708  ])
512     , -88.6479    , array([ 0.0144461  ,  1.00094    ,  0.00723309 ,  0.0498702  ])
516     , -88.6385    , array([ 0.0144326  ,  1.00094    ,  0.00723356 ,  0.04987    ])
520     , -88.6316    , array([ 0.0144326  ,  1.00094    ,  0.0072408  ,  0.04987    ])
524     , -88.6479    , array([ 0.0144472  ,  1.00094    ,  0.00723366 ,  0.04987    ])
528     , -88.6385    , array([ 0.0144328  ,  1.00094    ,  0.00723368 ,  0.04987    ])
532     , -88.6316    , array([ 0.0144328  ,  1.00094    ,  0.00724092 ,  0.04987    ])
536     , -88.6479    , array([ 0.0144473  ,  1.00094    ,  0.00723368 ,  0.04987    ])
540     , -88.6385    , array([ 0.0144329  ,  1.00094    ,  0.00723368 ,  0.04987    ])
544     , -88.6316    , array([ 0.0144329  ,  1.00094    ,  0.00724092 ,  0.04987    ])
548     , -88.6479    , array([ 0.0144473  ,  1.00094    ,  0.00723368 ,  0.04987    ])
552     , -88.6385    , array([ 0.0144329  ,  1.00094    ,  0.00723368 ,  0.04987    ])
556     , -88.6316    , array([ 0.0144329  ,  1.00094    ,  0.00724092 ,  0.04987    ])
560     , -88.6479    , array([ 0.0144473  ,  1.00094    ,  0.00723368 ,  0.04987    ])
564     , -88.6385    , array([ 0.0144329  ,  1.00094    ,  0.00723368 ,  0.04987    ])
568     , -88.6316    , array([ 0.0144329  ,  1.00094    ,  0.00724092 ,  0.04987    ])
572     , -88.6479    , array([ 0.0144473  ,  1.00094    ,  0.00723368 ,  0.04987    ])
576     , -88.6385    , array([ 0.0144329  ,  1.00094    ,  0.00723368 ,  0.04987    ])
580     , -88.6316    , array([ 0.0144329  ,  1.00094    ,  0.00724092 ,  0.04987    ])
584     , -88.6479    , array([ 0.0144473  ,  1.00094    ,  0.00723368 ,  0.04987    ])
588     , -88.6385    , array([ 0.0144329  ,  1.00094    ,  0.00723368 ,  0.04987    ])
592     , -88.6316    , array([ 0.0144329  ,  1.00094    ,  0.00724092 ,  0.04987    ])
596     , -88.6479    , array([ 0.0144473  ,  1.00094    ,  0.00723368 ,  0.04987    ])
600     , -88.6435    , array([ 0.0161395  ,  1.00307    ,  0.00811439 ,  0.0496433  ])
604     , -88.6364    , array([ 0.0161395  ,  1.00307    ,  0.00812251 ,  0.0496433  ])
608     , -88.651     , array([ 0.015775   ,  1.00262    ,  0.00791792 ,  0.0496916  ])
612     , -88.6391    , array([ 0.0150254  ,  1.00171    ,  0.00753914 ,  0.0497883  ])
616     , -88.6322    , array([ 0.0150254  ,  1.00171    ,  0.00754669 ,  0.0497883  ])
620     , -88.6386    , array([ 0.0143284  ,  1.0008     ,  0.00717988 ,  0.0498848  ])
624     , -88.6512    , array([ 0.0143284  ,  1.0008     ,  0.00717988 ,  0.0499347  ])
628     , -88.6386    , array([ 0.0142986  ,  1.00076    ,  0.00716452 ,  0.049889   ])
632     , -88.6386    , array([ 0.0143274  ,  1.0008     ,  0.00717934 ,  0.0498849  ])
