84      , -1215.3     , array([ 0.251949   ,  1.05553    ,  0.0348155  ,  0.0420941  ])
88      , -1180.72    , array([ 0.0265382  ,  1.05553    ,  0.0348155  ,  0.0420941  ])
92      , -100.45     , array([ 0.0619482  ,  1.05553    ,  0.0348155  ,  0.0420941  ])
96      , -100.384    , array([ 0.0614217  ,  1.05553    ,  0.0348155  ,  0.0420941  ])
100     , -307.408    , array([ 0.0614217  ,  0.4375     ,  0.0348155  ,  0.0420941  ])
104     , -100.342    , array([ 0.0614217  ,  1.07621    ,  0.0348155  ,  0.0420941  ])
108     , -100.339    , array([ 0.0614217  ,  1.07238    ,  0.0348155  ,  0.0420941  ])
120     , -101.395    , array([ 0.0614217  ,  1.07238    ,  0.0359746  ,  0.0420941  ])
124     , -100.324    , array([ 0.0614217  ,  1.07238    ,  0.03466    ,  0.0420941  ])
128     , -100.324    , array([ 0.0614217  ,  1.07238    ,  0.0346615  ,  0.0420941  ])
136     , -269.721    , array([ 0.0614217  ,  1.07238    ,  0.0346615  ,  0.0658174  ])
140     , -100.315    , array([ 0.0614217  ,  1.07238    ,  0.0346615  ,  0.0422332  ])
144     , -100.427    , array([ 0.0618633  ,  1.08923    ,  0.0345075  ,  0.042385   ])
148     , -100.315    , array([ 0.0614217  ,  1.07238    ,  0.0346615  ,  0.0422395  ])
156     , -212.875    , array([ 0.0887823  ,  1.07238    ,  0.0346615  ,  0.0422395  ])
160     , -100.315    , array([ 0.0613846  ,  1.07238    ,  0.0346615  ,  0.0422395  ])
164     , -100.315    , array([ 0.0614062  ,  1.07238    ,  0.0346615  ,  0.0422395  ])
168     , -155.078    , array([ 0.0614075  ,  2.07238    ,  0.0346615  ,  0.0422395  ])
172     , -114.513    , array([ 0.0614075  ,  1.45435    ,  0.0346615  ,  0.0422395  ])
176     , -100.315    , array([ 0.0614075  ,  1.07158    ,  0.0346615  ,  0.0422395  ])
180     , -100.315    , array([ 0.0614075  ,  1.07143    ,  0.0346615  ,  0.0422395  ])
192     , -101.385    , array([ 0.0614075  ,  1.07143    ,  0.0359238  ,  0.0422395  ])
196     , -100.313    , array([ 0.0614075  ,  1.07143    ,  0.0346134  ,  0.0422395  ])
200     , -100.313    , array([ 0.0614075  ,  1.07143    ,  0.0346139  ,  0.0422395  ])
208     , -269.108    , array([ 0.0614075  ,  1.07143    ,  0.0346139  ,  0.0658276  ])
212     , -100.313    , array([ 0.0614075  ,  1.07143    ,  0.0346139  ,  0.0422615  ])
