240     , -23894.5    , array([ 0.00104066 ,  8.28364    ,  0.00297264 ,  0.0142051  ])
244     , -23894.5    , array([ 0.00104066 ,  8.28364    ,  0.00297264 ,  0.0142051  ])
252     , -35887.1    , array([ 0.0288942  ,  8.28364    ,  0.00297264 ,  0.0142051  ])
256     , -36792.6    , array([ 0.00510444 ,  8.28364    ,  0.00297264 ,  0.0142051  ])
260     , -27599.6    , array([ 0.00163356 ,  8.28364    ,  0.00297264 ,  0.0142051  ])
268     , -23894.4    , array([ 0.0010403  ,  8.28364    ,  0.00297264 ,  0.0142051  ])
272     , -23894.4    , array([ 0.00104022 ,  8.28364    ,  0.00297264 ,  0.0142051  ])
276     , -23894.5    , array([ 0.00104022 ,  7.66561    ,  0.00297264 ,  0.0142051  ])
280     , -23894.4    , array([ 0.00104022 ,  8.18638    ,  0.00297264 ,  0.0142051  ])
284     , -75663.6    , array([ 0.00104022 ,  8.18638    ,  1.00297    ,  0.0142051  ])
288     , -75663.6    , array([ 0.00104022 ,  8.18638    ,  0.384939   ,  0.0142051  ])
292     , -75663.6    , array([ 0.00104022 ,  8.18638    ,  0.0757618  ,  0.0142051  ])
296     , -75605.7    , array([ 0.00104022 ,  8.18638    ,  0.0135924  ,  0.0142051  ])
300     , -23984.1    , array([ 0.00104022 ,  8.18638    ,  0.00313144 ,  0.0142051  ])
304     , -23894.4    , array([ 0.00104022 ,  8.18638    ,  0.00297197 ,  0.0142051  ])
312     , -43960.7    , array([ 0.00104022 ,  8.18638    ,  0.00297196 ,  0.204966   ])
320     , -24575.5    , array([ 0.00104022 ,  8.18638    ,  0.00297196 ,  0.00918013 ])
324     , -23894.4    , array([ 0.00104022 ,  8.18638    ,  0.00297196 ,  0.0141837  ])
