1520    , -771.285    , array([ 0.291154   ,  3.47166    ,  0.175798   ,  0.0445026  ])
1524    , -194.476    , array([ 0.0657406  ,  3.47166    ,  0.175798   ,  0.0445026  ])
1528    , -94.2859    , array([ 0.0996117  ,  3.47166    ,  0.175798   ,  0.0445026  ])
1532    , -96.8287    , array([ 0.0996174  ,  4.47166    ,  0.175798   ,  0.0445026  ])
1536    , -94.7452    , array([ 0.0996174  ,  3.85363    ,  0.175798   ,  0.0445026  ])
1540    , -94.2859    , array([ 0.0996174  ,  3.47088    ,  0.175798   ,  0.0445026  ])
1544    , -94.2859    , array([ 0.0996174  ,  3.47075    ,  0.175798   ,  0.0445026  ])
1548    , -94.2859    , array([ 0.0996174  ,  3.47088    ,  0.175798   ,  0.0445026  ])
1556    , -94.26      , array([ 0.0996174  ,  3.47088    ,  0.175092   ,  0.0445026  ])
1560    , -94.2479    , array([ 0.0996174  ,  3.47088    ,  0.17418    ,  0.0445026  ])
1572    , -171.299    , array([ 0.0996174  ,  3.47088    ,  0.17418    ,  0.0596088  ])
1576    , -94.2351    , array([ 0.0996174  ,  3.47088    ,  0.17418    ,  0.0446795  ])
1580    , -94.2351    , array([ 0.0996174  ,  3.47088    ,  0.17418    ,  0.0446795  ])
1584    , -94.06      , array([ 0.0981383  ,  3.46882    ,  0.169946   ,  0.0451426  ])
1588    , -93.0768    , array([ 0.0846576  ,  3.45012    ,  0.131356   ,  0.0493632  ])
1592    , -2955.94    , array([ 1.08438    ,  3.44974    ,  0.130571   ,  0.0494491  ])
1596    , -1626.44    , array([ 0.466349   ,  3.44974    ,  0.130571   ,  0.0494491  ])
1600    , -334.534    , array([ 0.157328   ,  3.44974    ,  0.130571   ,  0.0494491  ])
1604    , -92.7249    , array([ 0.0816759  ,  3.44974    ,  0.130571   ,  0.0494491  ])
1608    , -92.6977    , array([ 0.0822481  ,  3.44974    ,  0.130571   ,  0.0494491  ])
1612    , -94.5245    , array([ 0.0822481  ,  2.8317     ,  0.130571   ,  0.0494491  ])
1616    , -92.93      , array([ 0.0822481  ,  3.18232    ,  0.130571   ,  0.0494491  ])
1620    , -92.6903    , array([ 0.0822481  ,  3.40792    ,  0.130571   ,  0.0494491  ])
1632    , -131.976    , array([ 0.0822481  ,  3.40792    ,  0.130571   ,  0.039866   ])
1636    , -92.6781    , array([ 0.0822481  ,  3.40792    ,  0.130571   ,  0.0496299  ])
1640    , -95.6035    , array([ 0.106897   ,  3.44212    ,  0.201132   ,  0.0419144  ])
1644    , -92.5081    , array([ 0.0743984  ,  3.39703    ,  0.108101   ,  0.0520893  ])
1648    , -92.4332    , array([ 0.076821   ,  3.40039    ,  0.115036   ,  0.0513308  ])
1656    , -941.478    , array([ 0.267845   ,  3.40046    ,  0.11519    ,  0.051314   ])
1660    , -296.599    , array([ 0.0424329  ,  3.40046    ,  0.11519    ,  0.051314   ])
1664    , -92.3105    , array([ 0.0757451  ,  3.40046    ,  0.11519    ,  0.051314   ])
1668    , -95.933     , array([ 0.0757577  ,  4.40046    ,  0.11519    ,  0.051314   ])
1672    , -92.9142    , array([ 0.0757577  ,  3.78243    ,  0.11519    ,  0.051314   ])
1676    , -92.3098    , array([ 0.0757577  ,  3.38831    ,  0.11519    ,  0.051314   ])
1680    , -92.3098    , array([ 0.0757577  ,  3.38856    ,  0.11519    ,  0.051314   ])
1684    , -92.3098    , array([ 0.0757577  ,  3.38844    ,  0.11519    ,  0.051314   ])
1692    , -308.408    , array([ 0.0757577  ,  3.38844    ,  0.11519    ,  0.079165   ])
1696    , -92.2874    , array([ 0.0757577  ,  3.38844    ,  0.11519    ,  0.0515651  ])
1700    , -95.5322    , array([ 0.0605236  ,  3.3673     ,  0.0715806  ,  0.0563321  ])
1704    , -92.25      , array([ 0.0699388  ,  3.38037    ,  0.0985324  ,  0.0533844  ])
1708    , -92.1593    , array([ 0.0723551  ,  3.38372    ,  0.105449   ,  0.0526279  ])
1712    , -91.7026    , array([ 0.0606445  ,  3.34006    ,  0.0802979  ,  0.0560295  ])
1716    , -91.7255    , array([ 0.0450067  ,  3.28186    ,  0.0466797  ,  0.0605728  ])
1720    , -91.5728    , array([ 0.0519633  ,  3.30775    ,  0.061635   ,  0.0585517  ])
1724    , -91.5727    , array([ 0.0521655  ,  3.3085     ,  0.0620698  ,  0.0584929  ])
1732    , -190.794    , array([ 0.0795528  ,  3.3085     ,  0.0620698  ,  0.0584929  ])
1736    , -91.5607    , array([ 0.0518944  ,  3.3085     ,  0.0620698  ,  0.0584929  ])
1740    , -91.5605    , array([ 0.0519232  ,  3.3085     ,  0.0620698  ,  0.0584929  ])
1744    , -95.0203    , array([ 0.0519232  ,  2.69047    ,  0.0620698  ,  0.0584929  ])
1748    , -91.5567    , array([ 0.0519232  ,  3.3354     ,  0.0620698  ,  0.0584929  ])
1752    , -20363.4    , array([ 0.0519232  ,  3.33509    ,  0.0620698  ,  1.05849    ])
1756    , -14128.4    , array([ 0.0519232  ,  3.33509    ,  0.0620698  ,  0.440459   ])
1760    , -1329.75    , array([ 0.0519232  ,  3.33509    ,  0.0620698  ,  0.131399   ])
1764    , -91.4951    , array([ 0.0519232  ,  3.33509    ,  0.0620698  ,  0.0589005  ])
1768    , -91.495     , array([ 0.0519232  ,  3.33509    ,  0.0620698  ,  0.0589212  ])
1772    , -91.804     , array([ 0.0644219  ,  3.38161    ,  0.0889394  ,  0.0552898  ])
1776    , -91.4358    , array([ 0.0468255  ,  3.31612    ,  0.0511109  ,  0.0604022  ])
1780    , -91.4358    , array([ 0.0468765  ,  3.31631    ,  0.0512205  ,  0.0603874  ])
1792    , -153.848    , array([ 0.0337209  ,  3.31631    ,  0.0512205  ,  0.0603874  ])
1796    , -91.4324    , array([ 0.0469932  ,  3.31631    ,  0.0512205  ,  0.0603874  ])
1800    , -95.4189    , array([ 0.0469932  ,  4.31631    ,  0.0512205  ,  0.0603874  ])
1804    , -92.1856    , array([ 0.0469932  ,  3.69827    ,  0.0512205  ,  0.0603874  ])
1808    , -91.4312    , array([ 0.0469932  ,  3.3016     ,  0.0512205  ,  0.0603874  ])
1812    , -20616.9    , array([ 0.0469932  ,  3.30145    ,  0.0512205  ,  1.06039    ])
1816    , -15070.9    , array([ 0.0469932  ,  3.30145    ,  0.0512205  ,  0.442353   ])
1820    , -1379.14    , array([ 0.0469932  ,  3.30145    ,  0.0512205  ,  0.13329    ])
1824    , -91.3731    , array([ 0.0469932  ,  3.30145    ,  0.0512205  ,  0.060798   ])
1828    , -93.8787    , array([ 0.0267699  ,  3.22619    ,  0.0077445  ,  0.0666779  ])
1832    , -91.4431    , array([ 0.0392686  ,  3.2727     ,  0.0346141  ,  0.0630466  ])
1836    , -91.346     , array([ 0.0441053  ,  3.29071    ,  0.0450121  ,  0.0616414  ])
1840    , -91.346     , array([ 0.0440578  ,  3.29053    ,  0.04491    ,  0.0616552  ])
1844    , -91.1891    , array([ 0.0366785  ,  3.22304    ,  0.0283891  ,  0.0649742  ])
1848    , -91.1639    , array([ 0.0333291  ,  3.19241    ,  0.0208906  ,  0.0664807  ])
1856    , -1504.45    , array([ 0.224295   ,  3.19241    ,  0.0208906  ,  0.0664807  ])
1864    , -91.9422    , array([ 0.0348019  ,  3.19241    ,  0.0208906  ,  0.0664807  ])
1868    , -91.1481    , array([ 0.0335089  ,  3.19241    ,  0.0208906  ,  0.0664807  ])
1872    , -137.031    , array([ 0.0335089  ,  1.57437    ,  0.0208906  ,  0.0664807  ])
1876    , -91.1591    , array([ 0.0335089  ,  3.25458    ,  0.0208906  ,  0.0664807  ])
1880    , -91.1462    , array([ 0.0335089  ,  3.20922    ,  0.0208906  ,  0.0664807  ])
1884    , -91.1462    , array([ 0.0335089  ,  3.20939    ,  0.0208906  ,  0.0664807  ])
1888    , -91.1235    , array([ 0.0351881  ,  3.21564    ,  0.0245005  ,  0.0659928  ])
1892    , -91.1234    , array([ 0.0352204  ,  3.21576    ,  0.0245699  ,  0.0659834  ])
1896    , -91.258     , array([ 0.0418511  ,  3.2764     ,  0.0394147  ,  0.0630011  ])
1900    , -91.0878    , array([ 0.0312737  ,  3.17967    ,  0.015734   ,  0.0677586  ])
1908    , -91.0878    , array([ 0.0313638  ,  3.18049    ,  0.0159358  ,  0.067718   ])
1916    , -298.745    , array([ 0.0592254  ,  3.18049    ,  0.0159358  ,  0.067718   ])
1920    , -91.0999    , array([ 0.0312736  ,  3.18049    ,  0.0159358  ,  0.067718   ])
1924    , -91.0848    , array([ 0.0314386  ,  3.18049    ,  0.0159358  ,  0.067718   ])
1928    , -91.0848    , array([ 0.0314378  ,  3.18049    ,  0.0159358  ,  0.067718   ])
1932    , -91.0848    , array([ 0.0314378  ,  3.17334    ,  0.0159358  ,  0.067718   ])
1936    , -91.0847    , array([ 0.0314378  ,  3.1771     ,  0.0159358  ,  0.067718   ])
1940    , -91.0847    , array([ 0.0314378  ,  3.17747    ,  0.0159358  ,  0.067718   ])
1944    , -91.7704    , array([ 0.0439365  ,  3.22399    ,  0.0428055  ,  0.0640867  ])
1948    , -91.0626    , array([ 0.0331471  ,  3.18383    ,  0.0196105  ,  0.0672214  ])
1952    , -91.0624    , array([ 0.0330063  ,  3.18331    ,  0.0193078  ,  0.0672623  ])
1956    , -91.1965    , array([ 0.039637   ,  3.24395    ,  0.0341526  ,  0.06428    ])
1960    , -91.0427    , array([ 0.0299011  ,  3.15491    ,  0.0123557  ,  0.068659   ])
1964    , -91.0226    , array([ 0.0298378  ,  3.15433    ,  0.0122141  ,  0.0686875  ])
1968    , -90.9687    , array([ 0.025956   ,  3.08688    ,  0.00272445 ,  0.0711744  ])
1972    , -90.9671    , array([ 0.0266585  ,  3.09904    ,  0.00444069 ,  0.0707254  ])
1976    , -90.9669    , array([ 0.0264829  ,  3.096      ,  0.00401175 ,  0.0708376  ])
1988    , -402.345    , array([ 0.0133273  ,  3.096      ,  0.00401175 ,  0.0708376  ])
1992    , -90.918     , array([ 0.0268389  ,  3.096      ,  0.00401175 ,  0.0708376  ])
1996    , -90.9117    , array([ 0.0267489  ,  3.096      ,  0.00401175 ,  0.0708376  ])
2000    , -95.3252    , array([ 0.0267489  ,  2.47797    ,  0.00401175 ,  0.0708376  ])
2004    , -90.8881    , array([ 0.0267489  ,  3.15295    ,  0.00401175 ,  0.0708376  ])
2016    , -90.8494    , array([ 0.028219   ,  3.15785    ,  0.00717211 ,  0.0704105  ])
2020    , -90.849     , array([ 0.0283901  ,  3.15849    ,  0.00753986 ,  0.0703608  ])
2024    , -91.0753    , array([ 0.0304829  ,  3.19471    ,  0.0126526  ,  0.0690232  ])
2028    , -90.773     , array([ 0.0257937  ,  3.11354    ,  0.00119694 ,  0.0720202  ])
2032    , -90.7631    , array([ 0.0253768  ,  3.10633    ,  0.000178355,  0.0722867  ])
2036    , -90.7616    , array([ 0.0253055  ,  3.1051     ,  4.35896e-06,  0.0723322  ])
2048    , -452.784    , array([ 0.0121499  ,  3.1051     ,  4.35896e-06,  0.0723322  ])
2052    , -90.7705    , array([ 0.0254337  ,  3.1051     ,  4.35896e-06,  0.0723322  ])
2056    , -90.7611    , array([ 0.0253292  ,  3.1051     ,  4.35896e-06,  0.0723322  ])
2060    , -90.7611    , array([ 0.0253294  ,  3.1051     ,  4.35896e-06,  0.0723322  ])
2064    , -90.7561    , array([ 0.0253294  ,  3.07174    ,  4.35896e-06,  0.0723322  ])
2068    , -90.7557    , array([ 0.0253294  ,  3.0788     ,  4.35896e-06,  0.0723322  ])
2072    , -92.6456    , array([ 0.0378281  ,  3.12531    ,  0.026874   ,  0.0687009  ])
2076    , -90.7652    , array([ 0.0277165  ,  3.08768    ,  0.005136   ,  0.0716387  ])
2080    , -90.7361    , array([ 0.0263597  ,  3.08263    ,  0.00221934 ,  0.0720329  ])
2084    , -91.079     , array([ 0.0318492  ,  3.17751    ,  0.015627   ,  0.068528   ])
2088    , -90.7669    , array([ 0.0274166  ,  3.10078    ,  0.00479807 ,  0.0713611  ])
2092    , -90.7179    , array([ 0.0256874  ,  3.07085    ,  0.000573748,  0.0724662  ])
2096    , -90.7129    , array([ 0.0254712  ,  3.06711    ,  4.54733e-05,  0.0726045  ])
2100    , -90.6719    , array([ 0.0256027  ,  3.02853    ,  3.4484e-06 ,  0.0728984  ])
2104    , -90.588     , array([ 0.0262659  ,  2.85769    ,  1.4166e-06 ,  0.0741618  ])
2108    , -90.5878    , array([ 0.026293   ,  2.85072    ,  1.33366e-06,  0.0742133  ])
2116    , -1685.2     , array([ 0.217267   ,  2.84854    ,  1.3077e-06 ,  0.0742295  ])
2124    , -117.885    , array([ 0.0212765  ,  2.84854    ,  1.3077e-06 ,  0.0742295  ])
2128    , -90.5812    , array([ 0.0263919  ,  2.84854    ,  1.3077e-06 ,  0.0742295  ])
2132    , -162.101    , array([ 0.0263928  ,  1.2305     ,  1.3077e-06 ,  0.0742295  ])
2136    , -90.5965    , array([ 0.0263928  ,  2.86485    ,  1.3077e-06 ,  0.0742295  ])
2140    , -90.5654    , array([ 0.0263928  ,  2.80889    ,  1.3077e-06 ,  0.0742295  ])
2144    , -97.5651    , array([ 0.0591148  ,  2.93067    ,  0.0703469  ,  0.0647226  ])
2148    , -91.2076    , array([ 0.0326422  ,  2.83215    ,  0.0134361  ,  0.0724138  ])
2152    , -90.5727    , array([ 0.0267411  ,  2.81018    ,  0.000750004,  0.0741283  ])
2164    , -90.5654    , array([ 0.0263925  ,  2.80889    ,  5.39253e-07,  0.0742296  ])
2168    , -90.5654    , array([ 0.0263923  ,  2.80888    ,  1.33615e-07,  0.0742296  ])
2172    , -90.5654    , array([ 0.0263922  ,  2.80888    ,  8.63768e-09,  0.0742296  ])
2176    , -90.5654    , array([ 0.0263922  ,  2.80888    ,  8.63768e-09,  0.0742296  ])
2184    , -90.5654    , array([ 0.0263867  ,  2.81032    ,  2.57135e-08,  0.074219   ])
2192    , -90.5654    , array([ 0.0263947  ,  2.80826    ,  1.24562e-09,  0.0742342  ])
2196    , -90.5654    , array([ 0.026395   ,  2.80817    ,  1.67823e-10,  0.0742349  ])
2204    , -1678.75    , array([ 0.21736    ,  2.80817    ,  8.22687e-11,  0.074235   ])
2212    , -116.883    , array([ 0.02137    ,  2.80817    ,  8.22687e-11,  0.074235   ])
2216    , -90.5647    , array([ 0.0264245  ,  2.80817    ,  8.22687e-11,  0.074235   ])
2220    , -97.4625    , array([ 0.0264245  ,  3.80817    ,  8.22687e-11,  0.074235   ])
2224    , -91.8386    , array([ 0.0264245  ,  3.19013    ,  8.22687e-11,  0.074235   ])
2228    , -90.5646    , array([ 0.0264245  ,  2.80642    ,  8.22687e-11,  0.074235   ])
2232    , -90.5646    , array([ 0.0264245  ,  2.80613    ,  8.22687e-11,  0.074235   ])
2236    , -90.5646    , array([ 0.0264245  ,  2.8064     ,  8.22687e-11,  0.074235   ])
2240    , -93.1111    , array([ 0.0389232  ,  2.85292    ,  0.0268696  ,  0.0706037  ])
2276    , -90.5646    , array([ 0.0264245  ,  2.8064     ,  3.70294e-11,  0.074235   ])
2280    , -90.5646    , array([ 0.0264245  ,  2.8064     ,  4.59323e-12,  0.074235   ])
2284    , -90.9366    , array([ 0.0250535  ,  3.15958    ,  4.20038e-06,  0.0716232  ])
2288    , -90.5795    , array([ 0.0261627  ,  2.87385    ,  8.02205e-07,  0.0737362  ])
2292    , -90.5648    , array([ 0.0264099  ,  2.81016    ,  4.47097e-08,  0.0742072  ])
2296    , -90.5647    , array([ 0.0264224  ,  2.80695    ,  6.52697e-09,  0.0742309  ])
2300    , -90.5646    , array([ 0.0264242  ,  2.80648    ,  9.56196e-10,  0.0742344  ])
2304    , -90.5646    , array([ 0.0264244  ,  2.80641    ,  1.4343e-10 ,  0.0742349  ])
2308    , -90.5646    , array([ 0.0264245  ,  2.8064     ,  2.48493e-11,  0.074235   ])
