5544    , -20567.5    , array([ 2.92585    ,  1.014      ,  6.15329    ,  0.883716   ,  0.0364372  ,  3.19032    ,  3.78408    ,  2.05498    ])
5552    , -20237      , array([ 3.48495    ,  1.014      ,  6.15329    ,  0.883716   ,  0.0364372  ,  3.19032    ,  3.78408    ,  2.05498    ])
5560    , -17295.2    , array([ 3.48495    ,  0.636545   ,  6.15329    ,  0.883716   ,  0.0364372  ,  3.19032    ,  3.78408    ,  2.05498    ])
5568    , -15120.1    , array([ 3.48495    ,  0.608436   ,  1.91722    ,  0.883716   ,  0.0364372  ,  3.19032    ,  3.78408    ,  2.05498    ])
5576    , -14903.4    , array([ 3.48495    ,  0.608436   ,  2.20675    ,  0.883716   ,  0.0364372  ,  3.19032    ,  3.78408    ,  2.05498    ])
5584    , -16621.8    , array([ 3.48495    ,  0.608436   ,  2.42336    ,  1.26568    ,  0.0364372  ,  3.19032    ,  3.78408    ,  2.05498    ])
5592    , -24215.9    , array([ 3.48495    ,  0.608436   ,  2.42336    ,  0.890638   ,  1.03644    ,  3.19032    ,  3.78408    ,  2.05498    ])
5600    , -14845.8    , array([ 3.48495    ,  0.608436   ,  2.42336    ,  0.890638   ,  0.0589612  ,  3.19032    ,  3.78408    ,  2.05498    ])
5608    , -14324.4    , array([ 3.48495    ,  0.608436   ,  2.42336    ,  0.890638   ,  0.0593547  ,  4.80835    ,  3.78408    ,  2.05498    ])
5616    , -14300.3    , array([ 3.48495    ,  0.608436   ,  2.42336    ,  0.890638   ,  0.0593547  ,  4.45744    ,  3.78408    ,  2.05498    ])
5624    , -14260.4    , array([ 3.48495    ,  0.608436   ,  2.42336    ,  0.890638   ,  0.0593547  ,  4.45744    ,  4.20583    ,  2.05498    ])
5632    , -14146.9    , array([ 3.48495    ,  0.608436   ,  2.42336    ,  0.890638   ,  0.0593547  ,  4.45744    ,  4.20166    ,  2.71819    ])
5640    , -14892.8    , array([ 4.48495    ,  0.608436   ,  2.42336    ,  0.890638   ,  0.0593547  ,  4.45744    ,  4.20166    ,  2.76791    ])
5648    , -14113      , array([ 3.27153    ,  0.608436   ,  2.42336    ,  0.890638   ,  0.0593547  ,  4.45744    ,  4.20166    ,  2.76791    ])
5656    , -14978.8    , array([ 3.27153    ,  0.799399   ,  2.42336    ,  0.890638   ,  0.0593547  ,  4.45744    ,  4.20166    ,  2.76791    ])
5664    , -14106.2    , array([ 3.27153    ,  0.592771   ,  2.42336    ,  0.890638   ,  0.0593547  ,  4.45744    ,  4.20166    ,  2.76791    ])
5672    , -14095.6    , array([ 3.27153    ,  0.592926   ,  2.23171    ,  0.890638   ,  0.0593547  ,  4.45744    ,  4.20166    ,  2.76791    ])
5680    , -14094.1    , array([ 3.27153    ,  0.592926   ,  2.27991    ,  0.890638   ,  0.0593547  ,  4.45744    ,  4.20166    ,  2.76791    ])
5688    , -14081.2    , array([ 3.27153    ,  0.592926   ,  2.27991    ,  0.862714   ,  0.0593547  ,  4.45744    ,  4.20166    ,  2.76791    ])
5696    , -14679.9    , array([ 3.27153    ,  0.592926   ,  2.27991    ,  0.862432   ,  0.250321   ,  4.45744    ,  4.20166    ,  2.76791    ])
5704    , -15155.3    , array([ 3.27153    ,  0.592926   ,  2.27991    ,  0.862432   ,  0.0734485  ,  2.8394     ,  4.20166    ,  2.76791    ])
5712    , -14075.1    , array([ 3.27153    ,  0.592926   ,  2.27991    ,  0.862432   ,  0.0734485  ,  4.53196    ,  4.20166    ,  2.76791    ])
5720    , -14048.5    , array([ 3.27153    ,  0.592926   ,  2.27991    ,  0.862432   ,  0.0734485  ,  4.53049    ,  3.82094    ,  2.76791    ])
5728    , -14129.4    , array([ 3.27153    ,  0.592926   ,  2.27991    ,  0.862432   ,  0.0734485  ,  4.53049    ,  3.80972    ,  2.14988    ])
5736    , -14048.5    , array([ 3.27153    ,  0.592926   ,  2.27991    ,  0.862432   ,  0.0734485  ,  4.53049    ,  3.80972    ,  2.77188    ])
5744    , -14048.5    , array([ 3.27153    ,  0.592926   ,  2.27991    ,  0.862432   ,  0.0734485  ,  4.53049    ,  3.80972    ,  2.77008    ])
5752    , -14043.1    , array([ 3.19109    ,  0.592926   ,  2.27991    ,  0.862432   ,  0.0734485  ,  4.53049    ,  3.80972    ,  2.77008    ])
5760    , -14051.7    , array([ 3.19109    ,  0.612347   ,  2.27991    ,  0.862432   ,  0.0734485  ,  4.53049    ,  3.80972    ,  2.77008    ])
5768    , -14043      , array([ 3.19109    ,  0.594838   ,  2.27991    ,  0.862432   ,  0.0734485  ,  4.53049    ,  3.80972    ,  2.77008    ])
5776    , -14040.4    , array([ 3.19109    ,  0.594838   ,  2.21695    ,  0.862432   ,  0.0734485  ,  4.53049    ,  3.80972    ,  2.77008    ])
5784    , -14057      , array([ 3.19109    ,  0.594838   ,  2.21758    ,  0.825642   ,  0.0734485  ,  4.53049    ,  3.80972    ,  2.77008    ])
5800    , -14034.9    , array([ 3.19109    ,  0.594838   ,  2.21758    ,  0.857264   ,  0.0879413  ,  4.53049    ,  3.80972    ,  2.77008    ])
5808    , -14035.1    , array([ 3.19109    ,  0.594838   ,  2.21758    ,  0.857264   ,  0.0879413  ,  4.57474    ,  3.80972    ,  2.77008    ])
5816    , -14034.9    , array([ 3.19109    ,  0.594838   ,  2.21758    ,  0.857264   ,  0.0879413  ,  4.53177    ,  3.80972    ,  2.77008    ])
5824    , -14091.4    , array([ 3.19109    ,  0.594838   ,  2.21758    ,  0.857264   ,  0.0879413  ,  4.5318     ,  3.19168    ,  2.77008    ])
5832    , -14100      , array([ 3.19109    ,  0.594838   ,  2.21758    ,  0.857264   ,  0.0879413  ,  4.5318     ,  3.73124    ,  3.77008    ])
5840    , -14033.2    , array([ 3.19109    ,  0.594838   ,  2.21758    ,  0.857264   ,  0.0879413  ,  4.5318     ,  3.73124    ,  2.70482    ])
5848    , -14021.5    , array([ 3.11065    ,  0.59675    ,  2.15524    ,  0.852096   ,  0.102434   ,  4.53311    ,  3.65277    ,  2.63421    ])
5856    , -14010.2    , array([ 2.92855    ,  0.601078   ,  2.01414    ,  0.840396   ,  0.13524    ,  4.53608    ,  3.47512    ,  2.48043    ])
5864    , -14012      , array([ 2.92855    ,  0.601078   ,  2.01414    ,  0.840396   ,  0.13524    ,  4.53608    ,  3.47512    ,  2.54252    ])
5872    , -14009.5    , array([ 2.92855    ,  0.601078   ,  2.01414    ,  0.840396   ,  0.13524    ,  4.53608    ,  3.47512    ,  2.43176    ])
5888    , -14006.5    , array([ 2.92855    ,  0.590899   ,  2.01414    ,  0.840396   ,  0.13524    ,  4.53608    ,  3.47512    ,  2.43377    ])
5896    , -14012.2    , array([ 2.92855    ,  0.590796   ,  2.06529    ,  0.840396   ,  0.13524    ,  4.53608    ,  3.47512    ,  2.43377    ])
5904    , -14005.2    , array([ 2.92855    ,  0.590796   ,  1.97626    ,  0.840396   ,  0.13524    ,  4.53608    ,  3.47512    ,  2.43377    ])
5912    , -14004.9    , array([ 2.92855    ,  0.590796   ,  1.97626    ,  0.845075   ,  0.13524    ,  4.53608    ,  3.47512    ,  2.43377    ])
5920    , -14047.5    , array([ 2.92855    ,  0.590796   ,  1.97626    ,  0.845029   ,  0.104393   ,  4.53608    ,  3.47512    ,  2.43377    ])
5928    , -13999.9    , array([ 2.92855    ,  0.590796   ,  1.97626    ,  0.845029   ,  0.150639   ,  4.53608    ,  3.47512    ,  2.43377    ])
5936    , -13996.6    , array([ 2.92855    ,  0.590796   ,  1.97626    ,  0.845029   ,  0.150639   ,  4.66088    ,  3.47512    ,  2.43377    ])
5944    , -13996.6    , array([ 2.92855    ,  0.590796   ,  1.97626    ,  0.845029   ,  0.150639   ,  4.66088    ,  3.48314    ,  2.43377    ])
5952    , -13993.5    , array([ 2.82827    ,  0.59318    ,  1.89855    ,  0.838586   ,  0.168705   ,  4.66252    ,  3.38531    ,  2.34909    ])
5960    , -22741.8    , array([ 2.82936    ,  0.593154   ,  1.8994     ,  0.838656   ,  0.168509   ,  4.6625     ,  3.38637    ,  0.731975   ])
5968    , -13992.8    , array([ 2.82936    ,  0.593154   ,  1.8994     ,  0.838656   ,  0.168509   ,  4.6625     ,  3.38637    ,  2.25429    ])
5976    , -13992.5    , array([ 2.82936    ,  0.593154   ,  1.8994     ,  0.838656   ,  0.168509   ,  4.6625     ,  3.38637    ,  2.28305    ])
5984    , -13988.9    , array([ 2.82936    ,  0.581971   ,  1.8994     ,  0.838656   ,  0.168509   ,  4.6625     ,  3.38637    ,  2.28305    ])
5992    , -14120.4    , array([ 2.82936    ,  0.581971   ,  2.28137    ,  0.838656   ,  0.168509   ,  4.6625     ,  3.38637    ,  2.28305    ])
6008    , -13988.1    , array([ 2.82936    ,  0.581971   ,  1.87373    ,  0.841817   ,  0.168509   ,  4.6625     ,  3.38637    ,  2.28305    ])
6016    , -14460.2    , array([ 2.82936    ,  0.581971   ,  1.87373    ,  0.841817   ,  0.359478   ,  4.6625     ,  3.38637    ,  2.28305    ])
6024    , -14953.8    , array([ 2.82936    ,  0.581971   ,  1.87373    ,  0.841817   ,  0.182317   ,  3.04447    ,  3.38637    ,  2.28305    ])
6032    , -13982.7    , array([ 2.82936    ,  0.581971   ,  1.87373    ,  0.841817   ,  0.182317   ,  4.75048    ,  3.38637    ,  2.28305    ])
6040    , -13982.5    , array([ 2.82936    ,  0.581971   ,  1.87373    ,  0.841817   ,  0.182317   ,  4.75136    ,  3.35762    ,  2.28305    ])
6048    , -14002.3    , array([ 2.99162    ,  0.578115   ,  1.99946    ,  0.852242   ,  0.153084   ,  4.74872    ,  3.51718    ,  2.42008    ])
6056    , -13980.5    , array([ 2.75469    ,  0.583746   ,  1.81587    ,  0.83702    ,  0.195769   ,  4.75258    ,  3.28605    ,  2.22       ])
6064    , -13965.5    , array([ 2.5972     ,  0.563554   ,  1.63887    ,  0.833667   ,  0.253699   ,  4.94535    ,  3.07357    ,  1.94368    ])
6072    , -14495.4    , array([ 2.587      ,  0.562255   ,  1.62743    ,  0.833448   ,  0.257439   ,  4.95777    ,  3.05984    ,  1.30781    ])
6080    , -13960.5    , array([ 2.587      ,  0.562255   ,  1.62743    ,  0.833448   ,  0.257439   ,  4.95777    ,  3.05984    ,  2.04633    ])
6088    , -14785.2    , array([ 2.587      ,  0.753218   ,  1.62743    ,  0.833448   ,  0.257439   ,  4.95777    ,  3.05984    ,  2.04633    ])
6096    , -13960.1    , array([ 2.587      ,  0.558775   ,  1.62743    ,  0.833448   ,  0.257439   ,  4.95777    ,  3.05984    ,  2.04633    ])
6104    , -13960.1    , array([ 2.587      ,  0.558775   ,  1.63203    ,  0.833448   ,  0.257439   ,  4.95777    ,  3.05984    ,  2.04633    ])
6112    , -24720.6    , array([ 2.587      ,  0.558775   ,  1.63123    ,  0.215414   ,  0.257439   ,  4.95777    ,  3.05984    ,  2.04633    ])
6120    , -13960.1    , array([ 2.587      ,  0.558775   ,  1.63123    ,  0.833953   ,  0.257439   ,  4.95777    ,  3.05984    ,  2.04633    ])
6128    , -13959.8    , array([ 2.60927    ,  0.558246   ,  1.64849    ,  0.835383   ,  0.253427   ,  4.95741    ,  3.08156    ,  2.06513    ])
6136    , -14056.2    , array([ 2.61008    ,  0.558226   ,  1.64912    ,  0.835435   ,  0.253281   ,  4.33936    ,  3.08235    ,  2.06582    ])
6144    , -13959.2    , array([ 2.61008    ,  0.558226   ,  1.64912    ,  0.835435   ,  0.253281   ,  5.01132    ,  3.08235    ,  2.06582    ])
6152    , -13958.7    , array([ 2.61008    ,  0.558226   ,  1.64912    ,  0.835435   ,  0.253281   ,  5.01079    ,  3.03837    ,  2.06582    ])
6160    , -13971.9    , array([ 2.71418    ,  0.571498   ,  1.76593    ,  0.837672   ,  0.215085   ,  4.88397    ,  3.18049    ,  2.248      ])
6168    , -13955.1    , array([ 2.54389    ,  0.549788   ,  1.57484    ,  0.834013   ,  0.277568   ,  5.09143    ,  2.95106    ,  1.94998    ])
6176    , -13955.7    , array([ 2.54455    ,  0.549872   ,  1.57558    ,  0.834027   ,  0.277327   ,  5.09063    ,  2.95195    ,  2.10809    ])
6184    , -13953.6    , array([ 2.54455    ,  0.549872   ,  1.57558    ,  0.834027   ,  0.277327   ,  5.09063    ,  2.95195    ,  2.01419    ])
6192    , -14385.9    , array([ 2.54455    ,  0.44758    ,  1.57558    ,  0.834027   ,  0.277327   ,  5.09063    ,  2.95195    ,  2.01356    ])
6200    , -14694.6    , array([ 2.54455    ,  0.549829   ,  2.57558    ,  0.834027   ,  0.277327   ,  5.09063    ,  2.95195    ,  2.01356    ])
6208    , -13953.5    , array([ 2.54455    ,  0.549829   ,  1.58261    ,  0.834027   ,  0.277327   ,  5.09063    ,  2.95195    ,  2.01356    ])
6216    , -15166.3    , array([ 2.54455    ,  0.549829   ,  1.58268    ,  1.21599    ,  0.277327   ,  5.09063    ,  2.95195    ,  2.01356    ])
6224    , -14016.4    , array([ 2.28201    ,  0.556069   ,  1.37924    ,  0.818837   ,  0.324626   ,  5.09491    ,  2.69583    ,  1.79185    ])
6232    , -13953.5    , array([ 2.54537    ,  0.549809   ,  1.58332    ,  0.835757   ,  0.277179   ,  5.09061    ,  2.95275    ,  2.01426    ])
6240    , -13973.3    , array([ 2.54538    ,  0.549809   ,  1.58333    ,  0.835758   ,  0.277178   ,  5.47258    ,  2.95276    ,  2.01426    ])
6248    , -13953.5    , array([ 2.54538    ,  0.549809   ,  1.58333    ,  0.835758   ,  0.277178   ,  5.10614    ,  2.95276    ,  2.01426    ])
6256    , -13953.5    , array([ 2.54538    ,  0.549809   ,  1.58333    ,  0.835758   ,  0.277178   ,  5.09794    ,  2.95276    ,  2.01426    ])
6264    , -13953.4    , array([ 2.54538    ,  0.549809   ,  1.58333    ,  0.835758   ,  0.277178   ,  5.09794    ,  2.93746    ,  2.01426    ])
6272    , -13951.6    , array([ 2.48425    ,  0.542015   ,  1.51473    ,  0.834444   ,  0.299609   ,  5.17242    ,  2.8551     ,  1.90728    ])
6280    , -13949.9    , array([ 2.42395    ,  0.534159   ,  1.45388    ,  0.834861   ,  0.32189    ,  5.25421    ,  2.75825    ,  1.86343    ])
6288    , -69955.2    , array([ 2.40366    ,  0.531515   ,  1.4334     ,  0.835001   ,  0.329388   ,  5.28173    ,  2.72567    ,  0.230636   ])
6296    , -13948.5    , array([ 2.40366    ,  0.531515   ,  1.4334     ,  0.835001   ,  0.329388   ,  5.28173    ,  2.72567    ,  1.90312    ])
6304    , -14767      , array([ 2.40366    ,  0.722478   ,  1.4334     ,  0.835001   ,  0.329388   ,  5.28173    ,  2.72567    ,  1.90211    ])
6312    , -14774.8    , array([ 2.40366    ,  0.535224   ,  2.4334     ,  0.835001   ,  0.329388   ,  5.28173    ,  2.72567    ,  1.90211    ])
6320    , -13946.5    , array([ 2.40366    ,  0.535224   ,  1.46132    ,  0.835001   ,  0.329388   ,  5.28173    ,  2.72567    ,  1.90211    ])
6328    , -15056.5    , array([ 2.40366    ,  0.535224   ,  1.46132    ,  1.21697    ,  0.329388   ,  5.28173    ,  2.72567    ,  1.90211    ])
6336    , -14037.5    , array([ 2.14112    ,  0.541464   ,  1.25787    ,  0.821772   ,  0.376687   ,  5.28601    ,  2.46955    ,  1.6804     ])
6344    , -13945.8    , array([ 2.4275     ,  0.534658   ,  1.47979    ,  0.840172   ,  0.325092   ,  5.28134    ,  2.74893    ,  1.92225    ])
6352    , -13964.5    , array([ 2.4275     ,  0.534658   ,  1.47979    ,  0.840172   ,  0.325092   ,  5.66331    ,  2.74893    ,  1.92225    ])
6360    , -13945.8    , array([ 2.4275     ,  0.534658   ,  1.47979    ,  0.840172   ,  0.325092   ,  5.29595    ,  2.74893    ,  1.92225    ])
6368    , -13945.8    , array([ 2.4275     ,  0.534658   ,  1.47979    ,  0.840172   ,  0.325092   ,  5.2894     ,  2.74893    ,  1.92225    ])
6376    , -13945.7    , array([ 2.4275     ,  0.534658   ,  1.47979    ,  0.840172   ,  0.325092   ,  5.2894     ,  2.75758    ,  1.92225    ])
6384    , -13943      , array([ 2.33419    ,  0.5225     ,  1.38563    ,  0.840817   ,  0.359572   ,  5.41597    ,  2.60771    ,  1.85439    ])
6392    , -13949.2    , array([ 2.33511    ,  0.522621   ,  1.38656    ,  0.84081    ,  0.359231   ,  5.41471    ,  2.6092     ,  1.97719    ])
6400    , -13942.8    , array([ 2.33511    ,  0.522621   ,  1.38656    ,  0.84081    ,  0.359231   ,  5.41471    ,  2.6092     ,  1.83607    ])
6408    , -14816.3    , array([ 2.33511    ,  0.713583   ,  1.38656    ,  0.84081    ,  0.359231   ,  5.41471    ,  2.6092     ,  1.83607    ])
6416    , -13942.8    , array([ 2.33511    ,  0.523158   ,  1.38656    ,  0.84081    ,  0.359231   ,  5.41471    ,  2.6092     ,  1.83607    ])
6424    , -13942.4    , array([ 2.33511    ,  0.523158   ,  1.40315    ,  0.84081    ,  0.359231   ,  5.41471    ,  2.6092     ,  1.83607    ])
6432    , -13942.4    , array([ 2.33511    ,  0.523158   ,  1.40164    ,  0.84081    ,  0.359231   ,  5.41471    ,  2.6092     ,  1.83607    ])
6440    , -13942.2    , array([ 2.33511    ,  0.523158   ,  1.40164    ,  0.844258   ,  0.359231   ,  5.41471    ,  2.6092     ,  1.83607    ])
6448    , -13941.9    , array([ 2.35336    ,  0.522724   ,  1.41578    ,  0.845397   ,  0.355942   ,  5.41442    ,  2.62701    ,  1.85149    ])
6456    , -13941.9    , array([ 2.35605    ,  0.52266    ,  1.41786    ,  0.845569   ,  0.355458   ,  5.41437    ,  2.62963    ,  1.85376    ])
6464    , -13941.7    , array([ 2.35605    ,  0.52266    ,  1.41786    ,  0.845569   ,  0.355458   ,  5.46214    ,  2.62963    ,  1.85376    ])
6472    , -13987.2    , array([ 2.35605    ,  0.52266    ,  1.41786    ,  0.845569   ,  0.355458   ,  5.46214    ,  3.01159    ,  1.85376    ])
6480    , -13940      , array([ 2.27546    ,  0.51216    ,  1.33654    ,  0.846126   ,  0.385237   ,  5.57145    ,  2.5122     ,  1.79515    ])
6488    , -13937.8    , array([ 2.24755    ,  0.505836   ,  1.31855    ,  0.851223   ,  0.399513   ,  5.68512    ,  2.46619    ,  1.75832    ])
6496    , -13935.1    , array([ 2.12256    ,  0.481877   ,  1.22147    ,  0.866087   ,  0.457016   ,  6.07113    ,  2.26205    ,  1.62024    ])
6504    , -13941      , array([ 2.12086    ,  0.48155    ,  1.22014    ,  0.866289   ,  0.4578     ,  6.0764     ,  2.25927    ,  1.77039    ])
6512    , -13934.8    , array([ 2.12086    ,  0.48155    ,  1.22014    ,  0.866289   ,  0.4578     ,  6.0764     ,  2.25927    ,  1.64924    ])
6520    , -14833.8    , array([ 2.12086    ,  0.357203   ,  1.22014    ,  0.866289   ,  0.4578     ,  6.0764     ,  2.25927    ,  1.64955    ])
6528    , -15020.1    , array([ 2.12086    ,  0.481291   ,  2.22014    ,  0.866289   ,  0.4578     ,  6.0764     ,  2.25927    ,  1.64955    ])
6536    , -13934.5    , array([ 2.12086    ,  0.481291   ,  1.22959    ,  0.866289   ,  0.4578     ,  6.0764     ,  2.25927    ,  1.64955    ])
6544    , -14813.8    , array([ 2.12086    ,  0.481291   ,  1.2297     ,  1.24826    ,  0.4578     ,  6.0764     ,  2.25927    ,  1.64955    ])
6552    , -14056.4    , array([ 1.85832    ,  0.487531   ,  1.02626    ,  0.856743   ,  0.505099   ,  6.08068    ,  2.00315    ,  1.42784    ])
6560    , -13935.7    , array([ 2.07798    ,  0.48231    ,  1.19647    ,  0.870856   ,  0.465526   ,  6.0771     ,  2.21743    ,  1.61333    ])
6568    , -14351.8    , array([ 2.10982    ,  0.481553   ,  1.22115    ,  0.872901   ,  0.459789   ,  4.45854    ,  2.2485     ,  1.64022    ])
6576    , -13933.3    , array([ 2.10982    ,  0.481553   ,  1.22115    ,  0.872901   ,  0.459789   ,  6.00006    ,  2.2485     ,  1.64022    ])
6584    , -13933.3    , array([ 2.10982    ,  0.481553   ,  1.22115    ,  0.872901   ,  0.459789   ,  6.00082    ,  2.24863    ,  1.64022    ])
6592    , -13937.8    , array([ 2.21517    ,  0.50175    ,  1.30298    ,  0.860372   ,  0.411318   ,  5.67544    ,  2.42117    ,  1.75662    ])
6600    , -14103      , array([ 2.04282    ,  0.46871    ,  1.16911    ,  0.880869   ,  0.490613   ,  6.20774    ,  2.13966    ,  2.5662     ])
6608    , -13932.2    , array([ 2.04282    ,  0.46871    ,  1.16911    ,  0.880869   ,  0.490613   ,  6.20774    ,  2.13966    ,  1.57683    ])
6616    , -13932.1    , array([ 2.04282    ,  0.46871    ,  1.16911    ,  0.880869   ,  0.490613   ,  6.20774    ,  2.13966    ,  1.58286    ])
6624    , -14921.9    , array([ 2.04282    ,  0.343291   ,  1.16911    ,  0.880869   ,  0.490613   ,  6.20774    ,  2.13966    ,  1.5827     ])
6632    , -15109.1    , array([ 2.04282    ,  0.469385   ,  2.16911    ,  0.880869   ,  0.490613   ,  6.20774    ,  2.13966    ,  1.5827     ])
6640    , -13932      , array([ 2.04282    ,  0.469385   ,  1.17504    ,  0.880869   ,  0.490613   ,  6.20774    ,  2.13966    ,  1.5827     ])
6648    , -14766.7    , array([ 2.04282    ,  0.469385   ,  1.1751     ,  1.26283    ,  0.490613   ,  6.20774    ,  2.13966    ,  1.5827     ])
6656    , -14080.2    , array([ 1.78028    ,  0.475626   ,  0.971658   ,  0.870378   ,  0.537912   ,  6.21202    ,  1.88354    ,  1.36099    ])
6664    , -13931.7    , array([ 2.04245    ,  0.469394   ,  1.17481    ,  0.887221   ,  0.49068    ,  6.20774    ,  2.1393     ,  1.58239    ])
6672    , -13949.7    , array([ 2.04244    ,  0.469394   ,  1.17481    ,  0.887221   ,  0.490681   ,  6.58971    ,  2.13929    ,  1.58238    ])
6680    , -13931.6    , array([ 2.04244    ,  0.469394   ,  1.17481    ,  0.887221   ,  0.490681   ,  6.1727     ,  2.13929    ,  1.58238    ])
6688    , -14122.5    , array([ 2.04244    ,  0.469394   ,  1.17481    ,  0.887221   ,  0.490681   ,  6.17154    ,  1.52126    ,  1.58238    ])
6696    , -13936.4    , array([ 1.87197    ,  0.436716   ,  1.0424     ,  0.907494   ,  0.569109   ,  6.69802    ,  1.86442    ,  1.39404    ])
6704    , -13930.6    , array([ 1.98336    ,  0.458069   ,  1.12892    ,  0.894247   ,  0.517863   ,  6.35401    ,  2.04635    ,  1.51711    ])
6712    , -13929.3    , array([ 1.88715    ,  0.440851   ,  1.06389    ,  0.915893   ,  0.561954   ,  6.59069    ,  1.89536    ,  1.43767    ])
6720    , -14124.6    , array([ 1.87047    ,  0.437866   ,  1.05261    ,  0.919645   ,  0.569597   ,  6.63171    ,  1.86919    ,  2.4239     ])
6728    , -13929.2    , array([ 1.87047    ,  0.437866   ,  1.05261    ,  0.919645   ,  0.569597   ,  6.63171    ,  1.86919    ,  1.43417    ])
6736    , -23608.7    , array([ 1.87047    ,  1.43787    ,  1.05261    ,  0.919645   ,  0.569597   ,  6.63171    ,  1.86919    ,  1.43707    ])
6744    , -13932.9    , array([ 1.87047    ,  0.431319   ,  1.05261    ,  0.919645   ,  0.569597   ,  6.63171    ,  1.86919    ,  1.43707    ])
6752    , -13928.9    , array([ 1.87047    ,  0.440287   ,  1.05261    ,  0.919645   ,  0.569597   ,  6.63171    ,  1.86919    ,  1.43707    ])
6760    , -13928.7    , array([ 1.87047    ,  0.440287   ,  1.05931    ,  0.919645   ,  0.569597   ,  6.63171    ,  1.86919    ,  1.43707    ])
6768    , -13929.2    , array([ 1.87047    ,  0.440287   ,  1.05924    ,  0.915825   ,  0.569597   ,  6.63171    ,  1.86919    ,  1.43707    ])
6776    , -13928.4    , array([ 1.87047    ,  0.440287   ,  1.05924    ,  0.926764   ,  0.569597   ,  6.63171    ,  1.86919    ,  1.43707    ])
6784    , -13928.3    , array([ 1.87506    ,  0.440178   ,  1.0628     ,  0.927059   ,  0.56877    ,  6.63164    ,  1.87366    ,  1.44094    ])
6792    , -13928.3    , array([ 1.8751     ,  0.440177   ,  1.06283    ,  0.927062   ,  0.568762   ,  6.65317    ,  1.87371    ,  1.44098    ])
6800    , -15009.8    , array([ 1.8751     ,  0.440177   ,  1.06283    ,  0.927062   ,  0.568762   ,  6.64688    ,  0.255671   ,  1.44098    ])
6808    , -13928.3    , array([ 1.8751     ,  0.440177   ,  1.06283    ,  0.927062   ,  0.568762   ,  6.64688    ,  1.88138    ,  1.44098    ])
6816    , -13927.2    , array([ 1.80181    ,  0.42706    ,  1.01329    ,  0.943553   ,  0.602352   ,  6.82719    ,  1.76635    ,  1.38046    ])
6824    , -13927.2    , array([ 1.80181    ,  0.42706    ,  1.01329    ,  0.943553   ,  0.602352   ,  6.82719    ,  1.76635    ,  1.38046    ])
6832    , -13927.8    , array([ 1.80181    ,  0.42706    ,  1.01329    ,  0.943553   ,  0.602352   ,  6.82719    ,  1.76635    ,  1.34184    ])
6840    , -23878.4    , array([ 1.80181    ,  1.42706    ,  1.01329    ,  0.943553   ,  0.602352   ,  6.82719    ,  1.76635    ,  1.36843    ])
6848    , -13934.6    , array([ 1.80181    ,  0.415346   ,  1.01329    ,  0.943553   ,  0.602352   ,  6.82719    ,  1.76635    ,  1.36843    ])
6864    , -13927.1    , array([ 1.80181    ,  0.427122   ,  1.01592    ,  0.943553   ,  0.602352   ,  6.82719    ,  1.76635    ,  1.36843    ])
6872    , -13965.7    , array([ 1.80181    ,  0.427122   ,  1.01592    ,  1.03111    ,  0.602352   ,  6.82719    ,  1.76635    ,  1.36843    ])
6880    , -14212.3    , array([ 2.2266     ,  0.417026   ,  1.3451     ,  0.977137   ,  0.52582    ,  6.82026    ,  2.18077    ,  1.72717    ])
6888    , -13926.8    , array([ 1.80743    ,  0.426989   ,  1.02028    ,  0.950206   ,  0.601339   ,  6.8271     ,  1.77184    ,  1.37318    ])
6896    , -13926.6    , array([ 1.80743    ,  0.426989   ,  1.02028    ,  0.950206   ,  0.601339   ,  6.89672    ,  1.77184    ,  1.37318    ])
6904    , -14877.1    , array([ 1.80743    ,  0.426989   ,  1.02028    ,  0.950206   ,  0.601339   ,  6.87523    ,  0.153806   ,  1.37318    ])
6912    , -13926.5    , array([ 1.80743    ,  0.426989   ,  1.02028    ,  0.950206   ,  0.601339   ,  6.87523    ,  1.77469    ,  1.37318    ])
6920    , -13925.8    , array([ 1.75596    ,  0.417776   ,  0.985486   ,  0.961788   ,  0.62493    ,  7.00186    ,  1.69388    ,  1.33068    ])
6928    , -13924.2    , array([ 1.64073    ,  0.394333   ,  0.915956   ,  1.00844    ,  0.681829   ,  7.4473     ,  1.51169    ,  1.20433    ])
6936    , -13924.1    , array([ 1.6576     ,  0.39776    ,  0.926146   ,  1.00165    ,  0.673508   ,  7.38237    ,  1.53835    ,  1.22277    ])
6944    , -13923.3    , array([ 1.6576     ,  0.39776    ,  0.926146   ,  1.00165    ,  0.673508   ,  7.38237    ,  1.53835    ,  1.26179    ])
6952    , -24417.6    , array([ 1.6576     ,  1.39776    ,  0.926146   ,  1.00165    ,  0.673508   ,  7.38237    ,  1.53835    ,  1.25128    ])
6960    , -13938.8    , array([ 1.6576     ,  0.381509   ,  0.926146   ,  1.00165    ,  0.673508   ,  7.38237    ,  1.53835    ,  1.25128    ])
6976    , -13923.2    , array([ 1.6576     ,  0.397309   ,  0.928233   ,  1.00165    ,  0.673508   ,  7.38237    ,  1.53835    ,  1.25128    ])
6984    , -14513.2    , array([ 1.6576     ,  0.397309   ,  0.928233   ,  1.38362    ,  0.673508   ,  7.38237    ,  1.53835    ,  1.25128    ])
6992    , -13922.9    , array([ 1.6576     ,  0.397309   ,  0.928233   ,  1.00988    ,  0.673508   ,  7.38237    ,  1.53835    ,  1.25128    ])
7000    , -13922.8    , array([ 1.66364    ,  0.397166   ,  0.932915   ,  1.01027    ,  0.67242    ,  7.38228    ,  1.54425    ,  1.25638    ])
7008    , -13962.8    , array([ 1.66315    ,  0.397177   ,  0.932539   ,  1.01023    ,  0.672507   ,  6.76425    ,  1.54378    ,  1.25597    ])
7016    , -14481.8    , array([ 1.66315    ,  0.397177   ,  0.932539   ,  1.01023    ,  0.672507   ,  7.42917    ,  2.54378    ,  1.25597    ])
7024    , -13922.5    , array([ 1.66315    ,  0.397177   ,  0.932539   ,  1.01023    ,  0.672507   ,  7.42917    ,  1.53825    ,  1.25597    ])
7032    , -13920.9    , array([ 1.58535    ,  0.381369   ,  0.885524   ,  1.04158    ,  0.710897   ,  7.72869    ,  1.41518    ,  1.17089    ])
7040    , -14165.8    , array([ 1.58291    ,  0.380873   ,  0.884048   ,  1.04256    ,  0.712103   ,  7.7381     ,  1.41132    ,  2.16822    ])
7048    , -13920.3    , array([ 1.58291    ,  0.380873   ,  0.884048   ,  1.04256    ,  0.712103   ,  7.7381     ,  1.41132    ,  1.19171    ])
7056    , -13920.3    , array([ 1.58291    ,  0.380873   ,  0.884048   ,  1.04256    ,  0.712103   ,  7.7381     ,  1.41132    ,  1.19242    ])
7064    , -13920.2    , array([ 1.58291    ,  0.380114   ,  0.884048   ,  1.04256    ,  0.712103   ,  7.7381     ,  1.41132    ,  1.19242    ])
7072    , -23347.5    , array([ 1.58291    ,  0.379943   ,  0.266014   ,  1.04256    ,  0.712103   ,  7.7381     ,  1.41132    ,  1.19242    ])
7080    , -13920.2    , array([ 1.58291    ,  0.379943   ,  0.883536   ,  1.04256    ,  0.712103   ,  7.7381     ,  1.41132    ,  1.19242    ])
7088    , -13920.1    , array([ 1.58291    ,  0.379943   ,  0.883531   ,  1.04402    ,  0.712103   ,  7.7381     ,  1.41132    ,  1.19242    ])
7096    , -13919.8    , array([ 1.58291    ,  0.379943   ,  0.883531   ,  1.05155    ,  0.712103   ,  7.7381     ,  1.41132    ,  1.19242    ])
7104    , -13919.8    , array([ 1.58634    ,  0.379861   ,  0.886195   ,  1.05177    ,  0.711483   ,  7.73805    ,  1.41467    ,  1.19533    ])
7112    , -13919.6    , array([ 1.58638    ,  0.379861   ,  0.886222   ,  1.05177    ,  0.711477   ,  7.7841     ,  1.41471    ,  1.19536    ])
7120    , -13919.6    , array([ 1.58638    ,  0.379861   ,  0.886222   ,  1.05177    ,  0.711477   ,  7.78985    ,  1.41471    ,  1.19536    ])
7128    , -13920.1    , array([ 1.48669    ,  0.359606   ,  0.825981   ,  1.09193    ,  0.760666   ,  8.17364    ,  1.24898    ,  1.08635    ])
7136    , -13918.4    , array([ 1.53886    ,  0.370207   ,  0.857509   ,  1.07091    ,  0.734922   ,  7.97277    ,  1.33147    ,  1.1434     ])
7144    , -13914.8    , array([ 1.4486     ,  0.348432   ,  0.803116   ,  1.12848    ,  0.781636   ,  8.4505     ,  1.16833    ,  1.09138    ])
7152    , -13914.2    , array([ 1.40995    ,  0.339098   ,  0.779831   ,  1.1532     ,  0.801641   ,  8.65546    ,  1.09842    ,  1.06927    ])
7160    , -13914.2    , array([ 1.40995    ,  0.339098   ,  0.779831   ,  1.1532     ,  0.801641   ,  8.65546    ,  1.09842    ,  1.07229    ])
7176    , -13968.3    , array([ 1.40995    ,  0.369222   ,  0.779831   ,  1.1532     ,  0.801641   ,  8.65546    ,  1.09842    ,  1.0712     ])
7184    , -13913.7    , array([ 1.40995    ,  0.341684   ,  0.779831   ,  1.1532     ,  0.801641   ,  8.65546    ,  1.09842    ,  1.0712     ])
7192    , -13913.5    , array([ 1.40995    ,  0.341684   ,  0.78428    ,  1.1532     ,  0.801641   ,  8.65546    ,  1.09842    ,  1.0712     ])
7200    , -13927.3    , array([ 1.40995    ,  0.341684   ,  0.78428    ,  1.23215    ,  0.801641   ,  8.65546    ,  1.09842    ,  1.0712     ])
7208    , -14418.9    , array([ 1.83475    ,  0.331587   ,  1.11345    ,  1.19649    ,  0.72511    ,  8.64854    ,  1.51284    ,  1.42993    ])
7216    , -13912.4    , array([ 1.4155     ,  0.341552   ,  0.788577   ,  1.16956    ,  0.800642   ,  8.65537    ,  1.10383    ,  1.07588    ])
7224    , -13919.5    , array([ 1.41561    ,  0.341549   ,  0.788664   ,  1.16957    ,  0.800622   ,  9.03734    ,  1.10394    ,  1.07597    ])
7232    , -14598.9    , array([ 1.41561    ,  0.341549   ,  0.788664   ,  1.16957    ,  0.800622   ,  8.67602    ,  2.10394    ,  1.07597    ])
7240    , -13912.3    , array([ 1.41561    ,  0.341549   ,  0.788664   ,  1.16957    ,  0.800622   ,  8.67602    ,  1.10912    ,  1.07597    ])
7248    , -13909.8    , array([ 1.33136    ,  0.321199   ,  0.737895   ,  1.22346    ,  0.844241   ,  9.12291    ,  0.95675    ,  1.02777    ])
7264    , -13912      , array([ 1.34232    ,  0.323847   ,  0.744501   ,  1.21645    ,  0.838565   ,  9.06476    ,  0.976583   ,  0.973963   ])
7272    , -25840.2    , array([ 1.34232    ,  1.32385    ,  0.744501   ,  1.21645    ,  0.838565   ,  9.06476    ,  0.976583   ,  1.01817    ])
7280    , -14860      , array([ 1.34232    ,  0.238334   ,  0.744501   ,  1.21645    ,  0.838565   ,  9.06476    ,  0.976583   ,  1.01817    ])
7288    , -16042.7    , array([ 1.34232    ,  0.325342   ,  1.7445     ,  1.21645    ,  0.838565   ,  9.06476    ,  0.976583   ,  1.01817    ])
7296    , -13909.2    , array([ 1.34232    ,  0.325342   ,  0.747135   ,  1.21645    ,  0.838565   ,  9.06476    ,  0.976583   ,  1.01817    ])
7304    , -16002.1    , array([ 1.34232    ,  0.325342   ,  0.746333   ,  0.598417   ,  0.838565   ,  9.06476    ,  0.976583   ,  1.01817    ])
7312    , -13908.4    , array([ 1.34232    ,  0.325342   ,  0.746333   ,  1.23111    ,  0.838565   ,  9.06476    ,  0.976583   ,  1.01817    ])
7320    , -13908.3    , array([ 1.34681    ,  0.325235   ,  0.74981    ,  1.2314     ,  0.837757   ,  9.06469    ,  0.980961   ,  1.02196    ])
7328    , -13934.7    , array([ 1.34661    ,  0.32524    ,  0.749658   ,  1.23139    ,  0.837792   ,  8.44666    ,  0.98077    ,  1.02179    ])
7336    , -13908.1    , array([ 1.34661    ,  0.32524    ,  0.749658   ,  1.23139    ,  0.837792   ,  9.11996    ,  0.98077    ,  1.02179    ])
7344    , -13908.1    , array([ 1.34661    ,  0.32524    ,  0.749658   ,  1.23139    ,  0.837792   ,  9.11996    ,  0.981606   ,  1.02179    ])
7352    , -13915.9    , array([ 1.42583    ,  0.344375   ,  0.797395   ,  1.18071    ,  0.796778   ,  8.69976    ,  1.12485    ,  1.06712    ])
7360    , -13902.8    , array([ 1.24945    ,  0.302126   ,  0.693679   ,  1.31123    ,  0.889545   ,  9.71332    ,  0.802912   ,  0.951498   ])
7368    , -13900.5    , array([ 1.21397    ,  0.29383    ,  0.674267   ,  1.34744    ,  0.909018   ,  9.96104    ,  0.736576   ,  0.91997    ])
7376    , -13900.2    , array([ 1.2088     ,  0.292619   ,  0.671435   ,  1.35272    ,  0.911859   ,  9.99719    ,  0.726898   ,  0.91537    ])
7384    , -13900.2    , array([ 1.2088     ,  0.292619   ,  0.671435   ,  1.35272    ,  0.911859   ,  9.99719    ,  0.726898   ,  0.928293   ])
7392    , -13900.1    , array([ 1.2088     ,  0.292619   ,  0.671435   ,  1.35272    ,  0.911859   ,  9.99719    ,  0.726898   ,  0.922395   ])
7400    , -13899.5    , array([ 1.2088     ,  0.294787   ,  0.671435   ,  1.35272    ,  0.911859   ,  9.99719    ,  0.726898   ,  0.922395   ])
7408    , -67290.2    , array([ 1.2088     ,  0.295063   ,  0.0534006  ,  1.35272    ,  0.911859   ,  9.99719    ,  0.726898   ,  0.922395   ])
7416    , -13899.4    , array([ 1.2088     ,  0.295063   ,  0.674639   ,  1.35272    ,  0.911859   ,  9.99719    ,  0.726898   ,  0.922395   ])
7424    , -13898.3    , array([ 1.2088     ,  0.295063   ,  0.674672   ,  1.36943    ,  0.911859   ,  9.99719    ,  0.726898   ,  0.922395   ])
7432    , -14025      , array([ 1.37105    ,  0.291207   ,  0.800405   ,  1.38265    ,  0.882626   ,  9.99454    ,  0.885189   ,  1.05942    ])
7440    , -13898.1    , array([ 1.21431    ,  0.294932   ,  0.678941   ,  1.37258    ,  0.910866   ,  9.9971     ,  0.732273   ,  0.927048   ])
7448    , -13899.4    , array([ 1.21431    ,  0.294932   ,  0.678941   ,  1.37258    ,  0.910866   ,  9.87906    ,  0.732273   ,  0.927048   ])
7464    , -13898.1    , array([ 1.21431    ,  0.294932   ,  0.678941   ,  1.37258    ,  0.910866   ,  9.99993    ,  0.732273   ,  0.927048   ])
7480    , -14045.9    , array([ 1.35522    ,  0.327887   ,  0.756049   ,  1.22877    ,  0.833518   ,  9.01596    ,  0.273574   ,  1.05228    ])
7488    , -13731.3    , array([ 1.21823    ,  0.295851   ,  0.68109    ,  1.36857    ,  0.908711   ,  9.97254    ,  0.0174196  ,  0.930537   ])
7496    , -13726.4    , array([ 1.21439    ,  0.294952   ,  0.678987   ,  1.37249    ,  0.91082    ,  9.99937    ,  0.0102338  ,  0.927122   ])
7512    , -13726.3    , array([ 1.2143     ,  0.294931   ,  0.678938   ,  1.37259    ,  0.91087    ,  10         ,  0.010066   ,  0.927042   ])
7520    , -12828.4    , array([ 1.2143     ,  0.294931   ,  0.678938   ,  1.37259    ,  0.91087    ,  10         ,  0.010066   ,  0.397791   ])
7528    , -12635.8    , array([ 1.2143     ,  0.294931   ,  0.678938   ,  1.37259    ,  0.91087    ,  10         ,  0.010066   ,  0.281091   ])
7536    , -12613.3    , array([ 1.2143     ,  0.24814    ,  0.678938   ,  1.37259    ,  0.91087    ,  10         ,  0.010066   ,  0.281091   ])
7544    , -12557.8    , array([ 1.2143     ,  0.268286   ,  0.678938   ,  1.37259    ,  0.91087    ,  10         ,  0.010066   ,  0.281091   ])
7552    , -12442.7    , array([ 1.2143     ,  0.268286   ,  0.578848   ,  1.37259    ,  0.91087    ,  10         ,  0.010066   ,  0.281091   ])
7560    , -12934.8    , array([ 1.2143     ,  0.268286   ,  0.578848   ,  1.75455    ,  0.91087    ,  10         ,  0.010066   ,  0.281091   ])
7568    , -15668.3    , array([ 1.63909    ,  0.25819    ,  0.908022   ,  1.1668     ,  0.834338   ,  9.99307    ,  0.424477   ,  0.639826   ])
7576    , -12408.3    , array([ 1.22614    ,  0.268005   ,  0.58802    ,  1.14027    ,  0.908737   ,  9.99981    ,  0.0216129  ,  0.291087   ])
7584    , -12348.5    , array([ 1.21455    ,  0.26828    ,  0.579043   ,  1.13953    ,  0.910824   ,  10         ,  0.0103118  ,  0.281304   ])
7600    , -12347.8    , array([ 1.21426    ,  0.268287   ,  0.57882    ,  1.13951    ,  0.910876   ,  10         ,  0.0100305  ,  0.28106    ])
7608    , -12362.7    , array([ 1.21426    ,  0.268287   ,  0.57882    ,  1.13951    ,  0.910876   ,  9.88197    ,  0.0100305  ,  0.28106    ])
7616    , -12348.1    , array([ 1.21426    ,  0.268287   ,  0.57882    ,  1.13951    ,  0.910876   ,  9.99749    ,  0.0100305  ,  0.28106    ])
7624    , -12347.8    , array([ 1.21426    ,  0.268287   ,  0.57882    ,  1.13951    ,  0.910876   ,  9.99995    ,  0.0100305  ,  0.28106    ])
7632    , -12347.8    , array([ 1.21426    ,  0.268287   ,  0.57882    ,  1.13951    ,  0.910876   ,  10         ,  0.0100305  ,  0.28106    ])
7640    , -12347.8    , array([ 1.21426    ,  0.268287   ,  0.57882    ,  1.13951    ,  0.910876   ,  10         ,  0.0100305  ,  0.28106    ])
7648    , -12347.8    , array([ 1.21426    ,  0.268287   ,  0.57882    ,  1.13951    ,  0.910876   ,  10         ,  0.0100305  ,  0.28106    ])
7656    , -26154.9    , array([ 1.21426    ,  0.268287   ,  0.57882    ,  1.13951    ,  0.910876   ,  10         ,  1.01003    ,  0.28106    ])
7664    , -13114.7    , array([ 1.21426    ,  0.268287   ,  0.57882    ,  1.13951    ,  0.910876   ,  10         ,  0.0829573  ,  0.28106    ])
7672    , -12347.3    , array([ 1.21426    ,  0.268287   ,  0.57882    ,  1.13951    ,  0.910876   ,  10         ,  0.00844675 ,  0.28106    ])
7744    , -12230.8    , array([ 1.21426    ,  0.268287   ,  0.57882    ,  1.13951    ,  0.910876   ,  10         ,  0.00846244 ,  0.225607   ])
7752    , -65161.6    , array([ 1.21426    ,  0.0322193  ,  0.57882    ,  1.13951    ,  0.910876   ,  10         ,  0.00846244 ,  0.226156   ])
7760    , -12211.8    , array([ 1.21426    ,  0.280968   ,  0.57882    ,  1.13951    ,  0.910876   ,  10         ,  0.00846244 ,  0.226156   ])
7768    , -13599      , array([ 1.21426    ,  0.281096   ,  0.342752   ,  1.13951    ,  0.910876   ,  10         ,  0.00846244 ,  0.226156   ])
7776    , -12205.2    , array([ 1.21426    ,  0.281096   ,  0.558084   ,  1.13951    ,  0.910876   ,  10         ,  0.00846244 ,  0.226156   ])
7784    , -12114.1    , array([ 1.21426    ,  0.281096   ,  0.557875   ,  0.920884   ,  0.910876   ,  10         ,  0.00846244 ,  0.226156   ])
7792    , -14904.1    , array([ 1.37652    ,  0.277239   ,  0.683608   ,  0.915088   ,  0.881644   ,  9.99735    ,  0.166753   ,  0.36318    ])
7800    , -12110.6    , array([ 1.21684    ,  0.281034   ,  0.559873   ,  0.904829   ,  0.910412   ,  9.99996    ,  0.0109777  ,  0.228333   ])
7808    , -12195.4    , array([ 1.21663    ,  0.28104    ,  0.559707   ,  0.904815   ,  0.91045    ,  9.38193    ,  0.0107685  ,  0.228152   ])
7816    , -12112.4    , array([ 1.21663    ,  0.28104    ,  0.559707   ,  0.904815   ,  0.91045    ,  9.98274    ,  0.0107685  ,  0.228152   ])
7824    , -12110.6    , array([ 1.21663    ,  0.28104    ,  0.559707   ,  0.904815   ,  0.91045    ,  9.99959    ,  0.0107685  ,  0.228152   ])
7832    , -12110.6    , array([ 1.21663    ,  0.28104    ,  0.559707   ,  0.904815   ,  0.91045    ,  9.99999    ,  0.0107685  ,  0.228152   ])
7840    , -36327.4    , array([ 1.21663    ,  0.28104    ,  0.559707   ,  0.904815   ,  0.91045    ,  10         ,  1.01077    ,  0.228152   ])
7848    , -13312.4    , array([ 1.21663    ,  0.28104    ,  0.559707   ,  0.904815   ,  0.91045    ,  10         ,  0.0836811  ,  0.228152   ])
7856    , -12109      , array([ 1.21663    ,  0.28104    ,  0.559707   ,  0.904815   ,  0.91045    ,  10         ,  0.0128443  ,  0.228152   ])
7864    , -12263.5    , array([ 1.22691    ,  0.283444   ,  0.565331   ,  0.894324   ,  0.904808   ,  9.92822    ,  0.0320657  ,  0.237288   ])
7880    , -12109      , array([ 1.21663    ,  0.28104    ,  0.559707   ,  0.904815   ,  0.91045    ,  10         ,  0.0128442  ,  0.228152   ])
7888    , -12109      , array([ 1.21663    ,  0.28104    ,  0.559707   ,  0.904815   ,  0.91045    ,  10         ,  0.0128442  ,  0.228152   ])
7896    , -11938.1    , array([ 1.22136    ,  0.306544   ,  0.52148    ,  0.435426   ,  0.909599   ,  10         ,  0.0216076  ,  0.122336   ])
7904    , -11876.5    , array([ 1.2202     ,  0.300317   ,  0.530813   ,  0.550021   ,  0.909806   ,  10         ,  0.0194681  ,  0.14817    ])
7912    , -11830.6    , array([ 1.22344    ,  0.301075   ,  0.532584   ,  0.546717   ,  0.90803    ,  9.97739    ,  0.0255215  ,  0.151047   ])
7920    , -15816.6    , array([ 1.22347    ,  0.683048   ,  0.532602   ,  0.546684   ,  0.908012   ,  9.97717    ,  0.025582   ,  0.151075   ])
7928    , -11792.7    , array([ 1.22347    ,  0.321322   ,  0.532602   ,  0.546684   ,  0.908012   ,  9.97717    ,  0.025582   ,  0.151075   ])
7936    , -11791.3    , array([ 1.22347    ,  0.321121   ,  0.533712   ,  0.546684   ,  0.908012   ,  9.97717    ,  0.025582   ,  0.151075   ])
7944    , -11767.4    , array([ 1.22347    ,  0.321121   ,  0.575039   ,  0.546684   ,  0.908012   ,  9.97717    ,  0.025582   ,  0.151075   ])
7952    , -11766.2    , array([ 1.22347    ,  0.321121   ,  0.575039   ,  0.521118   ,  0.908012   ,  9.97717    ,  0.025582   ,  0.151075   ])
7968    , -11747.3    , array([ 1.22739    ,  0.321028   ,  0.578076   ,  0.521626   ,  0.907306   ,  9.9771     ,  0.0294052  ,  0.154385   ])
7976    , -11756.8    , array([ 1.22739    ,  0.321028   ,  0.578076   ,  0.521626   ,  0.907306   ,  9.66809    ,  0.0294052  ,  0.154385   ])
7992    , -61507.8    , array([ 1.22739    ,  0.321028   ,  0.578076   ,  0.521626   ,  0.907306   ,  9.9996     ,  1.02941    ,  0.154385   ])
8000    , -14128.9    , array([ 1.22739    ,  0.321028   ,  0.578076   ,  0.521626   ,  0.907306   ,  9.9996     ,  0.102288   ,  0.154385   ])
8008    , -11745.9    , array([ 1.22739    ,  0.321028   ,  0.578076   ,  0.521626   ,  0.907306   ,  9.9996     ,  0.0306019  ,  0.154385   ])
8016    , -11678.4    , array([ 1.22907    ,  0.330081   ,  0.564507   ,  0.355018   ,  0.907003   ,  9.9996     ,  0.0337125  ,  0.116826   ])
8024    , -25178.9    , array([ 1.36984    ,  0.362283   ,  0.642744   ,  0.22507    ,  0.829681   ,  9.0156     ,  0.296951   ,  0.245184   ])
8032    , -11679.2    , array([ 1.23285    ,  0.330246   ,  0.567784   ,  0.364871   ,  0.904873   ,  9.97218    ,  0.0407954  ,  0.12344    ])
8040    , -22658.1    , array([ 1.2308     ,  1.32977    ,  0.56666    ,  0.366968   ,  0.906001   ,  9.98653    ,  0.0369533  ,  0.121614   ])
8048    , -12488.5    , array([ 1.2308     ,  0.254288   ,  0.56666    ,  0.366968   ,  0.906001   ,  9.98653    ,  0.0369533  ,  0.121614   ])
8056    , -13697.9    , array([ 1.2308     ,  0.337451   ,  1.56666    ,  0.366968   ,  0.906001   ,  9.98653    ,  0.0369533  ,  0.121614   ])
8064    , -11683.2    , array([ 1.2308     ,  0.337451   ,  0.669041   ,  0.366968   ,  0.906001   ,  9.98653    ,  0.0369533  ,  0.121614   ])
8072    , -11641.8    , array([ 1.2308     ,  0.337451   ,  0.599651   ,  0.366968   ,  0.906001   ,  9.98653    ,  0.0369533  ,  0.121614   ])
8080    , -11635.9    , array([ 1.2308     ,  0.337451   ,  0.599651   ,  0.424738   ,  0.906001   ,  9.98653    ,  0.0369533  ,  0.121614   ])
8096    , -11618.2    , array([ 1.23414    ,  0.337371   ,  0.602243   ,  0.425537   ,  0.905399   ,  9.98647    ,  0.0402164  ,  0.124438   ])
8104    , -11613.6    , array([ 1.23418    ,  0.33737    ,  0.602269   ,  0.425539   ,  0.905393   ,  9.67       ,  0.0402493  ,  0.124467   ])
8120    , -11712.8    , array([ 1.23418    ,  0.33737    ,  0.602269   ,  0.425539   ,  0.905393   ,  9.66684    ,  0.0517674  ,  0.124467   ])
8128    , -12159.9    , array([ 1.2284     ,  0.306178   ,  0.649021   ,  0.999607   ,  0.906434   ,  9.66684    ,  0.0304257  ,  0.253881   ])
8136    , -11580.9    , array([ 1.23511    ,  0.342408   ,  0.594718   ,  0.332817   ,  0.905224   ,  9.66684    ,  0.0428746  ,  0.103564   ])
8144    , -11504.8    , array([ 1.24417    ,  0.361497   ,  0.637616   ,  0.28212    ,  0.902579   ,  9.17811    ,  0.0566689  ,  0.0800082  ])
8160    , -11504      , array([ 1.244      ,  0.361785   ,  0.638255   ,  0.281474   ,  0.902715   ,  9.17108    ,  0.0562957  ,  0.0792463  ])
8168    , -18260.6    , array([ 1.244      ,  0.17971    ,  0.638253   ,  0.281477   ,  0.902717   ,  9.1711     ,  0.0562892  ,  0.0792433  ])
8176    , -12797.2    , array([ 1.244      ,  0.367703   ,  1.63825    ,  0.281477   ,  0.902717   ,  9.1711     ,  0.0562892  ,  0.0792433  ])
8184    , -11518.9    , array([ 1.244      ,  0.367703   ,  0.737276   ,  0.281477   ,  0.902717   ,  9.1711     ,  0.0562892  ,  0.0792433  ])
8192    , -11494.8    , array([ 1.244      ,  0.367703   ,  0.669259   ,  0.281477   ,  0.902717   ,  9.1711     ,  0.0562892  ,  0.0792433  ])
8200    , -11484      , array([ 1.244      ,  0.367703   ,  0.669259   ,  0.369102   ,  0.902717   ,  9.1711     ,  0.0562892  ,  0.0792433  ])
8208    , -19349      , array([ 1.2057     ,  0.368613   ,  0.639578   ,  0.367526   ,  0.909618   ,  9.17173    ,  0.0189218  ,  0.0468962  ])
8216    , -11463.9    , array([ 1.24725    ,  0.367626   ,  0.671773   ,  0.370195   ,  0.902133   ,  9.17105    ,  0.0594543  ,  0.0819831  ])
8224    , -11433.3    , array([ 1.24728    ,  0.367625   ,  0.671799   ,  0.370197   ,  0.902127   ,  8.33761    ,  0.0594863  ,  0.0820108  ])
8232    , -26013.8    , array([ 1.24728    ,  0.367625   ,  0.671799   ,  0.370197   ,  0.902127   ,  8.32919    ,  0.25021    ,  0.0820108  ])
8240    , -11433.1    , array([ 1.24728    ,  0.367625   ,  0.671799   ,  0.370197   ,  0.902127   ,  8.32919    ,  0.0590793  ,  0.0820108  ])
8248    , -11425.1    , array([ 1.25081    ,  0.375076   ,  0.688471   ,  0.350102   ,  0.901096   ,  8.13892    ,  0.0644606  ,  0.0727593  ])
8264    , -11424.3    , array([ 1.24999    ,  0.373178   ,  0.684226   ,  0.355184   ,  0.90131    ,  8.18729    ,  0.0632506  ,  0.0752265  ])
8280    , -11416.3    , array([ 1.24937    ,  0.383113   ,  0.683883   ,  0.355825   ,  0.901655   ,  8.19167    ,  0.0620762  ,  0.0746683  ])
8288    , -48155.5    , array([ 1.24937    ,  0.381652   ,  0.0658488  ,  0.355825   ,  0.901655   ,  8.19167    ,  0.0620762  ,  0.0746683  ])
8296    , -11411.9    , array([ 1.24937    ,  0.381652   ,  0.711581   ,  0.355825   ,  0.901655   ,  8.19167    ,  0.0620762  ,  0.0746683  ])
8304    , -11407.7    , array([ 1.24937    ,  0.381652   ,  0.711861   ,  0.409138   ,  0.901655   ,  8.19167    ,  0.0620762  ,  0.0746683  ])
8312    , -11407.7    , array([ 1.24937    ,  0.381652   ,  0.711861   ,  0.412181   ,  0.901655   ,  8.19167    ,  0.0620762  ,  0.0746683  ])
8320    , -11393.9    , array([ 1.25156    ,  0.3816     ,  0.713559   ,  0.412322   ,  0.90126    ,  8.19164    ,  0.0642134  ,  0.0765184  ])
8328    , -11393      , array([ 1.25226    ,  0.381583   ,  0.714106   ,  0.412367   ,  0.901133   ,  8.19163    ,  0.0649021  ,  0.0771146  ])
8336    , -90604.3    , array([ 1.25226    ,  0.381583   ,  0.714106   ,  0.412367   ,  0.901133   ,  7.74112    ,  1.0649     ,  0.0771146  ])
8344    , -15107.1    , array([ 1.25226    ,  0.381583   ,  0.714106   ,  0.412367   ,  0.901133   ,  7.74112    ,  0.137753   ,  0.0771146  ])
8352    , -11383.5    , array([ 1.25226    ,  0.381583   ,  0.714106   ,  0.412367   ,  0.901133   ,  7.74112    ,  0.0645913  ,  0.0771146  ])
8360    , -11377.4    , array([ 1.25416    ,  0.38559    ,  0.723072   ,  0.40156    ,  0.900579   ,  7.6388     ,  0.0674829  ,  0.0721395  ])
8368    , -11316.1    , array([ 1.28473    ,  0.474799   ,  1.00214    ,  0.733608   ,  0.894961   ,  3.69885    ,  0.0991076  ,  0.0505902  ])
8384    , -11283      , array([ 1.27371    ,  0.444126   ,  0.906288   ,  0.620481   ,  0.897187   ,  5.0517     ,  0.0872489  ,  0.0574785  ])
8392    , -11281.9    , array([ 1.2732     ,  0.444005   ,  0.906005   ,  0.621009   ,  0.897471   ,  5.05531    ,  0.0862818  ,  0.057019   ])
8400    , -11281.6    , array([ 1.2732     ,  0.441699   ,  0.906005   ,  0.621009   ,  0.897471   ,  5.05531    ,  0.0862818  ,  0.057019   ])
8408    , -16061.3    , array([ 1.2732     ,  0.44162    ,  0.287971   ,  0.621009   ,  0.897471   ,  5.05531    ,  0.0862818  ,  0.057019   ])
8416    , -11281.3    , array([ 1.2732     ,  0.44162    ,  0.916124   ,  0.621009   ,  0.897471   ,  5.05531    ,  0.0862818  ,  0.057019   ])
8424    , -11281.2    , array([ 1.2732     ,  0.44162    ,  0.916124   ,  0.608537   ,  0.897471   ,  5.05531    ,  0.0862818  ,  0.057019   ])
8432    , -11387.2    , array([ 1.27673    ,  0.449071   ,  0.932796   ,  0.588442   ,  0.89644    ,  4.86504    ,  0.091659   ,  0.0477675  ])
8440    , -11338      , array([ 1.27277    ,  0.440724   ,  0.914119   ,  0.610953   ,  0.897595   ,  6.07819    ,  0.0856354  ,  0.0581312  ])
8448    , -11279.3    , array([ 1.27277    ,  0.440724   ,  0.914119   ,  0.610953   ,  0.897595   ,  4.94775    ,  0.0856354  ,  0.0581312  ])
8456    , -24729.7    , array([ 1.27277    ,  0.440724   ,  0.914119   ,  0.610953   ,  0.897595   ,  4.94643    ,  0.276372   ,  0.0581312  ])
8464    , -11278.9    , array([ 1.27277    ,  0.440724   ,  0.914119   ,  0.610953   ,  0.897595   ,  4.94643    ,  0.0848912  ,  0.0581312  ])
8472    , -11324.2    , array([ 1.26035    ,  0.404467   ,  0.800699   ,  0.476      ,  0.899878   ,  6.54772    ,  0.0721166  ,  0.0668894  ])
8480    , -11276.5    , array([ 1.27609    ,  0.450399   ,  0.944384   ,  0.646963   ,  0.896986   ,  4.51915    ,  0.0883994  ,  0.0557942  ])
8488    , -11312.6    , array([ 1.27889    ,  0.451054   ,  0.945919   ,  0.644101   ,  0.895447   ,  4.49957    ,  0.0936427  ,  0.0582862  ])
8504    , -11276      , array([ 1.27583    ,  0.448978   ,  0.944244   ,  0.647225   ,  0.897127   ,  4.52094    ,  0.087919   ,  0.0555659  ])
8512    , -11275.9    , array([ 1.27583    ,  0.448064   ,  0.944244   ,  0.647225   ,  0.897127   ,  4.52094    ,  0.087919   ,  0.0555659  ])
8520    , -11275.8    , array([ 1.27583    ,  0.448064   ,  0.952282   ,  0.647225   ,  0.897127   ,  4.52094    ,  0.087919   ,  0.0555659  ])
8528    , -11432.3    , array([ 1.27583    ,  0.448064   ,  0.952282   ,  1.02919    ,  0.897127   ,  4.52094    ,  0.087919   ,  0.0555659  ])
8536    , -11889.1    , array([ 1.26088    ,  0.416501   ,  0.881657   ,  0.704167   ,  0.901493   ,  5.32696    ,  0.065141   ,  0.0947559  ])
8544    , -11275      , array([ 1.27583    ,  0.44806    ,  0.952274   ,  0.619052   ,  0.897127   ,  4.52103    ,  0.0879163  ,  0.0555704  ])
8552    , -11274.9    , array([ 1.27583    ,  0.44806    ,  0.952274   ,  0.619052   ,  0.897127   ,  4.48632    ,  0.0879163  ,  0.0555705  ])
8560    , -11274.9    , array([ 1.27583    ,  0.44806    ,  0.952274   ,  0.619052   ,  0.897127   ,  4.47397    ,  0.0879163  ,  0.0555705  ])
8568    , -12545.3    , array([ 1.27583    ,  0.44806    ,  0.952274   ,  0.619052   ,  0.897127   ,  4.47397    ,  0.0567424  ,  0.0555705  ])
8576    , -11417      , array([ 1.29594    ,  0.506725   ,  1.13579    ,  0.83741    ,  0.893433   ,  1.88303    ,  0.107694   ,  0.0413994  ])
8584    , -11273      , array([ 1.27768    ,  0.453465   ,  0.969183   ,  0.639171   ,  0.896787   ,  4.23524    ,  0.0888139  ,  0.0542647  ])
8592    , -11269.9    , array([ 1.28047    ,  0.45882    ,  1.01248    ,  0.625567   ,  0.89644    ,  3.73955    ,  0.0895377  ,  0.0515944  ])
8600    , -16193.6    , array([ 1.33502    ,  0.472822   ,  1.05337    ,  0.567045   ,  0.866804   ,  3.2328     ,  0.190376   ,  0.0987241  ])
8608    , -11269.6    , array([ 1.28137    ,  0.460274   ,  1.02401    ,  0.621799   ,  0.896254   ,  3.60746    ,  0.0900499  ,  0.0510418  ])
8616    , -12650.8    , array([ 1.28137    ,  0.651226   ,  1.02401    ,  0.621799   ,  0.896254   ,  3.60746    ,  0.0900499  ,  0.0510418  ])
8624    , -11269.6    , array([ 1.28137    ,  0.460149   ,  1.02401    ,  0.621799   ,  0.896254   ,  3.60746    ,  0.0900499  ,  0.0510418  ])
8632    , -11282.6    , array([ 1.28137    ,  0.460151   ,  0.918312   ,  0.621799   ,  0.896254   ,  3.60746    ,  0.0900499  ,  0.0510418  ])
8648    , -11268.9    , array([ 1.28137    ,  0.460151   ,  1.00336    ,  0.614466   ,  0.896254   ,  3.60746    ,  0.0900499  ,  0.0510418  ])
8656    , -11268.9    , array([ 1.28124    ,  0.459879   ,  1.00275    ,  0.615273   ,  0.896291   ,  3.61441    ,  0.0898535  ,  0.0513797  ])
8664    , -11291      , array([ 1.28131    ,  0.460027   ,  1.00308    ,  0.614873   ,  0.896271   ,  2.99259    ,  0.0899605  ,  0.0511956  ])
8672    , -11475.1    , array([ 1.24878    ,  0.365105   ,  0.706145   ,  0.261563   ,  0.902248   ,  7.83532    ,  0.0563107  ,  0.0741248  ])
8680    , -11268.8    , array([ 1.28095    ,  0.458978   ,  0.999802   ,  0.610969   ,  0.896337   ,  3.6894     ,  0.0895887  ,  0.0514489  ])
8688    , -11268.5    , array([ 1.28192    ,  0.46084    ,  1.01491    ,  0.606172   ,  0.896216   ,  3.51653    ,  0.0898381  ,  0.0505177  ])
8696    , -26559.2    , array([ 1.24866    ,  0.45306    ,  0.996707   ,  0.640121   ,  0.914476   ,  3.74882    ,  0.0276349  ,  0.0209541  ])
8704    , -11268.5    , array([ 1.28191    ,  0.460837   ,  1.0149     ,  0.606184   ,  0.896223   ,  3.51661    ,  0.0898157  ,  0.0505071  ])
8712    , -13471.4    , array([ 1.28191    ,  0.311229   ,  1.0149     ,  0.606185   ,  0.896223   ,  3.51662    ,  0.0898155  ,  0.050507   ])
8720    , -11768.4    , array([ 1.28191    ,  0.461478   ,  2.0149     ,  0.606185   ,  0.896223   ,  3.51662    ,  0.0898155  ,  0.050507   ])
8728    , -11268.3    , array([ 1.28191    ,  0.461478   ,  1.0056     ,  0.606185   ,  0.896223   ,  3.51662    ,  0.0898155  ,  0.050507   ])
8736    , -11268.3    , array([ 1.28191    ,  0.461478   ,  1.00455    ,  0.606185   ,  0.896223   ,  3.51662    ,  0.0898155  ,  0.050507   ])
8744    , -11268.3    , array([ 1.28191    ,  0.461478   ,  1.00455    ,  0.60417    ,  0.896223   ,  3.51662    ,  0.0898155  ,  0.050507   ])
8752    , -11268.3    , array([ 1.28178    ,  0.461198   ,  1.00392    ,  0.604905   ,  0.896262   ,  3.52376    ,  0.0896136  ,  0.0508544  ])
8760    , -11290.4    , array([ 1.28185    ,  0.461346   ,  1.00425    ,  0.604506   ,  0.896241   ,  2.90195    ,  0.0897202  ,  0.0506709  ])
8768    , -11480.6    , array([ 1.24932    ,  0.366424   ,  0.707314   ,  0.251196   ,  0.902218   ,  7.74668    ,  0.0560704  ,  0.0736002  ])
8776    , -11268.2    , array([ 1.2817     ,  0.460904   ,  1.00287    ,  0.602864   ,  0.896269   ,  3.57393    ,  0.0895638  ,  0.0507775  ])
8784    , -11268.2    , array([ 1.28204    ,  0.46157    ,  1.00824    ,  0.601199   ,  0.896226   ,  3.51248    ,  0.0896548  ,  0.0504464  ])
