8       , -58575.4    , array([ 0.197591   ,  100        ,  0.0294718  ,  0.0225716  ])
16      , -63667      , array([ 0.00163107 ,  100        ,  0.0294718  ,  0.0225716  ])
20      , -53333.1    , array([ 0.00699781 ,  100        ,  0.0294718  ,  0.0225716  ])
24      , -53333.1    , array([ 0.0070443  ,  100        ,  0.0294718  ,  0.0225716  ])
28      , -53333.1    , array([ 0.00704823 ,  100        ,  0.0294718  ,  0.0225716  ])
76      , -53333.1    , array([ 0.00704823 ,  100        ,  0.0294718  ,  0.0225716  ])
80      , -53333.1    , array([ 0.00704823 ,  100        ,  0.0294718  ,  0.0225716  ])
88      , -99575.9    , array([ 0.00704823 ,  100        ,  0.219999   ,  0.0225716  ])
96      , -53332.1    , array([ 0.00704823 ,  100        ,  0.0286911  ,  0.0225716  ])
100     , -53332.1    , array([ 0.00704823 ,  100        ,  0.0287118  ,  0.0225716  ])
116     , -53357.9    , array([ 0.00704823 ,  100        ,  0.0287118  ,  0.02789    ])
120     , -53324.2    , array([ 0.00704823 ,  100        ,  0.0287118  ,  0.0242245  ])
124     , -53350.1    , array([ 0.0080749  ,  100        ,  0.0267219  ,  0.0286123  ])
128     , -53322.5    , array([ 0.00725807 ,  100        ,  0.0283051  ,  0.0251346  ])
132     , -59887      , array([ 1.00726    ,  100        ,  0.0283091  ,  0.0251257  ])
136     , -59329.5    , array([ 0.389222   ,  100        ,  0.0283091  ,  0.0251257  ])
140     , -57312.4    , array([ 0.0801864  ,  100        ,  0.0283091  ,  0.0251257  ])
144     , -54271.8    , array([ 0.0178964  ,  100        ,  0.0283091  ,  0.0251257  ])
148     , -53328.1    , array([ 0.00780809 ,  100        ,  0.0283091  ,  0.0251257  ])
152     , -53322.5    , array([ 0.00727239 ,  100        ,  0.0283091  ,  0.0251257  ])
204     , -53322.5    , array([ 0.00727239 ,  100        ,  0.0283091  ,  0.0251257  ])
208     , -53322.5    , array([ 0.00727239 ,  100        ,  0.0283091  ,  0.0251257  ])
220     , -53336      , array([ 0.00727239 ,  100        ,  0.0303074  ,  0.0251257  ])
224     , -53321.4    , array([ 0.00727239 ,  100        ,  0.0275862  ,  0.0251257  ])
228     , -53321.4    , array([ 0.00727239 ,  100        ,  0.0275789  ,  0.0251257  ])
232     , -53321      , array([ 0.00718711 ,  100        ,  0.0277442  ,  0.0247626  ])
