4628    , -614.071    , array([ 0.370349   ,  2.77883    ,  0.147067   ,  0.0198033  ])
4632    , -140.565    , array([ 0.149878   ,  2.77883    ,  0.147067   ,  0.0198033  ])
4636    , -119.697    , array([ 0.176789   ,  2.77883    ,  0.147067   ,  0.0198033  ])
4640    , -139.568    , array([ 0.176789   ,  1.1608     ,  0.147067   ,  0.0198033  ])
4644    , -119.698    , array([ 0.176789   ,  2.78184    ,  0.147067   ,  0.0198033  ])
4648    , -119.684    , array([ 0.176789   ,  2.69363    ,  0.147067   ,  0.0198033  ])
4656    , -1156.48    , array([ 0.176789   ,  2.69211    ,  0.338024   ,  0.0198033  ])
4660    , -119.118    , array([ 0.176789   ,  2.69211    ,  0.142444   ,  0.0198033  ])
4664    , -119.117    , array([ 0.176789   ,  2.69211    ,  0.142699   ,  0.0198033  ])
4668    , -119.117    , array([ 0.176789   ,  2.69211    ,  0.142655   ,  0.0198033  ])
4676    , -699.506    , array([ 0.176789   ,  2.69211    ,  0.142655   ,  0.0476566  ])
4680    , -119.024    , array([ 0.176789   ,  2.69211    ,  0.142655   ,  0.0209284  ])
4684    , -117.536    , array([ 0.174202   ,  2.60539    ,  0.138244   ,  0.0209851  ])
4688    , -138.21     , array([ 0.137258   ,  1.36699    ,  0.0752447  ,  0.0294233  ])
4692    , -112.763    , array([ 0.158282   ,  2.07176    ,  0.111097   ,  0.0246211  ])
4696    , -112.669    , array([ 0.156111   ,  1.99899    ,  0.107395   ,  0.025117   ])
4704    , -740.024    , array([ 0.347288   ,  2.00585    ,  0.107744   ,  0.0250702  ])
4708    , -148.608    , array([ 0.121874   ,  2.00585    ,  0.107744   ,  0.0250702  ])
4712    , -111.051    , array([ 0.149582   ,  2.00585    ,  0.107744   ,  0.0250702  ])
4716    , -111.05     , array([ 0.14973    ,  2.00585    ,  0.107744   ,  0.0250702  ])
4720    , -115.884    , array([ 0.14973    ,  1.38781    ,  0.107744   ,  0.0250702  ])
4724    , -111.706    , array([ 0.14973    ,  1.6759     ,  0.107744   ,  0.0250702  ])
4728    , -110.974    , array([ 0.14973    ,  1.91484    ,  0.107744   ,  0.0250702  ])
4732    , -110.974    , array([ 0.14973    ,  1.91574    ,  0.107744   ,  0.0250702  ])
4740    , -548.043    , array([ 0.14973    ,  1.91574    ,  0.107744   ,  0.0529262  ])
4744    , -111.002    , array([ 0.14973    ,  1.91574    ,  0.107744   ,  0.0260392  ])
4748    , -110.76     , array([ 0.14973    ,  1.91574    ,  0.107744   ,  0.0255387  ])
4752    , -116.209    , array([ 0.162382   ,  2.33987    ,  0.12932    ,  0.0226487  ])
4756    , -109.731    , array([ 0.14432    ,  1.73441    ,  0.0985197  ,  0.0267742  ])
4760    , -109.73     , array([ 0.144374   ,  1.73622    ,  0.0986119  ,  0.0267619  ])
4768    , -1759.39    , array([ 0.0542043  ,  1.73622    ,  0.0986119  ,  0.0267619  ])
4772    , -111.752    , array([ 0.148669   ,  1.73622    ,  0.0986119  ,  0.0267619  ])
4776    , -109.202    , array([ 0.140902   ,  1.73622    ,  0.0986119  ,  0.0267619  ])
4780    , -1684.66    , array([ 0.140867   ,  0.118186   ,  0.0986119  ,  0.0267619  ])
4784    , -109.381    , array([ 0.140867   ,  1.83158    ,  0.0986119  ,  0.0267619  ])
4788    , -109.198    , array([ 0.140867   ,  1.72058    ,  0.0986119  ,  0.0267619  ])
4796    , -4153.25    , array([ 0.140867   ,  1.72058    ,  0.0986119  ,  0.217695   ])
4804    , -121.243    , array([ 0.140867   ,  1.72058    ,  0.0986119  ,  0.0311943  ])
4808    , -108.953    , array([ 0.140867   ,  1.72058    ,  0.0986119  ,  0.0272829  ])
4812    , -108.953    , array([ 0.140867   ,  1.72058    ,  0.0986119  ,  0.0272881  ])
4816    , -108.261    , array([ 0.137708   ,  1.61469    ,  0.0932251  ,  0.0280097  ])
4820    , -108.251    , array([ 0.137266   ,  1.59986    ,  0.0924707  ,  0.0281107  ])
4824    , -106.433    , array([ 0.118785   ,  1.24718    ,  0.0766129  ,  0.0316126  ])
4828    , -106.336    , array([ 0.121383   ,  1.29684    ,  0.0788467  ,  0.03112    ])
4832    , -2681.64    , array([ 1.12138    ,  1.29684    ,  0.0788467  ,  0.03112    ])
4836    , -1521.34    , array([ 0.503349   ,  1.29684    ,  0.0788467  ,  0.03112    ])
4840    , -307.992    , array([ 0.194328   ,  1.29684    ,  0.0788467  ,  0.03112    ])
4844    , -105.974    , array([ 0.118648   ,  1.29684    ,  0.0788467  ,  0.03112    ])
4848    , -105.97     , array([ 0.11895    ,  1.29684    ,  0.0788467  ,  0.03112    ])
4852    , -105.97     , array([ 0.118926   ,  1.29684    ,  0.0788467  ,  0.03112    ])
4856    , -105.62     , array([ 0.118926   ,  1.38687    ,  0.0788467  ,  0.03112    ])
4860    , -105.618    , array([ 0.118926   ,  1.38161    ,  0.0788467  ,  0.03112    ])
4864    , -105.618    , array([ 0.118926   ,  1.38077    ,  0.0788467  ,  0.03112    ])
4872    , -422.434    , array([ 0.118926   ,  1.38077    ,  0.0788467  ,  0.0589782  ])
4876    , -105.554    , array([ 0.118926   ,  1.38077    ,  0.0788467  ,  0.0320436  ])
4880    , -105.437    , array([ 0.118926   ,  1.38077    ,  0.0788467  ,  0.0316308  ])
4884    , -107.221    , array([ 0.128764   ,  1.56879    ,  0.0873044  ,  0.0297659  ])
4888    , -104.458    , array([ 0.10997    ,  1.20962    ,  0.0711472  ,  0.0333285  ])
4892    , -104.458    , array([ 0.109879   ,  1.20787    ,  0.0710686  ,  0.0333458  ])
4900    , -17662      , array([ 0.0197086  ,  1.20787    ,  0.0710686  ,  0.0333458  ])
4904    , -104.945    , array([ 0.112661   ,  1.20787    ,  0.0710686  ,  0.0333458  ])
4908    , -104.456    , array([ 0.110041   ,  1.20787    ,  0.0710686  ,  0.0333458  ])
4912    , -127.467    , array([ 0.110045   ,  2.20787    ,  0.0710686  ,  0.0333458  ])
4916    , -108.955    , array([ 0.110045   ,  1.58983    ,  0.0710686  ,  0.0333458  ])
4920    , -104.194    , array([ 0.110045   ,  1.26825    ,  0.0710686  ,  0.0333458  ])
4924    , -5098.9     , array([ 0.110045   ,  1.26825    ,  0.0710686  ,  1.03335    ])
4928    , -4599.83    , array([ 0.110045   ,  1.26825    ,  0.0710686  ,  0.415312   ])
4932    , -1244.16    , array([ 0.110045   ,  1.26825    ,  0.0710686  ,  0.106281   ])
4936    , -225.465    , array([ 0.110045   ,  1.26825    ,  0.0710686  ,  0.0215159  ])
4940    , -104.132    , array([ 0.110045   ,  1.26825    ,  0.0710686  ,  0.0336612  ])
4944    , -109.227    , array([ 0.135801   ,  1.76047    ,  0.0932112  ,  0.0287789  ])
4948    , -103.77     , array([ 0.103589   ,  1.14488    ,  0.0655188  ,  0.034885   ])
4952    , -103.702    , array([ 0.105252   ,  1.17666    ,  0.0669484  ,  0.0345697  ])
4956    , -103.109    , array([ 0.100626   ,  1.14544    ,  0.0628281  ,  0.0357937  ])
4960    , -102.704    , array([ 0.0959998  ,  1.11423    ,  0.0587079  ,  0.0370176  ])
4964    , -102.577    , array([ 0.0919533  ,  1.08693    ,  0.0551039  ,  0.0380882  ])
4968    , -102.576    , array([ 0.0920849  ,  1.08782    ,  0.0552212  ,  0.0380533  ])
4976    , -130.082    , array([ 0.108046   ,  1.08782    ,  0.0552212  ,  0.0380533  ])
4980    , -102.274    , array([ 0.0904287  ,  1.08782    ,  0.0552212  ,  0.0380533  ])
4988    , -103.731    , array([ 0.0904287  ,  1.23533    ,  0.0552212  ,  0.0380533  ])
4992    , -102.193    , array([ 0.0904287  ,  1.11289    ,  0.0552212  ,  0.0380533  ])
4996    , -4339.05    , array([ 0.0904287  ,  1.11323    ,  0.0552212  ,  1.03805    ])
5000    , -3942.56    , array([ 0.0904287  ,  1.11323    ,  0.0552212  ,  0.420019   ])
5004    , -1074.99    , array([ 0.0904287  ,  1.11323    ,  0.0552212  ,  0.11099    ])
5008    , -107.145    , array([ 0.0904287  ,  1.11323    ,  0.0552212  ,  0.0410631  ])
5012    , -102.171    , array([ 0.0904287  ,  1.11323    ,  0.0552212  ,  0.0378475  ])
5016    , -105.455    , array([ 0.111734   ,  1.25698    ,  0.0741962  ,  0.0322088  ])
5020    , -101.984    , array([ 0.0820558  ,  1.05674    ,  0.0477641  ,  0.0400606  ])
5024    , -101.87     , array([ 0.0848166  ,  1.07537    ,  0.0502229  ,  0.0393302  ])
5032    , -1026.83    , array([ 0.275842   ,  1.07575    ,  0.0502723  ,  0.0393155  ])
5036    , -397.481    , array([ 0.0504303  ,  1.07575    ,  0.0502723  ,  0.0393155  ])
5040    , -101.749    , array([ 0.0839108  ,  1.07575    ,  0.0502723  ,  0.0393155  ])
5044    , -148.37     , array([ 0.0839012  ,  2.07575    ,  0.0502723  ,  0.0393155  ])
5048    , -113.309    , array([ 0.0839012  ,  1.45771    ,  0.0502723  ,  0.0393155  ])
5052    , -101.722    , array([ 0.0839012  ,  1.08969    ,  0.0502723  ,  0.0393155  ])
5056    , -4216.88    , array([ 0.0839012  ,  1.08991    ,  0.0502723  ,  1.03932    ])
5060    , -3826.52    , array([ 0.0839012  ,  1.08991    ,  0.0502723  ,  0.421281   ])
5064    , -1042.02    , array([ 0.0839012  ,  1.08991    ,  0.0502723  ,  0.112253   ])
5068    , -106.174    , array([ 0.0839012  ,  1.08991    ,  0.0502723  ,  0.042149   ])
5072    , -101.682    , array([ 0.0839012  ,  1.08991    ,  0.0502723  ,  0.0390304  ])
5076    , -104.965    , array([ 0.105206   ,  1.23366    ,  0.0692474  ,  0.0333909  ])
5080    , -101.549    , array([ 0.0805218  ,  1.06711    ,  0.0472626  ,  0.0399215  ])
5084    , -101.549    , array([ 0.0806982  ,  1.0683     ,  0.0474196  ,  0.0398749  ])
5088    , -100.896    , array([ 0.0698853  ,  1.0496     ,  0.0400533  ,  0.041309   ])
5092    , -100.73     , array([ 0.0568867  ,  1.02692    ,  0.0311899  ,  0.0430381  ])
5096    , -100.646    , array([ 0.0608096  ,  1.03376    ,  0.0338649  ,  0.0425163  ])
5104    , -1231.42    , array([ 0.251779   ,  1.03376    ,  0.0338649  ,  0.0425163  ])
5108    , -1104.19    , array([ 0.0263678  ,  1.03376    ,  0.0338649  ,  0.0425163  ])
5112    , -100.478    , array([ 0.0603854  ,  1.03376    ,  0.0338649  ,  0.0425163  ])
5116    , -100.392    , array([ 0.0597829  ,  1.03376    ,  0.0338649  ,  0.0425163  ])
5120    , -100.392    , array([ 0.0597931  ,  1.03376    ,  0.0338649  ,  0.0425163  ])
5124    , -100.389    , array([ 0.0597931  ,  1.03411    ,  0.0338649  ,  0.0425163  ])
5128    , -100.285    , array([ 0.0597931  ,  1.05911    ,  0.0338649  ,  0.0425163  ])
5136    , -2428.06    , array([ 0.0597931  ,  1.05911    ,  0.0338649  ,  0.233471   ])
5140    , -1404.2     , array([ 0.0597931  ,  1.05911    ,  0.0338649  ,  0.00807444 ])
5144    , -100.345    , array([ 0.0597931  ,  1.05911    ,  0.0338649  ,  0.0428722  ])
5148    , -100.285    , array([ 0.0597931  ,  1.05911    ,  0.0338649  ,  0.0425055  ])
5152    , -100.285    , array([ 0.0597931  ,  1.05911    ,  0.0338649  ,  0.0425058  ])
5156    , -102.345    , array([ 0.0920247  ,  1.11535    ,  0.0558426  ,  0.0382181  ])
5160    , -100.189    , array([ 0.0474817  ,  1.03763    ,  0.0254701  ,  0.0441432  ])
5164    , -100.002    , array([ 0.0519445  ,  1.04542    ,  0.0285132  ,  0.0435496  ])
5168    , -2444.54    , array([ 1.05187    ,  1.04528    ,  0.0284591  ,  0.0435601  ])
5172    , -1875.54    , array([ 0.433831   ,  1.04528    ,  0.0284591  ,  0.0435601  ])
5176    , -631.679    , array([ 0.124809   ,  1.04528    ,  0.0284591  ,  0.0435601  ])
5180    , -106.813    , array([ 0.0561638  ,  1.04528    ,  0.0284591  ,  0.0435601  ])
5184    , -99.9369    , array([ 0.0514297  ,  1.04528    ,  0.0284591  ,  0.0435601  ])
5192    , -102.361    , array([ 0.0514297  ,  1.1877     ,  0.0284591  ,  0.0435601  ])
5196    , -99.9177    , array([ 0.0514297  ,  1.05593    ,  0.0284591  ,  0.0435601  ])
5204    , -2392.23    , array([ 0.0514297  ,  1.05593    ,  0.0284591  ,  0.234515   ])
5208    , -1362.35    , array([ 0.0514297  ,  1.05593    ,  0.0284591  ,  0.00911826 ])
5212    , -99.9663    , array([ 0.0514297  ,  1.05593    ,  0.0284591  ,  0.0440096  ])
5216    , -99.9133    , array([ 0.0514297  ,  1.05593    ,  0.0284591  ,  0.0436613  ])
5220    , -99.9133    , array([ 0.0514297  ,  1.05593    ,  0.0284591  ,  0.0436603  ])
5224    , -99.8152    , array([ 0.048446   ,  1.05073    ,  0.0264246  ,  0.0440572  ])
5228    , -99.8122    , array([ 0.0478503  ,  1.04969    ,  0.0260184  ,  0.0441364  ])
5232    , -99.6659    , array([ 0.0374673  ,  1.06145    ,  0.0197161  ,  0.0456281  ])
5236    , -99.6444    , array([ 0.0390106  ,  1.05971    ,  0.0206532  ,  0.0454065  ])
5240    , -2446.66    , array([ 1.03989    ,  1.05873    ,  0.0211843  ,  0.0452808  ])
5244    , -1986.95    , array([ 0.421851   ,  1.05873    ,  0.0211843  ,  0.0452808  ])
5248    , -785.129    , array([ 0.112828   ,  1.05873    ,  0.0211843  ,  0.0452808  ])
5252    , -118.808    , array([ 0.0458539  ,  1.05873    ,  0.0211843  ,  0.0452808  ])
5256    , -99.5714    , array([ 0.0395392  ,  1.05873    ,  0.0211843  ,  0.0452808  ])
5264    , -102.7      , array([ 0.0395392  ,  1.18829    ,  0.0211843  ,  0.0452808  ])
5268    , -99.525     , array([ 0.0395392  ,  1.04249    ,  0.0211843  ,  0.0452808  ])
5272    , -3915.22    , array([ 0.0395392  ,  1.04249    ,  0.0211843  ,  1.04528    ])
5276    , -3499.68    , array([ 0.0395392  ,  1.04249    ,  0.0211843  ,  0.427247   ])
5280    , -927.875    , array([ 0.0395392  ,  1.04249    ,  0.0211843  ,  0.118219   ])
5284    , -102.792    , array([ 0.0395392  ,  1.04249    ,  0.0211843  ,  0.0482705  ])
5288    , -99.5197    , array([ 0.0395392  ,  1.04249    ,  0.0211843  ,  0.0453931  ])
5292    , -100.075    , array([ 0.0524845  ,  1.02795    ,  0.0290452  ,  0.0435337  ])
5296    , -99.4865    , array([ 0.0348834  ,  1.04771    ,  0.0183571  ,  0.0460618  ])
5300    , -99.4792    , array([ 0.0360675  ,  1.04638    ,  0.0190761  ,  0.0458918  ])
5308    , -1551.65    , array([ 0.227069   ,  1.04635    ,  0.019097   ,  0.0458868  ])
5316    , -101.35     , array([ 0.037571   ,  1.04635    ,  0.019097   ,  0.0458868  ])
5320    , -99.4456    , array([ 0.0358826  ,  1.04635    ,  0.019097   ,  0.0458868  ])
5324    , -99.4456    , array([ 0.0358848  ,  1.04635    ,  0.019097   ,  0.0458868  ])
5328    , -100.035    , array([ 0.0358848  ,  0.977924   ,  0.019097   ,  0.0458868  ])
5332    , -99.4129    , array([ 0.0358848  ,  1.03315    ,  0.019097   ,  0.0458868  ])
5340    , -2296.67    , array([ 0.0358848  ,  1.03302    ,  0.019097   ,  0.236843   ])
5344    , -1248.77    , array([ 0.0358848  ,  1.03302    ,  0.019097   ,  0.011445   ])
5348    , -99.455     , array([ 0.0358848  ,  1.03302    ,  0.019097   ,  0.0462879  ])
5352    , -99.4108    , array([ 0.0358848  ,  1.03302    ,  0.019097   ,  0.0459597  ])
5356    , -99.4108    , array([ 0.0358848  ,  1.03302    ,  0.019097   ,  0.045959   ])
5360    , -99.3875    , array([ 0.0337651  ,  1.0354     ,  0.0178098  ,  0.0462634  ])
5364    , -99.3135    , array([ 0.0311999  ,  1.0247     ,  0.016384   ,  0.0466729  ])
5368    , -99.2491    , array([ 0.0246217  ,  0.995662   ,  0.0127432  ,  0.0477277  ])
5372    , -99.2389    , array([ 0.0260525  ,  1.00198    ,  0.0135351  ,  0.0474983  ])
5376    , -102.642    , array([ 0.0181616  ,  1.01145    ,  0.00873748 ,  0.0486298  ])
5380    , -99.5644    , array([ 0.0231062  ,  1.00589    ,  0.0117401  ,  0.0479196  ])
5384    , -99.2257    , array([ 0.0271042  ,  1.00141    ,  0.0141678  ,  0.0473454  ])
5388    , -170.801    , array([ 0.0271136  ,  2.00139    ,  0.0141735  ,  0.047344   ])
5392    , -117.123    , array([ 0.0271136  ,  1.38336    ,  0.0141735  ,  0.047344   ])
5396    , -99.1963    , array([ 0.0271136  ,  1.01307    ,  0.0141735  ,  0.047344   ])
5400    , -3777.62    , array([ 0.0271136  ,  1.01326    ,  0.0141735  ,  1.04734    ])
5404    , -3368.47    , array([ 0.0271136  ,  1.01326    ,  0.0141735  ,  0.42931    ])
5408    , -893.16     , array([ 0.0271136  ,  1.01326    ,  0.0141735  ,  0.120283   ])
5412    , -102.042    , array([ 0.0271136  ,  1.01326    ,  0.0141735  ,  0.050053   ])
5416    , -99.1955    , array([ 0.0271136  ,  1.01326    ,  0.0141735  ,  0.0473004  ])
5420    , -99.6325    , array([ 0.0392306  ,  1.06676    ,  0.0208798  ,  0.0453569  ])
5424    , -99.1679    , array([ 0.0227362  ,  0.993936   ,  0.0117509  ,  0.0480019  ])
5428    , -99.1606    , array([ 0.0239078  ,  0.999109   ,  0.0123993  ,  0.047814   ])
5432    , -99.9477    , array([ 0.0368848  ,  0.984715   ,  0.0202778  ,  0.0459496  ])
5436    , -99.1686    , array([ 0.0253935  ,  0.997617   ,  0.0132997  ,  0.0476001  ])
5440    , -99.1549    , array([ 0.0244844  ,  0.998637   ,  0.0127477  ,  0.0477306  ])
5448    , -102.339    , array([ 0.0244791  ,  1.14239    ,  0.0127445  ,  0.0477314  ])
5452    , -99.1364    , array([ 0.0244791  ,  1.00796    ,  0.0127445  ,  0.0477314  ])
5460    , -2219.68    , array([ 0.0244791  ,  1.00796    ,  0.0127445  ,  0.238688   ])
5464    , -1162.34    , array([ 0.0244791  ,  1.00796    ,  0.0127445  ,  0.0132896  ])
5468    , -99.1754    , array([ 0.0244791  ,  1.00796    ,  0.0127445  ,  0.0479991  ])
5472    , -99.1352    , array([ 0.0244791  ,  1.00796    ,  0.0127445  ,  0.047677   ])
5476    , -99.1352    , array([ 0.0244791  ,  1.00796    ,  0.0127445  ,  0.0476775  ])
5480    , -99.1158    , array([ 0.0224537  ,  0.999015   ,  0.0116235  ,  0.0480023  ])
5484    , -99.0771    , array([ 0.0207501  ,  0.997821   ,  0.0107097  ,  0.0482305  ])
5488    , -99.2111    , array([ 0.0106245  ,  0.993286   ,  0.00528982 ,  0.0495691  ])
5492    , -98.9951    , array([ 0.0153583  ,  0.995406   ,  0.00782364 ,  0.0489433  ])
5496    , -98.9944    , array([ 0.0148699  ,  0.995187   ,  0.00756224 ,  0.0490079  ])
5500    , -98.9943    , array([ 0.0149439  ,  0.99522    ,  0.00760185 ,  0.0489981  ])
5504    , -98.9691    , array([ 0.0153163  ,  0.994802   ,  0.00782795 ,  0.0489446  ])
5508    , -98.9659    , array([ 0.0155209  ,  0.994573   ,  0.00795222 ,  0.0489152  ])
5512    , -98.9659    , array([ 0.0155152  ,  0.994579   ,  0.00794875 ,  0.048916   ])
5516    , -99.4203    , array([ 0.0155152  ,  0.952853   ,  0.00794875 ,  0.048916   ])
5520    , -98.9651    , array([ 0.0155152  ,  0.996402   ,  0.00794875 ,  0.048916   ])
5528    , -2179.34    , array([ 0.0155152  ,  0.996402   ,  0.00794875 ,  0.239873   ])
5532    , -1123.3     , array([ 0.0155152  ,  0.996402   ,  0.00794875 ,  0.0144742  ])
5536    , -99.0015    , array([ 0.0155152  ,  0.996402   ,  0.00794875 ,  0.0491998  ])
5540    , -98.9648    , array([ 0.0155152  ,  0.996402   ,  0.00794875 ,  0.0488879  ])
5544    , -98.9648    , array([ 0.0155152  ,  0.996402   ,  0.00794875 ,  0.0488882  ])
5548    , -98.9418    , array([ 0.0135462  ,  0.995521   ,  0.00689482 ,  0.0491485  ])
5556    , -98.9403    , array([ 0.0130447  ,  0.995296   ,  0.0066264  ,  0.0492148  ])
5560    , -99.2025    , array([ 0.0120246  ,  0.996441   ,  0.00600695 ,  0.0493613  ])
5564    , -98.9296    , array([ 0.0133307  ,  0.994975   ,  0.00680008 ,  0.0491737  ])
5568    , -98.9296    , array([ 0.0133307  ,  0.994975   ,  0.00680008 ,  0.0491737  ])
5572    , -392.621    , array([ 0.0133307  ,  0.376941   ,  0.00680008 ,  0.0491737  ])
5576    , -98.9344    , array([ 0.0133307  ,  0.999502   ,  0.00680008 ,  0.0491737  ])
5580    , -98.9296    , array([ 0.0133307  ,  0.99491    ,  0.00680008 ,  0.0491737  ])
5584    , -98.9296    , array([ 0.0133307  ,  0.994916   ,  0.00680008 ,  0.0491737  ])
5596    , -183.595    , array([ 0.0133307  ,  0.994916   ,  0.00680008 ,  0.0360181  ])
5600    , -98.9296    , array([ 0.0133307  ,  0.994916   ,  0.00680008 ,  0.0491658  ])
5604    , -98.9296    , array([ 0.0133307  ,  0.994916   ,  0.00680008 ,  0.0491646  ])
5608    , -98.9296    , array([ 0.0133307  ,  0.994916   ,  0.00680008 ,  0.0491657  ])
5612    , -99.0105    , array([ 0.0179047  ,  0.996965   ,  0.00924836 ,  0.0485611  ])
5616    , -98.9212    , array([ 0.0116363  ,  0.994157   ,  0.00589315 ,  0.0493897  ])
5620    , -98.9197    , array([ 0.01203    ,  0.994334   ,  0.00610388 ,  0.0493377  ])
5632    , -98.8853    , array([ 0.0100048  ,  0.992393   ,  0.00506174 ,  0.0495825  ])
5636    , -99.1009    , array([ 0.0219797  ,  0.997756   ,  0.0114714  ,  0.0479995  ])
5640    , -98.9237    , array([ 0.0122918  ,  0.993417   ,  0.00628588 ,  0.0492802  ])
5644    , -98.886     , array([ 0.0103385  ,  0.992543   ,  0.00524034 ,  0.0495384  ])
5648    , -98.8852    , array([ 0.0100875  ,  0.99243    ,  0.00510599 ,  0.0495716  ])
5652    , -179.428    , array([ 0.0100892  ,  1.99243    ,  0.00510693 ,  0.0495713  ])
5656    , -119.722    , array([ 0.0100892  ,  1.3744     ,  0.00510693 ,  0.0495713  ])
5660    , -98.885     , array([ 0.0100892  ,  0.993506   ,  0.00510693 ,  0.0495713  ])
5664    , -98.885     , array([ 0.0100892  ,  0.993395   ,  0.00510693 ,  0.0495713  ])
5676    , -182.974    , array([ 0.0100892  ,  0.993395   ,  0.00510693 ,  0.0364157  ])
5680    , -98.8849    , array([ 0.0100892  ,  0.993395   ,  0.00510693 ,  0.0495803  ])
5696    , -98.8836    , array([ 0.0100025  ,  0.993313   ,  0.00506227 ,  0.0495908  ])
5700    , -98.8837    , array([ 0.0100049  ,  0.993315   ,  0.00506351 ,  0.0495905  ])
