1184    , -413.179    , array([ 25.0302    ,  0.080931   ,  0.284894   ,  0.246211   ])
1188    , -413.179    , array([ 22.4168    ,  0.080931   ,  0.284894   ,  0.246211   ])
1192    , -413.179    , array([ 22.9327    ,  0.080931   ,  0.284894   ,  0.246211   ])
1204    , -521.195    , array([ 22.9327    ,  0.0677754  ,  0.284894   ,  0.246211   ])
1208    , -413.178    , array([ 22.9327    ,  0.0809083  ,  0.284894   ,  0.246211   ])
1212    , -702.787    , array([ 22.9327    ,  0.080908   ,  1.28489    ,  0.246211   ])
1216    , -469.875    , array([ 22.9327    ,  0.080908   ,  0.66686    ,  0.246211   ])
1220    , -413.178    , array([ 22.9327    ,  0.080908   ,  0.285845   ,  0.246211   ])
1224    , -2384.42    , array([ 22.9327    ,  0.080908   ,  0.285845   ,  1.24621    ])
1228    , -2327.47    , array([ 22.9327    ,  0.080908   ,  0.285845   ,  0.628177   ])
1232    , -578.167    , array([ 22.9327    ,  0.080908   ,  0.285845   ,  0.287219   ])
1236    , -413.178    , array([ 22.9327    ,  0.080908   ,  0.285845   ,  0.24624    ])
