8       , -854.397    , array([ 0.301654   ,  1.23924    ,  0.0691947  ,  0.0347747  ])
12      , -232.563    , array([ 0.0762412  ,  1.23924    ,  0.0691947  ,  0.0347747  ])
16      , -91.3845    , array([ 0.110438   ,  1.23924    ,  0.0691947  ,  0.0347747  ])
20      , -91.3845    , array([ 0.110433   ,  1.23924    ,  0.0691947  ,  0.0347747  ])
24      , -91.3845    , array([ 0.110435   ,  1.23924    ,  0.0691947  ,  0.0347747  ])
28      , -91.5075    , array([ 0.110435   ,  1.19731    ,  0.0691947  ,  0.0347747  ])
32      , -91.3839    , array([ 0.110435   ,  1.23647    ,  0.0691947  ,  0.0347747  ])
36      , -91.3839    , array([ 0.110435   ,  1.23642    ,  0.0691947  ,  0.0347747  ])
40      , -91.3839    , array([ 0.110435   ,  1.23645    ,  0.0691947  ,  0.0347747  ])
48      , -91.4332    , array([ 0.110435   ,  1.23645    ,  0.06955    ,  0.0347747  ])
52      , -91.3699    , array([ 0.110435   ,  1.23645    ,  0.0688755  ,  0.0347747  ])
56      , -91.3699    , array([ 0.110435   ,  1.23645    ,  0.0688787  ,  0.0347747  ])
64      , -321.303    , array([ 0.110435   ,  1.23645    ,  0.0688787  ,  0.0597278  ])
68      , -91.3658    , array([ 0.110435   ,  1.23645    ,  0.0688787  ,  0.0348479  ])
72      , -91.3457    , array([ 0.110188   ,  1.23365    ,  0.0685627  ,  0.0349447  ])
76      , -91.302     , array([ 0.108926   ,  1.21938    ,  0.0669526  ,  0.0353777  ])
80      , -91.3035    , array([ 0.109255   ,  1.2231     ,  0.0673723  ,  0.0352648  ])
84      , -91.3017    , array([ 0.109024   ,  1.2205     ,  0.0670782  ,  0.0353439  ])
92      , -18189.6    , array([ 0.0188543  ,  1.2205     ,  0.0670782  ,  0.0353439  ])
96      , -91.7904    , array([ 0.110617   ,  1.2205     ,  0.0670782  ,  0.0353439  ])
100     , -91.1891    , array([ 0.107841   ,  1.2205     ,  0.0670782  ,  0.0353439  ])
104     , -91.1891    , array([ 0.10783    ,  1.2205     ,  0.0670782  ,  0.0353439  ])
108     , -91.3309    , array([ 0.10783    ,  1.17641    ,  0.0670782  ,  0.0353439  ])
112     , -91.1881    , array([ 0.10783    ,  1.21693    ,  0.0670782  ,  0.0353439  ])
116     , -4743.43    , array([ 0.10783    ,  1.21693    ,  0.0670782  ,  1.03534    ])
120     , -4275.84    , array([ 0.10783    ,  1.21693    ,  0.0670782  ,  0.41731    ])
124     , -1150.68    , array([ 0.10783    ,  1.21693    ,  0.0670782  ,  0.10828    ])
128     , -97.2115    , array([ 0.10783    ,  1.21693    ,  0.0670782  ,  0.0386763  ])
132     , -91.187     , array([ 0.10783    ,  1.21693    ,  0.0670782  ,  0.035302   ])
136     , -91.2927    , array([ 0.104135   ,  1.17517    ,  0.0623644  ,  0.0365692  ])
140     , -91.0987    , array([ 0.106272   ,  1.19932    ,  0.0650907  ,  0.035836   ])
144     , -91.0987    , array([ 0.106256   ,  1.19915    ,  0.0650709  ,  0.0358414  ])
148     , -91.1326    , array([ 0.0994942  ,  1.1388     ,  0.0589097  ,  0.0374297  ])
152     , -91.0172    , array([ 0.102894   ,  1.16914    ,  0.062007   ,  0.0366312  ])
156     , -90.9553    , array([ 0.104122   ,  1.18295    ,  0.0635628  ,  0.0362132  ])
160     , -90.9553    , array([ 0.104102   ,  1.18272    ,  0.0635372  ,  0.03622    ])
168     , -92.0442    , array([ 0.104102   ,  1.32238    ,  0.0635372  ,  0.03622    ])
172     , -90.9249    , array([ 0.104102   ,  1.20106    ,  0.0635372  ,  0.03622    ])
180     , -2796.04    , array([ 0.104102   ,  1.20106    ,  0.0635372  ,  0.22717    ])
184     , -1785.38    , array([ 0.104102   ,  1.20106    ,  0.0635372  ,  0.0017782  ])
188     , -91.019     , array([ 0.104102   ,  1.20106    ,  0.0635372  ,  0.0365403  ])
192     , -90.9182    , array([ 0.104102   ,  1.20106    ,  0.0635372  ,  0.0361075  ])
196     , -90.8144    , array([ 0.100773   ,  1.17135    ,  0.0605036  ,  0.0368906  ])
200     , -90.8135    , array([ 0.100447   ,  1.16844    ,  0.0602068  ,  0.0369671  ])
204     , -90.8135    , array([ 0.100447   ,  1.16844    ,  0.0602068  ,  0.0369671  ])
208     , -90.958     , array([ 0.0910481  ,  1.11875    ,  0.0523367  ,  0.0387887  ])
212     , -90.7463    , array([ 0.0966137  ,  1.14817    ,  0.0569969  ,  0.0377101  ])
216     , -90.5863    , array([ 0.098935   ,  1.17418    ,  0.059942   ,  0.0369192  ])
220     , -90.5744    , array([ 0.0980682  ,  1.16438    ,  0.058836   ,  0.0372167  ])
224     , -90.5693    , array([ 0.098365   ,  1.16774    ,  0.0592147  ,  0.0371148  ])
228     , -206.911    , array([ 0.098365   ,  0.549705   ,  0.0592147  ,  0.0371148  ])
232     , -90.5521    , array([ 0.098365   ,  1.18473    ,  0.0592147  ,  0.0371148  ])
236     , -90.551     , array([ 0.098365   ,  1.18143    ,  0.0592147  ,  0.0371148  ])
248     , -211.425    , array([ 0.098365   ,  1.18143    ,  0.0592147  ,  0.0239592  ])
252     , -90.5474    , array([ 0.098365   ,  1.18143    ,  0.0592147  ,  0.0370317  ])
256     , -90.3885    , array([ 0.0945694  ,  1.16136    ,  0.0560366  ,  0.0377681  ])
260     , -90.3581    , array([ 0.0907739  ,  1.1413     ,  0.0528585  ,  0.0385036  ])
264     , -90.1699    , array([ 0.0833905  ,  1.12626    ,  0.0474276  ,  0.0395964  ])
268     , -90.1699    , array([ 0.0833905  ,  1.12626    ,  0.0474276  ,  0.0395964  ])
272     , -90.1682    , array([ 0.0840852  ,  1.12798    ,  0.0479481  ,  0.0394893  ])
276     , -90.9325    , array([ 0.082674   ,  1.11203    ,  0.0461476  ,  0.0399735  ])
280     , -89.9323    , array([ 0.0850628  ,  1.13903    ,  0.0491954  ,  0.0391538  ])
284     , -89.8901    , array([ 0.0857322  ,  1.1466     ,  0.0500495  ,  0.0389241  ])
288     , -89.8901    , array([ 0.0857159  ,  1.14641    ,  0.0500287  ,  0.0389297  ])
292     , -90.0392    , array([ 0.0857159  ,  1.11564    ,  0.0500287  ,  0.0389297  ])
296     , -89.8869    , array([ 0.0857159  ,  1.1518     ,  0.0500287  ,  0.0389297  ])
300     , -89.8869    , array([ 0.0857159  ,  1.15175    ,  0.0500287  ,  0.0389297  ])
308     , -281.458    , array([ 0.0857159  ,  1.15175    ,  0.0500287  ,  0.0630263  ])
312     , -89.8864    , array([ 0.0857159  ,  1.15175    ,  0.0500287  ,  0.0389509  ])
316     , -89.8864    , array([ 0.0857159  ,  1.15175    ,  0.0500287  ,  0.0389624  ])
320     , -89.7652    , array([ 0.0730408  ,  1.12041    ,  0.0405323  ,  0.0409162  ])
324     , -89.6695    , array([ 0.0772381  ,  1.13079    ,  0.043677   ,  0.0402692  ])
328     , -90.3102    , array([ 0.0758269  ,  1.11484    ,  0.0418765  ,  0.0407534  ])
332     , -89.6444    , array([ 0.0786493  ,  1.14674    ,  0.0454775  ,  0.039785   ])
336     , -89.5878    , array([ 0.0780004  ,  1.1394     ,  0.0446496  ,  0.0400076  ])
340     , -89.5878    , array([ 0.0779929  ,  1.13932    ,  0.04464    ,  0.0400102  ])
344     , -89.8066    , array([ 0.0779929  ,  1.09602    ,  0.04464    ,  0.0400102  ])
348     , -89.5874    , array([ 0.0779929  ,  1.13761    ,  0.04464    ,  0.0400102  ])
356     , -2567.69    , array([ 0.0779929  ,  1.1376     ,  0.04464    ,  0.230963   ])
360     , -1538.3     , array([ 0.0779929  ,  1.1376     ,  0.04464    ,  0.00556836 ])
364     , -89.6506    , array([ 0.0779929  ,  1.1376     ,  0.04464    ,  0.0404945  ])
368     , -89.582     , array([ 0.0779929  ,  1.1376     ,  0.04464    ,  0.0401177  ])
372     , -89.582     , array([ 0.0779929  ,  1.1376     ,  0.04464    ,  0.0401166  ])
376     , -89.5083    , array([ 0.0739741  ,  1.12766    ,  0.0416291  ,  0.0407361  ])
380     , -89.3804    , array([ 0.0703496  ,  1.12364    ,  0.0393111  ,  0.0412585  ])
384     , -89.1077    , array([ 0.0551511  ,  1.10787    ,  0.0296782  ,  0.0434413  ])
388     , -89.129     , array([ 0.0588278  ,  1.11169    ,  0.0320085  ,  0.0429133  ])
392     , -89.1077    , array([ 0.0551511  ,  1.10787    ,  0.0296782  ,  0.0434413  ])
396     , -89.2554    , array([ 0.0599926  ,  1.11984    ,  0.0333055  ,  0.042695   ])
400     , -89.0769    , array([ 0.0564456  ,  1.11107    ,  0.0306481  ,  0.0432418  ])
404     , -143.877    , array([ 0.056425   ,  2.11102    ,  0.0306326  ,  0.0432449  ])
408     , -103.874    , array([ 0.056425   ,  1.49299    ,  0.0306326  ,  0.0432449  ])
412     , -89.0256    , array([ 0.056425   ,  1.09307    ,  0.0306326  ,  0.0432449  ])
416     , -89.0255    , array([ 0.056425   ,  1.09215    ,  0.0306326  ,  0.0432449  ])
428     , -191.314    , array([ 0.056425   ,  1.09215    ,  0.0306326  ,  0.0300893  ])
432     , -89.0147    , array([ 0.056425   ,  1.09215    ,  0.0306326  ,  0.0434025  ])
436     , -90.806     , array([ 0.0377822  ,  1.07281    ,  0.0188168  ,  0.04608    ])
440     , -89.0394    , array([ 0.0493041  ,  1.08477    ,  0.0261194  ,  0.0444252  ])
444     , -88.995     , array([ 0.0531763  ,  1.08878    ,  0.0285736  ,  0.0438691  ])
448     , -88.995     , array([ 0.0531763  ,  1.08878    ,  0.0285736  ,  0.0438691  ])
452     , -89.1906    , array([ 0.0580178  ,  1.10076    ,  0.0322009  ,  0.0431228  ])
456     , -88.968     , array([ 0.0543089  ,  1.09158    ,  0.0294221  ,  0.0436945  ])
460     , -145.713    , array([ 0.05429    ,  2.09154    ,  0.029408   ,  0.0436974  ])
464     , -104.043    , array([ 0.05429    ,  1.4735     ,  0.029408   ,  0.0436974  ])
468     , -88.9473    , array([ 0.05429    ,  1.08046    ,  0.029408   ,  0.0436974  ])
472     , -88.9473    , array([ 0.05429    ,  1.07989    ,  0.029408   ,  0.0436974  ])
484     , -188.601    , array([ 0.05429    ,  1.07989    ,  0.029408   ,  0.0305418  ])
488     , -88.9434    , array([ 0.05429    ,  1.07989    ,  0.029408   ,  0.0437922  ])
492     , -91.2558    , array([ 0.0356473  ,  1.06055    ,  0.0175922  ,  0.0464696  ])
496     , -88.9868    , array([ 0.0471692  ,  1.07251    ,  0.0248948  ,  0.0448149  ])
500     , -88.9256    , array([ 0.05144    ,  1.07694    ,  0.0276017  ,  0.0442015  ])
504     , -88.8704    , array([ 0.0495638  ,  1.06494    ,  0.0265411  ,  0.044554   ])
508     , -88.7997    , array([ 0.0438786  ,  1.02742    ,  0.0233423  ,  0.0456318  ])
512     , -88.7997    , array([ 0.0449338  ,  1.03439    ,  0.0239361  ,  0.0454317  ])
516     , -88.7989    , array([ 0.0444002  ,  1.03087    ,  0.0236358  ,  0.0455329  ])
520     , -89.0322    , array([ 0.055922   ,  1.04282    ,  0.0309384  ,  0.0438781  ])
524     , -88.7986    , array([ 0.0450696  ,  1.03156    ,  0.0240601  ,  0.0454367  ])
528     , -88.7983    , array([ 0.0446301  ,  1.0311     ,  0.0237816  ,  0.0454999  ])
532     , -88.7982    , array([ 0.0447685  ,  1.03125    ,  0.0238693  ,  0.04548    ])
536     , -88.7982    , array([ 0.0447723  ,  1.03125    ,  0.0238716  ,  0.0454794  ])
540     , -88.9878    , array([ 0.0447723  ,  1.00998    ,  0.0238716  ,  0.0454794  ])
544     , -88.7688    , array([ 0.0447723  ,  1.04404    ,  0.0238716  ,  0.0454794  ])
548     , -88.7688    , array([ 0.0447723  ,  1.04391    ,  0.0238716  ,  0.0454794  ])
556     , -236.62     , array([ 0.0447723  ,  1.04391    ,  0.0238716  ,  0.06831    ])
560     , -88.7656    , array([ 0.0447723  ,  1.04391    ,  0.0238716  ,  0.0453794  ])
564     , -88.7655    , array([ 0.0447723  ,  1.04391    ,  0.0238716  ,  0.0453907  ])
568     , -88.8578    , array([ 0.0490799  ,  1.07234    ,  0.0262953  ,  0.0445741  ])
572     , -88.7519    , array([ 0.0425014  ,  1.02893    ,  0.022594   ,  0.0458212  ])
576     , -101.222    , array([ 0.0238587  ,  1.00959    ,  0.0107782  ,  0.0484987  ])
580     , -89.2389    , array([ 0.0353805  ,  1.02154    ,  0.0180807  ,  0.0468439  ])
584     , -88.7513    , array([ 0.0422219  ,  1.02864    ,  0.0224168  ,  0.0458614  ])
588     , -88.7513    , array([ 0.0421594  ,  1.02857    ,  0.0223772  ,  0.0458704  ])
592     , -88.7513    , array([ 0.0421594  ,  1.02857    ,  0.0223772  ,  0.0458704  ])
596     , -335.655    , array([ 0.0421594  ,  0.410537   ,  0.0223772  ,  0.0458704  ])
600     , -88.7369    , array([ 0.0421594  ,  1.04228    ,  0.0223772  ,  0.0458704  ])
604     , -88.7338    , array([ 0.0421594  ,  1.03822    ,  0.0223772  ,  0.0458704  ])
616     , -178.825    , array([ 0.0421594  ,  1.03822    ,  0.0223772  ,  0.0327147  ])
620     , -88.7302    , array([ 0.0421594  ,  1.03822    ,  0.0223772  ,  0.0457762  ])
624     , -88.8249    , array([ 0.0351895  ,  0.992218   ,  0.0184557  ,  0.0470975  ])
628     , -88.727     , array([ 0.0394972  ,  1.02065    ,  0.0208793  ,  0.0462809  ])
632     , -88.7234    , array([ 0.0406019  ,  1.02794    ,  0.0215009  ,  0.0460714  ])
636     , -88.6708    , array([ 0.0356291  ,  1.02535    ,  0.0186393  ,  0.0467265  ])
640     , -88.6664    , array([ 0.032492   ,  1.02372    ,  0.0168341  ,  0.0471397  ])
644     , -88.6637    , array([ 0.0334808  ,  1.02423    ,  0.0174031  ,  0.0470094  ])
648     , -88.6636    , array([ 0.0335513  ,  1.02427    ,  0.0174436  ,  0.0470001  ])
652     , -88.7167    , array([ 0.0325033  ,  1.02318    ,  0.0167794  ,  0.0471506  ])
656     , -88.6502    , array([ 0.0344964  ,  1.02525    ,  0.0180426  ,  0.0468644  ])
660     , -88.9677    , array([ 0.045774   ,  1.09968    ,  0.0243878  ,  0.0447264  ])
664     , -88.6502    , array([ 0.0345112  ,  1.02535    ,  0.018051   ,  0.0468616  ])
668     , -88.6499    , array([ 0.034234   ,  1.02352    ,  0.017895   ,  0.0469141  ])
676     , -2213.45    , array([ 0.034234   ,  1.02352    ,  0.017895   ,  0.237871   ])
680     , -1169.76    , array([ 0.034234   ,  1.02352    ,  0.017895   ,  0.0124723  ])
684     , -88.6903    , array([ 0.034234   ,  1.02352    ,  0.017895   ,  0.047254   ])
688     , -88.6498    , array([ 0.034234   ,  1.02352    ,  0.017895   ,  0.0469322  ])
692     , -88.6498    , array([ 0.034234   ,  1.02352    ,  0.017895   ,  0.046932   ])
696     , -88.6402    , array([ 0.0320763  ,  1.02239    ,  0.0166533  ,  0.0472163  ])
700     , -88.9814    , array([ 0.0232616  ,  1.0167     ,  0.0116394  ,  0.0483992  ])
704     , -88.6401    , array([ 0.0319318  ,  1.02232    ,  0.0165702  ,  0.0472353  ])
708     , -88.8756    , array([ 0.029362   ,  1.01965    ,  0.0149414  ,  0.0476044  ])
712     , -88.6335    , array([ 0.032527   ,  1.02294    ,  0.0169474  ,  0.0471498  ])
716     , -88.9563    , array([ 0.025557   ,  0.976938   ,  0.0130259  ,  0.0484712  ])
720     , -88.6642    , array([ 0.0298647  ,  1.00537    ,  0.0154495  ,  0.0476545  ])
724     , -88.6333    , array([ 0.0323038  ,  1.02146    ,  0.0168219  ,  0.0471921  ])
732     , -2205.46    , array([ 0.0323014  ,  1.02145    ,  0.0168205  ,  0.238149   ])
736     , -1158.64    , array([ 0.0323014  ,  1.02145    ,  0.0168205  ,  0.0127507  ])
740     , -88.6734    , array([ 0.0323014  ,  1.02145    ,  0.0168205  ,  0.0475122  ])
744     , -88.6333    , array([ 0.0323014  ,  1.02145    ,  0.0168205  ,  0.0471882  ])
748     , -88.6333    , array([ 0.0323014  ,  1.02145    ,  0.0168205  ,  0.0471912  ])
752     , -88.6333    , array([ 0.0323014  ,  1.02145    ,  0.0168205  ,  0.0471913  ])
756     , -88.6763    , array([ 0.0366589  ,  1.02372    ,  0.019328   ,  0.0466173  ])
760     , -88.6288    , array([ 0.0308524  ,  1.02069    ,  0.0159866  ,  0.0473821  ])
764     , -88.6191    , array([ 0.0298153  ,  1.01909    ,  0.0154275  ,  0.0475234  ])
768     , -88.5855    , array([ 0.0229966  ,  1.00869    ,  0.0117461  ,  0.0484514  ])
772     , -88.5903    , array([ 0.0249471  ,  1.01166    ,  0.0127992  ,  0.048186   ])
776     , -88.5852    , array([ 0.0225324  ,  1.00798    ,  0.0114954  ,  0.0485146  ])
780     , -90.4973    , array([ 0.0154818  ,  1.00431    ,  0.00743817 ,  0.0494433  ])
784     , -88.7492    , array([ 0.0198393  ,  1.00658    ,  0.0099457  ,  0.0488694  ])
788     , -88.5819    , array([ 0.0230987  ,  1.00828    ,  0.0118213  ,  0.04844    ])
792     , -89.9537    , array([ 0.0161288  ,  0.962277   ,  0.0078998  ,  0.0497614  ])
796     , -88.7129    , array([ 0.0204365  ,  0.990705   ,  0.0103235  ,  0.0489447  ])
800     , -88.581     , array([ 0.023371   ,  1.01007    ,  0.0119745  ,  0.0483884  ])
804     , -3689.88    , array([ 0.023371   ,  1.01007    ,  0.0119745  ,  1.04839    ])
808     , -3277.05    , array([ 0.023371   ,  1.01007    ,  0.0119745  ,  0.430354   ])
812     , -857.893    , array([ 0.023371   ,  1.01007    ,  0.0119745  ,  0.121328   ])
816     , -91.2468    , array([ 0.023371   ,  1.01007    ,  0.0119745  ,  0.051111   ])
820     , -88.581     , array([ 0.023371   ,  1.01007    ,  0.0119745  ,  0.0483991  ])
824     , -88.7058    , array([ 0.0368673  ,  1.03066    ,  0.0192612  ,  0.0465622  ])
828     , -88.5772    , array([ 0.0199249  ,  1.00481    ,  0.010114   ,  0.0488682  ])
832     , -88.5754    , array([ 0.0209613  ,  1.0064     ,  0.0106735  ,  0.0487272  ])
836     , -88.5754    , array([ 0.0209333  ,  1.00635    ,  0.0106584  ,  0.048731   ])
840     , -88.7032    , array([ 0.0252908  ,  1.00862    ,  0.0131659  ,  0.048157   ])
844     , -88.5745    , array([ 0.0212138  ,  1.0065     ,  0.0108199  ,  0.048694   ])
848     , -88.5745    , array([ 0.0211882  ,  1.00649    ,  0.0108051  ,  0.0486974  ])
852     , -88.5745    , array([ 0.0211856  ,  1.00648    ,  0.0108036  ,  0.0486977  ])
856     , -88.5741    , array([ 0.0214286  ,  1.00809    ,  0.0109403  ,  0.0486517  ])
860     , -88.5741    , array([ 0.0213564  ,  1.00761    ,  0.0108997  ,  0.0486653  ])
864     , -88.5741    , array([ 0.0213581  ,  1.00762    ,  0.0109007  ,  0.048665   ])
872     , -221.068    , array([ 0.0213581  ,  1.00762    ,  0.0109007  ,  0.0710842  ])
876     , -88.5741    , array([ 0.0213581  ,  1.00762    ,  0.0109007  ,  0.0486648  ])
880     , -88.574     , array([ 0.0213581  ,  1.00762    ,  0.0109007  ,  0.0486722  ])
884     , -88.574     , array([ 0.0213581  ,  1.00762    ,  0.0109007  ,  0.0486723  ])
888     , -88.5962    , array([ 0.0265133  ,  1.01549    ,  0.013684   ,  0.0479706  ])
892     , -88.5723    , array([ 0.019552   ,  1.00487    ,  0.00992554 ,  0.0489181  ])
896     , -88.5718    , array([ 0.0200517  ,  1.00563    ,  0.0101953  ,  0.0488501  ])
