4       , -393.734    , array([ 0.00211921 ,  0.0917945  ,  4.27929e-06,  0.244229   ])
8       , -1654.39    , array([ 0.00211917 ,  0.0508408  ,  4.27508e-06,  0.107659   ])
12      , -1650       , array([ 0.00211917 ,  0.0508408  ,  4.27508e-06,  0.107766   ])
16      , -393.749    , array([ 0.00211921 ,  0.0917645  ,  4.27501e-06,  0.24378    ])
20      , -393.734    , array([ 0.00211921 ,  0.0917695  ,  4.27501e-06,  0.244137   ])
24      , -393.737    , array([ 0.00211921 ,  0.0917695  ,  4.27501e-06,  0.244381   ])
28      , -393.739    , array([ 0.00211921 ,  0.0918557  ,  4.27501e-06,  0.244128   ])
32      , -393.733    , array([ 0.00211921 ,  0.0917413  ,  4.27502e-06,  0.244093   ])
36      , -393.736    , array([ 0.00211921 ,  0.0917413  ,  4.27502e-06,  0.244337   ])
40      , -393.737    , array([ 0.0021192  ,  0.0917429  ,  4.27502e-06,  0.243954   ])
44      , -393.725    , array([ 0.0021192  ,  0.0912916  ,  4.27502e-06,  0.243396   ])
48      , -393.727    , array([ 0.0021192  ,  0.0912916  ,  4.27502e-06,  0.243639   ])
52      , -393.701    , array([ 0.00211919 ,  0.0899571  ,  4.27505e-06,  0.241178   ])
56      , -393.597    , array([ 0.00211914 ,  0.0843884  ,  4.27516e-06,  0.232506   ])
60      , -393.61     , array([ 0.00211914 ,  0.0843884  ,  4.27516e-06,  0.232739   ])
64      , -394.09     , array([ 0.00211893 ,  0.0656816  ,  4.27558e-06,  0.200827   ])
68      , -393.54     , array([ 0.00211909 ,  0.0797159  ,  4.27525e-06,  0.224923   ])
72      , -393.57     , array([ 0.00211909 ,  0.0797159  ,  4.27525e-06,  0.225148   ])
76      , -393.672    , array([ 0.00211898 ,  0.0701756  ,  4.27547e-06,  0.208715   ])
80      , -393.732    , array([ 0.00211886 ,  0.0700241  ,  4.27571e-06,  0.208566   ])
84      , -393.838    , array([ 0.00211886 ,  0.0700241  ,  4.27571e-06,  0.208775   ])
88      , -393.672    , array([ 0.00211896 ,  0.0701625  ,  4.2755e-06 ,  0.208691   ])
92      , -393.731    , array([ 0.00211898 ,  0.0701033  ,  4.27547e-06,  0.208711   ])
96      , -393.836    , array([ 0.00211898 ,  0.0701033  ,  4.27547e-06,  0.20892    ])
100     , -393.672    , array([ 0.00211898 ,  0.0701752  ,  4.27547e-06,  0.208714   ])
104     , -393.731    , array([ 0.00211898 ,  0.0701054  ,  4.27547e-06,  0.208715   ])
108     , -393.836    , array([ 0.00211898 ,  0.0701054  ,  4.27547e-06,  0.208924   ])
112     , -393.672    , array([ 0.00211898 ,  0.0701756  ,  4.27547e-06,  0.208715   ])
116     , -393.731    , array([ 0.00211898 ,  0.0701054  ,  4.27547e-06,  0.208715   ])
120     , -393.836    , array([ 0.00211898 ,  0.0701054  ,  4.27547e-06,  0.208924   ])
124     , -393.672    , array([ 0.00211898 ,  0.0701756  ,  4.27547e-06,  0.208715   ])
128     , -393.731    , array([ 0.00211898 ,  0.0701054  ,  4.27547e-06,  0.208715   ])
132     , -393.836    , array([ 0.00211898 ,  0.0701054  ,  4.27547e-06,  0.208924   ])
136     , -393.672    , array([ 0.00211898 ,  0.0701756  ,  4.27547e-06,  0.208715   ])
140     , -393.731    , array([ 0.00211898 ,  0.0701054  ,  4.27547e-06,  0.208715   ])
144     , -393.836    , array([ 0.00211898 ,  0.0701054  ,  4.27547e-06,  0.208924   ])
148     , -393.672    , array([ 0.00211898 ,  0.0701756  ,  4.27547e-06,  0.208715   ])
152     , -393.731    , array([ 0.00211898 ,  0.0701054  ,  4.27547e-06,  0.208715   ])
156     , -393.836    , array([ 0.00211898 ,  0.0701054  ,  4.27547e-06,  0.208924   ])
160     , -393.672    , array([ 0.00211898 ,  0.0701756  ,  4.27547e-06,  0.208715   ])
164     , -393.731    , array([ 0.00211898 ,  0.0701054  ,  4.27547e-06,  0.208715   ])
168     , -393.836    , array([ 0.00211898 ,  0.0701054  ,  4.27547e-06,  0.208924   ])
172     , -393.672    , array([ 0.00211898 ,  0.0701756  ,  4.27547e-06,  0.208715   ])
176     , -393.731    , array([ 0.00211898 ,  0.0701054  ,  4.27547e-06,  0.208715   ])
180     , -393.836    , array([ 0.00211898 ,  0.0701054  ,  4.27547e-06,  0.208924   ])
184     , -393.672    , array([ 0.00211898 ,  0.0701756  ,  4.27547e-06,  0.208715   ])
188     , -393.731    , array([ 0.00211898 ,  0.0701054  ,  4.27547e-06,  0.208715   ])
192     , -393.836    , array([ 0.00211898 ,  0.0701054  ,  4.27547e-06,  0.208924   ])
196     , -393.672    , array([ 0.00211898 ,  0.0701756  ,  4.27547e-06,  0.208715   ])
200     , -393.731    , array([ 0.00211898 ,  0.0701054  ,  4.27547e-06,  0.208715   ])
204     , -393.836    , array([ 0.00211898 ,  0.0701054  ,  4.27547e-06,  0.208924   ])
208     , -393.672    , array([ 0.00211898 ,  0.0701756  ,  4.27547e-06,  0.208715   ])
212     , -393.731    , array([ 0.00211898 ,  0.0701054  ,  4.27547e-06,  0.208715   ])
216     , -393.836    , array([ 0.00211898 ,  0.0701054  ,  4.27547e-06,  0.208924   ])
220     , -393.672    , array([ 0.00211898 ,  0.0701756  ,  4.27547e-06,  0.208715   ])
224     , -393.731    , array([ 0.00211898 ,  0.0701054  ,  4.27547e-06,  0.208715   ])
228     , -393.836    , array([ 0.00211898 ,  0.0701054  ,  4.27547e-06,  0.208924   ])
232     , -393.672    , array([ 0.00211898 ,  0.0701756  ,  4.27547e-06,  0.208715   ])
236     , -393.731    , array([ 0.00211898 ,  0.0701054  ,  4.27547e-06,  0.208715   ])
240     , -393.836    , array([ 0.00211898 ,  0.0701054  ,  4.27547e-06,  0.208924   ])
244     , -393.672    , array([ 0.00211898 ,  0.0701756  ,  4.27547e-06,  0.208715   ])
248     , -393.731    , array([ 0.00211898 ,  0.0701054  ,  4.27547e-06,  0.208715   ])
252     , -393.836    , array([ 0.00211898 ,  0.0701054  ,  4.27547e-06,  0.208924   ])
256     , -393.672    , array([ 0.00211898 ,  0.0701756  ,  4.27547e-06,  0.208715   ])
260     , -393.731    , array([ 0.00211898 ,  0.0701054  ,  4.27547e-06,  0.208715   ])
264     , -393.836    , array([ 0.00211898 ,  0.0701054  ,  4.27547e-06,  0.208924   ])
268     , -393.672    , array([ 0.00211898 ,  0.0701756  ,  4.27547e-06,  0.208715   ])
272     , -393.731    , array([ 0.00211898 ,  0.0701054  ,  4.27547e-06,  0.208715   ])
276     , -393.836    , array([ 0.00211898 ,  0.0701054  ,  4.27547e-06,  0.208924   ])
280     , -393.672    , array([ 0.00211898 ,  0.0701756  ,  4.27547e-06,  0.208715   ])
284     , -393.731    , array([ 0.00211898 ,  0.0701054  ,  4.27547e-06,  0.208715   ])
288     , -393.836    , array([ 0.00211898 ,  0.0701054  ,  4.27547e-06,  0.208924   ])
292     , -393.672    , array([ 0.00211898 ,  0.0701756  ,  4.27547e-06,  0.208715   ])
296     , -393.731    , array([ 0.00211898 ,  0.0701054  ,  4.27547e-06,  0.208715   ])
300     , -393.836    , array([ 0.00211898 ,  0.0701054  ,  4.27547e-06,  0.208924   ])
304     , -393.672    , array([ 0.00211898 ,  0.0701756  ,  4.27547e-06,  0.208715   ])
308     , -393.731    , array([ 0.00211898 ,  0.0701054  ,  4.27547e-06,  0.208715   ])
312     , -393.836    , array([ 0.00211898 ,  0.0701054  ,  4.27547e-06,  0.208924   ])
316     , -393.672    , array([ 0.00211898 ,  0.0701756  ,  4.27547e-06,  0.208715   ])
320     , -393.731    , array([ 0.00211898 ,  0.0701054  ,  4.27547e-06,  0.208715   ])
324     , -393.836    , array([ 0.00211898 ,  0.0701054  ,  4.27547e-06,  0.208924   ])
328     , -393.672    , array([ 0.00211898 ,  0.0701756  ,  4.27547e-06,  0.208715   ])
332     , -393.731    , array([ 0.00211898 ,  0.0701054  ,  4.27547e-06,  0.208715   ])
336     , -393.836    , array([ 0.00211898 ,  0.0701054  ,  4.27547e-06,  0.208924   ])
340     , -393.672    , array([ 0.00211898 ,  0.0701756  ,  4.27547e-06,  0.208715   ])
344     , -393.731    , array([ 0.00211898 ,  0.0701054  ,  4.27547e-06,  0.208715   ])
348     , -393.836    , array([ 0.00211898 ,  0.0701054  ,  4.27547e-06,  0.208924   ])
352     , -393.672    , array([ 0.00211898 ,  0.0701756  ,  4.27547e-06,  0.208715   ])
356     , -393.731    , array([ 0.00211898 ,  0.0701054  ,  4.27547e-06,  0.208715   ])
360     , -393.836    , array([ 0.00211898 ,  0.0701054  ,  4.27547e-06,  0.208924   ])
364     , -393.672    , array([ 0.00211898 ,  0.0701756  ,  4.27547e-06,  0.208715   ])
368     , -393.731    , array([ 0.00211898 ,  0.0701054  ,  4.27547e-06,  0.208715   ])
372     , -393.836    , array([ 0.00211898 ,  0.0701054  ,  4.27547e-06,  0.208924   ])
376     , -393.672    , array([ 0.00211898 ,  0.0701756  ,  4.27547e-06,  0.208715   ])
380     , -393.731    , array([ 0.00211898 ,  0.0701054  ,  4.27547e-06,  0.208715   ])
384     , -393.836    , array([ 0.00211898 ,  0.0701054  ,  4.27547e-06,  0.208924   ])
388     , -393.672    , array([ 0.00211898 ,  0.0701756  ,  4.27547e-06,  0.208715   ])
392     , -393.731    , array([ 0.00211898 ,  0.0701054  ,  4.27547e-06,  0.208715   ])
396     , -393.836    , array([ 0.00211898 ,  0.0701054  ,  4.27547e-06,  0.208924   ])
400     , -393.672    , array([ 0.00211898 ,  0.0701756  ,  4.27547e-06,  0.208715   ])
404     , -393.731    , array([ 0.00211898 ,  0.0701054  ,  4.27547e-06,  0.208715   ])
408     , -393.836    , array([ 0.00211898 ,  0.0701054  ,  4.27547e-06,  0.208924   ])
412     , -393.672    , array([ 0.00211898 ,  0.0701756  ,  4.27547e-06,  0.208715   ])
416     , -393.731    , array([ 0.00211898 ,  0.0701054  ,  4.27547e-06,  0.208715   ])
420     , -393.836    , array([ 0.00211898 ,  0.0701054  ,  4.27547e-06,  0.208924   ])
424     , -393.672    , array([ 0.00211898 ,  0.0701756  ,  4.27547e-06,  0.208715   ])
428     , -393.731    , array([ 0.00211898 ,  0.0701054  ,  4.27547e-06,  0.208715   ])
432     , -393.836    , array([ 0.00211898 ,  0.0701054  ,  4.27547e-06,  0.208924   ])
436     , -393.672    , array([ 0.00211898 ,  0.0701756  ,  4.27547e-06,  0.208715   ])
440     , -393.731    , array([ 0.00211898 ,  0.0701054  ,  4.27547e-06,  0.208715   ])
444     , -393.836    , array([ 0.00211898 ,  0.0701054  ,  4.27547e-06,  0.208924   ])
448     , -393.672    , array([ 0.00211898 ,  0.0701756  ,  4.27547e-06,  0.208715   ])
452     , -393.731    , array([ 0.00211898 ,  0.0701054  ,  4.27547e-06,  0.208715   ])
456     , -393.836    , array([ 0.00211898 ,  0.0701054  ,  4.27547e-06,  0.208924   ])
460     , -393.672    , array([ 0.00211898 ,  0.0701756  ,  4.27547e-06,  0.208715   ])
464     , -393.731    , array([ 0.00211898 ,  0.0701054  ,  4.27547e-06,  0.208715   ])
468     , -393.836    , array([ 0.00211898 ,  0.0701054  ,  4.27547e-06,  0.208924   ])
472     , -393.672    , array([ 0.00211898 ,  0.0701756  ,  4.27547e-06,  0.208715   ])
476     , -393.731    , array([ 0.00211898 ,  0.0701054  ,  4.27547e-06,  0.208715   ])
480     , -393.836    , array([ 0.00211898 ,  0.0701054  ,  4.27547e-06,  0.208924   ])
484     , -393.672    , array([ 0.00211898 ,  0.0701756  ,  4.27547e-06,  0.208715   ])
488     , -393.731    , array([ 0.00211898 ,  0.0701054  ,  4.27547e-06,  0.208715   ])
492     , -393.836    , array([ 0.00211898 ,  0.0701054  ,  4.27547e-06,  0.208924   ])
496     , -393.672    , array([ 0.00211898 ,  0.0701756  ,  4.27547e-06,  0.208715   ])
500     , -393.731    , array([ 0.00211898 ,  0.0701054  ,  4.27547e-06,  0.208715   ])
504     , -393.836    , array([ 0.00211898 ,  0.0701054  ,  4.27547e-06,  0.208924   ])
508     , -393.672    , array([ 0.00211898 ,  0.0701756  ,  4.27547e-06,  0.208715   ])
512     , -393.731    , array([ 0.00211893 ,  0.0700727  ,  4.27556e-06,  0.208655   ])
516     , -393.731    , array([ 0.00211898 ,  0.070105   ,  4.27547e-06,  0.208714   ])
520     , -393.731    , array([ 0.00211898 ,  0.0701054  ,  4.27547e-06,  0.208715   ])
