1376    , -393.024    , array([ 3.3711     ,  0.0688183  ,  3.52203    ,  0.271798   ])
1380    , -393.021    , array([ 3.36773    ,  0.0688183  ,  3.52203    ,  0.271798   ])
1384    , -2335.94    , array([ 2.97553    ,  0.0264633  ,  3.25774    ,  0.362794   ])
1388    , -393.03     , array([ 3.36696    ,  0.0686969  ,  3.52152    ,  0.271942   ])
1392    , -393.069    , array([ 3.36696    ,  0.0686969  ,  3.52152    ,  0.272215   ])
1396    , -393.022    , array([ 3.36744    ,  0.0688413  ,  3.52184    ,  0.271852   ])
1400    , -393.014    , array([ 3.36722    ,  0.0687121  ,  3.52171    ,  0.271672   ])
1404    , -393.025    , array([ 3.36722    ,  0.0687121  ,  3.52171    ,  0.271944   ])
1408    , -393.021    , array([ 3.36631    ,  0.0685394  ,  3.52119    ,  0.270953   ])
1412    , -393.012    , array([ 3.3627     ,  0.0675146  ,  3.5191     ,  0.268096   ])
1416    , -393.023    , array([ 3.3627     ,  0.0675146  ,  3.5191     ,  0.268365   ])
1420    , -393.008    , array([ 3.34827    ,  0.0638849  ,  3.51076    ,  0.256967   ])
1424    , -393.107    , array([ 3.29119    ,  0.05096    ,  3.47761    ,  0.216881   ])
1428    , -393.204    , array([ 3.29119    ,  0.05096    ,  3.47761    ,  0.217098   ])
1432    , -393        , array([ 3.33668    ,  0.0610506  ,  3.50405    ,  0.248328   ])
1436    , -393.004    , array([ 3.32748    ,  0.0588233  ,  3.49871    ,  0.241651   ])
1440    , -393.039    , array([ 3.32748    ,  0.0588233  ,  3.49871    ,  0.241892   ])
1444    , -392.998    , array([ 3.33475    ,  0.0605902  ,  3.50293    ,  0.246915   ])
1448    , -393.002    , array([ 3.33628    ,  0.0608923  ,  3.50382    ,  0.248029   ])
1452    , -393.028    , array([ 3.33628    ,  0.0608923  ,  3.50382    ,  0.248277   ])
1456    , -392.999    , array([ 3.33596    ,  0.0608765  ,  3.50363    ,  0.247793   ])
1460    , -393.002    , array([ 3.33621    ,  0.0608761  ,  3.50378    ,  0.247979   ])
1464    , -393.028    , array([ 3.33621    ,  0.0608761  ,  3.50378    ,  0.248227   ])
1468    , -392.999    , array([ 3.33626    ,  0.0609498  ,  3.50381    ,  0.248018   ])
1472    , -393.002    , array([ 3.33627    ,  0.0608916  ,  3.50381    ,  0.248027   ])
1476    , -393.028    , array([ 3.33627    ,  0.0608916  ,  3.50381    ,  0.248275   ])
1480    , -392.999    , array([ 3.33628    ,  0.0609531  ,  3.50382    ,  0.248028   ])
1484    , -393.002    , array([ 3.33628    ,  0.0608923  ,  3.50382    ,  0.248029   ])
1488    , -393.028    , array([ 3.33628    ,  0.0608923  ,  3.50382    ,  0.248277   ])
1492    , -392.999    , array([ 3.33628    ,  0.0609532  ,  3.50382    ,  0.248029   ])
1496    , -393.002    , array([ 3.33628    ,  0.0608923  ,  3.50382    ,  0.248029   ])
1500    , -393.028    , array([ 3.33628    ,  0.0608923  ,  3.50382    ,  0.248277   ])
1504    , -392.999    , array([ 3.33628    ,  0.0609532  ,  3.50382    ,  0.248029   ])
1508    , -393.002    , array([ 3.33628    ,  0.0608923  ,  3.50382    ,  0.248029   ])
1512    , -393.028    , array([ 3.33628    ,  0.0608923  ,  3.50382    ,  0.248277   ])
1516    , -392.999    , array([ 3.33628    ,  0.0609532  ,  3.50382    ,  0.248029   ])
1520    , -393.002    , array([ 3.33628    ,  0.0608923  ,  3.50382    ,  0.248029   ])
1524    , -393.028    , array([ 3.33628    ,  0.0608923  ,  3.50382    ,  0.248277   ])
1528    , -392.999    , array([ 3.33628    ,  0.0609532  ,  3.50382    ,  0.248029   ])
1532    , -393.002    , array([ 3.33628    ,  0.0608923  ,  3.50382    ,  0.248029   ])
1536    , -393.028    , array([ 3.33628    ,  0.0608923  ,  3.50382    ,  0.248277   ])
1540    , -392.999    , array([ 3.33628    ,  0.0609532  ,  3.50382    ,  0.248029   ])
1544    , -393.002    , array([ 3.33628    ,  0.0608923  ,  3.50382    ,  0.248029   ])
1548    , -393.028    , array([ 3.33628    ,  0.0608923  ,  3.50382    ,  0.248277   ])
1552    , -392.999    , array([ 3.33628    ,  0.0609532  ,  3.50382    ,  0.248029   ])
1556    , -393.002    , array([ 3.33628    ,  0.0608923  ,  3.50382    ,  0.248029   ])
1560    , -393.028    , array([ 3.33628    ,  0.0608923  ,  3.50382    ,  0.248277   ])
1564    , -392.999    , array([ 3.33628    ,  0.0609532  ,  3.50382    ,  0.248029   ])
1568    , -393.002    , array([ 3.33628    ,  0.0608923  ,  3.50382    ,  0.248029   ])
1572    , -393.028    , array([ 3.33628    ,  0.0608923  ,  3.50382    ,  0.248277   ])
1576    , -392.999    , array([ 3.33628    ,  0.0609532  ,  3.50382    ,  0.248029   ])
1580    , -393.014    , array([ 3.36722    ,  0.0687121  ,  3.52171    ,  0.271672   ])
1584    , -393.025    , array([ 3.36722    ,  0.0687121  ,  3.52171    ,  0.271944   ])
1588    , -393.022    , array([ 3.36699    ,  0.0687204  ,  3.52158    ,  0.271492   ])
1592    , -393.014    , array([ 3.36654    ,  0.0685311  ,  3.52132    ,  0.271133   ])
1596    , -393.025    , array([ 3.36654    ,  0.0685311  ,  3.52132    ,  0.271404   ])
1600    , -393.021    , array([ 3.36563    ,  0.0683589  ,  3.5208     ,  0.270415   ])
1604    , -393.012    , array([ 3.36383    ,  0.067812   ,  3.51975    ,  0.268986   ])
1608    , -393.024    , array([ 3.36383    ,  0.067812   ,  3.51975    ,  0.269255   ])
1612    , -393.017    , array([ 3.36021    ,  0.0669318  ,  3.51766    ,  0.26615    ])
1616    , -393.007    , array([ 3.353      ,  0.0650101  ,  3.5135     ,  0.260567   ])
1620    , -393.021    , array([ 3.353      ,  0.0650101  ,  3.5135     ,  0.260828   ])
1624    , -393.001    , array([ 3.33862    ,  0.0615151  ,  3.50517    ,  0.24975    ])
1628    , -393.006    , array([ 3.32449    ,  0.058136   ,  3.49698    ,  0.23952    ])
1632    , -393        , array([ 3.33935    ,  0.0608287  ,  3.50366    ,  0.247833   ])
1636    , -393.002    , array([ 3.33403    ,  0.0603577  ,  3.50251    ,  0.246386   ])
1640    , -393.002    , array([ 3.33594    ,  0.0608128  ,  3.50362    ,  0.247785   ])
