2388    , -108.269    , array([ 0.130219   ,  3.67969    ,  0.0804708  ,  0.0395884  ])
2392    , -108.269    , array([ 0.130219   ,  3.67969    ,  0.0804708  ,  0.0395884  ])
2400    , -153.892    , array([ 0.102141   ,  3.67969    ,  0.0804708  ,  0.0395884  ])
2404    , -108.255    , array([ 0.129673   ,  3.67969    ,  0.0804708  ,  0.0395884  ])
2408    , -109.981    , array([ 0.129678   ,  4.67969    ,  0.0804708  ,  0.0395884  ])
2412    , -108.532    , array([ 0.129678   ,  4.06166    ,  0.0804708  ,  0.0395884  ])
2416    , -108.253    , array([ 0.129678   ,  3.70904    ,  0.0804708  ,  0.0395884  ])
2424    , -2461.21    , array([ 0.129678   ,  3.70875    ,  0.271402   ,  0.0395884  ])
2428    , -108.161    , array([ 0.129678   ,  3.70875    ,  0.0795809  ,  0.0395884  ])
2432    , -108.159    , array([ 0.129678   ,  3.70875    ,  0.0794055  ,  0.0395884  ])
2444    , -115.714    , array([ 0.129678   ,  3.70875    ,  0.0794055  ,  0.0439289  ])
2448    , -108.146    , array([ 0.129678   ,  3.70875    ,  0.0794055  ,  0.0397588  ])
2452    , -108.052    , array([ 0.129138   ,  3.7378     ,  0.0783402  ,  0.0399259  ])
2456    , -107.964    , array([ 0.12787    ,  3.80598    ,  0.0758401  ,  0.040322   ])
2460    , -107.964    , array([ 0.127969   ,  3.80063    ,  0.0760362  ,  0.0402909  ])
2468    , -816.766    , array([ 0.318923   ,  3.80156    ,  0.0760022  ,  0.0402963  ])
2472    , -177.867    , array([ 0.0935101  ,  3.80156    ,  0.0760022  ,  0.0402963  ])
2476    , -107.635    , array([ 0.125388   ,  3.80156    ,  0.0760022  ,  0.0402963  ])
2480    , -109.497    , array([ 0.125388   ,  4.80156    ,  0.0760022  ,  0.0402963  ])
2484    , -107.994    , array([ 0.125388   ,  4.18353    ,  0.0760022  ,  0.0402963  ])
2488    , -107.633    , array([ 0.125388   ,  3.77418    ,  0.0760022  ,  0.0402963  ])
2496    , -4447.23    , array([ 0.125388   ,  3.7739     ,  0.0760022  ,  0.231206   ])
2500    , -1137.93    , array([ 0.125388   ,  3.7739     ,  0.0760022  ,  0.00585449 ])
2504    , -107.633    , array([ 0.125388   ,  3.7739     ,  0.0760022  ,  0.0402781  ])
2508    , -107.633    , array([ 0.125388   ,  3.7739     ,  0.0760022  ,  0.0402651  ])
2512    , -107.39     , array([ 0.123661   ,  3.86672    ,  0.0725988  ,  0.040804   ])
2516    , -107.388    , array([ 0.123498   ,  3.87549    ,  0.0722771  ,  0.040855   ])
2520    , -107.235    , array([ 0.117318   ,  4.04224    ,  0.0651488  ,  0.0419528  ])
2524    , -107.199    , array([ 0.119678   ,  3.97854    ,  0.0678716  ,  0.0415334  ])
2528    , -107.195    , array([ 0.119184   ,  3.99189    ,  0.0673009  ,  0.0416213  ])
2532    , -107.195    , array([ 0.11914    ,  3.99307    ,  0.0672506  ,  0.0416291  ])
2536    , -107.057    , array([ 0.120376   ,  3.92661    ,  0.0696877  ,  0.041243   ])
2540    , -119.711    , array([ 0.120376   ,  2.30857    ,  0.0696877  ,  0.041243   ])
2544    , -107.058    , array([ 0.120376   ,  3.99724    ,  0.0696877  ,  0.041243   ])
2548    , -107.055    , array([ 0.120376   ,  3.96029    ,  0.0696877  ,  0.041243   ])
2560    , -113.538    , array([ 0.120376   ,  3.96029    ,  0.0696877  ,  0.0452987  ])
2564    , -107.043    , array([ 0.120376   ,  3.96029    ,  0.0696877  ,  0.0414063  ])
2568    , -107.8      , array([ 0.108967   ,  4.26811    ,  0.0565281  ,  0.0434329  ])
2572    , -106.884    , array([ 0.116549   ,  4.06353    ,  0.0652738  ,  0.042086   ])
2576    , -106.884    , array([ 0.116511   ,  4.06457    ,  0.0652297  ,  0.0420928  ])
2580    , -106.791    , array([ 0.117578   ,  4.0072     ,  0.0673331  ,  0.0417596  ])
2584    , -106.79     , array([ 0.117492   ,  4.01181    ,  0.0671641  ,  0.0417863  ])
2588    , -117.654    , array([ 0.117483   ,  2.3943     ,  0.067145   ,  0.0417894  ])
2592    , -106.784    , array([ 0.117483   ,  3.99004    ,  0.067145   ,  0.0417894  ])
2596    , -106.78     , array([ 0.117483   ,  3.9454     ,  0.067145   ,  0.0417894  ])
2600    , -106.78     , array([ 0.117483   ,  3.94472    ,  0.067145   ,  0.0417894  ])
2608    , -209.224    , array([ 0.117483   ,  3.94472    ,  0.067145   ,  0.0587735  ])
2612    , -106.761    , array([ 0.117483   ,  3.94472    ,  0.067145   ,  0.0419946  ])
2616    , -106.672    , array([ 0.113125   ,  4.0623     ,  0.0621185  ,  0.0427687  ])
2620    , -106.653    , array([ 0.114789   ,  4.01739    ,  0.0640384  ,  0.042473   ])
2624    , -106.435    , array([ 0.112266   ,  3.99182    ,  0.0619231  ,  0.0429956  ])
2628    , -104.929    , array([ 0.083294   ,  3.49532    ,  0.0393546  ,  0.0491574  ])
2632    , -105.086    , array([ 0.0930487  ,  3.66249    ,  0.0469532  ,  0.0470828  ])
2636    , -104.91     , array([ 0.0850457  ,  3.52534    ,  0.0407191  ,  0.0487848  ])
2640    , -104.909    , array([ 0.0853362  ,  3.53032    ,  0.0409454  ,  0.0487231  ])
2644    , -104.833    , array([ 0.0858354  ,  3.50348    ,  0.0419296  ,  0.0485671  ])
2648    , -104.833    , array([ 0.0858295  ,  3.5038     ,  0.0419179  ,  0.048569   ])
2652    , -107.453    , array([ 0.0858295  ,  2.88576    ,  0.0419179  ,  0.048569   ])
2656    , -104.77     , array([ 0.0858295  ,  3.63625    ,  0.0419179  ,  0.048569   ])
2660    , -18548.1    , array([ 0.0858295  ,  3.63625    ,  0.0419179  ,  1.04857    ])
2664    , -10609      , array([ 0.0858295  ,  3.63625    ,  0.0419179  ,  0.430535   ])
2668    , -1246.66    , array([ 0.0858295  ,  3.63625    ,  0.0419179  ,  0.121486   ])
2672    , -105.601    , array([ 0.0858295  ,  3.63625    ,  0.0419179  ,  0.0505751  ])
2676    , -104.689    , array([ 0.0858295  ,  3.63625    ,  0.0419179  ,  0.0490187  ])
2680    , -104.689    , array([ 0.0858295  ,  3.63625    ,  0.0419179  ,  0.0490232  ])
2684    , -104.408    , array([ 0.0782263  ,  3.50595    ,  0.0359953  ,  0.0506402  ])
2688    , -104.404    , array([ 0.077296   ,  3.49001    ,  0.0352706  ,  0.0508381  ])
2692    , -106.156    , array([ 0.0755697  ,  3.58282    ,  0.0318673  ,  0.0513773  ])
2696    , -104.698    , array([ 0.0766366  ,  3.52546    ,  0.0339707  ,  0.051044   ])
2700    , -104.393    , array([ 0.0774476  ,  3.48186    ,  0.0355694  ,  0.0507907  ])
2704    , -104.393    , array([ 0.0774491  ,  3.48178    ,  0.0355724  ,  0.0507903  ])
2708    , -106.785    , array([ 0.0774491  ,  2.86375    ,  0.0355724  ,  0.0507903  ])
2712    , -104.379    , array([ 0.0774491  ,  3.54171    ,  0.0355724  ,  0.0507903  ])
2716    , -18907      , array([ 0.0774491  ,  3.54111    ,  0.0355724  ,  1.05079    ])
2720    , -11133.2    , array([ 0.0774491  ,  3.54111    ,  0.0355724  ,  0.432756   ])
2724    , -1244.19    , array([ 0.0774491  ,  3.54111    ,  0.0355724  ,  0.123705   ])
2728    , -104.904    , array([ 0.0774491  ,  3.54111    ,  0.0355724  ,  0.0525433  ])
2732    , -104.299    , array([ 0.0774491  ,  3.54111    ,  0.0355724  ,  0.0512493  ])
2736    , -104.299    , array([ 0.0774491  ,  3.54111    ,  0.0355724  ,  0.0512539  ])
2740    , -104.15     , array([ 0.0733224  ,  3.47039    ,  0.0323578  ,  0.0521316  ])
2744    , -104.146    , array([ 0.0724956  ,  3.45622    ,  0.0317138  ,  0.0523074  ])
2748    , -103.881    , array([ 0.0601053  ,  3.3708     ,  0.02254    ,  0.0561165  ])
2752    , -103.859    , array([ 0.0626937  ,  3.38875    ,  0.0244569  ,  0.0553217  ])
2756    , -103.858    , array([ 0.0622599  ,  3.38574    ,  0.0241357  ,  0.0554549  ])
2760    , -104.134    , array([ 0.0633269  ,  3.32838    ,  0.026239   ,  0.0551217  ])
2764    , -103.739    , array([ 0.0626285  ,  3.36592    ,  0.0248623  ,  0.0553398  ])
2768    , -107.806    , array([ 0.0626285  ,  4.36592    ,  0.0248623  ,  0.0553398  ])
2772    , -104.641    , array([ 0.0626285  ,  3.74789    ,  0.0248623  ,  0.0553398  ])
2776    , -103.737    , array([ 0.0626285  ,  3.34571    ,  0.0248623  ,  0.0553398  ])
2780    , -19525.6    , array([ 0.0626285  ,  3.34591    ,  0.0248623  ,  1.05534    ])
2784    , -12464.3    , array([ 0.0626285  ,  3.34591    ,  0.0248623  ,  0.437306   ])
2788    , -1267.92    , array([ 0.0626285  ,  3.34591    ,  0.0248623  ,  0.128251   ])
2792    , -103.707    , array([ 0.0626285  ,  3.34591    ,  0.0248623  ,  0.0559904  ])
2796    , -103.684    , array([ 0.0626285  ,  3.34591    ,  0.0248623  ,  0.0557308  ])
2800    , -103.945    , array([ 0.0689848  ,  3.38999    ,  0.0295694  ,  0.0537791  ])
2804    , -103.546    , array([ 0.0577939  ,  3.31238    ,  0.021282   ,  0.0572152  ])
2808    , -103.592    , array([ 0.0573499  ,  3.30931    ,  0.0209532  ,  0.0573516  ])
2812    , -107.852    , array([ 0.0557083  ,  3.40271    ,  0.0176126  ,  0.0578647  ])
2816    , -104.245    , array([ 0.0567752  ,  3.34535    ,  0.019716   ,  0.0575315  ])
2820    , -103.523    , array([ 0.0575659  ,  3.30284    ,  0.0212747  ,  0.0572846  ])
2824    , -135.46     , array([ 0.0575646  ,  1.68487    ,  0.0212721  ,  0.057285   ])
2828    , -103.509    , array([ 0.0575646  ,  3.26735    ,  0.0212721  ,  0.057285   ])
2832    , -103.507    , array([ 0.0575646  ,  3.24702    ,  0.0212721  ,  0.057285   ])
2836    , -103.507    , array([ 0.0575646  ,  3.24757    ,  0.0212721  ,  0.057285   ])
2844    , -146.857    , array([ 0.0575646  ,  3.24757    ,  0.0212721  ,  0.0694684  ])
2848    , -103.47     , array([ 0.0575646  ,  3.24757    ,  0.0212721  ,  0.0576144  ])
2852    , -104.184    , array([ 0.0742056  ,  3.36297    ,  0.0335956  ,  0.0525048  ])
2856    , -103.477    , array([ 0.0552552  ,  3.23155    ,  0.0195619  ,  0.0583235  ])
2860    , -103.459    , array([ 0.0536931  ,  3.22072    ,  0.0184051  ,  0.0588032  ])
2864    , -103.381    , array([ 0.0499515  ,  3.13155    ,  0.0157942  ,  0.0602808  ])
2868    , -103.401    , array([ 0.0513807  ,  3.16561    ,  0.0167915  ,  0.0597164  ])
2872    , -103.378    , array([ 0.049078   ,  3.11073    ,  0.0151847  ,  0.0606258  ])
2876    , -103.378    , array([ 0.0491237  ,  3.11182    ,  0.0152165  ,  0.0606078  ])
2880    , -103.292    , array([ 0.0493586  ,  3.09919    ,  0.0156796  ,  0.0605344  ])
2884    , -103.292    , array([ 0.0493509  ,  3.0996     ,  0.0156645  ,  0.0605368  ])
2888    , -106.875    , array([ 0.0493509  ,  2.48157    ,  0.0156645  ,  0.0605368  ])
2892    , -103.285    , array([ 0.0493509  ,  3.06793    ,  0.0156645  ,  0.0605368  ])
2896    , -105.992    , array([ 0.0390662  ,  2.9966     ,  0.00804818 ,  0.0636947  ])
2900    , -103.5      , array([ 0.0454225  ,  3.04068    ,  0.0127553  ,  0.061743   ])
2904    , -103.284    , array([ 0.0490452  ,  3.06581    ,  0.0154381  ,  0.0606307  ])
2908    , -103.332    , array([ 0.0444757  ,  2.9569     ,  0.0122495  ,  0.0624352  ])
2912    , -103.27     , array([ 0.0472998  ,  3.02421    ,  0.0142202  ,  0.06132    ])
2916    , -103.27     , array([ 0.0473891  ,  3.02634    ,  0.0142825  ,  0.0612847  ])
2920    , -113.106    , array([ 0.0501988  ,  2.87655    ,  0.0198007  ,  0.0604058  ])
2924    , -103.259    , array([ 0.0475288  ,  3.0201     ,  0.0145371  ,  0.0612397  ])
2928    , -103.256    , array([ 0.047492   ,  3.02208    ,  0.0144645  ,  0.0612512  ])
2932    , -103.256    , array([ 0.0474929  ,  3.02203    ,  0.0144663  ,  0.0612509  ])
2936    , -103.251    , array([ 0.0474929  ,  3.04704    ,  0.0144663  ,  0.0612509  ])
2940    , -103.251    , array([ 0.0474929  ,  3.04915    ,  0.0144663  ,  0.0612509  ])
2944    , -103.551    , array([ 0.0538492  ,  3.09323    ,  0.0191734  ,  0.0592992  ])
2948    , -103.249    , array([ 0.0470641  ,  3.04617    ,  0.0141487  ,  0.0613826  ])
2952    , -103.249    , array([ 0.0471023  ,  3.04644    ,  0.014177   ,  0.0613708  ])
2956    , -103.317    , array([ 0.0499264  ,  3.11374    ,  0.0161476  ,  0.0602556  ])
2960    , -103.242    , array([ 0.0460026  ,  3.02023    ,  0.0134096  ,  0.0618052  ])
2964    , -103.242    , array([ 0.0460026  ,  3.02023    ,  0.0134096  ,  0.0618052  ])
2968    , -103.331    , array([ 0.0324229  ,  2.95732    ,  0.00484972 ,  0.0669058  ])
2972    , -103.174    , array([ 0.0388882  ,  2.98727    ,  0.00892511 ,  0.0644773  ])
2976    , -103.765    , array([ 0.0342     ,  2.87782    ,  0.00566166 ,  0.0663265  ])
2980    , -103.268    , array([ 0.037024   ,  2.94512    ,  0.0076323  ,  0.0652113  ])
2984    , -103.167    , array([ 0.0394388  ,  3.00267    ,  0.00931733 ,  0.0642576  ])
2988    , -159.188    , array([ 0.0394388  ,  1.38464    ,  0.00931733 ,  0.0642576  ])
2992    , -103.175    , array([ 0.0394388  ,  3.08054    ,  0.00931733 ,  0.0642576  ])
2996    , -103.16     , array([ 0.0394388  ,  3.03451    ,  0.00931733 ,  0.0642576  ])
3000    , -103.16     , array([ 0.0394388  ,  3.03483    ,  0.00931733 ,  0.0642576  ])
3004    , -103.16     , array([ 0.0394107  ,  3.03464    ,  0.00929653 ,  0.0642662  ])
3008    , -103.159    , array([ 0.0392673  ,  3.03365    ,  0.0091903  ,  0.0643103  ])
3012    , -103.159    , array([ 0.0392655  ,  3.03363    ,  0.00918902 ,  0.0643108  ])
3016    , -103.149    , array([ 0.0371353  ,  3.02376    ,  0.00784624 ,  0.0651109  ])
3020    , -103.149    , array([ 0.0369431  ,  3.02287    ,  0.00772506 ,  0.0651831  ])
3024    , -103.677    , array([ 0.0443595  ,  3.19919    ,  0.0128988  ,  0.0622546  ])
3028    , -103.148    , array([ 0.0374901  ,  3.03547    ,  0.00810523 ,  0.0649676  ])
3032    , -103.148    , array([ 0.0373585  ,  3.03233    ,  0.00801341 ,  0.0650195  ])
3036    , -103.147    , array([ 0.0372772  ,  3.0304     ,  0.00795667 ,  0.0650516  ])
3040    , -107.109    , array([ 0.0372772  ,  2.41236    ,  0.00795667 ,  0.0650516  ])
3044    , -103.145    , array([ 0.0372772  ,  3.04819    ,  0.00795667 ,  0.0650516  ])
3048    , -114.392    , array([ 0.0269925  ,  2.97666    ,  0.000340347,  0.0682095  ])
3052    , -104.079    , array([ 0.0333488  ,  3.02074    ,  0.00504749 ,  0.0662578  ])
3056    , -103.145    , array([ 0.0372589  ,  3.04785    ,  0.00794315 ,  0.0650572  ])
3060    , -103.145    , array([ 0.0372585  ,  3.04785    ,  0.00794282 ,  0.0650574  ])
3064    , -103.295    , array([ 0.0489616  ,  3.10207    ,  0.0153198  ,  0.0606616  ])
3068    , -103.141    , array([ 0.0362211  ,  3.04304    ,  0.00728883 ,  0.065447   ])
3072    , -103.141    , array([ 0.0359343  ,  3.04172    ,  0.0071081  ,  0.0655547  ])
