70      , -1316.02    , array([ 0.934956   ,  0.0998366  ,  5.01247    ,  2.52998    ,  0.0500622  ])
75      , -1310.95    , array([ 0.998694   ,  0.0998366  ,  5.01247    ,  2.52998    ,  0.0500622  ])
85      , -5110.79    , array([ 0.998689   ,  0.172714   ,  5.01247    ,  2.52998    ,  0.0500622  ])
90      , -1310.95    , array([ 0.998689   ,  0.0998661  ,  5.01247    ,  2.52998    ,  0.0500622  ])
95      , -1341.9     , array([ 0.998689   ,  0.0998621  ,  6.01247    ,  2.52998    ,  0.0500622  ])
100     , -1310.95    , array([ 0.998689   ,  0.0998621  ,  5.01005    ,  2.52998    ,  0.0500622  ])
105     , -1377.02    , array([ 0.998689   ,  0.0998621  ,  5.0041     ,  3.52998    ,  0.0500622  ])
110     , -1310.95    , array([ 0.998689   ,  0.0998621  ,  5.0041     ,  2.538      ,  0.0500622  ])
115     , -1310.94    , array([ 0.998689   ,  0.0998621  ,  5.0041     ,  2.52693    ,  0.0500622  ])
120     , -11488.7    , array([ 0.998689   ,  0.0998621  ,  5.0041     ,  2.52693    ,  0.432028   ])
125     , -12438.9    , array([ 0.998689   ,  0.0998621  ,  5.0041     ,  2.52693    ,  0.0156204  ])
130     , -1310.95    , array([ 0.998689   ,  0.0998621  ,  5.0041     ,  2.52693    ,  0.0499747  ])
