95      , -1637.12    , array([ 2.00242    ,  0.0997137  ,  0.0497691  ,  4.99223    ,  2.5154     ])
100     , -1332.14    , array([ 1.15742    ,  0.0997137  ,  0.0497691  ,  4.99223    ,  2.5154     ])
105     , -1310.99    , array([ 1.00057    ,  0.0997137  ,  0.0497691  ,  4.99223    ,  2.5154     ])
110     , -1310.99    , array([ 1.00057    ,  0.0997137  ,  0.0497691  ,  4.99223    ,  2.5154     ])
115     , -82529.9    , array([ 1.00057    ,  0.00954381 ,  0.0497691  ,  4.99223    ,  2.5154     ])
120     , -1311.07    , array([ 1.00057    ,  0.0994578  ,  0.0497691  ,  4.99223    ,  2.5154     ])
125     , -1310.99    , array([ 1.00057    ,  0.0996983  ,  0.0497691  ,  4.99223    ,  2.5154     ])
130     , -11593.9    , array([ 1.00057    ,  0.0996983  ,  0.431735   ,  4.99223    ,  2.5154     ])
135     , -12764.8    , array([ 1.00057    ,  0.0996983  ,  0.0153273  ,  4.99223    ,  2.5154     ])
140     , -1310.99    , array([ 1.00057    ,  0.0996983  ,  0.049738   ,  4.99223    ,  2.5154     ])
145     , -1310.99    , array([ 1.00057    ,  0.0996983  ,  0.0497906  ,  4.99223    ,  2.5154     ])
150     , -1315.31    , array([ 1.00057    ,  0.0996983  ,  0.0497906  ,  5.3742     ,  2.5154     ])
155     , -1310.98    , array([ 1.00057    ,  0.0996983  ,  0.0497906  ,  5.00127    ,  2.5154     ])
160     , -1320.94    , array([ 1.00057    ,  0.0996983  ,  0.0497906  ,  5.00127    ,  2.89736    ])
165     , -1310.98    , array([ 1.00057    ,  0.0996983  ,  0.0497906  ,  5.00127    ,  2.51696    ])
