8       , -859.754    , array([ 0.299407   ,  1.21576    ,  0.0678159  ,  0.0351866  ])
12      , -243.72     , array([ 0.0739942  ,  1.21576    ,  0.0678159  ,  0.0351866  ])
16      , -91.2574    , array([ 0.108622   ,  1.21576    ,  0.0678159  ,  0.0351866  ])
20      , -91.2574    , array([ 0.108617   ,  1.21576    ,  0.0678159  ,  0.0351866  ])
24      , -181.604    , array([ 0.108617   ,  0.597721   ,  0.0678159  ,  0.0351866  ])
28      , -91.2573    , array([ 0.108617   ,  1.22251    ,  0.0678159  ,  0.0351866  ])
32      , -91.2564    , array([ 0.108617   ,  1.21931    ,  0.0678159  ,  0.0351866  ])
44      , -91.2351    , array([ 0.108617   ,  1.21931    ,  0.0674559  ,  0.0351866  ])
48      , -91.2351    , array([ 0.108617   ,  1.21931    ,  0.0674348  ,  0.0351866  ])
60      , -224.579    , array([ 0.108617   ,  1.21931    ,  0.0674348  ,  0.0220309  ])
64      , -91.2328    , array([ 0.108617   ,  1.21931    ,  0.0674348  ,  0.0352509  ])
68      , -91.2328    , array([ 0.108617   ,  1.21931    ,  0.0674348  ,  0.0352509  ])
76      , -19301.9    , array([ 0.0184467  ,  1.21931    ,  0.0674348  ,  0.0352509  ])
80      , -91.8073    , array([ 0.110984   ,  1.21931    ,  0.0674348  ,  0.0352509  ])
84      , -91.22      , array([ 0.108209   ,  1.21931    ,  0.0674348  ,  0.0352509  ])
88      , -91.22      , array([ 0.108213   ,  1.21931    ,  0.0674348  ,  0.0352509  ])
92      , -91.344     , array([ 0.108213   ,  1.18117    ,  0.0674348  ,  0.0352509  ])
96      , -91.22      , array([ 0.108213   ,  1.21921    ,  0.0674348  ,  0.0352509  ])
100     , -91.22      , array([ 0.108213   ,  1.21919    ,  0.0674348  ,  0.0352509  ])
108     , -3843.29    , array([ 0.108213   ,  1.21919    ,  0.258344   ,  0.0352509  ])
112     , -93.4512    , array([ 0.108213   ,  1.21919    ,  0.0633094  ,  0.0352509  ])
116     , -91.203     , array([ 0.108213   ,  1.21919    ,  0.0670996  ,  0.0352509  ])
124     , -2860.46    , array([ 0.108213   ,  1.21919    ,  0.0670963  ,  0.2262     ])
128     , -1896.08    , array([ 0.108213   ,  1.21919    ,  0.0670963  ,  0.000809089])
132     , -91.3078    , array([ 0.108213   ,  1.21919    ,  0.0670963  ,  0.0357458  ])
136     , -91.2011    , array([ 0.108213   ,  1.21919    ,  0.0670963  ,  0.0353099  ])
140     , -91.1203    , array([ 0.107155   ,  1.21886    ,  0.0662099  ,  0.0354621  ])
144     , -90.472     , array([ 0.0903298  ,  1.2136     ,  0.0521087  ,  0.0378931  ])
148     , -90.4462    , array([ 0.0923306  ,  1.21422    ,  0.0537855  ,  0.037604   ])
152     , -90.4461    , array([ 0.0924879  ,  1.21427    ,  0.0539173  ,  0.0375813  ])
160     , -117.552    , array([ 0.108449   ,  1.21427    ,  0.0539173  ,  0.0375813  ])
164     , -90.2404    , array([ 0.0911307  ,  1.21427    ,  0.0539173  ,  0.0375813  ])
172     , -91.7459    , array([ 0.0911307  ,  1.33389    ,  0.0539173  ,  0.0375813  ])
176     , -90.2056    , array([ 0.0911307  ,  1.19479    ,  0.0539173  ,  0.0375813  ])
180     , -4587.23    , array([ 0.0911307  ,  1.19479    ,  0.0539173  ,  1.03758    ])
184     , -4110.68    , array([ 0.0911307  ,  1.19479    ,  0.0539173  ,  0.419547   ])
188     , -1090.08    , array([ 0.0911307  ,  1.19479    ,  0.0539173  ,  0.110518   ])
192     , -95.501     , array([ 0.0911307  ,  1.19479    ,  0.0539173  ,  0.0410894  ])
196     , -90.179     , array([ 0.0911307  ,  1.19479    ,  0.0539173  ,  0.0378041  ])
200     , -92.127     , array([ 0.116574   ,  1.20274    ,  0.0752413  ,  0.0341302  ])
204     , -90.0721    , array([ 0.0848202  ,  1.19282    ,  0.0486285  ,  0.0387181  ])
208     , -90.0581    , array([ 0.0862817  ,  1.19327    ,  0.0498534  ,  0.0385069  ])
212     , -2531.77    , array([ 1.08623    ,  1.19326    ,  0.0498124  ,  0.038514   ])
216     , -1666.4     , array([ 0.468199   ,  1.19326    ,  0.0498124  ,  0.038514   ])
220     , -401.262    , array([ 0.159177   ,  1.19326    ,  0.0498124  ,  0.038514   ])
224     , -90.0611    , array([ 0.0845583  ,  1.19326    ,  0.0498124  ,  0.038514   ])
228     , -89.9697    , array([ 0.0853948  ,  1.19326    ,  0.0498124  ,  0.038514   ])
232     , -193.411    , array([ 0.0853948  ,  0.575224   ,  0.0498124  ,  0.038514   ])
236     , -89.9366    , array([ 0.0853948  ,  1.17868    ,  0.0498124  ,  0.038514   ])
240     , -89.9349    , array([ 0.0853948  ,  1.17442    ,  0.0498124  ,  0.038514   ])
244     , -89.9349    , array([ 0.0853948  ,  1.17461    ,  0.0498124  ,  0.038514   ])
252     , -285.894    , array([ 0.0853948  ,  1.17461    ,  0.0498124  ,  0.0628551  ])
256     , -89.9073    , array([ 0.0853948  ,  1.17461    ,  0.0498124  ,  0.0387423  ])
260     , -89.9073    , array([ 0.0853948  ,  1.17461    ,  0.0498124  ,  0.0387473  ])
264     , -90.5467    , array([ 0.0951133  ,  1.17765    ,  0.0579574  ,  0.0373431  ])
268     , -89.845     , array([ 0.082293   ,  1.17364    ,  0.0472128  ,  0.0391955  ])
272     , -89.845     , array([ 0.0823431  ,  1.17366    ,  0.0472548  ,  0.0391882  ])
276     , -89.4208    , array([ 0.07216    ,  1.12234    ,  0.0405588  ,  0.0409533  ])
280     , -89.2878    , array([ 0.0648093  ,  1.0853     ,  0.0357254  ,  0.0422275  ])
284     , -107.276    , array([ 0.0490845  ,  1.08038    ,  0.0225465  ,  0.0444995  ])
288     , -91.1044    , array([ 0.058803   ,  1.08342    ,  0.0306915  ,  0.0430953  ])
292     , -89.2195    , array([ 0.066567   ,  1.08584    ,  0.0371985  ,  0.0419735  ])
296     , -139.571    , array([ 0.0665846  ,  2.08585    ,  0.0372132  ,  0.041971   ])
300     , -101.719    , array([ 0.0665846  ,  1.46782    ,  0.0372132  ,  0.041971   ])
304     , -89.2014    , array([ 0.0665846  ,  1.09689    ,  0.0372132  ,  0.041971   ])
308     , -4112.48    , array([ 0.0665846  ,  1.09706    ,  0.0372132  ,  1.04197    ])
312     , -3684.39    , array([ 0.0665846  ,  1.09706    ,  0.0372132  ,  0.423937   ])
316     , -975.096    , array([ 0.0665846  ,  1.09706    ,  0.0372132  ,  0.114909   ])
320     , -93.0741    , array([ 0.0665846  ,  1.09706    ,  0.0372132  ,  0.0450049  ])
324     , -89.2011    , array([ 0.0665846  ,  1.09706    ,  0.0372132  ,  0.0419982  ])
328     , -90.5528    , array([ 0.0949549  ,  1.24003    ,  0.0558681  ,  0.0370805  ])
332     , -89.1347    , array([ 0.0583556  ,  1.05559    ,  0.0318023  ,  0.0434245  ])
336     , -89.1094    , array([ 0.0607431  ,  1.06762    ,  0.0333722  ,  0.0430107  ])
340     , -93.5829    , array([ 0.0862443  ,  1.07586    ,  0.0547342  ,  0.0393245  ])
344     , -89.1619    , array([ 0.0633526  ,  1.06871    ,  0.0355487  ,  0.042632   ])
348     , -89.0895    , array([ 0.0616405  ,  1.06817    ,  0.0341139  ,  0.0428794  ])
356     , -91.2963    , array([ 0.0616405  ,  1.20934    ,  0.0341139  ,  0.0428794  ])
360     , -89.0731    , array([ 0.0616405  ,  1.07846    ,  0.0341139  ,  0.0428794  ])
368     , -2397.03    , array([ 0.0616405  ,  1.07846    ,  0.0341139  ,  0.233834   ])
372     , -1350.39    , array([ 0.0616405  ,  1.07846    ,  0.0341139  ,  0.00843751 ])
376     , -89.1287    , array([ 0.0616405  ,  1.07846    ,  0.0341139  ,  0.0431956  ])
380     , -89.0723    , array([ 0.0616405  ,  1.07846    ,  0.0341139  ,  0.0428358  ])
384     , -89.0723    , array([ 0.0616405  ,  1.07846    ,  0.0341139  ,  0.0428362  ])
388     , -89.0352    , array([ 0.0586951  ,  1.06361    ,  0.0321771  ,  0.0433468  ])
392     , -89.0348    , array([ 0.0583393  ,  1.06182    ,  0.0319431  ,  0.0434084  ])
396     , -88.8942    , array([ 0.0520129  ,  1.04646    ,  0.02818    ,  0.0444555  ])
400     , -88.9215    , array([ 0.0360026  ,  1.00739    ,  0.0186517  ,  0.047106   ])
404     , -88.7947    , array([ 0.0424885  ,  1.02322    ,  0.0225117  ,  0.0460323  ])
408     , -88.7947    , array([ 0.0423281  ,  1.02283    ,  0.0224162  ,  0.0460588  ])
412     , -88.8211    , array([ 0.0421047  ,  1.02276    ,  0.022229   ,  0.0460911  ])
416     , -88.7736    , array([ 0.0427901  ,  1.02297    ,  0.0228034  ,  0.0459921  ])
420     , -88.7736    , array([ 0.0427855  ,  1.02297    ,  0.0227996  ,  0.0459927  ])
424     , -89.0753    , array([ 0.0427855  ,  0.990566   ,  0.0227996  ,  0.0459927  ])
428     , -88.765     , array([ 0.0427855  ,  1.02974    ,  0.0227996  ,  0.0459927  ])
432     , -88.765     , array([ 0.0427855  ,  1.02967    ,  0.0227996  ,  0.0459927  ])
440     , -233.724    , array([ 0.0427855  ,  1.02967    ,  0.0227996  ,  0.0686542  ])
444     , -88.7495    , array([ 0.0427855  ,  1.02967    ,  0.0227996  ,  0.0457812  ])
448     , -88.7494    , array([ 0.0427855  ,  1.02967    ,  0.0227996  ,  0.0457953  ])
452     , -88.8912    , array([ 0.0527012  ,  1.05387    ,  0.0287009  ,  0.0441538  ])
456     , -88.7306    , array([ 0.0392418  ,  1.02102    ,  0.0206906  ,  0.0463819  ])
460     , -88.7305    , array([ 0.0394066  ,  1.02142    ,  0.0207887  ,  0.0463547  ])
464     , -104.987    , array([ 0.0648834  ,  1.02945    ,  0.0421326  ,  0.0426729  ])
468     , -89.2316    , array([ 0.0419165  ,  1.02228    ,  0.0228841  ,  0.0459913  ])
472     , -88.7218    , array([ 0.0397038  ,  1.02159    ,  0.0210296  ,  0.046311   ])
476     , -156.379    , array([ 0.0397038  ,  2.02159    ,  0.0210296  ,  0.046311   ])
480     , -105.896    , array([ 0.0397038  ,  1.40355    ,  0.0210296  ,  0.046311   ])
484     , -88.7123    , array([ 0.0397038  ,  1.02851    ,  0.0210296  ,  0.046311   ])
488     , -3787.83    , array([ 0.0397038  ,  1.02858    ,  0.0210296  ,  1.04631    ])
492     , -3378.98    , array([ 0.0397038  ,  1.02858    ,  0.0210296  ,  0.428277   ])
496     , -891.029    , array([ 0.0397038  ,  1.02858    ,  0.0210296  ,  0.11925    ])
500     , -91.6316    , array([ 0.0397038  ,  1.02858    ,  0.0210296  ,  0.0489486  ])
504     , -88.7051    , array([ 0.0397038  ,  1.02858    ,  0.0210296  ,  0.0461776  ])
508     , -89.2543    , array([ 0.0656634  ,  1.09194    ,  0.0364793  ,  0.0418787  ])
512     , -88.7036    , array([ 0.0395378  ,  1.02818    ,  0.0209309  ,  0.0462038  ])
516     , -88.6927    , array([ 0.0374243  ,  1.02302    ,  0.019673   ,  0.0465537  ])
520     , -88.6927    , array([ 0.0373854  ,  1.02292    ,  0.0196498  ,  0.0465601  ])
524     , -88.7081    , array([ 0.025515   ,  1.03113    ,  0.0129554  ,  0.047779   ])
528     , -88.6323    , array([ 0.0303909  ,  1.02776    ,  0.0157052  ,  0.0472783  ])
532     , -116.512    , array([ 0.0559172  ,  1.03565    ,  0.037076   ,  0.0435936  ])
536     , -90.022     , array([ 0.0333145  ,  1.02859    ,  0.0181328  ,  0.0468593  ])
540     , -88.6193    , array([ 0.0306981  ,  1.02777    ,  0.01594    ,  0.0472374  ])
548     , -91.789     , array([ 0.0306959  ,  1.16594    ,  0.0159381  ,  0.0472377  ])
552     , -88.6192    , array([ 0.0306959  ,  1.02748    ,  0.0159381  ,  0.0472377  ])
556     , -88.6193    , array([ 0.0306959  ,  1.02708    ,  0.0159381  ,  0.0472377  ])
560     , -88.6192    , array([ 0.0306959  ,  1.02747    ,  0.0159381  ,  0.0472377  ])
568     , -2216.85    , array([ 0.0306959  ,  1.02748    ,  0.0159381  ,  0.238194   ])
572     , -1166.45    , array([ 0.0306959  ,  1.02748    ,  0.0159381  ,  0.0127958  ])
576     , -88.6581    , array([ 0.0306959  ,  1.02748    ,  0.0159381  ,  0.0475977  ])
580     , -88.6186    , array([ 0.0306959  ,  1.02748    ,  0.0159381  ,  0.0472789  ])
584     , -88.6186    , array([ 0.0306959  ,  1.02748    ,  0.0159381  ,  0.0472793  ])
588     , -88.6121    , array([ 0.0287008  ,  1.02885    ,  0.0148129  ,  0.0474842  ])
592     , -88.6121    , array([ 0.0285659  ,  1.02895    ,  0.0147368  ,  0.047498   ])
596     , -120.366    , array([ 0.0540303  ,  1.03688    ,  0.0360727  ,  0.0438197  ])
600     , -90.4398    , array([ 0.0314232  ,  1.02982    ,  0.0171258  ,  0.0470861  ])
604     , -88.6101    , array([ 0.0286672  ,  1.02896    ,  0.014816   ,  0.0474843  ])
608     , -159.658    , array([ 0.0286664  ,  2.02896    ,  0.0148153  ,  0.0474844  ])
612     , -107.133    , array([ 0.0286664  ,  1.41092    ,  0.0148153  ,  0.0474844  ])
616     , -88.6086    , array([ 0.0286664  ,  1.0264     ,  0.0148153  ,  0.0474844  ])
620     , -88.6086    , array([ 0.0286664  ,  1.0262     ,  0.0148153  ,  0.0474844  ])
632     , -177.326    , array([ 0.0286664  ,  1.0262     ,  0.0148153  ,  0.0343288  ])
636     , -88.6071    , array([ 0.0286664  ,  1.0262     ,  0.0148153  ,  0.0475447  ])
640     , -88.7839    , array([ 0.0217549  ,  1.03098    ,  0.0109175  ,  0.0482544  ])
644     , -88.6128    , array([ 0.0260265  ,  1.02803    ,  0.0133265  ,  0.0478158  ])
648     , -88.6054    , array([ 0.0276939  ,  1.02687    ,  0.0142669  ,  0.0476446  ])
