1760    , -2996.42    , array([ 1.06724    ,  3.0629     ,  0.242683   ,  0.0511168  ])
1764    , -1373.44    , array([ 0.449203   ,  3.0629     ,  0.242683   ,  0.0511168  ])
1768    , -261.984    , array([ 0.140183   ,  3.0629     ,  0.242683   ,  0.0511168  ])
1772    , -106.008    , array([ 0.0671392  ,  3.0629     ,  0.242683   ,  0.0511168  ])
1776    , -106.003    , array([ 0.0674445  ,  3.0629     ,  0.242683   ,  0.0511168  ])
1780    , -106.003    , array([ 0.0674466  ,  3.0629     ,  0.242683   ,  0.0511168  ])
1784    , -105.984    , array([ 0.0674466  ,  3.12153    ,  0.242683   ,  0.0511168  ])
1788    , -105.984    , array([ 0.0674466  ,  3.11973    ,  0.242683   ,  0.0511168  ])
1796    , -105.947    , array([ 0.0674466  ,  3.11973    ,  0.240902   ,  0.0511168  ])
1800    , -105.942    , array([ 0.0674466  ,  3.11973    ,  0.239996   ,  0.0511168  ])
1812    , -131.558    , array([ 0.0674466  ,  3.11973    ,  0.239996   ,  0.0432326  ])
1816    , -105.926    , array([ 0.0674466  ,  3.11973    ,  0.239996   ,  0.0513275  ])
1820    , -3004.82    , array([ 1.06745    ,  3.11973    ,  0.239996   ,  0.0513296  ])
1824    , -1384.81    , array([ 0.449413   ,  3.11973    ,  0.239996   ,  0.0513296  ])
1828    , -267.037    , array([ 0.140392   ,  3.11973    ,  0.239996   ,  0.0513296  ])
1832    , -105.918    , array([ 0.0664773  ,  3.11973    ,  0.239996   ,  0.0513296  ])
1836    , -105.908    , array([ 0.0668909  ,  3.11973    ,  0.239996   ,  0.0513296  ])
1840    , -108.84     , array([ 0.0668909  ,  2.5017     ,  0.239996   ,  0.0513296  ])
1844    , -105.908    , array([ 0.0668909  ,  3.121      ,  0.239996   ,  0.0513296  ])
1848    , -105.908    , array([ 0.0668909  ,  3.12075    ,  0.239996   ,  0.0513296  ])
1852    , -105.908    , array([ 0.0668909  ,  3.12092    ,  0.239996   ,  0.0513296  ])
1860    , -105.874    , array([ 0.0668909  ,  3.12092    ,  0.238371   ,  0.0513296  ])
1864    , -105.869    , array([ 0.0668909  ,  3.12092    ,  0.237427   ,  0.0513296  ])
1876    , -130.845    , array([ 0.0668909  ,  3.12092    ,  0.237427   ,  0.0435265  ])
1880    , -105.853    , array([ 0.0668909  ,  3.12092    ,  0.237427   ,  0.0515379  ])
1884    , -105.781    , array([ 0.0663352  ,  3.12211    ,  0.234858   ,  0.0517504  ])
1888    , -104.382    , array([ 0.0521011  ,  3.1526     ,  0.169057   ,  0.0571393  ])
1892    , -103.862    , array([ 0.0397484  ,  3.17906    ,  0.111953   ,  0.061816   ])
1896    , -103.853    , array([ 0.0408935  ,  3.17661    ,  0.117246   ,  0.0613825  ])
1908    , -635.143    , array([ 0.0130345  ,  3.17661    ,  0.117246   ,  0.0613825  ])
1912    , -103.749    , array([ 0.0416373  ,  3.17661    ,  0.117246   ,  0.0613825  ])
1916    , -108.305    , array([ 0.0416492  ,  4.17661    ,  0.117246   ,  0.0613825  ])
1920    , -104.646    , array([ 0.0416492  ,  3.55857    ,  0.117246   ,  0.0613825  ])
1924    , -103.744    , array([ 0.0416492  ,  3.14933    ,  0.117246   ,  0.0613825  ])
1932    , -6980.4     , array([ 0.0416492  ,  3.14933    ,  0.117246   ,  0.252234   ])
1936    , -472.017    , array([ 0.0416492  ,  3.14933    ,  0.117246   ,  0.0314726  ])
1940    , -103.729    , array([ 0.0416492  ,  3.14933    ,  0.117246   ,  0.0615925  ])
1944    , -108.612    , array([ 0.0837139  ,  3.05924    ,  0.311703   ,  0.045667   ])
1948    , -103.911    , array([ 0.0449978  ,  3.14216    ,  0.132726   ,  0.0603247  ])
1952    , -103.666    , array([ 0.038958   ,  3.1551     ,  0.104805   ,  0.0626114  ])
1956    , -103.666    , array([ 0.038958   ,  3.1551     ,  0.104805   ,  0.0626114  ])
1972    , -103.607    , array([ 0.0394754  ,  3.1551     ,  0.104805   ,  0.0626114  ])
1976    , -103.607    , array([ 0.0394842  ,  3.1551     ,  0.104805   ,  0.0626114  ])
1980    , -106.563    , array([ 0.0394842  ,  2.53706    ,  0.104805   ,  0.0626114  ])
1984    , -103.6      , array([ 0.0394842  ,  3.12151    ,  0.104805   ,  0.0626114  ])
1988    , -20610.1    , array([ 0.0394842  ,  3.12184    ,  0.104805   ,  1.06261    ])
1992    , -16890.3    , array([ 0.0394842  ,  3.12184    ,  0.104805   ,  0.444577   ])
1996    , -1530.98    , array([ 0.0394842  ,  3.12184    ,  0.104805   ,  0.135509   ])
2000    , -103.588    , array([ 0.0394842  ,  3.12184    ,  0.104805   ,  0.0627998  ])
2008    , -105.803    , array([ 0.0295541  ,  3.14311    ,  0.0589004  ,  0.0665593  ])
2012    , -103.558    , array([ 0.0380286  ,  3.12496    ,  0.0980763  ,  0.0633509  ])
2016    , -103.557    , array([ 0.0378173  ,  3.12541    ,  0.0970994  ,  0.0634309  ])
2020    , -103.339    , array([ 0.0348903  ,  3.04758    ,  0.0772008  ,  0.0655539  ])
2024    , -105.032    , array([ 0.0253938  ,  2.79656    ,  0.0127546  ,  0.0724236  ])
2028    , -103.108    , array([ 0.0304669  ,  2.93066    ,  0.0471821  ,  0.0687538  ])
2032    , -103.108    , array([ 0.0304669  ,  2.93066    ,  0.0471821  ,  0.0687538  ])
2036    , -105.198    , array([ 0.0465342  ,  2.89624    ,  0.121458   ,  0.0626708  ])
2040    , -103.203    , array([ 0.0332936  ,  2.9246     ,  0.0602495  ,  0.0676836  ])
2044    , -103.158    , array([ 0.0302555  ,  2.93111    ,  0.046205   ,  0.0688338  ])
2048    , -103.102    , array([ 0.0304908  ,  2.93061    ,  0.0472928  ,  0.0687447  ])
2052    , -103.095    , array([ 0.0305239  ,  2.93053    ,  0.0474459  ,  0.0687322  ])
2056    , -103.094    , array([ 0.0305268  ,  2.93053    ,  0.0474592  ,  0.0687311  ])
2060    , -103.094    , array([ 0.0305274  ,  2.93053    ,  0.047462   ,  0.0687309  ])
2064    , -103.772    , array([ 0.0305274  ,  2.69446    ,  0.047462   ,  0.0687309  ])
2068    , -103.239    , array([ 0.0305274  ,  2.9377     ,  0.047462   ,  0.0687309  ])
2072    , -103.239    , array([ 0.0305274  ,  2.93157    ,  0.047462   ,  0.0687309  ])
2076    , -103.094    , array([ 0.0305274  ,  2.93068    ,  0.047462   ,  0.0687309  ])
2080    , -103.094    , array([ 0.0305274  ,  2.9308     ,  0.047462   ,  0.0687309  ])
2084    , -103.094    , array([ 0.0305274  ,  2.93083    ,  0.047462   ,  0.0687309  ])
2088    , -103.094    , array([ 0.0305274  ,  2.93083    ,  0.047462   ,  0.0687309  ])
2096    , -104.311    , array([ 0.0305274  ,  2.93083    ,  0.047462   ,  0.0702556  ])
2100    , -103.107    , array([ 0.0305274  ,  2.93083    ,  0.047462   ,  0.0687837  ])
2104    , -103.238    , array([ 0.0305274  ,  2.93083    ,  0.047462   ,  0.0687277  ])
2108    , -103.239    , array([ 0.0305274  ,  2.93083    ,  0.047462   ,  0.0687304  ])
2112    , -103.239    , array([ 0.0305274  ,  2.93083    ,  0.047462   ,  0.0687308  ])
2116    , -103.094    , array([ 0.0305274  ,  2.93083    ,  0.047462   ,  0.0687309  ])
2120    , -103.094    , array([ 0.0305274  ,  2.93083    ,  0.047462   ,  0.0687309  ])
2124    , -103.094    , array([ 0.0305274  ,  2.93083    ,  0.047462   ,  0.0687309  ])
2128    , -103.094    , array([ 0.0305274  ,  2.93083    ,  0.047462   ,  0.0687309  ])
2132    , -103.196    , array([ 0.0294526  ,  2.90242    ,  0.040168   ,  0.0695084  ])
2136    , -103.098    , array([ 0.0304675  ,  2.92924    ,  0.0470555  ,  0.0687742  ])
2140    , -103.095    , array([ 0.0305187  ,  2.9306     ,  0.0474027  ,  0.0687372  ])
2144    , -103.094    , array([ 0.0305261  ,  2.93079    ,  0.0474534  ,  0.0687318  ])
2148    , -103.094    , array([ 0.0305272  ,  2.93082    ,  0.0474608  ,  0.068731   ])
2152    , -103.094    , array([ 0.0305274  ,  2.93083    ,  0.0474618  ,  0.0687309  ])
2156    , -103.094    , array([ 0.0305274  ,  2.93083    ,  0.047462   ,  0.0687309  ])
2160    , -103.094    , array([ 0.0305274  ,  2.93083    ,  0.047462   ,  0.0687309  ])
2164    , -103.094    , array([ 0.0305274  ,  2.93083    ,  0.047462   ,  0.0687309  ])
2168    , -103.239    , array([ 0.0305274  ,  2.93083    ,  0.047462   ,  0.0687309  ])
2172    , -103.239    , array([ 0.0305274  ,  2.93083    ,  0.047462   ,  0.0687309  ])
2176    , -103.094    , array([ 0.0305274  ,  2.93083    ,  0.047462   ,  0.0687309  ])
2180    , -105.204    , array([ 0.0465947  ,  2.89641    ,  0.121738   ,  0.0626479  ])
2184    , -103.209    , array([ 0.0333478  ,  2.92479    ,  0.0605001  ,  0.0676631  ])
2188    , -103.143    , array([ 0.030316   ,  2.93128    ,  0.0464849  ,  0.0688109  ])
2192    , -103.235    , array([ 0.0305507  ,  2.93078    ,  0.0475695  ,  0.0687221  ])
2196    , -103.239    , array([ 0.0305308  ,  2.93082    ,  0.0474777  ,  0.0687296  ])
2200    , -103.239    , array([ 0.0305279  ,  2.93083    ,  0.0474643  ,  0.0687307  ])
2204    , -103.239    , array([ 0.0305275  ,  2.93083    ,  0.0474624  ,  0.0687308  ])
2208    , -103.239    , array([ 0.0305274  ,  2.93083    ,  0.0474621  ,  0.0687308  ])
2212    , -103.239    , array([ 0.0305274  ,  2.93083    ,  0.047462   ,  0.0687309  ])
2216    , -103.239    , array([ 0.0305274  ,  2.93083    ,  0.047462   ,  0.0687309  ])
2220    , -103.239    , array([ 0.0305274  ,  2.93083    ,  0.047462   ,  0.0687309  ])
2224    , -103.239    , array([ 0.0305274  ,  2.93083    ,  0.047462   ,  0.0687309  ])
2228    , -103.094    , array([ 0.0305274  ,  2.93083    ,  0.047462   ,  0.0687309  ])
2232    , -108.808    , array([ 0.0305274  ,  3.93083    ,  0.047462   ,  0.0687309  ])
2236    , -104.255    , array([ 0.0305274  ,  3.31279    ,  0.047462   ,  0.0687309  ])
2240    , -103.105    , array([ 0.0305274  ,  2.91735    ,  0.047462   ,  0.0687309  ])
2244    , -103.239    , array([ 0.0305274  ,  2.93355    ,  0.047462   ,  0.0687309  ])
2248    , -103.239    , array([ 0.0305274  ,  2.93122    ,  0.047462   ,  0.0687309  ])
2252    , -103.239    , array([ 0.0305274  ,  2.93089    ,  0.047462   ,  0.0687309  ])
2256    , -103.239    , array([ 0.0305274  ,  2.93084    ,  0.047462   ,  0.0687309  ])
2260    , -103.239    , array([ 0.0305274  ,  2.93083    ,  0.047462   ,  0.0687309  ])
2264    , -103.239    , array([ 0.0305274  ,  2.93083    ,  0.047462   ,  0.0687309  ])
2268    , -103.239    , array([ 0.0305274  ,  2.93083    ,  0.047462   ,  0.0687309  ])
2272    , -103.239    , array([ 0.0305274  ,  2.93083    ,  0.047462   ,  0.0687309  ])
2276    , -103.239    , array([ 0.0305274  ,  2.93083    ,  0.047462   ,  0.0687309  ])
2280    , -103.239    , array([ 0.0305274  ,  2.93083    ,  0.047462   ,  0.0687309  ])
2284    , -103.094    , array([ 0.0305274  ,  2.93083    ,  0.047462   ,  0.0687309  ])
2292    , -8956.11    , array([ 0.0305274  ,  2.93083    ,  0.047462   ,  0.259555   ])
2296    , -300.905    , array([ 0.0305274  ,  2.93083    ,  0.047462   ,  0.0458415  ])
2300    , -103.233    , array([ 0.0305274  ,  2.93083    ,  0.047462   ,  0.068709   ])
2304    , -103.096    , array([ 0.0305274  ,  2.93083    ,  0.047462   ,  0.0687386  ])
2308    , -103.094    , array([ 0.0305274  ,  2.93083    ,  0.047462   ,  0.068732   ])
2312    , -103.094    , array([ 0.0305274  ,  2.93083    ,  0.047462   ,  0.068731   ])
2316    , -103.094    , array([ 0.0305274  ,  2.93083    ,  0.047462   ,  0.0687309  ])
2320    , -103.094    , array([ 0.0305274  ,  2.93083    ,  0.047462   ,  0.0687309  ])
2324    , -103.094    , array([ 0.0305274  ,  2.93083    ,  0.047462   ,  0.0687309  ])
2328    , -103.094    , array([ 0.0305274  ,  2.93083    ,  0.047462   ,  0.0687309  ])
2332    , -103.094    , array([ 0.0305274  ,  2.93083    ,  0.047462   ,  0.0687309  ])
2336    , -103.094    , array([ 0.0305274  ,  2.93083    ,  0.047462   ,  0.0687309  ])
2340    , -103.196    , array([ 0.0294526  ,  2.90242    ,  0.040168   ,  0.0695084  ])
2344    , -103.098    , array([ 0.0304675  ,  2.92924    ,  0.0470555  ,  0.0687742  ])
2348    , -103.095    , array([ 0.0305187  ,  2.9306     ,  0.0474027  ,  0.0687372  ])
2352    , -103.094    , array([ 0.0305261  ,  2.93079    ,  0.0474534  ,  0.0687318  ])
2356    , -103.094    , array([ 0.0305272  ,  2.93082    ,  0.0474608  ,  0.068731   ])
2360    , -103.094    , array([ 0.0305274  ,  2.93083    ,  0.0474618  ,  0.0687309  ])
2364    , -103.094    , array([ 0.0305274  ,  2.93083    ,  0.047462   ,  0.0687309  ])
2368    , -103.094    , array([ 0.0305274  ,  2.93083    ,  0.047462   ,  0.0687309  ])
2372    , -103.094    , array([ 0.0305274  ,  2.93083    ,  0.047462   ,  0.0687309  ])
2376    , -103.094    , array([ 0.0305274  ,  2.93083    ,  0.047462   ,  0.0687309  ])
2380    , -103.094    , array([ 0.0305274  ,  2.93083    ,  0.047462   ,  0.0687309  ])
2384    , -103.094    , array([ 0.0305274  ,  2.93083    ,  0.047462   ,  0.0687309  ])
