84      , -1002.41    , array([ 0.278018   ,  1.17119    ,  0.0508025  ,  0.0385857  ])
88      , -369.423    , array([ 0.0526054  ,  1.17119    ,  0.0508025  ,  0.0385857  ])
92      , -89.9485    , array([ 0.0866213  ,  1.17119    ,  0.0508025  ,  0.0385857  ])
96      , -89.9485    , array([ 0.086607   ,  1.17119    ,  0.0508025  ,  0.0385857  ])
100     , -204.549    , array([ 0.086607   ,  0.553152   ,  0.0508025  ,  0.0385857  ])
104     , -89.939     , array([ 0.086607   ,  1.16479    ,  0.0508025  ,  0.0385857  ])
108     , -89.9374    , array([ 0.086607   ,  1.16081    ,  0.0508025  ,  0.0385857  ])
112     , -89.9374    , array([ 0.086607   ,  1.16091    ,  0.0508025  ,  0.0385857  ])
120     , -90.6118    , array([ 0.086607   ,  1.16091    ,  0.0523872  ,  0.0385857  ])
124     , -89.9374    , array([ 0.086607   ,  1.16091    ,  0.0508117  ,  0.0385857  ])
128     , -4432.75    , array([ 0.086607   ,  1.16091    ,  0.0508115  ,  1.03859    ])
132     , -3980.41    , array([ 0.086607   ,  1.16091    ,  0.0508115  ,  0.420552   ])
136     , -1058.25    , array([ 0.086607   ,  1.16091    ,  0.0508115  ,  0.111523   ])
140     , -94.8288    , array([ 0.086607   ,  1.16091    ,  0.0508115  ,  0.041904   ])
144     , -89.9312    , array([ 0.086607   ,  1.16091    ,  0.0508115  ,  0.038695   ])
148     , -89.9334    , array([ 0.0861668  ,  1.15064    ,  0.0508204  ,  0.0388065  ])
152     , -89.927     , array([ 0.0864389  ,  1.15699    ,  0.0508149  ,  0.0387383  ])
156     , -89.9269    , array([ 0.0864089  ,  1.15629    ,  0.0508155  ,  0.0387458  ])
168     , -206.013    , array([ 0.0864089  ,  1.15629    ,  0.0508155  ,  0.0255902  ])
172     , -89.9266    , array([ 0.0864089  ,  1.15629    ,  0.0508155  ,  0.0387236  ])
176     , -89.9266    , array([ 0.0864089  ,  1.15629    ,  0.0508155  ,  0.0387232  ])
180     , -89.9266    , array([ 0.0864089  ,  1.15629    ,  0.0508155  ,  0.0387234  ])
184     , -90.1554    , array([ 0.0864089  ,  1.1064     ,  0.0508155  ,  0.0387234  ])
188     , -89.9232    , array([ 0.0864089  ,  1.15077    ,  0.0508155  ,  0.0387234  ])
196     , -6460.83    , array([ 0.0864089  ,  1.15071    ,  0.241693   ,  0.0387234  ])
200     , -101.212    , array([ 0.0864089  ,  1.15071    ,  0.0446171  ,  0.0387234  ])
204     , -89.92      , array([ 0.0864089  ,  1.15071    ,  0.0507084  ,  0.0387234  ])
208     , -89.9287    , array([ 0.0858903  ,  1.13861    ,  0.0507189  ,  0.0388534  ])
212     , -89.9162    , array([ 0.086224   ,  1.1464     ,  0.0507122  ,  0.0387697  ])
216     , -89.9162    , array([ 0.086224   ,  1.1464     ,  0.0507122  ,  0.0387697  ])
228     , -207.002    , array([ 0.086224   ,  1.1464     ,  0.0507122  ,  0.0256141  ])
232     , -89.913     , array([ 0.086224   ,  1.1464     ,  0.0507122  ,  0.0388493  ])
236     , -131.216    , array([ 0.086224   ,  2.1464     ,  0.0507122  ,  0.0388485  ])
240     , -100.534    , array([ 0.086224   ,  1.52836    ,  0.0507122  ,  0.0388485  ])
244     , -89.9127    , array([ 0.086224   ,  1.14474    ,  0.0507122  ,  0.0388485  ])
248     , -89.9127    , array([ 0.086224   ,  1.14459    ,  0.0507122  ,  0.0388485  ])
260     , -89.9092    , array([ 0.086224   ,  1.14459    ,  0.0506514  ,  0.0388485  ])
264     , -89.9078    , array([ 0.086224   ,  1.14459    ,  0.0505796  ,  0.0388485  ])
268     , -89.9081    , array([ 0.0859035  ,  1.13711    ,  0.0505861  ,  0.0389289  ])
272     , -89.905     , array([ 0.0860664  ,  1.14091    ,  0.0505828  ,  0.038888   ])
276     , -89.8945    , array([ 0.0856594  ,  1.12667    ,  0.0502439  ,  0.0391963  ])
280     , -89.8944    , array([ 0.0857355  ,  1.12933    ,  0.050307   ,  0.0391388  ])
284     , -4291.94    , array([ 0.0857054  ,  1.12827    ,  0.050282   ,  1.03916    ])
288     , -3865.05    , array([ 0.0857054  ,  1.12827    ,  0.050282   ,  0.421128   ])
292     , -1032.54    , array([ 0.0857054  ,  1.12827    ,  0.050282   ,  0.112099   ])
296     , -94.4975    , array([ 0.0857054  ,  1.12827    ,  0.050282   ,  0.0423015  ])
300     , -89.8942    , array([ 0.0857054  ,  1.12827    ,  0.050282   ,  0.0391457  ])
304     , -89.8942    , array([ 0.0857054  ,  1.12827    ,  0.050282   ,  0.0391454  ])
308     , -231.54     , array([ 0.0857054  ,  0.510241   ,  0.050282   ,  0.0391454  ])
312     , -89.8917    , array([ 0.0857054  ,  1.13781    ,  0.050282   ,  0.0391454  ])
316     , -89.8901    , array([ 0.0857054  ,  1.1341     ,  0.050282   ,  0.0391454  ])
320     , -89.8915    , array([ 0.0858278  ,  1.13695    ,  0.0502796  ,  0.0391147  ])
324     , -89.8901    , array([ 0.085719   ,  1.13441    ,  0.0502818  ,  0.039142   ])
328     , -89.8901    , array([ 0.085715   ,  1.13432    ,  0.0502818  ,  0.039143   ])
332     , -89.8967    , array([ 0.085939   ,  1.14215    ,  0.0504677  ,  0.0389737  ])
336     , -89.8897    , array([ 0.0856428  ,  1.1318     ,  0.050222   ,  0.0391975  ])
