1708    , -103.979    , array([ 0.0429696  ,  2.47038    ,  0.103301   ,  0.0671256  ])
1712    , -103.979    , array([ 0.0429696  ,  2.47038    ,  0.103301   ,  0.0671256  ])
1720    , -193.394    , array([ 0.0708317  ,  2.47038    ,  0.103301   ,  0.0671256  ])
1724    , -104.634    , array([ 0.0441988  ,  2.47038    ,  0.103301   ,  0.0671256  ])
1728    , -103.964    , array([ 0.0429187  ,  2.47038    ,  0.103301   ,  0.0671256  ])
1732    , -103.943    , array([ 0.0428484  ,  2.47038    ,  0.103301   ,  0.0671256  ])
1736    , -103.941    , array([ 0.0428422  ,  2.47038    ,  0.103301   ,  0.0671256  ])
1740    , -103.941    , array([ 0.0428409  ,  2.47038    ,  0.103301   ,  0.0671256  ])
1744    , -105.132    , array([ 0.0428409  ,  2.23431    ,  0.103301   ,  0.0671256  ])
1748    , -104.291    , array([ 0.0428409  ,  2.47807    ,  0.103301   ,  0.0671256  ])
1752    , -104.29     , array([ 0.0428409  ,  2.4715     ,  0.103301   ,  0.0671256  ])
1756    , -104.29     , array([ 0.0428409  ,  2.47054    ,  0.103301   ,  0.0671256  ])
1760    , -103.941    , array([ 0.0428409  ,  2.4704     ,  0.103301   ,  0.0671256  ])
1764    , -103.941    , array([ 0.0428409  ,  2.47042    ,  0.103301   ,  0.0671256  ])
1768    , -103.941    , array([ 0.0428409  ,  2.47042    ,  0.103301   ,  0.0671256  ])
1772    , -103.941    , array([ 0.0428409  ,  2.47042    ,  0.103301   ,  0.0671256  ])
1776    , -104.853    , array([ 0.0428409  ,  2.47042    ,  0.0958695  ,  0.0671256  ])
1780    , -103.917    , array([ 0.0428409  ,  2.47042    ,  0.104762   ,  0.0671256  ])
1784    , -103.917    , array([ 0.0428409  ,  2.47042    ,  0.104748   ,  0.0671256  ])
1792    , -107.927    , array([ 0.0428409  ,  2.47042    ,  0.104748   ,  0.0706181  ])
1796    , -103.904    , array([ 0.0428409  ,  2.47042    ,  0.104748   ,  0.0669128  ])
1800    , -2966.12    , array([ 1.04284    ,  2.47042    ,  0.104748   ,  0.0669128  ])
1804    , -1711       , array([ 0.424807   ,  2.47042    ,  0.104748   ,  0.0669128  ])
1808    , -433.422    , array([ 0.115785   ,  2.47042    ,  0.104748   ,  0.0669128  ])
1812    , -107.071    , array([ 0.0466798  ,  2.47042    ,  0.104748   ,  0.0669128  ])
1816    , -103.918    , array([ 0.0429109  ,  2.47042    ,  0.104748   ,  0.0669128  ])
1820    , -104.221    , array([ 0.0428325  ,  2.47042    ,  0.104748   ,  0.0669128  ])
1824    , -104.222    , array([ 0.0428397  ,  2.47042    ,  0.104748   ,  0.0669128  ])
1828    , -104.223    , array([ 0.0428408  ,  2.47042    ,  0.104748   ,  0.0669128  ])
1832    , -104.223    , array([ 0.0428409  ,  2.47042    ,  0.104748   ,  0.0669128  ])
1836    , -103.904    , array([ 0.0428409  ,  2.47042    ,  0.104748   ,  0.0669128  ])
1840    , -103.904    , array([ 0.0428409  ,  2.47042    ,  0.104748   ,  0.0669128  ])
1844    , -103.904    , array([ 0.0428409  ,  2.47042    ,  0.104748   ,  0.0669128  ])
1848    , -112.474    , array([ 0.0428409  ,  1.85239    ,  0.104748   ,  0.0669128  ])
1852    , -104.011    , array([ 0.0428409  ,  2.42407    ,  0.104748   ,  0.0669128  ])
1856    , -104.222    , array([ 0.0428409  ,  2.47387    ,  0.104748   ,  0.0669128  ])
1860    , -104.223    , array([ 0.0428409  ,  2.47093    ,  0.104748   ,  0.0669128  ])
1864    , -104.223    , array([ 0.0428409  ,  2.4705     ,  0.104748   ,  0.0669128  ])
1868    , -104.223    , array([ 0.0428409  ,  2.47043    ,  0.104748   ,  0.0669128  ])
1872    , -104.223    , array([ 0.0428409  ,  2.47043    ,  0.104748   ,  0.0669128  ])
1876    , -104.223    , array([ 0.0428409  ,  2.47042    ,  0.104748   ,  0.0669128  ])
1880    , -104.223    , array([ 0.0428409  ,  2.47042    ,  0.104748   ,  0.0669128  ])
1884    , -104.223    , array([ 0.0428409  ,  2.47042    ,  0.104748   ,  0.0669128  ])
1888    , -103.904    , array([ 0.0428409  ,  2.47042    ,  0.104748   ,  0.0669128  ])
1892    , -103.904    , array([ 0.0428409  ,  2.47042    ,  0.104748   ,  0.0669128  ])
1896    , -7034.57    , array([ 0.0428409  ,  2.47042    ,  1.10475    ,  0.0669128  ])
1900    , -1301.23    , array([ 0.0428409  ,  2.47042    ,  0.486714   ,  0.0669128  ])
1904    , -103.895    , array([ 0.0428409  ,  2.47042    ,  0.105605   ,  0.0669128  ])
1908    , -18231.8    , array([ 0.0428409  ,  2.47042    ,  0.105595   ,  1.06691    ])
1912    , -15061.3    , array([ 0.0428409  ,  2.47042    ,  0.105595   ,  0.448879   ])
1916    , -1358.02    , array([ 0.0428409  ,  2.47042    ,  0.105595   ,  0.139816   ])
1920    , -103.89     , array([ 0.0428409  ,  2.47042    ,  0.105595   ,  0.0667787  ])
1924    , -103.89     , array([ 0.0428409  ,  2.47042    ,  0.105595   ,  0.0667812  ])
1936    , -146.627    , array([ 0.0296853  ,  2.47042    ,  0.105595   ,  0.0667812  ])
1940    , -103.895    , array([ 0.0428701  ,  2.47042    ,  0.105595   ,  0.0667812  ])
1944    , -103.892    , array([ 0.0428521  ,  2.47042    ,  0.105595   ,  0.0667812  ])
1948    , -103.89     , array([ 0.0428425  ,  2.47042    ,  0.105595   ,  0.0667812  ])
1952    , -103.89     , array([ 0.0428412  ,  2.47042    ,  0.105595   ,  0.0667812  ])
1956    , -103.89     , array([ 0.042841   ,  2.47042    ,  0.105595   ,  0.0667812  ])
1960    , -103.89     , array([ 0.0428409  ,  2.47042    ,  0.105595   ,  0.0667812  ])
1964    , -103.89     , array([ 0.0428409  ,  2.47042    ,  0.105595   ,  0.0667812  ])
1968    , -103.89     , array([ 0.0428409  ,  2.47042    ,  0.105595   ,  0.0667812  ])
1972    , -103.89     , array([ 0.0428409  ,  2.47042    ,  0.105595   ,  0.0667812  ])
1976    , -236.836    , array([ 0.0428409  ,  0.85239    ,  0.105595   ,  0.0667812  ])
1980    , -104.223    , array([ 0.0428409  ,  2.53832    ,  0.105595   ,  0.0667812  ])
1984    , -104.189    , array([ 0.0428409  ,  2.49636    ,  0.105595   ,  0.0667812  ])
1988    , -103.891    , array([ 0.0428409  ,  2.46981    ,  0.105595   ,  0.0667812  ])
1992    , -103.89     , array([ 0.0428409  ,  2.47033    ,  0.105595   ,  0.0667812  ])
1996    , -103.89     , array([ 0.0428409  ,  2.47041    ,  0.105595   ,  0.0667812  ])
2000    , -103.89     , array([ 0.0428409  ,  2.47042    ,  0.105595   ,  0.0667812  ])
2004    , -103.89     , array([ 0.0428409  ,  2.47042    ,  0.105595   ,  0.0667812  ])
2008    , -103.89     , array([ 0.0428409  ,  2.47042    ,  0.105595   ,  0.0667812  ])
2012    , -103.89     , array([ 0.0428409  ,  2.47042    ,  0.105595   ,  0.0667812  ])
2016    , -103.89     , array([ 0.0428409  ,  2.47042    ,  0.105595   ,  0.0667812  ])
2020    , -103.89     , array([ 0.0428409  ,  2.47042    ,  0.105595   ,  0.0667812  ])
2024    , -103.89     , array([ 0.0428409  ,  2.47042    ,  0.105595   ,  0.0667812  ])
2028    , -7027.77    , array([ 0.0428409  ,  2.47042    ,  1.1056     ,  0.0667812  ])
2032    , -1300.33    , array([ 0.0428409  ,  2.47042    ,  0.487561   ,  0.0667812  ])
2036    , -103.887    , array([ 0.0428409  ,  2.47042    ,  0.106137   ,  0.0667812  ])
2040    , -103.887    , array([ 0.0428409  ,  2.47042    ,  0.106124   ,  0.0667812  ])
2052    , -103.898    , array([ 0.0428409  ,  2.47042    ,  0.106124   ,  0.0669064  ])
2056    , -103.885    , array([ 0.0428409  ,  2.47042    ,  0.106124   ,  0.0666985  ])
