1968    , -89.1628    , array([ 0.0628659  ,  1.08334    ,  0.0350595  ,  0.0424787  ])
1972    , -89.164     , array([ 0.0628659  ,  1.08334    ,  0.0350595  ,  0.0425212  ])
1976    , -435.954    , array([ 0.0462293  ,  1.10516    ,  0.014972   ,  0.0271423  ])
1980    , -89.1626    , array([ 0.062811   ,  1.0834     ,  0.0349752  ,  0.0424249  ])
1984    , -89.1621    , array([ 0.062811   ,  1.0834     ,  0.0350102  ,  0.0424249  ])
1988    , -89.1661    , array([ 0.0628671  ,  1.08343    ,  0.0349719  ,  0.0424241  ])
1992    , -89.1618    , array([ 0.0627771  ,  1.08355    ,  0.0349587  ,  0.0424207  ])
1996    , -89.1614    , array([ 0.0627771  ,  1.08355    ,  0.0349937  ,  0.0424207  ])
2000    , -89.1625    , array([ 0.0627313  ,  1.08403    ,  0.0349061  ,  0.0424073  ])
2004    , -89.1567    , array([ 0.0625699  ,  1.08465    ,  0.0348374  ,  0.0424164  ])
2008    , -89.1567    , array([ 0.0625699  ,  1.08465    ,  0.0348722  ,  0.0424164  ])
2012    , -89.1485    , array([ 0.0622391  ,  1.08713    ,  0.0345636  ,  0.0424526  ])
2016    , -89.118     , array([ 0.0606294  ,  1.09711    ,  0.0334901  ,  0.0425976  ])
2020    , -89.1166    , array([ 0.0606294  ,  1.09711    ,  0.0335236  ,  0.0425976  ])
2024    , -89.082     , array([ 0.059119   ,  1.09179    ,  0.0325109  ,  0.0428719  ])
2028    , -88.9514    , array([ 0.0531778  ,  1.0708     ,  0.0288723  ,  0.0439865  ])
2032    , -88.9482    , array([ 0.0531778  ,  1.0708     ,  0.0289012  ,  0.0439865  ])
2036    , -88.8755    , array([ 0.046796   ,  1.05318    ,  0.0249951  ,  0.0451507  ])
2040    , -88.8292    , array([ 0.0433657  ,  1.04478    ,  0.0230162  ,  0.0457234  ])
2044    , -88.8232    , array([ 0.0433657  ,  1.04478    ,  0.0230393  ,  0.0457234  ])
2048    , -88.8205    , array([ 0.0420182  ,  1.04189    ,  0.0222178  ,  0.0459336  ])
2052    , -88.7744    , array([ 0.0368495  ,  1.03043    ,  0.0192917  ,  0.046784   ])
2056    , -88.7675    , array([ 0.0368495  ,  1.03043    ,  0.019311   ,  0.046784   ])
2060    , -88.7672    , array([ 0.0349774  ,  1.02679    ,  0.0182255  ,  0.04707    ])
2064    , -88.7726    , array([ 0.0282514  ,  1.01236    ,  0.0145183  ,  0.0482317  ])
2068    , -88.7634    , array([ 0.0282514  ,  1.01236    ,  0.0145329  ,  0.0482317  ])
2072    , -88.7848    , array([ 0.0282288  ,  1.01228    ,  0.014491   ,  0.0482386  ])
2076    , -88.7698    , array([ 0.0279984  ,  1.01192    ,  0.0143822  ,  0.0482662  ])
2080    , -88.7607    , array([ 0.0279984  ,  1.01192    ,  0.0143966  ,  0.0482662  ])
2084    , -88.7747    , array([ 0.027231   ,  1.01052    ,  0.0139551  ,  0.0483768  ])
2088    , -88.7512    , array([ 0.0242446  ,  1.0049     ,  0.0123698  ,  0.0488218  ])
2092    , -88.7424    , array([ 0.0242446  ,  1.0049     ,  0.0123822  ,  0.0488218  ])
2096    , -88.7544    , array([ 0.0237881  ,  1.00445    ,  0.0121158  ,  0.0488741  ])
2100    , -88.7161    , array([ 0.0219366  ,  1.00266    ,  0.0111509  ,  0.0490841  ])
2104    , -88.7083    , array([ 0.0219366  ,  1.00266    ,  0.011162   ,  0.0490841  ])
2108    , -88.7211    , array([ 0.0159435  ,  0.995504   ,  0.00800092 ,  0.0499332  ])
2112    , -88.7011    , array([ 0.0152621  ,  0.994767   ,  0.00765887 ,  0.0500063  ])
2116    , -88.6931    , array([ 0.0152621  ,  0.994767   ,  0.00766654 ,  0.0500063  ])
2120    , -88.6945    , array([ 0.0128799  ,  0.991823   ,  0.0064308  ,  0.0503001  ])
2124    , -88.6813    , array([ 0.0125109  ,  0.9916     ,  0.00624899 ,  0.0503393  ])
2128    , -88.6737    , array([ 0.0125109  ,  0.9916     ,  0.00625524 ,  0.0503393  ])
2132    , -88.6844    , array([ 0.0111936  ,  0.990709   ,  0.0055717  ,  0.0504964  ])
2136    , -88.73      , array([ 0.00713714 ,  0.987151   ,  0.00352126 ,  0.0511298  ])
2140    , -88.7195    , array([ 0.00713714 ,  0.987151   ,  0.00352479 ,  0.0511298  ])
2144    , -88.6856    , array([ 0.0102098  ,  0.989979   ,  0.00507175 ,  0.0506256  ])
2148    , -88.6743    , array([ 0.0109661  ,  0.990554   ,  0.00546158 ,  0.0505238  ])
2152    , -88.6668    , array([ 0.0109661  ,  0.990554   ,  0.00546705 ,  0.0505238  ])
2156    , -88.6847    , array([ 0.0104645  ,  0.990174   ,  0.00520107 ,  0.0505909  ])
2160    , -88.6743    , array([ 0.0108559  ,  0.990474   ,  0.00540549 ,  0.050538   ])
2164    , -88.6668    , array([ 0.0108559  ,  0.990474   ,  0.0054109  ,  0.050538   ])
2168    , -88.6844    , array([ 0.0105996  ,  0.990276   ,  0.00526969 ,  0.0505729  ])
2172    , -88.6743    , array([ 0.0107991  ,  0.990432   ,  0.00537659 ,  0.0505454  ])
2176    , -88.6668    , array([ 0.0107991  ,  0.990432   ,  0.00538197 ,  0.0505454  ])
2180    , -88.6842    , array([ 0.0108547  ,  0.990465   ,  0.00539938 ,  0.0505396  ])
2184    , -88.6743    , array([ 0.0108534  ,  0.990472   ,  0.0054042  ,  0.0505383  ])
2188    , -88.6668    , array([ 0.0108534  ,  0.990472   ,  0.0054096  ,  0.0505383  ])
2192    , -88.6842    , array([ 0.0108662  ,  0.990473   ,  0.00540522 ,  0.0505381  ])
2196    , -88.6743    , array([ 0.0108558  ,  0.990474   ,  0.00540543 ,  0.050538   ])
2200    , -88.6668    , array([ 0.0108558  ,  0.990474   ,  0.00541084 ,  0.050538   ])
2204    , -88.6842    , array([ 0.0108668  ,  0.990474   ,  0.00540548 ,  0.050538   ])
2208    , -88.6743    , array([ 0.0108559  ,  0.990474   ,  0.00540549 ,  0.050538   ])
2212    , -88.6668    , array([ 0.0108559  ,  0.990474   ,  0.00541089 ,  0.050538   ])
2216    , -88.6842    , array([ 0.0108668  ,  0.990474   ,  0.00540549 ,  0.050538   ])
2220    , -88.6743    , array([ 0.0108559  ,  0.990474   ,  0.00540549 ,  0.050538   ])
2224    , -88.6668    , array([ 0.0108559  ,  0.990474   ,  0.0054109  ,  0.050538   ])
2228    , -88.6842    , array([ 0.0108668  ,  0.990474   ,  0.00540549 ,  0.050538   ])
2232    , -88.6743    , array([ 0.0108559  ,  0.990474   ,  0.00540549 ,  0.050538   ])
2236    , -88.6668    , array([ 0.0108559  ,  0.990474   ,  0.0054109  ,  0.050538   ])
2240    , -88.6842    , array([ 0.0108668  ,  0.990474   ,  0.00540549 ,  0.050538   ])
2244    , -88.6743    , array([ 0.0108559  ,  0.990474   ,  0.00540549 ,  0.050538   ])
2248    , -88.6668    , array([ 0.0108559  ,  0.990474   ,  0.0054109  ,  0.050538   ])
2252    , -88.6842    , array([ 0.0108668  ,  0.990474   ,  0.00540549 ,  0.050538   ])
2256    , -88.6743    , array([ 0.0108559  ,  0.990474   ,  0.00540549 ,  0.050538   ])
2260    , -88.6668    , array([ 0.0108559  ,  0.990474   ,  0.0054109  ,  0.050538   ])
2264    , -88.6842    , array([ 0.0108668  ,  0.990474   ,  0.00540549 ,  0.050538   ])
2268    , -88.6743    , array([ 0.0108559  ,  0.990474   ,  0.00540549 ,  0.050538   ])
2272    , -88.6668    , array([ 0.0108559  ,  0.990474   ,  0.0054109  ,  0.050538   ])
2276    , -88.6842    , array([ 0.0108668  ,  0.990474   ,  0.00540549 ,  0.050538   ])
2280    , -88.6813    , array([ 0.0125109  ,  0.9916     ,  0.00624899 ,  0.0503393  ])
2284    , -88.6737    , array([ 0.0125109  ,  0.9916     ,  0.00625524 ,  0.0503393  ])
2288    , -88.6886    , array([ 0.0121769  ,  0.991377   ,  0.00607231 ,  0.0503786  ])
2292    , -88.6754    , array([ 0.0115007  ,  0.990932   ,  0.00573381 ,  0.0504571  ])
2296    , -88.6679    , array([ 0.0115007  ,  0.990932   ,  0.00573954 ,  0.0504571  ])
2300    , -88.6853    , array([ 0.0102898  ,  0.990041   ,  0.00511235 ,  0.0506146  ])
2304    , -88.6988    , array([ 0.00821232 ,  0.988262   ,  0.00406421 ,  0.050931   ])
2308    , -88.6756    , array([ 0.0102006  ,  0.98998    ,  0.00507223 ,  0.0506254  ])
2312    , -88.6753    , array([ 0.0102769  ,  0.990039   ,  0.00511105 ,  0.0506149  ])
