Model	Replicate	log-likelihood	AIC	chi-squared	theta	optimized_params( )
our_model	Round_1_Replicate_1	-1458.46	2926.92	285.97	19461.61	1.0508,0.1495,4.831,1.1902,0.0708
our_model	Round_1_Replicate_2	-1983.94	3977.88	1284.22	4959.93	4.0204,0.2999,0.7638,2.8606,30.0
our_model	Round_1_Replicate_3	-2033.82	4077.64	1390.02	9667.43	2.0021,0.1907,1.4519,4.4086,30.0
our_model	Round_1_Replicate_4	-2564.68	5139.36	2363.46	7672.67	2.2893,0.4086,1.146,1.9213,30.0
our_model	Round_1_Replicate_5	-1345.31	2700.62	67.71	20100.52	1.0001,0.0827,4.8215,4.5144,0.0445
our_model	Round_1_Replicate_6	-1361.81	2733.62	103.69	19947.44	0.9721,0.1206,5.4869,0.9277,0.0547
our_model	Round_1_Replicate_7	-2472.5	4955.0	2205.54	2875.35	6.2411,1.0228,0.4256,0.7765,30.0
our_model	Round_1_Replicate_8	-1359.33	2728.66	95.91	19547.81	1.3115,0.0973,4.2344,2.9412,0.0489
our_model	Round_1_Replicate_9	-1316.94	2643.88	11.99	19837.33	1.0805,0.1038,4.8606,2.2731,0.0516
our_model	Round_1_Replicate_10	-1979.78	3969.56	1271.56	8179.62	2.4648,0.1663,1.2781,5.2008,29.9992
our_model	Round_2_Replicate_1	-1517.87	3045.74	434.47	20273.57	1.0046,0.0485,3.2245,5.6602,0.0215
our_model	Round_2_Replicate_2	-1519.94	3049.88	432.95	20168.48	1.1247,0.0472,2.983,7.8342,0.023
our_model	Round_2_Replicate_3	-1373.55	2757.1	124.3	19622.54	1.331,0.0849,3.8985,3.9177,0.0438
our_model	Round_2_Replicate_4	-1663.58	3337.16	747.85	20154.71	1.2696,0.0351,0.415,8.0608,0.0149
our_model	Round_2_Replicate_5	-1770.18	3550.36	1015.87	20367.36	1.028,0.0277,0.0103,8.1138,0.0114
our_model	Round_2_Replicate_6	-1351.78	2713.56	83.57	20309.31	0.9307,0.0768,5.2911,3.8448,0.0389
our_model	Round_2_Replicate_7	-1312.63	2635.26	3.38	19964.46	1.0184,0.097,4.7478,2.5538,0.0476
our_model	Round_2_Replicate_8	-1354.37	2718.74	88.21	19962.98	1.116,0.0783,4.3876,3.4774,0.0368
our_model	Round_2_Replicate_9	-1376.52	2763.04	129.16	19998.11	0.9201,0.1324,5.5776,1.7042,0.07
our_model	Round_2_Replicate_10	-1319.95	2649.9	18.19	19973.3	0.9919,0.1078,5.1649,1.7328,0.0514
our_model	Round_3_Replicate_1	-1465.88	2941.76	318.97	20395.68	0.8769,0.056,4.059,5.1162,0.0258
our_model	Round_3_Replicate_2	-1380.49	2770.98	139.99	20463.5	0.8027,0.0812,5.2755,2.6432,0.0374
our_model	Round_3_Replicate_3	-1543.6	3097.2	492.1	20171.5	1.128,0.0477,2.6958,4.7051,0.0201
our_model	Round_3_Replicate_4	-1347.81	2705.62	72.91	19807.96	1.005,0.1253,5.0714,1.5239,0.0625
our_model	Round_3_Replicate_5	-1543.47	3096.94	480.47	19970.34	1.3941,0.0468,1.7339,6.6825,0.0213
our_model	Round_3_Replicate_6	-1673.56	3357.12	768.43	20243.36	1.1008,0.0345,0.4663,7.7797,0.0145
our_model	Round_3_Replicate_7	-1312.81	2635.62	3.75	19890.02	1.0437,0.102,4.7749,2.3749,0.0504
our_model	Round_3_Replicate_8	-1551.29	3112.58	508.63	20076.9	1.3023,0.0458,2.5666,6.2814,0.0202
our_model	Round_3_Replicate_9	-1333.66	2677.32	45.38	19952.15	0.9726,0.1192,5.3864,1.7438,0.0597
our_model	Round_3_Replicate_10	-1332.45	2674.9	42.91	19701.13	1.1182,0.1108,4.822,2.4627,0.0569
our_model	Round_4_Replicate_1	-1312.43	2634.86	2.97	19966.78	0.9967,0.1049,5.0006,2.3008,0.0525
our_model	Round_4_Replicate_2	-1312.66	2635.32	3.47	20046.2	0.9912,0.0959,5.0131,2.4975,0.047
our_model	Round_4_Replicate_3	-1312.45	2634.9	3.02	19963.32	0.9999,0.105,5.0227,2.3349,0.0528
our_model	Round_4_Replicate_4	-1311.64	2633.28	1.43	20000.72	0.9941,0.1027,5.1125,2.3815,0.0513
our_model	Round_4_Replicate_5	-1354.05	2718.1	84.89	19694.24	1.0528,0.1269,4.9922,1.7625,0.0647
our_model	Round_4_Replicate_6	-1324.35	2658.7	26.65	20021.84	1.0119,0.0872,4.5103,3.2908,0.0431
our_model	Round_4_Replicate_7	-1329.61	2669.22	37.89	20124.42	0.9885,0.0835,4.8442,3.0904,0.0404
our_model	Round_4_Replicate_8	-1372.68	2755.36	121.95	19739.15	1.0144,0.1333,5.2033,1.3735,0.0658
our_model	Round_4_Replicate_9	-1316.27	2642.54	10.75	20054.16	1.0039,0.0909,4.9253,2.863,0.0449
our_model	Round_4_Replicate_10	-1311.48	2632.96	1.1	19984.96	0.9998,0.1028,5.0414,2.367,0.0516
our_model	Round_4_Replicate_11	-1352.83	2715.66	85.6	19924.67	1.1635,0.0809,4.5378,2.7531,0.0374
our_model	Round_4_Replicate_12	-1329.04	2668.08	36.4	19835.59	1.0355,0.1139,5.0178,1.6079,0.054
our_model	Round_4_Replicate_13	-1333.15	2676.3	43.75	19723.63	1.063,0.1152,4.7223,2.4453,0.0596
our_model	Round_4_Replicate_14	-1318.08	2646.16	14.39	20034.23	1.0209,0.0896,4.8665,3.0876,0.0448
our_model	Round_4_Replicate_15	-1317.26	2644.52	12.71	20026.94	1.0161,0.0902,4.7622,2.8899,0.0445
our_model	Round_4_Replicate_16	-1310.94	2631.88	0.01	19998.86	1.0013,0.1,5.008,2.4931,0.05
our_model	Round_4_Replicate_17	-1383.81	2777.62	149.73	20110.12	1.0329,0.076,4.4629,1.8889,0.0328
our_model	Round_4_Replicate_18	-1351.63	2713.26	83.53	20072.49	1.058,0.0836,5.0589,1.9951,0.0377
our_model	Round_4_Replicate_19	-1317.47	2644.94	13.2	20117.71	0.9773,0.0902,5.0515,2.9477,0.0452
our_model	Round_4_Replicate_20	-1324.31	2658.62	26.96	19971.85	1.0358,0.0968,4.9513,1.8479,0.0445
