860     , -89.2423    , array([ 0.0656014  ,  1.09898    ,  0.0368315  ,  0.0419001  ])
864     , -812.526    , array([ 0.0858145  ,  0.913839   ,  0.0141896  ,  0.0448001  ])
868     , -811.708    , array([ 0.0858145  ,  0.913839   ,  0.0142038  ,  0.0448001  ])
872     , -89.2414    , array([ 0.0656976  ,  1.09753    ,  0.0367706  ,  0.041905   ])
876     , -89.2354    , array([ 0.0655509  ,  1.0973     ,  0.0367098  ,  0.0419468  ])
880     , -89.2359    , array([ 0.0655509  ,  1.0973     ,  0.0367465  ,  0.0419468  ])
884     , -89.2342    , array([ 0.0654849  ,  1.09672    ,  0.0366267  ,  0.0419698  ])
888     , -89.2166    , array([ 0.0648959  ,  1.09437    ,  0.0362965  ,  0.0420617  ])
892     , -89.2172    , array([ 0.0648959  ,  1.09437    ,  0.0363328  ,  0.0420617  ])
896     , -89.1637    , array([ 0.0629061  ,  1.08503    ,  0.0350052  ,  0.0424316  ])
900     , -89.0208    , array([ 0.0552618  ,  1.04845    ,  0.0302832  ,  0.0439437  ])
904     , -89.0193    , array([ 0.0552618  ,  1.04845    ,  0.0303135  ,  0.0439437  ])
908     , -88.9363    , array([ 0.0486503  ,  1.06315    ,  0.0260237  ,  0.0448807  ])
912     , -88.8895    , array([ 0.044665   ,  1.05251    ,  0.0237019  ,  0.0455773  ])
916     , -88.8815    , array([ 0.044665   ,  1.05251    ,  0.0237256  ,  0.0455773  ])
920     , -88.8793    , array([ 0.0434597  ,  1.05065    ,  0.0229845  ,  0.0457441  ])
924     , -88.8094    , array([ 0.0387607  ,  1.04325    ,  0.0203258  ,  0.0464172  ])
928     , -88.8015    , array([ 0.0387607  ,  1.04325    ,  0.0203461  ,  0.0464172  ])
932     , -88.7818    , array([ 0.0362254  ,  1.03842    ,  0.0188899  ,  0.0467687  ])
936     , -88.7533    , array([ 0.0274994  ,  1.01934    ,  0.0140916  ,  0.0482018  ])
940     , -88.7435    , array([ 0.0274994  ,  1.01934    ,  0.0141057  ,  0.0482018  ])
944     , -88.7432    , array([ 0.0261503  ,  1.01802    ,  0.013357   ,  0.0483571  ])
948     , -88.6933    , array([ 0.0212775  ,  1.01275    ,  0.010782   ,  0.0489833  ])
952     , -88.6846    , array([ 0.0212775  ,  1.01275    ,  0.0107928  ,  0.0489833  ])
956     , -88.6875    , array([ 0.0200688  ,  1.01108    ,  0.0101401  ,  0.049124   ])
960     , -88.6547    , array([ 0.0158036  ,  1.00442    ,  0.00793264 ,  0.0496908  ])
964     , -88.6467    , array([ 0.0158036  ,  1.00442    ,  0.00794057 ,  0.0496908  ])
968     , -88.6598    , array([ 0.0151709  ,  1.0038     ,  0.00759916 ,  0.0497656  ])
972     , -88.643     , array([ 0.0128191  ,  1.00134    ,  0.00639968 ,  0.0500656  ])
976     , -88.6352    , array([ 0.0128191  ,  1.00134    ,  0.00640608 ,  0.0500656  ])
980     , -88.8569    , array([ 0.00656784 ,  0.991569   ,  0.00321905 ,  0.0512839  ])
984     , -88.6519    , array([ 0.01126    ,  0.999444   ,  0.00560241 ,  0.0502992  ])
988     , -88.6435    , array([ 0.01126    ,  0.999444   ,  0.00560802 ,  0.0502992  ])
992     , -88.6621    , array([ 0.011238   ,  0.999415   ,  0.00558562 ,  0.0503024  ])
996     , -88.6496    , array([ 0.0110947  ,  0.999297   ,  0.00551894 ,  0.0503149  ])
1000    , -88.6413    , array([ 0.0110947  ,  0.999297   ,  0.00552446 ,  0.0503149  ])
1004    , -88.6532    , array([ 0.0105925  ,  0.998826   ,  0.0052601  ,  0.0503653  ])
1008    , -88.6294    , array([ 0.00875696 ,  0.996944   ,  0.00434057 ,  0.0505673  ])
1012    , -88.622     , array([ 0.00875696 ,  0.996944   ,  0.00434491 ,  0.0505673  ])
1016    , -88.7253    , array([ 0.00411098 ,  0.989451   ,  0.0020126  ,  0.0513834  ])
1020    , -88.6297    , array([ 0.00748632 ,  0.995388   ,  0.00370201 ,  0.0507352  ])
1024    , -88.6223    , array([ 0.00748632 ,  0.995388   ,  0.00370571 ,  0.0507352  ])
1028    , -88.6411    , array([ 0.00729414 ,  0.995087   ,  0.00360178 ,  0.0507672  ])
1032    , -88.6301    , array([ 0.00744585 ,  0.995327   ,  0.00368167 ,  0.0507416  ])
1036    , -88.6226    , array([ 0.00744585 ,  0.995327   ,  0.00368535 ,  0.0507416  ])
1040    , -88.6392    , array([ 0.00748565 ,  0.995375   ,  0.00369791 ,  0.0507365  ])
1044    , -88.6297    , array([ 0.00748468 ,  0.995385   ,  0.00370119 ,  0.0507355  ])
1048    , -88.6223    , array([ 0.00748468 ,  0.995385   ,  0.00370489 ,  0.0507355  ])
1052    , -88.6392    , array([ 0.00749348 ,  0.995387   ,  0.00370184 ,  0.0507352  ])
1056    , -88.6297    , array([ 0.00748625 ,  0.995388   ,  0.00370198 ,  0.0507352  ])
1060    , -88.6223    , array([ 0.00748625 ,  0.995388   ,  0.00370568 ,  0.0507352  ])
1064    , -88.6392    , array([ 0.0074938  ,  0.995388   ,  0.003702   ,  0.0507352  ])
1068    , -88.6297    , array([ 0.00748632 ,  0.995388   ,  0.00370201 ,  0.0507352  ])
1072    , -88.6223    , array([ 0.00748632 ,  0.995388   ,  0.00370571 ,  0.0507352  ])
1076    , -88.6392    , array([ 0.00749381 ,  0.995388   ,  0.00370201 ,  0.0507352  ])
1080    , -88.6297    , array([ 0.00748632 ,  0.995388   ,  0.00370201 ,  0.0507352  ])
1084    , -88.6223    , array([ 0.00748632 ,  0.995388   ,  0.00370571 ,  0.0507352  ])
1088    , -88.6392    , array([ 0.00749381 ,  0.995388   ,  0.00370201 ,  0.0507352  ])
1092    , -88.6297    , array([ 0.00748632 ,  0.995388   ,  0.00370201 ,  0.0507352  ])
1096    , -88.6223    , array([ 0.00748632 ,  0.995388   ,  0.00370571 ,  0.0507352  ])
1100    , -88.6392    , array([ 0.00749381 ,  0.995388   ,  0.00370201 ,  0.0507352  ])
1104    , -88.6297    , array([ 0.00748632 ,  0.995388   ,  0.00370201 ,  0.0507352  ])
1108    , -88.6223    , array([ 0.00748632 ,  0.995388   ,  0.00370571 ,  0.0507352  ])
1112    , -88.6392    , array([ 0.00749381 ,  0.995388   ,  0.00370201 ,  0.0507352  ])
1116    , -88.6297    , array([ 0.00748632 ,  0.995388   ,  0.00370201 ,  0.0507352  ])
1120    , -88.6223    , array([ 0.00748632 ,  0.995388   ,  0.00370571 ,  0.0507352  ])
1124    , -88.6392    , array([ 0.00749381 ,  0.995388   ,  0.00370201 ,  0.0507352  ])
1128    , -88.6297    , array([ 0.00748632 ,  0.995388   ,  0.00370201 ,  0.0507352  ])
1132    , -88.6223    , array([ 0.00748632 ,  0.995388   ,  0.00370571 ,  0.0507352  ])
1136    , -88.6392    , array([ 0.00749381 ,  0.995388   ,  0.00370201 ,  0.0507352  ])
1140    , -88.6297    , array([ 0.00748632 ,  0.995388   ,  0.00370201 ,  0.0507352  ])
1144    , -88.6223    , array([ 0.00748632 ,  0.995388   ,  0.00370571 ,  0.0507352  ])
1148    , -88.6392    , array([ 0.00749381 ,  0.995388   ,  0.00370201 ,  0.0507352  ])
1152    , -88.6297    , array([ 0.00748632 ,  0.995388   ,  0.00370201 ,  0.0507352  ])
1156    , -88.6223    , array([ 0.00748632 ,  0.995388   ,  0.00370571 ,  0.0507352  ])
1160    , -88.6392    , array([ 0.00749381 ,  0.995388   ,  0.00370201 ,  0.0507352  ])
1164    , -88.6297    , array([ 0.00748632 ,  0.995388   ,  0.00370201 ,  0.0507352  ])
1168    , -88.6223    , array([ 0.00748632 ,  0.995388   ,  0.00370571 ,  0.0507352  ])
1172    , -88.6392    , array([ 0.00749381 ,  0.995388   ,  0.00370201 ,  0.0507352  ])
1176    , -88.6297    , array([ 0.00748632 ,  0.995388   ,  0.00370201 ,  0.0507352  ])
1180    , -88.6223    , array([ 0.00748632 ,  0.995388   ,  0.00370571 ,  0.0507352  ])
1184    , -88.6392    , array([ 0.00749381 ,  0.995388   ,  0.00370201 ,  0.0507352  ])
1188    , -88.6297    , array([ 0.00748632 ,  0.995388   ,  0.00370201 ,  0.0507352  ])
1192    , -88.6223    , array([ 0.00748632 ,  0.995388   ,  0.00370571 ,  0.0507352  ])
1196    , -88.6392    , array([ 0.00749381 ,  0.995388   ,  0.00370201 ,  0.0507352  ])
1200    , -88.6297    , array([ 0.00748632 ,  0.995388   ,  0.00370201 ,  0.0507352  ])
1204    , -88.6223    , array([ 0.00748632 ,  0.995388   ,  0.00370571 ,  0.0507352  ])
1208    , -88.6392    , array([ 0.00749381 ,  0.995388   ,  0.00370201 ,  0.0507352  ])
1212    , -88.6297    , array([ 0.00748632 ,  0.995388   ,  0.00370201 ,  0.0507352  ])
1216    , -88.6223    , array([ 0.00748632 ,  0.995388   ,  0.00370571 ,  0.0507352  ])
1220    , -88.6392    , array([ 0.00749381 ,  0.995388   ,  0.00370201 ,  0.0507352  ])
1224    , -88.6297    , array([ 0.00748632 ,  0.995388   ,  0.00370201 ,  0.0507352  ])
1228    , -88.6223    , array([ 0.00748632 ,  0.995388   ,  0.00370571 ,  0.0507352  ])
1232    , -88.6392    , array([ 0.00749381 ,  0.995388   ,  0.00370201 ,  0.0507352  ])
1236    , -88.6297    , array([ 0.00748632 ,  0.995388   ,  0.00370201 ,  0.0507352  ])
1240    , -88.6223    , array([ 0.00748632 ,  0.995388   ,  0.00370571 ,  0.0507352  ])
1244    , -88.6392    , array([ 0.00749381 ,  0.995388   ,  0.00370201 ,  0.0507352  ])
1248    , -88.6297    , array([ 0.00748632 ,  0.995388   ,  0.00370201 ,  0.0507352  ])
1252    , -88.6223    , array([ 0.00748632 ,  0.995388   ,  0.00370571 ,  0.0507352  ])
1256    , -88.6392    , array([ 0.00749381 ,  0.995388   ,  0.00370201 ,  0.0507352  ])
1260    , -88.6297    , array([ 0.00748632 ,  0.995388   ,  0.00370201 ,  0.0507352  ])
1264    , -88.6223    , array([ 0.00748632 ,  0.995388   ,  0.00370571 ,  0.0507352  ])
1268    , -88.6392    , array([ 0.00749381 ,  0.995388   ,  0.00370201 ,  0.0507352  ])
1272    , -88.6297    , array([ 0.00748632 ,  0.995388   ,  0.00370201 ,  0.0507352  ])
1276    , -88.6223    , array([ 0.00748632 ,  0.995388   ,  0.00370571 ,  0.0507352  ])
1280    , -88.6392    , array([ 0.00749381 ,  0.995388   ,  0.00370201 ,  0.0507352  ])
1284    , -88.6297    , array([ 0.00748632 ,  0.995388   ,  0.00370201 ,  0.0507352  ])
1288    , -88.6223    , array([ 0.00748632 ,  0.995388   ,  0.00370571 ,  0.0507352  ])
1292    , -88.6392    , array([ 0.00749381 ,  0.995388   ,  0.00370201 ,  0.0507352  ])
1296    , -88.6297    , array([ 0.00748632 ,  0.995388   ,  0.00370201 ,  0.0507352  ])
1300    , -88.6223    , array([ 0.00748632 ,  0.995388   ,  0.00370571 ,  0.0507352  ])
1304    , -88.63      , array([ 0.00744708 ,  0.995329   ,  0.00368229 ,  0.0507414  ])
1308    , -88.6297    , array([ 0.00748513 ,  0.995386   ,  0.00370141 ,  0.0507354  ])
1312    , -88.6297    , array([ 0.00748628 ,  0.995388   ,  0.00370199 ,  0.0507352  ])
