268     , -410.801    , array([ 4.52248    ,  0.153198   ,  5          ,  0.500212   ])
272     , -396.386    , array([ 3.90444    ,  0.153198   ,  5          ,  0.500212   ])
276     , -393.219    , array([ 3.52993    ,  0.153198   ,  5          ,  0.500212   ])
284     , -1053.48    , array([ 3.52993    ,  0.344177   ,  5          ,  0.500212   ])
288     , -669.008    , array([ 3.52993    ,  0.118756   ,  5          ,  0.500212   ])
292     , -393.219    , array([ 3.52993    ,  0.153172   ,  5          ,  0.500212   ])
296     , -393.219    , array([ 3.52993    ,  0.153167   ,  5          ,  0.500212   ])
300     , -394.706    , array([ 3.52993    ,  0.153167   ,  4.38197    ,  0.500212   ])
344     , -393.219    , array([ 3.52993    ,  0.153167   ,  5          ,  0.500212   ])
348     , -2327.7     , array([ 3.52993    ,  0.153167   ,  5          ,  1.50021    ])
352     , -1869.55    , array([ 3.52993    ,  0.153167   ,  5          ,  0.882178   ])
356     , -407.977    , array([ 3.52993    ,  0.153167   ,  5          ,  0.521892   ])
360     , -393.219    , array([ 3.52993    ,  0.153167   ,  5          ,  0.500185   ])
