1068    , -1193.69    , array([ 1.21893    ,  0.073992   ,  0.265881   ,  0.146643   ])
1072    , -872.807    , array([ 0.600892   ,  0.073992   ,  0.265881   ,  0.146643   ])
1076    , -447.677    , array([ 0.280463   ,  0.073992   ,  0.265881   ,  0.146643   ])
1080    , -392.716    , array([ 0.217764   ,  0.073992   ,  0.265881   ,  0.146643   ])
1084    , -392.715    , array([ 0.217826   ,  0.073992   ,  0.265881   ,  0.146643   ])
1088    , -392.715    , array([ 0.217837   ,  0.073992   ,  0.265881   ,  0.146643   ])
1092    , -412.324    , array([ 0.217837   ,  0.114174   ,  0.265881   ,  0.146643   ])
1096    , -403.916    , array([ 0.217837   ,  0.0893403  ,  0.265881   ,  0.146643   ])
1100    , -392.932    , array([ 0.217837   ,  0.0748197  ,  0.265881   ,  0.146643   ])
1104    , -392.666    , array([ 0.217837   ,  0.0737087  ,  0.265881   ,  0.146643   ])
1108    , -392.636    , array([ 0.217837   ,  0.0733125  ,  0.265881   ,  0.146643   ])
1112    , -392.619    , array([ 0.217837   ,  0.0733219  ,  0.265881   ,  0.146643   ])
1116    , -392.619    , array([ 0.217837   ,  0.0733219  ,  0.265881   ,  0.146643   ])
1120    , -941.325    , array([ 0.217837   ,  0.0733219  ,  0.029813   ,  0.146643   ])
1124    , -392.585    , array([ 0.217837   ,  0.0733219  ,  0.263359   ,  0.146643   ])
1128    , -392.585    , array([ 0.217837   ,  0.0733219  ,  0.263507   ,  0.146643   ])
1132    , -392.585    , array([ 0.217837   ,  0.0733219  ,  0.26353    ,  0.146643   ])
1140    , -393.934    , array([ 0.217837   ,  0.0733219  ,  0.26353    ,  0.143867   ])
1144    , -392.69     , array([ 0.217837   ,  0.0733219  ,  0.26353    ,  0.14676    ])
1148    , -392.6      , array([ 0.217837   ,  0.0733219  ,  0.26353    ,  0.14666    ])
1152    , -392.586    , array([ 0.217837   ,  0.0733219  ,  0.26353    ,  0.146645   ])
1156    , -392.585    , array([ 0.217837   ,  0.0733219  ,  0.26353    ,  0.146643   ])
1160    , -392.585    , array([ 0.217837   ,  0.0733219  ,  0.26353    ,  0.146644   ])
1164    , -392.585    , array([ 0.217837   ,  0.0733219  ,  0.26353    ,  0.146644   ])
1172    , -640.264    , array([ 0.408816   ,  0.0733219  ,  0.26353    ,  0.146644   ])
1176    , -426.461    , array([ 0.183395   ,  0.0733219  ,  0.26353    ,  0.146644   ])
1180    , -392.585    , array([ 0.217944   ,  0.0733219  ,  0.26353    ,  0.146644   ])
1184    , -3326.01    , array([ 0.217943   ,  1.07332    ,  0.26353    ,  0.146644   ])
1188    , -1187.42    , array([ 0.217943   ,  0.455288   ,  0.26353    ,  0.146644   ])
1196    , -400.541    , array([ 0.217943   ,  0.0661042  ,  0.26353    ,  0.146644   ])
1200    , -392.652    , array([ 0.217943   ,  0.0732836  ,  0.26353    ,  0.146644   ])
1204    , -392.611    , array([ 0.217943   ,  0.0733072  ,  0.26353    ,  0.146644   ])
1208    , -392.588    , array([ 0.217943   ,  0.0733197  ,  0.26353    ,  0.146644   ])
1212    , -392.585    , array([ 0.217943   ,  0.0733216  ,  0.26353    ,  0.146644   ])
1216    , -392.585    , array([ 0.217943   ,  0.0733218  ,  0.26353    ,  0.146644   ])
1220    , -392.585    , array([ 0.217943   ,  0.0733219  ,  0.26353    ,  0.146644   ])
1224    , -392.585    , array([ 0.217943   ,  0.0733219  ,  0.26353    ,  0.146644   ])
1228    , -392.585    , array([ 0.217943   ,  0.0733219  ,  0.26353    ,  0.146644   ])
1232    , -870.168    , array([ 0.217943   ,  0.0733219  ,  1.26353    ,  0.146644   ])
1236    , -696.871    , array([ 0.217943   ,  0.0733219  ,  0.645496   ,  0.146644   ])
1240    , -396.31     , array([ 0.217943   ,  0.0733219  ,  0.288934   ,  0.146644   ])
1244    , -392.584    , array([ 0.217943   ,  0.0733219  ,  0.263727   ,  0.146644   ])
1252    , -1912.18    , array([ 0.217943   ,  0.0733219  ,  0.263727   ,  0.337611   ])
1256    , -394.687    , array([ 0.217943   ,  0.0733219  ,  0.263727   ,  0.149181   ])
1260    , -392.601    , array([ 0.217943   ,  0.0733219  ,  0.263727   ,  0.146492   ])
1264    , -392.586    , array([ 0.217943   ,  0.0733219  ,  0.263727   ,  0.146622   ])
1268    , -392.585    , array([ 0.217943   ,  0.0733219  ,  0.263727   ,  0.14664    ])
1272    , -392.584    , array([ 0.217943   ,  0.0733219  ,  0.263727   ,  0.146643   ])
1276    , -392.584    , array([ 0.217943   ,  0.0733219  ,  0.263727   ,  0.146644   ])
1280    , -392.584    , array([ 0.217943   ,  0.0733219  ,  0.263727   ,  0.146644   ])
1284    , -392.584    , array([ 0.217943   ,  0.0733219  ,  0.263727   ,  0.146644   ])
1288    , -392.584    , array([ 0.217943   ,  0.0733219  ,  0.263727   ,  0.146644   ])
1292    , -392.584    , array([ 0.217943   ,  0.0733219  ,  0.263727   ,  0.146644   ])
