365     , -1311.23    , array([ 1.0022     ,  0.102133   ,  5.02137    ,  2.43584    ,  0.0512692  ])
370     , -3296.99    , array([ 0.38417    ,  0.102133   ,  5.02137    ,  2.43584    ,  0.0512692  ])
375     , -1311.22    , array([ 0.999399   ,  0.102133   ,  5.02137    ,  2.43584    ,  0.0512692  ])
380     , -39934.6    , array([ 0.998703   ,  1.10213    ,  5.02137    ,  2.43584    ,  0.0512692  ])
385     , -13681.6    , array([ 0.998703   ,  0.292931   ,  5.02137    ,  2.43584    ,  0.0512692  ])
390     , -1547.15    , array([ 0.998703   ,  0.116418   ,  5.02137    ,  2.43584    ,  0.0512692  ])
395     , -1311.21    , array([ 0.998703   ,  0.102091   ,  5.02137    ,  2.43584    ,  0.0512692  ])
400     , -1311.21    , array([ 0.998703   ,  0.102092   ,  5.02137    ,  2.43584    ,  0.0512692  ])
405     , -1311.21    , array([ 0.998703   ,  0.102092   ,  5.0263     ,  2.43584    ,  0.0512692  ])
410     , -1311.21    , array([ 0.998703   ,  0.102092   ,  5.02626    ,  2.43584    ,  0.0512692  ])
415     , -1311.21    , array([ 0.998703   ,  0.102092   ,  5.02626    ,  2.44191    ,  0.0512692  ])
420     , -1311.21    , array([ 0.998703   ,  0.102092   ,  5.02626    ,  2.44191    ,  0.0512692  ])
430     , -1364.33    , array([ 0.998703   ,  0.102092   ,  5.02626    ,  2.44191    ,  0.0560517  ])
435     , -1311.21    , array([ 0.998703   ,  0.102092   ,  5.02626    ,  2.44191    ,  0.0512302  ])
