184     , -101.428    , array([ 0.0794531  ,  1.13438    ,  0.0466404  ,  0.039149   ])
188     , -101.428    , array([ 0.0794531  ,  1.13438    ,  0.0466404  ,  0.039149   ])
196     , -149.172    , array([ 0.100031   ,  1.13438    ,  0.0466404  ,  0.039149   ])
200     , -101.414    , array([ 0.0791579  ,  1.13438    ,  0.0466404  ,  0.039149   ])
204     , -145.175    , array([ 0.0791531  ,  2.13438    ,  0.0466404  ,  0.039149   ])
208     , -112.894    , array([ 0.0791531  ,  1.51634    ,  0.0466404  ,  0.039149   ])
212     , -101.407    , array([ 0.0791531  ,  1.12702    ,  0.0466404  ,  0.039149   ])
216     , -101.407    , array([ 0.0791531  ,  1.12665    ,  0.0466404  ,  0.039149   ])
228     , -101.411    , array([ 0.0791531  ,  1.12665    ,  0.0467079  ,  0.039149   ])
232     , -101.406    , array([ 0.0791531  ,  1.12665    ,  0.0465879  ,  0.039149   ])
236     , -101.406    , array([ 0.0791531  ,  1.12665    ,  0.0465884  ,  0.039149   ])
244     , -293.568    , array([ 0.0791531  ,  1.12665    ,  0.0465884  ,  0.0633871  ])
248     , -101.402    , array([ 0.0791531  ,  1.12665    ,  0.0465884  ,  0.0392358  ])
252     , -101.39     , array([ 0.0788531  ,  1.11891    ,  0.0465365  ,  0.0393417  ])
256     , -101.39     , array([ 0.0788531  ,  1.11891    ,  0.0465365  ,  0.0393417  ])
260     , -101.389    , array([ 0.0787324  ,  1.1158     ,  0.0465156  ,  0.0393805  ])
268     , -2607.79    , array([ 0.0787366  ,  1.11591    ,  0.0465163  ,  0.230331   ])
272     , -1600.94    , array([ 0.0787366  ,  1.11591    ,  0.0465163  ,  0.00493733 ])
276     , -101.467    , array([ 0.0787366  ,  1.11591    ,  0.0465163  ,  0.039743   ])
280     , -101.388    , array([ 0.0787366  ,  1.11591    ,  0.0465163  ,  0.0393419  ])
284     , -101.388    , array([ 0.0787366  ,  1.11591    ,  0.0465163  ,  0.0393422  ])
288     , -101.63     , array([ 0.0787366  ,  1.07216    ,  0.0465163  ,  0.0393422  ])
292     , -101.388    , array([ 0.0787366  ,  1.11481    ,  0.0465163  ,  0.0393422  ])
300     , -7802.66    , array([ 0.0787366  ,  1.1148     ,  0.237382   ,  0.0393422  ])
304     , -124.92     , array([ 0.0787366  ,  1.1148     ,  0.0385159  ,  0.0393422  ])
308     , -101.377    , array([ 0.0787366  ,  1.1148     ,  0.0463377  ,  0.0393422  ])
312     , -101.37     , array([ 0.0783201  ,  1.10406    ,  0.0462655  ,  0.039476   ])
316     , -101.37     , array([ 0.0784792  ,  1.10816    ,  0.0462931  ,  0.0394249  ])
320     , -101.382    , array([ 0.0776965  ,  1.08688    ,  0.0459789  ,  0.0396394  ])
324     , -101.369    , array([ 0.0784248  ,  1.10676    ,  0.0462837  ,  0.0394424  ])
332     , -290.359    , array([ 0.0784248  ,  1.10676    ,  0.0462837  ,  0.063619   ])
336     , -101.368    , array([ 0.0784248  ,  1.10676    ,  0.0462837  ,  0.0394854  ])
340     , -101.368    , array([ 0.0784248  ,  1.10676    ,  0.0462837  ,  0.0394963  ])
344     , -255.652    , array([ 0.0784248  ,  0.488728   ,  0.0462837  ,  0.0394963  ])
348     , -101.369    , array([ 0.0784248  ,  1.11344    ,  0.0462837  ,  0.0394963  ])
352     , -101.367    , array([ 0.0784248  ,  1.10953    ,  0.0462837  ,  0.0394963  ])
364     , -101.363    , array([ 0.0784248  ,  1.10953    ,  0.046245   ,  0.0394963  ])
368     , -101.357    , array([ 0.0784248  ,  1.10953    ,  0.0461082  ,  0.0394963  ])
372     , -101.353    , array([ 0.0780083  ,  1.0988     ,  0.0460378  ,  0.03963    ])
376     , -101.351    , array([ 0.0781606  ,  1.10272    ,  0.0460642  ,  0.0395811  ])
380     , -101.326    , array([ 0.0774785  ,  1.09239    ,  0.0454911  ,  0.0399412  ])
384     , -101.325    , array([ 0.077121   ,  1.08697    ,  0.0451916  ,  0.0401297  ])
388     , -101.324    , array([ 0.0772576  ,  1.08904    ,  0.045306   ,  0.0400577  ])
400     , -208.89     , array([ 0.0772576  ,  1.08904    ,  0.045306   ,  0.0269021  ])
404     , -101.315    , array([ 0.0772576  ,  1.08904    ,  0.045306   ,  0.0399226  ])
408     , -147.96     , array([ 0.0772576  ,  2.08904    ,  0.045306   ,  0.0399226  ])
412     , -112.944    , array([ 0.0772576  ,  1.47101    ,  0.045306   ,  0.0399226  ])
416     , -101.299    , array([ 0.0772576  ,  1.09998    ,  0.045306   ,  0.0399226  ])
420     , -101.306    , array([ 0.076841   ,  1.08942    ,  0.0452339  ,  0.0400564  ])
424     , -101.298    , array([ 0.0770985  ,  1.09605    ,  0.0452785  ,  0.0399737  ])
428     , -101.298    , array([ 0.07715    ,  1.09738    ,  0.0452874  ,  0.0399572  ])
432     , -101.32     , array([ 0.0777097  ,  1.10588    ,  0.0457562  ,  0.0396621  ])
436     , -101.294    , array([ 0.0768123  ,  1.09225    ,  0.0450046  ,  0.0401352  ])
444     , -2541.34    , array([ 0.0768157  ,  1.0923     ,  0.0450074  ,  0.231087   ])
448     , -1517.89    , array([ 0.0768157  ,  1.0923     ,  0.0450074  ,  0.00569156 ])
452     , -101.352    , array([ 0.0768157  ,  1.0923     ,  0.0450074  ,  0.0403356  ])
456     , -101.276    , array([ 0.0768157  ,  1.0923     ,  0.0450074  ,  0.0399334  ])
460     , -101.276    , array([ 0.0768157  ,  1.0923     ,  0.0450074  ,  0.0399354  ])
464     , -101.44     , array([ 0.0768157  ,  1.06586    ,  0.0450074  ,  0.0399354  ])
468     , -101.265    , array([ 0.0768157  ,  1.10144    ,  0.0450074  ,  0.0399354  ])
472     , -101.265    , array([ 0.0768157  ,  1.10135    ,  0.0450074  ,  0.0399354  ])
476     , -101.263    , array([ 0.0766932  ,  1.0982     ,  0.0449862  ,  0.0399747  ])
480     , -101.379    , array([ 0.0743209  ,  1.06217    ,  0.043      ,  0.0412252  ])
484     , -101.256    , array([ 0.0762221  ,  1.09103    ,  0.0445924  ,  0.0402229  ])
488     , -101.256    , array([ 0.0762221  ,  1.09103    ,  0.0445924  ,  0.0402229  ])
492     , -101.159    , array([ 0.0746681  ,  1.0877     ,  0.0435059  ,  0.0404571  ])
496     , -100.599    , array([ 0.0628158  ,  1.0623     ,  0.0352192  ,  0.0422434  ])
500     , -100.578    , array([ 0.0607401  ,  1.05786    ,  0.0337679  ,  0.0425563  ])
504     , -100.501    , array([ 0.0622055  ,  1.08011    ,  0.0349953  ,  0.0417837  ])
508     , -100.499    , array([ 0.0617386  ,  1.07302    ,  0.0346042  ,  0.0420299  ])
512     , -100.497    , array([ 0.0619336  ,  1.07598    ,  0.0347676  ,  0.0419271  ])
516     , -287.635    , array([ 0.0619336  ,  0.457944   ,  0.0347676  ,  0.0419271  ])
520     , -100.472    , array([ 0.0619336  ,  1.09317    ,  0.0347676  ,  0.0419271  ])
524     , -100.47     , array([ 0.0619336  ,  1.08945    ,  0.0347676  ,  0.0419271  ])
528     , -100.409    , array([ 0.0612597  ,  1.07208    ,  0.0346508  ,  0.0421436  ])
532     , -100.408    , array([ 0.0612     ,  1.07054    ,  0.0346405  ,  0.0421627  ])
536     , -100.408    , array([ 0.0611926  ,  1.07035    ,  0.0346392  ,  0.0421651  ])
540     , -100.237    , array([ 0.0562369  ,  1.05973    ,  0.0311744  ,  0.042912   ])
544     , -100.233    , array([ 0.0554189  ,  1.05798    ,  0.0306025  ,  0.0430353  ])
548     , -100.278    , array([ 0.0569415  ,  1.08035    ,  0.0318698  ,  0.0422541  ])
552     , -100.216    , array([ 0.0559751  ,  1.06568    ,  0.0310604  ,  0.0427636  ])
556     , -154.207    , array([ 0.0559701  ,  2.0656     ,  0.0310562  ,  0.0427662  ])
560     , -113.636    , array([ 0.0559701  ,  1.44757    ,  0.0310562  ,  0.0427662  ])
564     , -100.195    , array([ 0.0559701  ,  1.07703    ,  0.0310562  ,  0.0427662  ])
568     , -100.155    , array([ 0.0555536  ,  1.06647    ,  0.030984   ,  0.0429     ])
572     , -100.16     , array([ 0.0551371  ,  1.05573    ,  0.0309119  ,  0.0430338  ])
576     , -100.151    , array([ 0.0553929  ,  1.06233    ,  0.0309562  ,  0.0429516  ])
580     , -100.809    , array([ 0.0649613  ,  1.08283    ,  0.0376461  ,  0.0415095  ])
584     , -100.054    , array([ 0.0518286  ,  1.05469    ,  0.0284642  ,  0.0434888  ])
588     , -100.054    , array([ 0.0518286  ,  1.05469    ,  0.0284642  ,  0.0434888  ])
592     , -99.7163    , array([ 0.0422793  ,  1.04576    ,  0.0227615  ,  0.0446988  ])
596     , -99.6337    , array([ 0.0368515  ,  1.04068    ,  0.01952    ,  0.0453866  ])
600     , -99.6337    , array([ 0.0367017  ,  1.04054    ,  0.0194305  ,  0.0454056  ])
604     , -99.5901    , array([ 0.0372614  ,  1.04904    ,  0.0198994  ,  0.0451105  ])
608     , -99.5891    , array([ 0.0371797  ,  1.0478     ,  0.0198309  ,  0.0451536  ])
612     , -99.5891    , array([ 0.0371845  ,  1.04787    ,  0.019835   ,  0.045151   ])
616     , -99.8459    , array([ 0.0371845  ,  1.01634    ,  0.019835   ,  0.045151   ])
620     , -99.582     , array([ 0.0371845  ,  1.05429    ,  0.019835   ,  0.045151   ])
624     , -99.5448    , array([ 0.036768   ,  1.04349    ,  0.0197628  ,  0.0452848  ])
628     , -99.5443    , array([ 0.0368058  ,  1.04447    ,  0.0197694  ,  0.0452727  ])
632     , -100.458    , array([ 0.0612854  ,  1.06746    ,  0.0343867  ,  0.0421701  ])
636     , -99.5684    , array([ 0.0274606  ,  1.03582    ,  0.0141869  ,  0.0464561  ])
640     , -99.4406    , array([ 0.0317143  ,  1.0398     ,  0.0167272  ,  0.0459171  ])
644     , -99.4397    , array([ 0.0313165  ,  1.03943    ,  0.0164896  ,  0.0459675  ])
648     , -99.4928    , array([ 0.0318762  ,  1.04792    ,  0.0169584  ,  0.0456724  ])
652     , -99.4368    , array([ 0.0314179  ,  1.04097    ,  0.0165746  ,  0.045914   ])
660     , -102.199    , array([ 0.0314179  ,  1.18024    ,  0.0165746  ,  0.045914   ])
664     , -99.4328    , array([ 0.0314179  ,  1.04569    ,  0.0165746  ,  0.045914   ])
668     , -99.6581    , array([ 0.0303275  ,  1.01754    ,  0.0163857  ,  0.0462643  ])
672     , -99.4052    , array([ 0.0311425  ,  1.03855    ,  0.0165269  ,  0.0460025  ])
676     , -106.233    , array([ 0.0160156  ,  1.0244     ,  0.00749326 ,  0.0479192  ])
680     , -99.4686    , array([ 0.0253646  ,  1.03314    ,  0.0130763  ,  0.0467346  ])
684     , -99.3596    , array([ 0.0284643  ,  1.03604    ,  0.0149275  ,  0.0463419  ])
688     , -99.2939    , array([ 0.0254956  ,  1.03255    ,  0.0132957  ,  0.046731   ])
692     , -99.3773    , array([ 0.0154873  ,  1.02074    ,  0.00780429 ,  0.0480436  ])
696     , -99.2197    , array([ 0.0199784  ,  1.02604    ,  0.0102685  ,  0.0474546  ])
700     , -100.217    , array([ 0.0189884  ,  1.01219    ,  0.00946367 ,  0.0479431  ])
704     , -99.4117    , array([ 0.0195482  ,  1.02069    ,  0.0099325  ,  0.047648   ])
708     , -99.1999    , array([ 0.0200495  ,  1.0283     ,  0.0103524  ,  0.0473837  ])
716     , -102.262    , array([ 0.020051   ,  1.16694    ,  0.0103537  ,  0.0473829  ])
720     , -99.199     , array([ 0.020051   ,  1.03054    ,  0.0103537  ,  0.0473829  ])
724     , -99.2667    , array([ 0.0196345  ,  1.01981    ,  0.0102815  ,  0.0475167  ])
728     , -99.1883    , array([ 0.019892   ,  1.02644    ,  0.0103261  ,  0.047434   ])
732     , -99.1868    , array([ 0.0199333  ,  1.02751    ,  0.0103333  ,  0.0474207  ])
736     , -99.2931    , array([ 0.025194   ,  1.03372    ,  0.0132198  ,  0.0467307  ])
740     , -99.1392    , array([ 0.0165606  ,  1.02353    ,  0.00848273 ,  0.0478631  ])
748     , -99.1391    , array([ 0.0164658  ,  1.02342    ,  0.00843069 ,  0.0478755  ])
752     , -99.1359    , array([ 0.0165161  ,  1.02418    ,  0.0084728  ,  0.047849   ])
756     , -99.1359    , array([ 0.0165171  ,  1.0242     ,  0.00847368 ,  0.0478484  ])
760     , -352.43     , array([ 0.0165171  ,  0.406161   ,  0.00847368 ,  0.0478484  ])
764     , -99.139     , array([ 0.0165171  ,  1.02986    ,  0.00847368 ,  0.0478484  ])
768     , -99.1354    , array([ 0.0165171  ,  1.02566    ,  0.00847368 ,  0.0478484  ])
772     , -99.1354    , array([ 0.0165171  ,  1.02565    ,  0.00847368 ,  0.0478484  ])
776     , -99.1271    , array([ 0.0164376  ,  1.0236     ,  0.00845991 ,  0.047874   ])
780     , -99.4024    , array([ 0.0302094  ,  1.03983    ,  0.0160167  ,  0.0460679  ])
784     , -99.1104    , array([ 0.015427   ,  1.02239    ,  0.00790571 ,  0.0480067  ])
788     , -99.1064    , array([ 0.014759   ,  1.0216     ,  0.00753918 ,  0.0480943  ])
792     , -99.0791    , array([ 0.0130523  ,  1.01978    ,  0.00664767 ,  0.0483131  ])
800     , -99.0502    , array([ 0.0104921  ,  1.01706    ,  0.0053104  ,  0.0486412  ])
804     , -99.0482    , array([ 0.010056   ,  1.01659    ,  0.00508258 ,  0.0486971  ])
808     , -99.0482    , array([ 0.010056   ,  1.01659    ,  0.00508258 ,  0.0486971  ])
812     , -99.0397    , array([ 0.0100956  ,  1.0172     ,  0.00511579 ,  0.0486762  ])
816     , -99.0394    , array([ 0.0101051  ,  1.01734    ,  0.00512375 ,  0.0486712  ])
820     , -99.0394    , array([ 0.0101056  ,  1.01735    ,  0.00512417 ,  0.0486709  ])
824     , -99.4588    , array([ 0.0101056  ,  0.974335   ,  0.00512417 ,  0.0486709  ])
828     , -99.0393    , array([ 0.0101056  ,  1.01763    ,  0.00512417 ,  0.0486709  ])
832     , -100.605    , array([ 0.0107796  ,  1.035      ,  0.00524091 ,  0.0484545  ])
836     , -99.1233    , array([ 0.0102343  ,  1.02095    ,  0.00514647 ,  0.0486296  ])
840     , -99.0359    , array([ 0.0100746  ,  1.01683    ,  0.00511879 ,  0.0486809  ])
844     , -99.0359    , array([ 0.0100742  ,  1.01682    ,  0.00511873 ,  0.048681   ])
860     , -99.0349    , array([ 0.0100012  ,  1.01675    ,  0.00508059 ,  0.0486904  ])
864     , -99.0349    , array([ 0.0100012  ,  1.01675    ,  0.00508059 ,  0.0486904  ])
868     , -100.126    , array([ 0.010561   ,  1.02524    ,  0.00554942 ,  0.0483953  ])
872     , -99.0972    , array([ 0.0101081  ,  1.01837    ,  0.00517013 ,  0.048634   ])
876     , -99.0391    , array([ 0.0100168  ,  1.01698    ,  0.00509365 ,  0.0486822  ])
880     , -99.0354    , array([ 0.0100035  ,  1.01678    ,  0.00508249 ,  0.0486892  ])
884     , -99.0346    , array([ 0.0100001  ,  1.01673    ,  0.00507967 ,  0.048691   ])
892     , -99.0346    , array([ 0.01       ,  1.01673    ,  0.00507958 ,  0.048691   ])
896     , -362.941    , array([ 0.01       ,  0.398694   ,  0.00507958 ,  0.048691   ])
900     , -99.0383    , array([ 0.01       ,  1.01994    ,  0.00507958 ,  0.048691   ])
904     , -99.0343    , array([ 0.01       ,  1.01557    ,  0.00507958 ,  0.048691   ])
908     , -99.0343    , array([ 0.01       ,  1.01559    ,  0.00507958 ,  0.048691   ])
916     , -99.0362    , array([ 0.0100188  ,  1.01607    ,  0.00508284 ,  0.048685   ])
920     , -99.0344    , array([ 0.0100011  ,  1.01561    ,  0.00507977 ,  0.0486907  ])
924     , -99.0343    , array([ 0.0100001  ,  1.01559    ,  0.00507959 ,  0.048691   ])
928     , -99.0343    , array([ 0.01       ,  1.01559    ,  0.00507958 ,  0.048691   ])
932     , -99.0343    , array([ 0.01       ,  1.01559    ,  0.00507958 ,  0.048691   ])
936     , -99.0343    , array([ 0.01       ,  1.01559    ,  0.00507958 ,  0.048691   ])
940     , -99.0343    , array([ 0.01       ,  1.01559    ,  0.00507958 ,  0.048691   ])
944     , -99.0343    , array([ 0.01       ,  1.01559    ,  0.00507958 ,  0.048691   ])
948     , -99.0343    , array([ 0.01       ,  1.01559    ,  0.00507958 ,  0.048691   ])
952     , -99.0759    , array([ 0.0129067  ,  1.01868    ,  0.00659784 ,  0.0483184  ])
956     , -99.0423    , array([ 0.0105551  ,  1.01618    ,  0.00536955 ,  0.0486199  ])
960     , -99.0355    , array([ 0.010081   ,  1.01567    ,  0.00512189 ,  0.0486806  ])
964     , -99.0345    , array([ 0.0100118  ,  1.0156     ,  0.00508576 ,  0.0486895  ])
968     , -99.0344    , array([ 0.0100017  ,  1.01559    ,  0.00508048 ,  0.0486908  ])
972     , -99.0343    , array([ 0.0100003  ,  1.01559    ,  0.00507971 ,  0.048691   ])
976     , -99.0343    , array([ 0.0100001  ,  1.01559    ,  0.0050796  ,  0.048691   ])
980     , -99.0343    , array([ 0.01       ,  1.01559    ,  0.00507958 ,  0.048691   ])
984     , -99.0343    , array([ 0.01       ,  1.01559    ,  0.00507957 ,  0.048691   ])
