652     , -88.6329    , array([ 0.0188413  ,  0.997751   ,  0.00965717 ,  0.0489402  ])
664     , -3471.07    , array([ 0.0056857  ,  0.997751   ,  0.00965717 ,  0.0489402  ])
668     , -88.8734    , array([ 0.0193244  ,  0.997751   ,  0.00965717 ,  0.0489402  ])
672     , -88.5863    , array([ 0.0189769  ,  0.997751   ,  0.00965717 ,  0.0489402  ])
676     , -88.5863    , array([ 0.0189783  ,  0.997751   ,  0.00965717 ,  0.0489402  ])
680     , -88.9024    , array([ 0.0189783  ,  0.968383   ,  0.00965717 ,  0.0489402  ])
684     , -88.5703    , array([ 0.0189783  ,  1.00634    ,  0.00965717 ,  0.0489402  ])
688     , -88.5703    , array([ 0.0189783  ,  1.00625    ,  0.00965717 ,  0.0489402  ])
696     , -4979.59    , array([ 0.0189783  ,  1.00625    ,  0.037472   ,  0.0489402  ])
700     , -88.5689    , array([ 0.0189783  ,  1.00625    ,  0.00962719 ,  0.0489402  ])
704     , -88.5675    , array([ 0.0189783  ,  1.00625    ,  0.00963951 ,  0.0489402  ])
716     , -173.267    , array([ 0.0189783  ,  1.00625    ,  0.00963951 ,  0.0357846  ])
720     , -88.5671    , array([ 0.0189783  ,  1.00625    ,  0.00963951 ,  0.048972   ])
724     , -88.5671    , array([ 0.0189783  ,  1.00625    ,  0.00963951 ,  0.048972   ])
736     , -3230.41    , array([ 0.00582266 ,  1.00625    ,  0.00963951 ,  0.048972   ])
740     , -88.8628    , array([ 0.0193312  ,  1.00625    ,  0.00963951 ,  0.048972   ])
744     , -88.5671    , array([ 0.0189808  ,  1.00625    ,  0.00963951 ,  0.048972   ])
752     , -92.0754    , array([ 0.0189808  ,  1.14587    ,  0.00963951 ,  0.048972   ])
756     , -88.567     , array([ 0.0189808  ,  1.007      ,  0.00963951 ,  0.048972   ])
760     , -41812.6    , array([ 0.0189808  ,  1.007      ,  1.00964    ,  0.048972   ])
764     , -41812.6    , array([ 0.0189808  ,  1.007      ,  0.391606   ,  0.048972   ])
768     , -28742.7    , array([ 0.0189808  ,  1.007      ,  0.0824597  ,  0.048972   ])
772     , -109.828    , array([ 0.0189808  ,  1.007      ,  0.0112463  ,  0.048972   ])
776     , -88.5669    , array([ 0.0189808  ,  1.007      ,  0.00963761 ,  0.048972   ])
780     , -3671.31    , array([ 0.0189808  ,  1.007      ,  0.00963761 ,  1.04897    ])
784     , -3256.75    , array([ 0.0189808  ,  1.007      ,  0.00963761 ,  0.430938   ])
788     , -851.546    , array([ 0.0189808  ,  1.007      ,  0.00963761 ,  0.121911   ])
792     , -91.1479    , array([ 0.0189808  ,  1.007      ,  0.00963761 ,  0.051646   ])
796     , -88.5669    , array([ 0.0189808  ,  1.007      ,  0.00963761 ,  0.0489632  ])
