465     , -1316       , array([ 0.935059   ,  0.101338   ,  0.0508714  ,  5.03265    ,  2.48452    ])
470     , -1311.05    , array([ 0.997414   ,  0.101338   ,  0.0508714  ,  5.03265    ,  2.48452    ])
480     , -5042.37    , array([ 0.997397   ,  0.174216   ,  0.0508714  ,  5.03265    ,  2.48452    ])
485     , -1311.05    , array([ 0.997397   ,  0.101305   ,  0.0508714  ,  5.03265    ,  2.48452    ])
490     , -13598.1    , array([ 0.997397   ,  0.101302   ,  1.05087    ,  5.03265    ,  2.48452    ])
495     , -8963.44    , array([ 0.997397   ,  0.101302   ,  0.241772   ,  5.03265    ,  2.48452    ])
500     , -2415.72    , array([ 0.997397   ,  0.101302   ,  0.0787235  ,  5.03265    ,  2.48452    ])
505     , -1311.04    , array([ 0.997397   ,  0.101302   ,  0.0508293  ,  5.03265    ,  2.48452    ])
510     , -1403.11    , array([ 0.997397   ,  0.101302   ,  0.0508293  ,  3.41462    ,  2.48452    ])
515     , -1311.04    , array([ 0.997397   ,  0.101302   ,  0.0508293  ,  5.02391    ,  2.48452    ])
520     , -1539.74    , array([ 0.997397   ,  0.101302   ,  0.0508293  ,  5.02406    ,  0.866489   ])
525     , -1311.04    , array([ 0.997397   ,  0.101302   ,  0.0508293  ,  5.02406    ,  2.48224    ])
