5       , -1311.66    , array([ 0.994082   ,  0.103502   ,  0.0521606  ,  5.06301    ,  2.42143    ])
10      , -1311.75    , array([ 1.00387    ,  0.103502   ,  0.0521606  ,  5.06301    ,  2.42143    ])
15      , -1311.66    , array([ 0.995262   ,  0.103502   ,  0.0521606  ,  5.06301    ,  2.42143    ])
25      , -4937.81    , array([ 0.995247   ,  0.176381   ,  0.0521606  ,  5.06301    ,  2.42143    ])
30      , -1311.64    , array([ 0.995247   ,  0.103387   ,  0.0521606  ,  5.06301    ,  2.42143    ])
35      , -1311.64    , array([ 0.995247   ,  0.103372   ,  0.0521606  ,  5.06301    ,  2.42143    ])
50      , -1915.93    , array([ 0.995247   ,  0.103385   ,  0.039005   ,  5.06301    ,  2.42143    ])
55      , -1311.6     , array([ 0.995247   ,  0.103385   ,  0.0520387  ,  5.06301    ,  2.42143    ])
60      , -1311.6     , array([ 0.995247   ,  0.103385   ,  0.0520375  ,  5.06301    ,  2.42143    ])
65      , -1311.59    , array([ 0.995247   ,  0.103385   ,  0.0520375  ,  5.04444    ,  2.42143    ])
70      , -1311.59    , array([ 0.995247   ,  0.103385   ,  0.0520375  ,  5.04444    ,  2.42143    ])
75      , -1311.59    , array([ 0.995247   ,  0.103385   ,  0.0520375  ,  5.04444    ,  2.41753    ])
80      , -1311.59    , array([ 0.995247   ,  0.103385   ,  0.0520375  ,  5.04444    ,  2.4176     ])
