Model	Replicate	log-likelihood	AIC	chi-squared	theta	optimized_params( )
our_model	Round_1_Replicate_1	-398.11	804.22	606.48	13960.61	30.0,0.5293,3.3456,1.1921
our_model	Round_1_Replicate_2	-393.47	794.94	597.83	126002.71	0.7714,0.059,24.1474,0.169
our_model	Round_1_Replicate_3	-396.82	801.64	604.1	15862.17	2.7084,0.4666,30.0,0.8997
our_model	Round_1_Replicate_4	-395.66	799.32	601.29	16786.82	2.9819,0.4428,12.7898,0.933
our_model	Round_1_Replicate_5	-396.64	801.28	603.78	12598.84	3.4669,0.5875,30.0,1.1448
our_model	Round_1_Replicate_6	-396.53	801.06	603.57	20084.79	2.1995,0.3686,30.0,0.7234
our_model	Round_1_Replicate_7	-398.4	804.8	607.01	11033.26	30.0,0.6696,4.5096,1.494
our_model	Round_1_Replicate_8	-393.91	795.82	598.68	28764.02	2.7824,0.2583,7.0911,0.6698
our_model	Round_1_Replicate_9	-395.55	799.1	600.72	42452.87	1.1969,0.1754,29.2209,0.3751
our_model	Round_1_Replicate_10	-398.28	804.56	606.78	11285.06	30.0,0.6547,4.4234,1.4672
our_model	Round_2_Replicate_1	-394.95	797.9	599.91	87332.39	0.6388,0.0852,18.9103,0.1914
our_model	Round_2_Replicate_2	-393.24	794.48	597.41	513419.0	0.243,0.0145,28.4524,0.0454
our_model	Round_2_Replicate_3	-394.78	797.56	600.09	215189.32	0.2655,0.0345,29.9941,0.0783
our_model	Round_2_Replicate_4	-394.34	796.68	599.48	230155.25	0.2769,0.0323,29.318,0.0772
our_model	Round_2_Replicate_5	-395.26	798.52	600.42	44864.14	1.1758,0.1659,29.7391,0.3617
our_model	Round_2_Replicate_6	-396.15	800.3	602.13	76353.55	0.6084,0.0973,28.0664,0.1975
our_model	Round_2_Replicate_7	-392.95	793.9	596.84	60763.08	29.8437,0.1225,29.5444,0.6633
our_model	Round_2_Replicate_8	-392.95	793.9	596.84	243998.07	29.8507,0.0305,5.2705,0.1705
our_model	Round_2_Replicate_9	-392.94	793.88	596.83	104930.28	29.9582,0.0709,28.7539,0.422
our_model	Round_2_Replicate_10	-393.23	794.46	597.37	456580.44	0.2809,0.0163,22.8575,0.0515
our_model	Round_3_Replicate_1	-394.41	796.82	599.62	250854.21	0.2485,0.0296,25.2079,0.0701
our_model	Round_3_Replicate_2	-392.97	793.94	596.89	22161.45	30.0,0.3359,29.7178,1.4787
our_model	Round_3_Replicate_3	-392.95	793.9	596.85	37375.87	29.9996,0.1992,30.0,0.9832
our_model	Round_3_Replicate_4	-395.87	799.74	602.12	45816.49	1.0398,0.1619,29.9861,0.3328
our_model	Round_3_Replicate_5	-393.11	794.22	597.16	22161.7	15.5241,0.3358,12.6496,1.2204
our_model	Round_3_Replicate_6	-393.04	794.08	597.02	120744.82	1.7568,0.0616,29.9993,0.2273
our_model	Round_3_Replicate_7	-394.29	796.58	599.76	93056.35	0.6652,0.0797,1.8576,0.1907
our_model	Round_3_Replicate_8	-394.82	797.64	599.69	30406.93	1.885,0.2448,30.0,0.5574
our_model	Round_3_Replicate_9	-392.99	793.98	596.92	18639.13	29.8051,0.3993,29.4392,1.6844
our_model	Round_3_Replicate_10	-393.21	794.42	597.34	350481.84	0.3753,0.0212,29.8378,0.0677
our_model	Round_4_Replicate_1	-392.97	793.94	596.89	22696.04	30.0,0.328,29.1167,1.448
our_model	Round_4_Replicate_2	-392.96	793.92	596.87	40802.95	12.5651,0.1824,29.7131,0.8206
our_model	Round_4_Replicate_3	-393.64	795.28	598.16	14708.86	29.9998,0.5054,8.8148,1.5756
our_model	Round_4_Replicate_4	-393.56	795.12	598.01	128894.77	0.6992,0.0577,26.2017,0.1604
our_model	Round_4_Replicate_5	-394.5	797.0	600.72	96252.67	0.5006,0.0769,0.8421,0.1739
our_model	Round_4_Replicate_6	-399.84	807.68	609.62	13659.22	30.0,0.5402,2.9975,1.1529
our_model	Round_4_Replicate_7	-392.97	793.94	596.88	24639.29	29.8967,0.3021,29.1135,1.3585
our_model	Round_4_Replicate_8	-392.95	793.9	596.84	112603.96	29.9951,0.0661,14.8901,0.3698
our_model	Round_4_Replicate_9	-396.63	801.26	602.42	41211.64	30.0,0.1807,0.3152,0.3981
our_model	Round_4_Replicate_10	-393.98	795.96	598.8	41804.84	1.7252,0.1777,30.0,0.4504
our_model	Round_5_Replicate_1	-392.95	793.9	596.84	67392.3	18.7172,0.1105,29.7011,0.5833
our_model	Round_5_Replicate_2	-392.95	793.9	596.84	53896.65	30.0,0.1381,29.4382,0.7312
our_model	Round_5_Replicate_3	-392.95	793.9	596.85	103259.21	6.8212,0.0721,20.5653,0.3509
our_model	Round_5_Replicate_4	-392.95	793.9	596.84	49571.14	30.0,0.1502,29.6478,0.783
our_model	Round_5_Replicate_5	-392.94	793.88	596.83	154584.53	29.8901,0.0482,29.6895,0.3059
our_model	Round_5_Replicate_6	-393.11	794.22	597.16	67625.34	2.3966,0.11,30.0,0.3749
our_model	Round_5_Replicate_7	-393.26	794.52	597.43	84782.64	1.4458,0.0877,29.9626,0.2731
our_model	Round_5_Replicate_8	-392.95	793.9	596.84	179390.16	5.4017,0.0415,29.7456,0.217
our_model	Round_5_Replicate_9	-392.94	793.88	596.84	110148.29	30.0,0.0676,17.5235,0.3842
our_model	Round_5_Replicate_10	-392.96	793.92	596.87	135888.42	3.5478,0.0548,15.7537,0.2475
our_model	Round_5_Replicate_11	-392.94	793.88	596.84	115207.32	29.9466,0.0646,17.1693,0.3693
our_model	Round_5_Replicate_12	-392.94	793.88	596.84	67301.89	29.9754,0.1106,29.698,0.6107
our_model	Round_5_Replicate_13	-392.95	793.9	596.84	57635.05	30.0,0.1292,29.7082,0.6931
our_model	Round_5_Replicate_14	-392.94	793.88	596.83	100659.11	29.8387,0.0739,30.0,0.4384
our_model	Round_5_Replicate_15	-392.95	793.9	596.85	45680.76	29.9331,0.1629,29.204,0.8347
our_model	Round_5_Replicate_16	-392.94	793.88	596.83	87662.89	30.0,0.0849,29.7233,0.4914
our_model	Round_5_Replicate_17	-393.07	794.14	597.09	61358.01	2.9748,0.1213,30.0,0.4283
our_model	Round_5_Replicate_18	-392.94	793.88	596.84	87384.44	30.0,0.0852,26.6094,0.4873
our_model	Round_5_Replicate_19	-392.94	793.88	596.84	77503.44	30.0,0.096,28.3887,0.5415
our_model	Round_5_Replicate_20	-392.96	793.92	596.86	52179.92	30.0,0.1427,17.3721,0.7032
