1320    , -2984.43    , array([ 1.03177    ,  2.48482    ,  0.0375997  ,  0.0725943  ])
1324    , -2025.51    , array([ 0.413736   ,  2.48482    ,  0.0375997  ,  0.0725943  ])
1328    , -652.258    , array([ 0.104713   ,  2.48482    ,  0.0375997  ,  0.0725943  ])
1332    , -119.079    , array([ 0.0381727  ,  2.48482    ,  0.0375997  ,  0.0725943  ])
1336    , -103.118    , array([ 0.031778   ,  2.48482    ,  0.0375997  ,  0.0725943  ])
1340    , -103.118    , array([ 0.031778   ,  2.48482    ,  0.0375997  ,  0.0725943  ])
1344    , -111.724    , array([ 0.031778   ,  1.86678    ,  0.0375997  ,  0.0725943  ])
1348    , -103.071    , array([ 0.031778   ,  2.54513    ,  0.0375997  ,  0.0725943  ])
1352    , -9611.68    , array([ 0.031778   ,  2.5444     ,  1.0376     ,  0.0725943  ])
1356    , -1763.44    , array([ 0.031778   ,  2.5444     ,  0.419566   ,  0.0725943  ])
1360    , -103.066    , array([ 0.031778   ,  2.5444     ,  0.0370384  ,  0.0725943  ])
1364    , -103.066    , array([ 0.031778   ,  2.5444     ,  0.0370114  ,  0.0725943  ])
1376    , -103.048    , array([ 0.031778   ,  2.5444     ,  0.0370114  ,  0.072394   ])
1380    , -103.076    , array([ 0.0317865  ,  2.60398    ,  0.0364231  ,  0.0721376  ])
1384    , -103.048    , array([ 0.031778   ,  2.5444     ,  0.0370114  ,  0.0723659  ])
1392    , -275.435    , array([ 0.0596398  ,  2.5444     ,  0.0370114  ,  0.0723659  ])
1396    , -103.018    , array([ 0.0314495  ,  2.5444     ,  0.0370114  ,  0.0723659  ])
1400    , -103.016    , array([ 0.0315085  ,  2.5444     ,  0.0370114  ,  0.0723659  ])
1404    , -110.52     , array([ 0.0315085  ,  1.92636    ,  0.0370114  ,  0.0723659  ])
1408    , -103.003    , array([ 0.0315085  ,  2.5777     ,  0.0370114  ,  0.0723659  ])
1412    , -9681.93    , array([ 0.0315085  ,  2.57727    ,  1.03701    ,  0.0723659  ])
1416    , -1775.15    , array([ 0.0315085  ,  2.57727    ,  0.418977   ,  0.0723659  ])
1420    , -102.997    , array([ 0.0315085  ,  2.57727    ,  0.0364454  ,  0.0723659  ])
1424    , -102.997    , array([ 0.0315085  ,  2.57727    ,  0.036418   ,  0.0723659  ])
1436    , -102.984    , array([ 0.0315085  ,  2.57727    ,  0.036418   ,  0.0721963  ])
1440    , -102.927    , array([ 0.0312389  ,  2.61015    ,  0.0358246  ,  0.0719725  ])
1444    , -102.752    , array([ 0.0293986  ,  2.83456    ,  0.0317741  ,  0.0706298  ])
1448    , -102.763    , array([ 0.0299349  ,  2.76916    ,  0.0329545  ,  0.0710211  ])
1452    , -102.752    , array([ 0.0295122  ,  2.82071    ,  0.0320241  ,  0.0707127  ])
1464    , -102.751    , array([ 0.0295122  ,  2.82071    ,  0.0320241  ,  0.0707739  ])
1468    , -102.751    , array([ 0.0295122  ,  2.82071    ,  0.0320241  ,  0.0707545  ])
1472    , -107.965    , array([ 0.0295122  ,  2.20268    ,  0.0320241  ,  0.0707545  ])
1476    , -102.747    , array([ 0.0295122  ,  2.84112    ,  0.0320241  ,  0.0707545  ])
1480    , -10234.3    , array([ 0.0295122  ,  2.84087    ,  1.03202    ,  0.0707545  ])
1484    , -1866.58    , array([ 0.0295122  ,  2.84087    ,  0.41399    ,  0.0707545  ])
1488    , -102.743    , array([ 0.0295122  ,  2.84087    ,  0.0315932  ,  0.0707545  ])
1492    , -102.743    , array([ 0.0295122  ,  2.84087    ,  0.0315654  ,  0.0707545  ])
1496    , -102.847    , array([ 0.030746   ,  2.69041    ,  0.034281   ,  0.0716547  ])
1500    , -102.743    , array([ 0.0293847  ,  2.85641    ,  0.0312848  ,  0.0706615  ])
