1880    , -393.287    , array([ 3.93906    ,  0.176472   ,  4.97302    ,  0.561366   ])
1884    , -393.286    , array([ 3.93512    ,  0.176472   ,  4.97302    ,  0.561366   ])
1888    , -1572.1     , array([ 3.48624    ,  0.0682859  ,  4.77159    ,  0.408948   ])
1892    , -393.285    , array([ 3.93402    ,  0.176085   ,  4.97255    ,  0.560956   ])
1896    , -393.3      , array([ 3.93402    ,  0.176085   ,  4.97255    ,  0.561517   ])
1900    , -393.284    , array([ 3.93396    ,  0.176233   ,  4.97253    ,  0.560892   ])
1904    , -393.285    , array([ 3.93371    ,  0.17594    ,  4.97247    ,  0.560638   ])
1908    , -393.299    , array([ 3.93371    ,  0.17594    ,  4.97247    ,  0.561199   ])
1912    , -393.282    , array([ 3.9327     ,  0.175651   ,  4.97221    ,  0.559624   ])
1916    , -393.275    , array([ 3.92867    ,  0.173631   ,  4.97119    ,  0.555586   ])
1920    , -393.291    , array([ 3.92867    ,  0.173631   ,  4.97119    ,  0.556141   ])
1924    , -393.246    , array([ 3.91259    ,  0.16661    ,  4.96712    ,  0.539721   ])
1928    , -393.276    , array([ 3.84893    ,  0.140546   ,  4.95085    ,  0.480665   ])
1932    , -393.351    , array([ 3.84893    ,  0.140546   ,  4.95085    ,  0.481146   ])
1936    , -393.226    , array([ 3.899      ,  0.16074    ,  4.96366    ,  0.526619   ])
1940    , -393.226    , array([ 3.88853    ,  0.156189   ,  4.961      ,  0.51671    ])
1944    , -393.26     , array([ 3.88853    ,  0.156189   ,  4.961      ,  0.517227   ])
1948    , -393.208    , array([ 3.88043    ,  0.153017   ,  4.95893    ,  0.509148   ])
1952    , -393.246    , array([ 3.85961    ,  0.144619   ,  4.9536     ,  0.490166   ])
1956    , -393.307    , array([ 3.85961    ,  0.144619   ,  4.9536     ,  0.490656   ])
1960    , -393.207    , array([ 3.87618    ,  0.151302   ,  4.95784    ,  0.50523    ])
1964    , -393.225    , array([ 3.87954    ,  0.152505   ,  4.9587     ,  0.508327   ])
1968    , -393.265    , array([ 3.87954    ,  0.152505   ,  4.9587     ,  0.508836   ])
1972    , -393.208    , array([ 3.88024    ,  0.152942   ,  4.95888    ,  0.508976   ])
1976    , -393.225    , array([ 3.88039    ,  0.152849   ,  4.95892    ,  0.509112   ])
1980    , -393.265    , array([ 3.88039    ,  0.152849   ,  4.95892    ,  0.509621   ])
1984    , -393.208    , array([ 3.88042    ,  0.153014   ,  4.95892    ,  0.509141   ])
1988    , -393.225    , array([ 3.88042    ,  0.152864   ,  4.95893    ,  0.509147   ])
1992    , -393.265    , array([ 3.88042    ,  0.152864   ,  4.95893    ,  0.509656   ])
1996    , -393.208    , array([ 3.88043    ,  0.153017   ,  4.95893    ,  0.509148   ])
2000    , -393.225    , array([ 3.88043    ,  0.152865   ,  4.95893    ,  0.509148   ])
2004    , -393.265    , array([ 3.88043    ,  0.152865   ,  4.95893    ,  0.509658   ])
2008    , -393.208    , array([ 3.88043    ,  0.153017   ,  4.95893    ,  0.509148   ])
2012    , -393.225    , array([ 3.88043    ,  0.152865   ,  4.95893    ,  0.509148   ])
2016    , -393.265    , array([ 3.88043    ,  0.152865   ,  4.95893    ,  0.509658   ])
2020    , -393.208    , array([ 3.88043    ,  0.153017   ,  4.95893    ,  0.509148   ])
2024    , -393.225    , array([ 3.88043    ,  0.152865   ,  4.95893    ,  0.509148   ])
2028    , -393.265    , array([ 3.88043    ,  0.152865   ,  4.95893    ,  0.509658   ])
2032    , -393.208    , array([ 3.88043    ,  0.153017   ,  4.95893    ,  0.509148   ])
2036    , -393.225    , array([ 3.88043    ,  0.152865   ,  4.95893    ,  0.509148   ])
2040    , -393.265    , array([ 3.88043    ,  0.152865   ,  4.95893    ,  0.509658   ])
2044    , -393.208    , array([ 3.88043    ,  0.153017   ,  4.95893    ,  0.509148   ])
2048    , -393.225    , array([ 3.88043    ,  0.152865   ,  4.95893    ,  0.509148   ])
2052    , -393.265    , array([ 3.88043    ,  0.152865   ,  4.95893    ,  0.509658   ])
2056    , -393.208    , array([ 3.88043    ,  0.153017   ,  4.95893    ,  0.509148   ])
2060    , -393.225    , array([ 3.88043    ,  0.152865   ,  4.95893    ,  0.509148   ])
2064    , -393.265    , array([ 3.88043    ,  0.152865   ,  4.95893    ,  0.509658   ])
2068    , -393.208    , array([ 3.88043    ,  0.153017   ,  4.95893    ,  0.509148   ])
2072    , -393.285    , array([ 3.93396    ,  0.176056   ,  4.97253    ,  0.560892   ])
2076    , -393.3      , array([ 3.93396    ,  0.176056   ,  4.97253    ,  0.561453   ])
2080    , -393.284    , array([ 3.9339     ,  0.176203   ,  4.97251    ,  0.560829   ])
2084    , -393.285    , array([ 3.93377    ,  0.175969   ,  4.97248    ,  0.560702   ])
2088    , -393.3      , array([ 3.93377    ,  0.175969   ,  4.97248    ,  0.561263   ])
2092    , -393.284    , array([ 3.93352    ,  0.176029   ,  4.97242    ,  0.560448   ])
2096    , -393.283    , array([ 3.93302    ,  0.175621   ,  4.97229    ,  0.559941   ])
2100    , -393.298    , array([ 3.93302    ,  0.175621   ,  4.97229    ,  0.560501   ])
2104    , -393.281    , array([ 3.93201    ,  0.175333   ,  4.97204    ,  0.558928   ])
2108    , -393.278    , array([ 3.92999    ,  0.174234   ,  4.97153    ,  0.556908   ])
2112    , -393.293    , array([ 3.92999    ,  0.174234   ,  4.97153    ,  0.557465   ])
2116    , -393.27     , array([ 3.92597    ,  0.172575   ,  4.97051    ,  0.552889   ])
2120    , -393.258    , array([ 3.91792    ,  0.168796   ,  4.96847    ,  0.544938   ])
2124    , -393.276    , array([ 3.91792    ,  0.168796   ,  4.96847    ,  0.545483   ])
2128    , -393.23     , array([ 3.90189    ,  0.16197    ,  4.9644     ,  0.529377   ])
2132    , -393.23     , array([ 3.87001    ,  0.148689   ,  4.95626    ,  0.499576   ])
2136    , -393.28     , array([ 3.87001    ,  0.148689   ,  4.95626    ,  0.500076   ])
2140    , -393.209    , array([ 3.87169    ,  0.147064   ,  4.96185    ,  0.495718   ])
2144    , -393.231    , array([ 3.87034    ,  0.148338   ,  4.95736    ,  0.498813   ])
2148    , -393.282    , array([ 3.87034    ,  0.148338   ,  4.95736    ,  0.499312   ])
2152    , -393.207    , array([ 3.87008    ,  0.148768   ,  4.95648    ,  0.499424   ])
2156    , -393.23     , array([ 3.87003    ,  0.148675   ,  4.95631    ,  0.499546   ])
2160    , -393.28     , array([ 3.87003    ,  0.148675   ,  4.95631    ,  0.500046   ])
2164    , -393.207    , array([ 3.87002    ,  0.148835   ,  4.95627    ,  0.49957    ])
2168    , -393.23     , array([ 3.87001    ,  0.148688   ,  4.95626    ,  0.499575   ])
2172    , -393.28     , array([ 3.87001    ,  0.148688   ,  4.95626    ,  0.500075   ])
2176    , -393.207    , array([ 3.87001    ,  0.148837   ,  4.95626    ,  0.499576   ])
2180    , -393.23     , array([ 3.87001    ,  0.148689   ,  4.95626    ,  0.499576   ])
2184    , -393.28     , array([ 3.87001    ,  0.148689   ,  4.95626    ,  0.500076   ])
2188    , -393.207    , array([ 3.87001    ,  0.148837   ,  4.95626    ,  0.499576   ])
2192    , -393.23     , array([ 3.87001    ,  0.148689   ,  4.95626    ,  0.499576   ])
2196    , -393.28     , array([ 3.87001    ,  0.148689   ,  4.95626    ,  0.500076   ])
2200    , -393.207    , array([ 3.87001    ,  0.148837   ,  4.95626    ,  0.499576   ])
2204    , -393.23     , array([ 3.87001    ,  0.148689   ,  4.95626    ,  0.499576   ])
2208    , -393.28     , array([ 3.87001    ,  0.148689   ,  4.95626    ,  0.500076   ])
2212    , -393.207    , array([ 3.87001    ,  0.148837   ,  4.95626    ,  0.499576   ])
2216    , -393.23     , array([ 3.87001    ,  0.148689   ,  4.95626    ,  0.499576   ])
2220    , -393.28     , array([ 3.87001    ,  0.148689   ,  4.95626    ,  0.500076   ])
2224    , -393.207    , array([ 3.87001    ,  0.148837   ,  4.95626    ,  0.499576   ])
2228    , -393.23     , array([ 3.87001    ,  0.148689   ,  4.95626    ,  0.499576   ])
2232    , -393.28     , array([ 3.87001    ,  0.148689   ,  4.95626    ,  0.500076   ])
2236    , -393.207    , array([ 3.87001    ,  0.148837   ,  4.95626    ,  0.499576   ])
2240    , -393.23     , array([ 3.87001    ,  0.148689   ,  4.95626    ,  0.499576   ])
2244    , -393.28     , array([ 3.87001    ,  0.148689   ,  4.95626    ,  0.500076   ])
2248    , -393.207    , array([ 3.87001    ,  0.148837   ,  4.95626    ,  0.499576   ])
2252    , -393.23     , array([ 3.87001    ,  0.148689   ,  4.95626    ,  0.499576   ])
2256    , -393.28     , array([ 3.87001    ,  0.148689   ,  4.95626    ,  0.500076   ])
2260    , -393.207    , array([ 3.87001    ,  0.148837   ,  4.95626    ,  0.499576   ])
2264    , -393.23     , array([ 3.87001    ,  0.148689   ,  4.95626    ,  0.499576   ])
2268    , -393.28     , array([ 3.87001    ,  0.148689   ,  4.95626    ,  0.500076   ])
2272    , -393.207    , array([ 3.87001    ,  0.148837   ,  4.95626    ,  0.499576   ])
2276    , -393.23     , array([ 3.87001    ,  0.148689   ,  4.95626    ,  0.499576   ])
2280    , -393.28     , array([ 3.87001    ,  0.148689   ,  4.95626    ,  0.500076   ])
2284    , -393.207    , array([ 3.87001    ,  0.148837   ,  4.95626    ,  0.499576   ])
2288    , -393.23     , array([ 3.87001    ,  0.148689   ,  4.95626    ,  0.499576   ])
2292    , -393.28     , array([ 3.87001    ,  0.148689   ,  4.95626    ,  0.500076   ])
2296    , -393.207    , array([ 3.87001    ,  0.148837   ,  4.95626    ,  0.499576   ])
2300    , -393.23     , array([ 3.87001    ,  0.148689   ,  4.95626    ,  0.499576   ])
2304    , -393.28     , array([ 3.87001    ,  0.148689   ,  4.95626    ,  0.500076   ])
2308    , -393.207    , array([ 3.87001    ,  0.148837   ,  4.95626    ,  0.499576   ])
2312    , -393.23     , array([ 3.87001    ,  0.148689   ,  4.95626    ,  0.499576   ])
2316    , -393.28     , array([ 3.87001    ,  0.148689   ,  4.95626    ,  0.500076   ])
2320    , -393.207    , array([ 3.87001    ,  0.148837   ,  4.95626    ,  0.499576   ])
2324    , -393.23     , array([ 3.87001    ,  0.148689   ,  4.95626    ,  0.499576   ])
2328    , -393.28     , array([ 3.87001    ,  0.148689   ,  4.95626    ,  0.500076   ])
2332    , -393.207    , array([ 3.87001    ,  0.148837   ,  4.95626    ,  0.499576   ])
2336    , -393.23     , array([ 3.87001    ,  0.148689   ,  4.95626    ,  0.499576   ])
2340    , -393.28     , array([ 3.87001    ,  0.148689   ,  4.95626    ,  0.500076   ])
2344    , -393.207    , array([ 3.87001    ,  0.148837   ,  4.95626    ,  0.499576   ])
2348    , -393.23     , array([ 3.87001    ,  0.148689   ,  4.95626    ,  0.499576   ])
2352    , -393.28     , array([ 3.87001    ,  0.148689   ,  4.95626    ,  0.500076   ])
2356    , -393.207    , array([ 3.87001    ,  0.148837   ,  4.95626    ,  0.499576   ])
2360    , -393.23     , array([ 3.87001    ,  0.148689   ,  4.95626    ,  0.499576   ])
2364    , -393.28     , array([ 3.87001    ,  0.148689   ,  4.95626    ,  0.500076   ])
2368    , -393.207    , array([ 3.87001    ,  0.148837   ,  4.95626    ,  0.499576   ])
2372    , -393.23     , array([ 3.87001    ,  0.148689   ,  4.95626    ,  0.499576   ])
2376    , -393.28     , array([ 3.87001    ,  0.148689   ,  4.95626    ,  0.500076   ])
2380    , -393.207    , array([ 3.87001    ,  0.148837   ,  4.95626    ,  0.499576   ])
2384    , -393.23     , array([ 3.87001    ,  0.148689   ,  4.95626    ,  0.499576   ])
2388    , -393.28     , array([ 3.87001    ,  0.148689   ,  4.95626    ,  0.500076   ])
2392    , -393.207    , array([ 3.87001    ,  0.148837   ,  4.95626    ,  0.499576   ])
2396    , -393.23     , array([ 3.87001    ,  0.148689   ,  4.95626    ,  0.499576   ])
2400    , -393.28     , array([ 3.87001    ,  0.148689   ,  4.95626    ,  0.500076   ])
2404    , -393.207    , array([ 3.87001    ,  0.148837   ,  4.95626    ,  0.499576   ])
2408    , -393.23     , array([ 3.87001    ,  0.148689   ,  4.95626    ,  0.499576   ])
2412    , -393.28     , array([ 3.87001    ,  0.148689   ,  4.95626    ,  0.500076   ])
2416    , -393.207    , array([ 3.87001    ,  0.148837   ,  4.95626    ,  0.499576   ])
2420    , -393.23     , array([ 3.87001    ,  0.148689   ,  4.95626    ,  0.499576   ])
2424    , -393.28     , array([ 3.87001    ,  0.148689   ,  4.95626    ,  0.500076   ])
2428    , -393.207    , array([ 3.87001    ,  0.148837   ,  4.95626    ,  0.499576   ])
2432    , -393.23     , array([ 3.87001    ,  0.148689   ,  4.95626    ,  0.499576   ])
2436    , -393.28     , array([ 3.87001    ,  0.148689   ,  4.95626    ,  0.500076   ])
2440    , -393.207    , array([ 3.87001    ,  0.148837   ,  4.95626    ,  0.499576   ])
2444    , -393.23     , array([ 3.87001    ,  0.148689   ,  4.95626    ,  0.499576   ])
2448    , -393.28     , array([ 3.87001    ,  0.148689   ,  4.95626    ,  0.500076   ])
2452    , -393.207    , array([ 3.87001    ,  0.148837   ,  4.95626    ,  0.499576   ])
2456    , -393.233    , array([ 3.87081    ,  0.147848   ,  4.95891    ,  0.497747   ])
2460    , -393.23     , array([ 3.87004    ,  0.148665   ,  4.95634    ,  0.499524   ])
2464    , -393.23     , array([ 3.87001    ,  0.148688   ,  4.95627    ,  0.499575   ])
