432     , -413.493    , array([ 29.4271    ,  0.337038   ,  5          ,  1.03664    ])
436     , -413.472    , array([ 31.0442    ,  0.337038   ,  5          ,  1.03664    ])
440     , -413.472    , array([ 31.0366    ,  0.337038   ,  5          ,  1.03664    ])
444     , -413.472    , array([ 31.0367    ,  0.337038   ,  5          ,  1.03664    ])
448     , -2367.75    , array([ 31.0367    ,  0.10097    ,  5          ,  1.03664    ])
452     , -414.469    , array([ 31.0367    ,  0.343095   ,  5          ,  1.03664    ])
456     , -413.471    , array([ 31.0367    ,  0.336883   ,  5          ,  1.03664    ])
460     , -481.197    , array([ 31.0367    ,  0.336882   ,  3.38197    ,  1.03664    ])
464     , -415.6      , array([ 31.0367    ,  0.336882   ,  4.69098    ,  1.03664    ])
508     , -413.471    , array([ 31.0367    ,  0.336882   ,  5          ,  1.03664    ])
512     , -2361.26    , array([ 31.0367    ,  0.336882   ,  5          ,  0.418603   ])
516     , -413.471    , array([ 31.0367    ,  0.336882   ,  5          ,  1.03648    ])
