728     , -416.818    , array([ 7.04168    ,  0.193048   ,  5          ,  0.6616     ])
732     , -412.931    , array([ 8.68553    ,  0.193048   ,  5          ,  0.6616     ])
736     , -412.93     , array([ 8.66143    ,  0.193048   ,  5          ,  0.6616     ])
740     , -412.93     , array([ 8.66142    ,  0.193048   ,  5          ,  0.6616     ])
748     , -429.964    , array([ 8.66142    ,  0.205828   ,  5          ,  0.6616     ])
752     , -412.93     , array([ 8.66142    ,  0.19302    ,  5          ,  0.6616     ])
764     , -412.931    , array([ 8.66142    ,  0.19302    ,  4.99482    ,  0.6616     ])
804     , -412.93     , array([ 8.66142    ,  0.19302    ,  5          ,  0.6616     ])
808     , -412.93     , array([ 8.66142    ,  0.19302    ,  5          ,  0.6616     ])
812     , -432.493    , array([ 8.66142    ,  0.19302    ,  5          ,  0.631464   ])
816     , -412.93     , array([ 8.66142    ,  0.19302    ,  5          ,  0.661568   ])
