306     , -11245.7    , array([ 0.68168    ,  2.40876    ,  0.92954    ,  0.258888   ,  0.79757    ,  0.647372   ,  1.10749    ,  0.111538   ,  0.0378446  ,  1.18872    ,  0.163241   ,  0.700439   ,  0.0931624  ,  0.546508   ,  2.33822    ,  1.21736    ,  2.16871    ])
323     , -11196      , array([ 0.68168    ,  3.02867    ,  0.928082   ,  0.258888   ,  0.79757    ,  0.647372   ,  1.10749    ,  0.111538   ,  0.0378446  ,  1.18872    ,  0.163241   ,  0.700439   ,  0.0931624  ,  0.546508   ,  2.33822    ,  1.21736    ,  2.16871    ])
340     , -11196      , array([ 0.68168    ,  3.02867    ,  0.925458   ,  0.259558   ,  0.79757    ,  0.647372   ,  1.10749    ,  0.111538   ,  0.0378446  ,  1.18872    ,  0.163241   ,  0.700439   ,  0.0931624  ,  0.546508   ,  2.33822    ,  1.21736    ,  2.16871    ])
357     , -12359.5    , array([ 0.68168    ,  3.02867    ,  0.925458   ,  0.259558   ,  0.7994     ,  1.64737    ,  1.10749    ,  0.111538   ,  0.0378446  ,  1.18872    ,  0.163241   ,  0.700439   ,  0.0931624  ,  0.546508   ,  2.33822    ,  1.21736    ,  2.16871    ])
374     , -11196      , array([ 0.68168    ,  3.02867    ,  0.925458   ,  0.259558   ,  0.7994     ,  0.647105   ,  1.10749    ,  0.111538   ,  0.0378446  ,  1.18872    ,  0.163241   ,  0.700439   ,  0.0931624  ,  0.546508   ,  2.33822    ,  1.21736    ,  2.16871    ])
391     , -25336.6    , array([ 0.68168    ,  3.02867    ,  0.925458   ,  0.259558   ,  0.7994     ,  0.647105   ,  1.11254    ,  0.0213685  ,  0.0378446  ,  1.18872    ,  0.163241   ,  0.700439   ,  0.0931624  ,  0.546508   ,  2.33822    ,  1.21736    ,  2.16871    ])
425     , -11221.8    , array([ 0.68168    ,  3.02867    ,  0.925458   ,  0.259558   ,  0.7994     ,  0.647105   ,  1.11254    ,  0.111692   ,  0.0378812  ,  1.57068    ,  0.163241   ,  0.700439   ,  0.0931624  ,  0.546508   ,  2.33822    ,  1.21736    ,  2.16871    ])
442     , -11195.9    , array([ 0.68168    ,  3.02867    ,  0.925458   ,  0.259558   ,  0.7994     ,  0.647105   ,  1.11254    ,  0.111692   ,  0.0378812  ,  1.2043     ,  0.160547   ,  0.700439   ,  0.0931624  ,  0.546508   ,  2.33822    ,  1.21736    ,  2.16871    ])
459     , -11206.8    , array([ 0.68168    ,  3.02867    ,  0.925458   ,  0.259558   ,  0.7994     ,  0.647105   ,  1.11254    ,  0.111692   ,  0.0378812  ,  1.2043     ,  0.16051    ,  0.693059   ,  0.475128   ,  0.546508   ,  2.33822    ,  1.21736    ,  2.16871    ])
476     , -11194.9    , array([ 0.68168    ,  3.02867    ,  0.925458   ,  0.259558   ,  0.7994     ,  0.647105   ,  1.11254    ,  0.111692   ,  0.0378812  ,  1.2043     ,  0.16051    ,  0.693059   ,  0.178572   ,  0.536945   ,  2.33822    ,  1.21736    ,  2.16871    ])
493     , -11194.8    , array([ 0.68168    ,  3.02867    ,  0.925458   ,  0.259558   ,  0.7994     ,  0.647105   ,  1.11254    ,  0.111692   ,  0.0378812  ,  1.2043     ,  0.16051    ,  0.693059   ,  0.178572   ,  0.536945   ,  2.36814    ,  1.19894    ,  2.16871    ])
510     , -11194.8    , array([ 0.68168    ,  3.02867    ,  0.925458   ,  0.259558   ,  0.7994     ,  0.647105   ,  1.11254    ,  0.111692   ,  0.0378812  ,  1.2043     ,  0.16051    ,  0.693059   ,  0.178572   ,  0.536945   ,  2.36814    ,  1.20135    ,  2.16347    ])
527     , -12069.8    , array([ 0.37221    ,  3.02909    ,  0.924547   ,  0.259707   ,  0.799808   ,  0.647045   ,  1.11366    ,  0.111727   ,  0.0378894  ,  1.20777    ,  0.1599     ,  0.691412   ,  0.197632   ,  0.534811   ,  2.37481    ,  1.19778    ,  2.16239    ])
544     , -11199.5    , array([ 0.680493   ,  2.73772    ,  0.924547   ,  0.259707   ,  0.799808   ,  0.647045   ,  1.11366    ,  0.111727   ,  0.0378894  ,  1.20777    ,  0.1599     ,  0.691412   ,  0.197632   ,  0.534811   ,  2.37481    ,  1.19778    ,  2.16239    ])
561     , -11194.1    , array([ 0.680493   ,  2.95617    ,  0.919087   ,  0.259707   ,  0.799808   ,  0.647045   ,  1.11366    ,  0.111727   ,  0.0378894  ,  1.20777    ,  0.1599     ,  0.691412   ,  0.197632   ,  0.534811   ,  2.37481    ,  1.19778    ,  2.16239    ])
578     , -11194.1    , array([ 0.680493   ,  2.95617    ,  0.919087   ,  0.261416   ,  0.799808   ,  0.647045   ,  1.11366    ,  0.111727   ,  0.0378894  ,  1.20777    ,  0.1599     ,  0.691412   ,  0.197632   ,  0.534811   ,  2.37481    ,  1.19778    ,  2.16239    ])
663     , -11222.9    , array([ 0.680493   ,  2.95617    ,  0.919087   ,  0.261416   ,  0.804524   ,  0.646877   ,  1.11998    ,  0.112262   ,  0.0379814  ,  1.58974    ,  0.1599     ,  0.691412   ,  0.197632   ,  0.534811   ,  2.37481    ,  1.19778    ,  2.16239    ])
680     , -11193.7    , array([ 0.680493   ,  2.95617    ,  0.919087   ,  0.261416   ,  0.804524   ,  0.646877   ,  1.11998    ,  0.112262   ,  0.0379814  ,  1.19913    ,  0.175701   ,  0.691412   ,  0.197632   ,  0.534811   ,  2.37481    ,  1.19778    ,  2.16239    ])
697     , -11195.3    , array([ 0.680493   ,  2.95617    ,  0.919087   ,  0.261416   ,  0.804524   ,  0.646877   ,  1.11998    ,  0.112262   ,  0.0379814  ,  1.19913    ,  0.175861   ,  0.661318   ,  0.197632   ,  0.534811   ,  2.37481    ,  1.19778    ,  2.54435    ])
714     , -11193.6    , array([ 0.680493   ,  2.95617    ,  0.919087   ,  0.261416   ,  0.804524   ,  0.646877   ,  1.11998    ,  0.112262   ,  0.0379814  ,  1.19913    ,  0.175861   ,  0.661318   ,  0.197632   ,  0.541885   ,  2.37481    ,  1.19778    ,  2.17255    ])
748     , -11192.6    , array([ 0.678377   ,  2.95801    ,  0.915102   ,  0.26207    ,  0.80631    ,  0.646617   ,  1.1249     ,  0.112412   ,  0.0380172  ,  1.21434    ,  0.173195   ,  0.654114   ,  0.281011   ,  0.53255    ,  2.41197    ,  1.1908     ,  2.16751    ])
782     , -11203      , array([ 0.672085   ,  3.2018     ,  0.894853   ,  0.266982   ,  0.819822   ,  0.645662   ,  1.14907    ,  0.11382    ,  0.0382831  ,  1.23398    ,  0.197998   ,  0.577962   ,  0.481314   ,  0.523956   ,  2.49769    ,  1.17015    ,  2.17527    ])
799     , -11190.8    , array([ 0.672085   ,  2.84368    ,  0.893172   ,  0.266982   ,  0.819822   ,  0.645662   ,  1.14907    ,  0.11382    ,  0.0382831  ,  1.23398    ,  0.197998   ,  0.577962   ,  0.481314   ,  0.523956   ,  2.49769    ,  1.17015    ,  2.17527    ])
816     , -11190.7    , array([ 0.672085   ,  2.84368    ,  0.893222   ,  0.270085   ,  0.819822   ,  0.645662   ,  1.14907    ,  0.11382    ,  0.0382831  ,  1.23398    ,  0.197998   ,  0.577962   ,  0.481314   ,  0.523956   ,  2.49769    ,  1.17015    ,  2.17527    ])
833     , -11190.6    , array([ 0.672085   ,  2.84368    ,  0.893222   ,  0.272002   ,  0.822775   ,  0.645662   ,  1.14907    ,  0.11382    ,  0.0382831  ,  1.23398    ,  0.197998   ,  0.577962   ,  0.481314   ,  0.523956   ,  2.49769    ,  1.17015    ,  2.17527    ])
850     , -11190.6    , array([ 0.672085   ,  2.84368    ,  0.893222   ,  0.272002   ,  0.822949   ,  0.644891   ,  1.14907    ,  0.11382    ,  0.0382831  ,  1.23398    ,  0.197998   ,  0.577962   ,  0.481314   ,  0.523956   ,  2.49769    ,  1.17015    ,  2.17527    ])
867     , -27481.5    , array([ 0.672085   ,  2.84368    ,  0.893222   ,  0.272002   ,  0.822949   ,  0.644883   ,  1.14934    ,  1.11382    ,  0.0382831  ,  1.23398    ,  0.197998   ,  0.577962   ,  0.481314   ,  0.523956   ,  2.49769    ,  1.17015    ,  2.17527    ])
884     , -25667.7    , array([ 0.672085   ,  2.84368    ,  0.893222   ,  0.272002   ,  0.822949   ,  0.644883   ,  1.14934    ,  0.114577   ,  1.03828    ,  1.23398    ,  0.197998   ,  0.577962   ,  0.481314   ,  0.523956   ,  2.49769    ,  1.17015    ,  2.17527    ])
901     , -11190.3    , array([ 0.672085   ,  2.84368    ,  0.893222   ,  0.272002   ,  0.822949   ,  0.644883   ,  1.14934    ,  0.114577   ,  0.0383263  ,  1.23398    ,  0.197998   ,  0.577962   ,  0.481314   ,  0.523956   ,  2.49769    ,  1.17015    ,  2.17527    ])
935     , -11189.5    , array([ 0.672085   ,  2.84368    ,  0.893222   ,  0.272002   ,  0.822949   ,  0.644883   ,  1.14934    ,  0.114577   ,  0.0383282  ,  1.19371    ,  0.223149   ,  0.535042   ,  0.481314   ,  0.523956   ,  2.49769    ,  1.17015    ,  2.17527    ])
952     , -11189.5    , array([ 0.672085   ,  2.84368    ,  0.893222   ,  0.272002   ,  0.822949   ,  0.644883   ,  1.14934    ,  0.114577   ,  0.0383282  ,  1.19371    ,  0.223149   ,  0.535042   ,  0.481314   ,  0.523956   ,  2.49769    ,  1.17015    ,  2.17942    ])
969     , -11195.3    , array([ 0.672085   ,  2.84368    ,  0.893222   ,  0.272002   ,  0.822949   ,  0.644883   ,  1.14934    ,  0.114577   ,  0.0383282  ,  1.19371    ,  0.223149   ,  0.535042   ,  0.481314   ,  0.534306   ,  1.87966    ,  1.17015    ,  2.17942    ])
986     , -11189.4    , array([ 0.672085   ,  2.84368    ,  0.893222   ,  0.272002   ,  0.822949   ,  0.644883   ,  1.14934    ,  0.114577   ,  0.0383282  ,  1.19371    ,  0.223149   ,  0.535042   ,  0.481314   ,  0.534306   ,  2.4928     ,  1.16771    ,  2.17942    ])
1003    , -11192.4    , array([ 0.663488   ,  2.68005    ,  0.864116   ,  0.283687   ,  0.844409   ,  0.642808   ,  1.18239    ,  0.117244   ,  0.0387341  ,  1.18009    ,  0.281955   ,  0.388797   ,  0.75309    ,  0.532996   ,  2.60421    ,  1.14043    ,  2.1941     ])
1020    , -12160.3    , array([ 0.668491   ,  1.20099    ,  0.889609   ,  0.272878   ,  0.82536    ,  0.644712   ,  1.15365    ,  0.114828   ,  0.0383757  ,  1.19722    ,  0.227575   ,  0.521455   ,  0.517051   ,  0.532773   ,  2.50809    ,  1.16561    ,  2.1808     ])
1037    , -11188.6    , array([ 0.668491   ,  2.89423    ,  0.891673   ,  0.272878   ,  0.82536    ,  0.644712   ,  1.15365    ,  0.114828   ,  0.0383757  ,  1.19722    ,  0.227575   ,  0.521455   ,  0.517051   ,  0.532773   ,  2.50809    ,  1.16561    ,  2.1808     ])
1054    , -11188.6    , array([ 0.668491   ,  2.89423    ,  0.888588   ,  0.274306   ,  0.82536    ,  0.644712   ,  1.15365    ,  0.114828   ,  0.0383757  ,  1.19722    ,  0.227575   ,  0.521455   ,  0.517051   ,  0.532773   ,  2.50809    ,  1.16561    ,  2.1808     ])
1088    , -11188.6    , array([ 0.668491   ,  2.89423    ,  0.888588   ,  0.274306   ,  0.823534   ,  0.64443    ,  1.15365    ,  0.114828   ,  0.0383757  ,  1.19722    ,  0.227575   ,  0.521455   ,  0.517051   ,  0.532773   ,  2.50809    ,  1.16561    ,  2.1808     ])
1105    , -23680      , array([ 0.668491   ,  2.89423    ,  0.888588   ,  0.274306   ,  0.823534   ,  0.64443    ,  1.15948    ,  0.0246579  ,  0.0383757  ,  1.19722    ,  0.227575   ,  0.521455   ,  0.517051   ,  0.532773   ,  2.50809    ,  1.16561    ,  2.1808     ])
1139    , -11188.6    , array([ 0.668491   ,  2.89423    ,  0.888588   ,  0.274306   ,  0.823534   ,  0.64443    ,  1.15948    ,  0.115018   ,  0.0383879  ,  1.19722    ,  0.227575   ,  0.521455   ,  0.517051   ,  0.532773   ,  2.50809    ,  1.16561    ,  2.1808     ])
1156    , -11200.4    , array([ 0.668491   ,  2.89423    ,  0.888588   ,  0.274306   ,  0.823534   ,  0.64443    ,  1.15948    ,  0.115018   ,  0.0383879  ,  1.17573    ,  0.418557   ,  0.521455   ,  0.517051   ,  0.532773   ,  2.50809    ,  1.16561    ,  2.1808     ])
1173    , -11188.4    , array([ 0.668491   ,  2.89423    ,  0.888588   ,  0.274306   ,  0.823534   ,  0.64443    ,  1.15948    ,  0.115018   ,  0.0383879  ,  1.17573    ,  0.233018   ,  0.503313   ,  0.517051   ,  0.532773   ,  2.50809    ,  1.16561    ,  2.1808     ])
1190    , -11188.4    , array([ 0.668491   ,  2.89423    ,  0.888588   ,  0.274306   ,  0.823534   ,  0.64443    ,  1.15948    ,  0.115018   ,  0.0383879  ,  1.17573    ,  0.233018   ,  0.503313   ,  0.517051   ,  0.532773   ,  2.50809    ,  1.16561    ,  2.16999    ])
1207    , -11190.6    , array([ 0.668491   ,  2.89423    ,  0.888588   ,  0.274306   ,  0.823534   ,  0.64443    ,  1.15948    ,  0.115018   ,  0.0383879  ,  1.17573    ,  0.233018   ,  0.503313   ,  0.517051   ,  0.533779   ,  2.89006    ,  1.16561    ,  2.16999    ])
1224    , -11188.4    , array([ 0.668491   ,  2.89423    ,  0.888588   ,  0.274306   ,  0.823534   ,  0.64443    ,  1.15948    ,  0.115018   ,  0.0383879  ,  1.17573    ,  0.233018   ,  0.503313   ,  0.517051   ,  0.533779   ,  2.50206    ,  1.16077    ,  2.16999    ])
