475     , -1310.94    , array([ 0.999952   ,  0.0997046  ,  4.98732    ,  2.51093    ,  0.0498226  ])
480     , -1311.02    , array([ 1.0096     ,  0.0997046  ,  4.98732    ,  2.51093    ,  0.0498226  ])
485     , -1310.94    , array([ 1.001      ,  0.0997046  ,  4.98732    ,  2.51093    ,  0.0498226  ])
490     , -24657.1    , array([ 1.001      ,  0.481671   ,  4.98732    ,  2.51093    ,  0.0498226  ])
495     , -3947.55    , array([ 1.001      ,  0.0652628  ,  4.98732    ,  2.51093    ,  0.0498226  ])
500     , -1310.94    , array([ 1.001      ,  0.0997153  ,  4.98732    ,  2.51093    ,  0.0498226  ])
505     , -1402.03    , array([ 1.001      ,  0.0997153  ,  3.36929    ,  2.51093    ,  0.0498226  ])
510     , -1310.94    , array([ 1.001      ,  0.0997153  ,  4.9917     ,  2.51093    ,  0.0498226  ])
515     , -1531.09    , array([ 1.001      ,  0.0997153  ,  4.9917     ,  0.892899   ,  0.0498226  ])
520     , -1310.94    , array([ 1.001      ,  0.0997153  ,  4.9917     ,  2.50827    ,  0.0498226  ])
525     , -13771.6    , array([ 1.001      ,  0.0997153  ,  4.9917     ,  2.50851    ,  1.04982    ])
530     , -9136.93    , array([ 1.001      ,  0.0997153  ,  4.9917     ,  2.50851    ,  0.240722   ])
535     , -2456.87    , array([ 1.001      ,  0.0997153  ,  4.9917     ,  2.50851    ,  0.0776745  ])
540     , -1310.94    , array([ 1.001      ,  0.0997153  ,  4.9917     ,  2.50851    ,  0.0498284  ])
