235     , -1316.3     , array([ 0.932842   ,  0.100646   ,  0.0505335  ,  5.02837    ,  2.51177    ])
240     , -1310.99    , array([ 0.997542   ,  0.100646   ,  0.0505335  ,  5.02837    ,  2.51177    ])
245     , -40218.6    , array([ 0.997531   ,  1.10065    ,  0.0505335  ,  5.02837    ,  2.51177    ])
250     , -13878.4    , array([ 0.997531   ,  0.291442   ,  0.0505335  ,  5.02837    ,  2.51177    ])
255     , -1559.87    , array([ 0.997531   ,  0.115208   ,  0.0505335  ,  5.02837    ,  2.51177    ])
260     , -1310.99    , array([ 0.997531   ,  0.100677   ,  0.0505335  ,  5.02837    ,  2.51177    ])
265     , -1310.99    , array([ 0.997531   ,  0.100677   ,  0.0505335  ,  5.02837    ,  2.51177    ])
275     , -1367.26    , array([ 0.997531   ,  0.100677   ,  0.0554123  ,  5.02837    ,  2.51177    ])
280     , -1310.99    , array([ 0.997531   ,  0.100677   ,  0.050511   ,  5.02837    ,  2.51177    ])
285     , -1323.35    , array([ 0.997531   ,  0.100677   ,  0.0505112  ,  4.41034    ,  2.51177    ])
290     , -1310.98    , array([ 0.997531   ,  0.100677   ,  0.0505112  ,  5.01956    ,  2.51177    ])
295     , -1340.31    , array([ 0.997531   ,  0.100677   ,  0.0505112  ,  5.01947    ,  1.89373    ])
300     , -1310.98    , array([ 0.997531   ,  0.100677   ,  0.0505112  ,  5.01947    ,  2.50923    ])
