515     , -1316.14    , array([ 0.948482   ,  0.0974388  ,  4.85933    ,  2.5818     ,  0.0482825  ])
520     , -1311.61    , array([ 1.01128    ,  0.0974388  ,  4.85933    ,  2.5818     ,  0.0482825  ])
530     , -5256.32    , array([ 1.01128    ,  0.170314   ,  4.85933    ,  2.5818     ,  0.0482825  ])
535     , -1311.61    , array([ 1.01128    ,  0.0974287  ,  4.85933    ,  2.5818     ,  0.0482825  ])
540     , -1337.59    , array([ 1.01128    ,  0.0974246  ,  5.85933    ,  2.5818     ,  0.0482825  ])
545     , -1311.52    , array([ 1.01128    ,  0.0974246  ,  4.91787    ,  2.5818     ,  0.0482825  ])
550     , -1376.19    , array([ 1.01128    ,  0.0974246  ,  4.91279    ,  3.5818     ,  0.0482825  ])
555     , -1311.5     , array([ 1.01128    ,  0.0974246  ,  4.91279    ,  2.57087    ,  0.0482825  ])
560     , -1311.49    , array([ 1.01128    ,  0.0974246  ,  4.91279    ,  2.55977    ,  0.0482825  ])
565     , -11844.8    , array([ 1.01128    ,  0.0974246  ,  4.91279    ,  2.55977    ,  0.430249   ])
570     , -14338.7    , array([ 1.01128    ,  0.0974246  ,  4.91279    ,  2.55977    ,  0.0138407  ])
575     , -1311.48    , array([ 1.01128    ,  0.0974246  ,  4.91279    ,  2.55977    ,  0.0482987  ])
580     , -1311.54    , array([ 1.01177    ,  0.0974103  ,  4.96626    ,  2.53773    ,  0.0484235  ])
585     , -3092.98    , array([ 0.393245   ,  0.0974246  ,  4.91279    ,  2.55977    ,  0.048353   ])
590     , -1311.46    , array([ 1.0076     ,  0.0974246  ,  4.91279    ,  2.55977    ,  0.048353   ])
595     , -40851.1    , array([ 1.00684    ,  1.09742    ,  4.91279    ,  2.55977    ,  0.048353   ])
600     , -14308.7    , array([ 1.00684    ,  0.288215   ,  4.91279    ,  2.55977    ,  0.048353   ])
605     , -1589.93    , array([ 1.00684    ,  0.112522   ,  4.91279    ,  2.55977    ,  0.048353   ])
610     , -1311.43    , array([ 1.00684    ,  0.0975518  ,  4.91279    ,  2.55977    ,  0.048353   ])
615     , -1311.43    , array([ 1.00684    ,  0.0975505  ,  4.91279    ,  2.55977    ,  0.048353   ])
620     , -1311.41    , array([ 1.00684    ,  0.0975505  ,  4.93918    ,  2.55977    ,  0.048353   ])
625     , -1311.41    , array([ 1.00684    ,  0.0975505  ,  4.93918    ,  2.55977    ,  0.048353   ])
630     , -1315.13    , array([ 1.00684    ,  0.0975505  ,  4.93918    ,  2.31624    ,  0.048353   ])
635     , -13987.8    , array([ 1.00684    ,  0.0975505  ,  4.93918    ,  2.54811    ,  1.04835    ])
640     , -9390.44    , array([ 1.00684    ,  0.0975505  ,  4.93918    ,  2.54811    ,  0.239251   ])
645     , -2522.41    , array([ 1.00684    ,  0.0975505  ,  4.93918    ,  2.54811    ,  0.0762046  ])
650     , -1311.38    , array([ 1.00684    ,  0.0975505  ,  4.93918    ,  2.54811    ,  0.0484309  ])
