5672    , -36235.3    , array([ 5.70324    ,  0.315453   ,  1.18271    ,  3.93261    ,  1.05768e-08,  2.20232    ,  2.63403    ,  3.5394     ])
5680    , -32906.3    , array([ 2.01022    ,  0.315453   ,  1.18271    ,  3.93261    ,  1.05768e-08,  2.20232    ,  2.63403    ,  3.5394     ])
5688    , -34464.2    , array([ 2.01022    ,  0.5064     ,  1.18271    ,  3.93261    ,  1.05768e-08,  2.20232    ,  2.63403    ,  3.5394     ])
5696    , -32877.6    , array([ 2.01022    ,  0.332834   ,  1.18271    ,  3.93261    ,  1.05768e-08,  2.20232    ,  2.63403    ,  3.5394     ])
5704    , -32813.1    , array([ 2.01022    ,  0.332834   ,  1.11052    ,  3.93261    ,  1.05768e-08,  2.20232    ,  2.63403    ,  3.5394     ])
5720    , -25025.9    , array([ 2.01022    ,  0.332834   ,  1.08487    ,  1.66287    ,  1.05768e-08,  2.20232    ,  2.63403    ,  3.5394     ])
5728    , -24130.8    , array([ 2.01022    ,  0.332834   ,  1.08487    ,  1.70782    ,  0.190989   ,  2.20232    ,  2.63403    ,  3.5394     ])
5736    , -16271      , array([ 2.01022    ,  0.332834   ,  1.08487    ,  1.70782    ,  0.245044   ,  4.95412    ,  2.63403    ,  3.5394     ])
5744    , -15120.7    , array([ 2.01022    ,  0.332834   ,  1.08487    ,  1.70782    ,  0.245044   ,  8.07473    ,  2.63403    ,  3.5394     ])
5752    , -14675      , array([ 2.01022    ,  0.332834   ,  1.08487    ,  1.70782    ,  0.245044   ,  8.01659    ,  0.566984   ,  3.5394     ])
5760    , -14666.5    , array([ 2.01022    ,  0.332834   ,  1.08487    ,  1.70782    ,  0.245044   ,  8.01659    ,  0.027973   ,  3.5394     ])
5768    , -14662.6    , array([ 2.01022    ,  0.332834   ,  1.08487    ,  1.70782    ,  0.245044   ,  8.01659    ,  0.027973   ,  3.35381    ])
5776    , -36148.5    , array([ 0.392181   ,  0.332834   ,  1.08487    ,  1.70782    ,  0.245044   ,  8.01659    ,  0.027973   ,  3.36105    ])
5784    , -14417.4    , array([ 1.67448    ,  0.332834   ,  1.08487    ,  1.70782    ,  0.245044   ,  8.01659    ,  0.027973   ,  3.36105    ])
5792    , -20395.2    , array([ 1.67448    ,  0.7148     ,  1.08487    ,  1.70782    ,  0.245044   ,  8.01659    ,  0.027973   ,  3.36105    ])
5800    , -14317      , array([ 1.67448    ,  0.300886   ,  1.08487    ,  1.70782    ,  0.245044   ,  8.01659    ,  0.027973   ,  3.36105    ])
5808    , -14701.1    , array([ 1.67448    ,  0.301205   ,  1.46683    ,  1.70782    ,  0.245044   ,  8.01659    ,  0.027973   ,  3.36105    ])
5816    , -14308.4    , array([ 1.67448    ,  0.301205   ,  1.03366    ,  1.70782    ,  0.245044   ,  8.01659    ,  0.027973   ,  3.36105    ])
5824    , -14435.7    , array([ 1.67448    ,  0.301205   ,  1.03366    ,  1.36783    ,  0.245044   ,  8.01659    ,  0.027973   ,  3.36105    ])
5840    , -14240.6    , array([ 1.67448    ,  0.301205   ,  1.03366    ,  1.57366    ,  0.255924   ,  8.01659    ,  0.027973   ,  3.36105    ])
5848    , -14191.5    , array([ 1.67448    ,  0.301205   ,  1.03366    ,  1.57366    ,  0.255924   ,  8.78995    ,  0.027973   ,  3.36105    ])
5864    , -14188.8    , array([ 1.67448    ,  0.301205   ,  1.03366    ,  1.57366    ,  0.255924   ,  8.87726    ,  0.12414    ,  3.36105    ])
5872    , -14149.7    , array([ 1.67448    ,  0.301205   ,  1.03366    ,  1.57366    ,  0.255924   ,  8.87726    ,  0.125112   ,  2.76261    ])
5880    , -139340     , array([ 0.0564485  ,  0.301205   ,  1.03366    ,  1.57366    ,  0.255924   ,  8.87726    ,  0.125112   ,  2.77803    ])
5888    , -14139      , array([ 1.6157     ,  0.301205   ,  1.03366    ,  1.57366    ,  0.255924   ,  8.87726    ,  0.125112   ,  2.77803    ])
5896    , -16243.1    , array([ 1.61473    ,  0.492145   ,  1.03366    ,  1.57366    ,  0.255924   ,  8.87726    ,  0.125112   ,  2.77803    ])
5904    , -14138.5    , array([ 1.61473    ,  0.303384   ,  1.03366    ,  1.57366    ,  0.255924   ,  8.87726    ,  0.125112   ,  2.77803    ])
5912    , -14141.5    , array([ 1.61473    ,  0.303406   ,  1.01443    ,  1.57366    ,  0.255924   ,  8.87726    ,  0.125112   ,  2.77803    ])
5920    , -14137.9    , array([ 1.61473    ,  0.303406   ,  1.04744    ,  1.57366    ,  0.255924   ,  8.87726    ,  0.125112   ,  2.77803    ])
5928    , -14137.9    , array([ 1.61473    ,  0.303406   ,  1.04744    ,  1.57471    ,  0.255924   ,  8.87726    ,  0.125112   ,  2.77803    ])
5936    , -14140.7    , array([ 1.61473    ,  0.303406   ,  1.04744    ,  1.57472    ,  0.24194    ,  8.87726    ,  0.125112   ,  2.77803    ])
5944    , -14137.2    , array([ 1.61473    ,  0.303406   ,  1.04744    ,  1.57472    ,  0.266634   ,  8.87726    ,  0.125112   ,  2.77803    ])
5952    , -14137.1    , array([ 1.61473    ,  0.303406   ,  1.04744    ,  1.57472    ,  0.266634   ,  8.90845    ,  0.125112   ,  2.77803    ])
5960    , -14139.5    , array([ 1.61473    ,  0.303406   ,  1.04744    ,  1.57472    ,  0.266634   ,  8.90814    ,  0.316095   ,  2.77803    ])
5968    , -14134.1    , array([ 1.61473    ,  0.303406   ,  1.04744    ,  1.57472    ,  0.266634   ,  8.90814    ,  0.005525   ,  2.77803    ])
5976    , -14130.7    , array([ 1.61473    ,  0.303406   ,  1.04744    ,  1.57472    ,  0.266634   ,  8.90814    ,  0.000500002,  2.62656    ])
5984    , -14130.4    , array([ 1.61473    ,  0.303406   ,  1.04744    ,  1.57472    ,  0.266634   ,  8.90814    ,  0.000500002,  2.60814    ])
5992    , -14494.3    , array([ 1.99669    ,  0.303406   ,  1.04744    ,  1.57472    ,  0.266634   ,  8.90814    ,  0.000500002,  2.61034    ])
6000    , -28196      , array([ 1.60785    ,  1.30341    ,  1.04744    ,  1.57472    ,  0.266634   ,  8.90814    ,  0.000500002,  2.61034    ])
6008    , -14251.3    , array([ 1.60785    ,  0.335637   ,  1.04744    ,  1.57472    ,  0.266634   ,  8.90814    ,  0.000500002,  2.61034    ])
6024    , -14129      , array([ 1.60785    ,  0.30068    ,  1.03591    ,  1.57472    ,  0.266634   ,  8.90814    ,  0.000500002,  2.61034    ])
6032    , -14591.5    , array([ 1.60785    ,  0.30068    ,  1.03591    ,  1.95669    ,  0.266634   ,  8.90814    ,  0.000500002,  2.61034    ])
6040    , -17111.1    , array([ 1.60785    ,  0.30068    ,  1.03591    ,  1.57959    ,  1.26663    ,  8.90814    ,  0.000500002,  2.61034    ])
6048    , -14128.5    , array([ 1.60785    ,  0.30068    ,  1.03591    ,  1.57959    ,  0.275257   ,  8.90814    ,  0.000500002,  2.61034    ])
6056    , -14132.3    , array([ 1.60785    ,  0.30068    ,  1.03591    ,  1.57959    ,  0.275343   ,  9.2901     ,  0.000500002,  2.61034    ])
6064    , -14128      , array([ 1.60785    ,  0.30068    ,  1.03591    ,  1.57959    ,  0.275343   ,  9.01864    ,  0.000500002,  2.61034    ])
6088    , -14127.9    , array([ 1.60785    ,  0.30068    ,  1.03591    ,  1.57959    ,  0.275343   ,  9.01864    ,  6.04205e-06,  2.61034    ])
6096    , -14127.9    , array([ 1.60785    ,  0.30068    ,  1.03591    ,  1.57959    ,  0.275343   ,  9.01864    ,  6.04205e-06,  2.61034    ])
6104    , -14127.6    , array([ 1.60785    ,  0.30068    ,  1.03591    ,  1.57959    ,  0.275343   ,  9.01864    ,  6.04205e-06,  2.55468    ])
6112    , -15864      , array([ 2.60785    ,  0.30068    ,  1.03591    ,  1.57959    ,  0.275343   ,  9.01864    ,  6.04205e-06,  2.55536    ])
6120    , -14126.8    , array([ 1.59232    ,  0.30068    ,  1.03591    ,  1.57959    ,  0.275343   ,  9.01864    ,  6.04205e-06,  2.55536    ])
6136    , -14126.2    , array([ 1.59216    ,  0.298281   ,  1.03591    ,  1.57959    ,  0.275343   ,  9.01864    ,  6.04205e-06,  2.55536    ])
6144    , -14441.6    , array([ 1.59216    ,  0.298305   ,  1.41788    ,  1.57959    ,  0.275343   ,  9.01864    ,  6.04205e-06,  2.55536    ])
6152    , -14125.7    , array([ 1.59216    ,  0.298305   ,  1.02448    ,  1.57959    ,  0.275343   ,  9.01864    ,  6.04205e-06,  2.55536    ])
6160    , -14125.5    , array([ 1.59216    ,  0.298305   ,  1.02448    ,  1.58802    ,  0.275343   ,  9.01864    ,  6.04205e-06,  2.55536    ])
6176    , -14125.1    , array([ 1.59216    ,  0.298305   ,  1.02448    ,  1.5878     ,  0.283426   ,  9.01864    ,  6.04205e-06,  2.55536    ])
6184    , -14125.8    , array([ 1.59216    ,  0.298305   ,  1.02448    ,  1.5878     ,  0.283426   ,  9.21223    ,  6.04205e-06,  2.55536    ])
6192    , -14124.9    , array([ 1.59216    ,  0.298305   ,  1.02448    ,  1.5878     ,  0.283426   ,  9.0958     ,  6.04205e-06,  2.55536    ])
6200    , -14126      , array([ 1.59216    ,  0.298305   ,  1.02448    ,  1.5878     ,  0.283426   ,  9.0958     ,  0.0278701  ,  2.55536    ])
6208    , -14124.9    , array([ 1.59216    ,  0.298305   ,  1.02448    ,  1.5878     ,  0.283426   ,  9.0958     ,  0.000599162,  2.55536    ])
6216    , -14124.9    , array([ 1.59216    ,  0.298305   ,  1.02448    ,  1.5878     ,  0.283426   ,  9.0958     ,  1.86674e-05,  2.55536    ])
6232    , -14124.9    , array([ 1.59216    ,  0.298305   ,  1.02448    ,  1.5878     ,  0.283426   ,  9.0958     ,  2.77708e-09,  2.55536    ])
6240    , -14124.7    , array([ 1.59216    ,  0.298305   ,  1.02448    ,  1.5878     ,  0.283426   ,  9.0958     ,  2.77708e-09,  2.49564    ])
6248    , -14124.4    , array([ 1.59216    ,  0.298305   ,  1.02448    ,  1.5878     ,  0.283426   ,  9.0958     ,  2.77708e-09,  2.50062    ])
6256    , -14123.7    , array([ 1.57654    ,  0.298305   ,  1.02448    ,  1.5878     ,  0.283426   ,  9.0958     ,  2.77708e-09,  2.50062    ])
6264    , -44302.5    , array([ 1.57669    ,  0.0622373  ,  1.02448    ,  1.5878     ,  0.283426   ,  9.0958     ,  2.77708e-09,  2.50062    ])
6272    , -14123.1    , array([ 1.57669    ,  0.296033   ,  1.02448    ,  1.5878     ,  0.283426   ,  9.0958     ,  2.77708e-09,  2.50062    ])
6280    , -14122.7    , array([ 1.57669    ,  0.296033   ,  1.01775    ,  1.5878     ,  0.283426   ,  9.0958     ,  2.77708e-09,  2.50062    ])
6288    , -14122.6    , array([ 1.57669    ,  0.296033   ,  1.01214    ,  1.5878     ,  0.283426   ,  9.0958     ,  2.77708e-09,  2.50062    ])
6296    , -14122.2    , array([ 1.57669    ,  0.296033   ,  1.01214    ,  1.59674    ,  0.283426   ,  9.0958     ,  2.77708e-09,  2.50062    ])
6304    , -14125.3    , array([ 1.57669    ,  0.296033   ,  1.01214    ,  1.59683    ,  0.266146   ,  9.0958     ,  2.77708e-09,  2.50062    ])
6312    , -14121.9    , array([ 1.57669    ,  0.296033   ,  1.01214    ,  1.59683    ,  0.291284   ,  9.0958     ,  2.77708e-09,  2.50062    ])
6320    , -14121.7    , array([ 1.57669    ,  0.296033   ,  1.01214    ,  1.59683    ,  0.291284   ,  9.17832    ,  2.77708e-09,  2.50062    ])
6368    , -14121.7    , array([ 1.57669    ,  0.296033   ,  1.01214    ,  1.59683    ,  0.291284   ,  9.17466    ,  7.61922e-11,  2.50062    ])
6376    , -14121.7    , array([ 1.57669    ,  0.296033   ,  1.01214    ,  1.59683    ,  0.291284   ,  9.17466    ,  1.33684e-10,  2.50062    ])
6384    , -13393.8    , array([ 1.57669    ,  0.296033   ,  1.01214    ,  1.59683    ,  0.291284   ,  9.17466    ,  3.91833e-11,  0.458081   ])
6392    , -13251.8    , array([ 1.57669    ,  0.296033   ,  1.01214    ,  1.59683    ,  0.291284   ,  9.17466    ,  3.91833e-11,  0.340752   ])
6400    , -13202.9    , array([ 1.45698    ,  0.296033   ,  1.01214    ,  1.59683    ,  0.291284   ,  9.17466    ,  3.91833e-11,  0.340752   ])
6416    , -13102.6    , array([ 1.45107    ,  0.272218   ,  1.01214    ,  1.59683    ,  0.291284   ,  9.17466    ,  3.91833e-11,  0.340752   ])
6432    , -12707.2    , array([ 1.45107    ,  0.265956   ,  0.746294   ,  1.59683    ,  0.291284   ,  9.17466    ,  3.91833e-11,  0.340752   ])
6440    , -13079.8    , array([ 1.45107    ,  0.265956   ,  0.743636   ,  1.97879    ,  0.291284   ,  9.17466    ,  3.91833e-11,  0.340752   ])
6456    , -12673.4    , array([ 1.45107    ,  0.265956   ,  0.743636   ,  1.52647    ,  0.376107   ,  9.17466    ,  3.91833e-11,  0.340752   ])
6464    , -12574.2    , array([ 1.45107    ,  0.265956   ,  0.743636   ,  1.52647    ,  0.376964   ,  9.9386     ,  3.91833e-11,  0.340752   ])
6472    , -23755.7    , array([ 1.45107    ,  0.265956   ,  0.743636   ,  1.52647    ,  0.376964   ,  9.99432    ,  1          ,  0.340752   ])
6480    , -13241.2    , array([ 1.45107    ,  0.265956   ,  0.743636   ,  1.52647    ,  0.376964   ,  9.99432    ,  0.0729297  ,  0.340752   ])
6488    , -12570.2    , array([ 1.45107    ,  0.265956   ,  0.743636   ,  1.52647    ,  0.376964   ,  9.99432    ,  0.0015524  ,  0.340752   ])
6496    , -12569.6    , array([ 1.45107    ,  0.265956   ,  0.743636   ,  1.52647    ,  0.376964   ,  9.99432    ,  3.30448e-05,  0.340752   ])
6504    , -12569.6    , array([ 1.45107    ,  0.265956   ,  0.743636   ,  1.52647    ,  0.376964   ,  9.99432    ,  7.03437e-07,  0.340752   ])
6512    , -12569.6    , array([ 1.45107    ,  0.265956   ,  0.743636   ,  1.52647    ,  0.376964   ,  9.99432    ,  1.50119e-08,  0.340752   ])
6520    , -12569.6    , array([ 1.45107    ,  0.265956   ,  0.743636   ,  1.52647    ,  0.376964   ,  9.99432    ,  3.57896e-10,  0.340752   ])
6528    , -12569.6    , array([ 1.45107    ,  0.265956   ,  0.743636   ,  1.52647    ,  0.376964   ,  9.99432    ,  7.56585e-12,  0.340752   ])
6536    , -12470.6    , array([ 1.45107    ,  0.265956   ,  0.743636   ,  1.52647    ,  0.376964   ,  9.99432    ,  7.56585e-12,  0.250582   ])
6552    , -12435.2    , array([ 1.32014    ,  0.265956   ,  0.743636   ,  1.52647    ,  0.376964   ,  9.99432    ,  7.56585e-12,  0.275122   ])
6560    , -12422      , array([ 1.37998    ,  0.265956   ,  0.743636   ,  1.52647    ,  0.376964   ,  9.99432    ,  7.56585e-12,  0.275122   ])
6568    , -14010.3    , array([ 1.37998    ,  0.175786   ,  0.743636   ,  1.52647    ,  0.376964   ,  9.99432    ,  7.56585e-12,  0.275122   ])
6576    , -15185.4    , array([ 1.37998    ,  0.263802   ,  1.74364    ,  1.52647    ,  0.376964   ,  9.99432    ,  7.56585e-12,  0.275122   ])
6584    , -12386.1    , array([ 1.37998    ,  0.263802   ,  0.626846   ,  1.52647    ,  0.376964   ,  9.99432    ,  7.56585e-12,  0.275122   ])
6592    , -12367.6    , array([ 1.37998    ,  0.263802   ,  0.667037   ,  1.52647    ,  0.376964   ,  9.99432    ,  7.56585e-12,  0.275122   ])
6600    , -12318.3    , array([ 1.37998    ,  0.263802   ,  0.667037   ,  1.36073    ,  0.376964   ,  9.99432    ,  7.56585e-12,  0.275122   ])
6608    , -12298.3    , array([ 1.37998    ,  0.263802   ,  0.667037   ,  1.36073    ,  0.46923    ,  9.99432    ,  7.56585e-12,  0.275122   ])
6616    , -12385.7    , array([ 1.37998    ,  0.263802   ,  0.667037   ,  1.36073    ,  0.466778   ,  9.37629    ,  7.56585e-12,  0.275122   ])
6624    , -12300.1    , array([ 1.37998    ,  0.263802   ,  0.667037   ,  1.36073    ,  0.466778   ,  9.9771     ,  7.56585e-12,  0.275122   ])
6648    , -12292.6    , array([ 1.37998    ,  0.263802   ,  0.667037   ,  1.36073    ,  0.466778   ,  9.99997    ,  0.00183782 ,  0.275122   ])
6656    , -12288.9    , array([ 1.37998    ,  0.263802   ,  0.667037   ,  1.36073    ,  0.466778   ,  9.99997    ,  0.00532376 ,  0.275122   ])
6664    , -12215.9    , array([ 1.37998    ,  0.263802   ,  0.667037   ,  1.36073    ,  0.466778   ,  9.99997    ,  0.00532376 ,  0.220663   ])
6680    , -12201.5    , array([ 1.35752    ,  0.263802   ,  0.667037   ,  1.36073    ,  0.466778   ,  9.99997    ,  0.00532376 ,  0.233853   ])
6688    , -14208.2    , array([ 1.35752    ,  0.454744   ,  0.667037   ,  1.36073    ,  0.466778   ,  9.99997    ,  0.00532376 ,  0.233853   ])
6696    , -12195.1    , array([ 1.35752    ,  0.268624   ,  0.667037   ,  1.36073    ,  0.466778   ,  9.99997    ,  0.00532376 ,  0.233853   ])
6704    , -12527.3    , array([ 1.35752    ,  0.271604   ,  0.844926   ,  1.36073    ,  0.466778   ,  9.99997    ,  0.00532376 ,  0.233853   ])
6712    , -12183.1    , array([ 1.35752    ,  0.271604   ,  0.624227   ,  1.36073    ,  0.466778   ,  9.99997    ,  0.00532376 ,  0.233853   ])
6720    , -12114.6    , array([ 1.35752    ,  0.271604   ,  0.633932   ,  1.19569    ,  0.466778   ,  9.99997    ,  0.00532376 ,  0.233853   ])
6728    , -12112      , array([ 1.35752    ,  0.271604   ,  0.633932   ,  1.15833    ,  0.466778   ,  9.99997    ,  0.00532376 ,  0.233853   ])
6736    , -12098.6    , array([ 1.35752    ,  0.271604   ,  0.633932   ,  1.15833    ,  0.544592   ,  9.99997    ,  0.00532376 ,  0.233853   ])
6744    , -12110.6    , array([ 1.35752    ,  0.271604   ,  0.633932   ,  1.15833    ,  0.544592   ,  9.88194    ,  0.00532376 ,  0.233853   ])
6752    , -12098.8    , array([ 1.35752    ,  0.271604   ,  0.633932   ,  1.15833    ,  0.544592   ,  9.99746    ,  0.00532376 ,  0.233853   ])
6760    , -12098.6    , array([ 1.35752    ,  0.271604   ,  0.633932   ,  1.15833    ,  0.544592   ,  9.99992    ,  0.00532376 ,  0.233853   ])
6768    , -12098.6    , array([ 1.35752    ,  0.271604   ,  0.633932   ,  1.15833    ,  0.544592   ,  10         ,  0.00532376 ,  0.233853   ])
6784    , -12090.3    , array([ 1.35752    ,  0.271604   ,  0.633932   ,  1.15833    ,  0.544592   ,  10         ,  0.00727966 ,  0.233853   ])
6792    , -12084.4    , array([ 1.35752    ,  0.271604   ,  0.633932   ,  1.15833    ,  0.544592   ,  10         ,  0.0109441  ,  0.233853   ])
6800    , -12044.5    , array([ 1.35752    ,  0.271604   ,  0.633932   ,  1.15833    ,  0.544592   ,  10         ,  0.0109441  ,  0.189083   ])
6808    , -13429.1    , array([ 2.35752    ,  0.271604   ,  0.633932   ,  1.15833    ,  0.544592   ,  10         ,  0.0109441  ,  0.204211   ])
6816    , -12021.8    , array([ 1.35954    ,  0.271604   ,  0.633932   ,  1.15833    ,  0.544592   ,  10         ,  0.0109441  ,  0.204211   ])
6824    , -16846.1    , array([ 1.35954    ,  0.65357    ,  0.633932   ,  1.15833    ,  0.544592   ,  10         ,  0.0109441  ,  0.204211   ])
6832    , -12010.5    , array([ 1.35954    ,  0.281437   ,  0.633932   ,  1.15833    ,  0.544592   ,  10         ,  0.0109441  ,  0.204211   ])
6840    , -12325.1    , array([ 1.35954    ,  0.281437   ,  0.818851   ,  1.15833    ,  0.544592   ,  10         ,  0.0109441  ,  0.204211   ])
6848    , -12008.4    , array([ 1.35954    ,  0.281437   ,  0.614337   ,  1.15833    ,  0.544592   ,  10         ,  0.0109441  ,  0.204211   ])
6856    , -11949.9    , array([ 1.35954    ,  0.281437   ,  0.619499   ,  1.00901    ,  0.544592   ,  10         ,  0.0109441  ,  0.204211   ])
6864    , -11947.1    , array([ 1.35954    ,  0.281437   ,  0.619499   ,  0.968983   ,  0.544592   ,  10         ,  0.0109441  ,  0.204211   ])
6872    , -11940.4    , array([ 1.35954    ,  0.281437   ,  0.619499   ,  0.968983   ,  0.601126   ,  10         ,  0.0109441  ,  0.204211   ])
6920    , -46614.6    , array([ 1.35954    ,  0.281437   ,  0.619499   ,  0.968983   ,  0.601697   ,  10         ,  1.01094    ,  0.204211   ])
6928    , -13626.2    , array([ 1.35954    ,  0.281437   ,  0.619499   ,  0.968983   ,  0.601697   ,  10         ,  0.0838419  ,  0.204211   ])
6936    , -11924.8    , array([ 1.35954    ,  0.281437   ,  0.619499   ,  0.968983   ,  0.601697   ,  10         ,  0.0161005  ,  0.204211   ])
6952    , -11877.2    , array([ 1.35954    ,  0.281437   ,  0.619499   ,  0.968983   ,  0.601697   ,  10         ,  0.0160494  ,  0.181856   ])
6960    , -12169.8    , array([ 1.74151    ,  0.281437   ,  0.619499   ,  0.968983   ,  0.601697   ,  10         ,  0.0160494  ,  0.181856   ])
6968    , -23592      , array([ 1.37145    ,  1.28144    ,  0.619499   ,  0.968983   ,  0.601697   ,  10         ,  0.0160494  ,  0.181856   ])
6976    , -13481.7    , array([ 1.37145    ,  0.194354   ,  0.619499   ,  0.968983   ,  0.601697   ,  10         ,  0.0160494  ,  0.181856   ])
6984    , -14485.4    , array([ 1.37145    ,  0.291394   ,  1.6195     ,  0.968983   ,  0.601697   ,  10         ,  0.0160494  ,  0.181856   ])
6992    , -11865.8    , array([ 1.37145    ,  0.291394   ,  0.619228   ,  0.968983   ,  0.601697   ,  10         ,  0.0160494  ,  0.181856   ])
7008    , -11823.2    , array([ 1.37145    ,  0.291394   ,  0.614344   ,  0.810173   ,  0.601697   ,  10         ,  0.0160494  ,  0.181856   ])
7016    , -11820.6    , array([ 1.37145    ,  0.291394   ,  0.614344   ,  0.811745   ,  0.631675   ,  10         ,  0.0160494  ,  0.181856   ])
7024    , -11820.5    , array([ 1.37145    ,  0.291394   ,  0.614344   ,  0.811745   ,  0.638506   ,  10         ,  0.0160494  ,  0.181856   ])
7072    , -11820.5    , array([ 1.37145    ,  0.291394   ,  0.614344   ,  0.811745   ,  0.638506   ,  10         ,  0.0160494  ,  0.181856   ])
7080    , -11820.5    , array([ 1.37145    ,  0.291394   ,  0.614344   ,  0.811745   ,  0.638506   ,  10         ,  0.0160494  ,  0.181856   ])
7088    , -12130.7    , array([ 1.37145    ,  0.291394   ,  0.614344   ,  0.811745   ,  0.638506   ,  10         ,  0.0438901  ,  0.181856   ])
7096    , -16363      , array([ 1.37145    ,  0.291394   ,  0.614344   ,  0.811745   ,  0.638506   ,  10         ,  0.0206687  ,  1.18186    ])
7104    , -12059.4    , array([ 1.37145    ,  0.291394   ,  0.614344   ,  0.811745   ,  0.638506   ,  10         ,  0.0206687  ,  0.220757   ])
7120    , -11767.8    , array([ 1.3664     ,  0.291394   ,  0.614344   ,  0.811745   ,  0.638506   ,  10         ,  0.0206687  ,  0.163995   ])
7128    , -11766.7    , array([ 1.3851     ,  0.291394   ,  0.614344   ,  0.811745   ,  0.638506   ,  10         ,  0.0206687  ,  0.163995   ])
7136    , -11761.3    , array([ 1.3851     ,  0.306052   ,  0.614344   ,  0.811745   ,  0.638506   ,  10         ,  0.0206687  ,  0.163995   ])
7144    , -11758.1    , array([ 1.3851     ,  0.300419   ,  0.614344   ,  0.811745   ,  0.638506   ,  10         ,  0.0206687  ,  0.163995   ])
7152    , -11758.1    , array([ 1.3851     ,  0.300419   ,  0.614595   ,  0.811745   ,  0.638506   ,  10         ,  0.0206687  ,  0.163995   ])
7160    , -12122.7    , array([ 1.3851     ,  0.300419   ,  0.614592   ,  1.19371    ,  0.638506   ,  10         ,  0.0206687  ,  0.163995   ])
7176    , -11731.7    , array([ 1.3851     ,  0.300419   ,  0.614592   ,  0.689815   ,  0.658132   ,  10         ,  0.0206687  ,  0.163995   ])
7232    , -11731.7    , array([ 1.3851     ,  0.300419   ,  0.614592   ,  0.689815   ,  0.65833    ,  10         ,  0.0206687  ,  0.163995   ])
7240    , -21845.1    , array([ 1.3851     ,  0.300419   ,  0.614592   ,  0.689815   ,  0.65833    ,  10         ,  0.211469   ,  0.163995   ])
7248    , -11788.6    , array([ 1.3851     ,  0.300419   ,  0.614592   ,  0.689815   ,  0.65833    ,  10         ,  0.0345012  ,  0.163995   ])
7264    , -11686.4    , array([ 1.3851     ,  0.300419   ,  0.614592   ,  0.689815   ,  0.65833    ,  10         ,  0.0249324  ,  0.150892   ])
7280    , -11685.6    , array([ 1.39754    ,  0.300419   ,  0.614592   ,  0.689815   ,  0.65833    ,  10         ,  0.0249324  ,  0.149371   ])
7288    , -13457.4    , array([ 1.39754    ,  0.491364   ,  0.614592   ,  0.689815   ,  0.65833    ,  10         ,  0.0249324  ,  0.149371   ])
7296    , -11679.3    , array([ 1.39754    ,  0.308291   ,  0.614592   ,  0.689815   ,  0.65833    ,  10         ,  0.0249324  ,  0.149371   ])
7304    , -11927.1    , array([ 1.39754    ,  0.308291   ,  0.80557    ,  0.689815   ,  0.65833    ,  10         ,  0.0249324  ,  0.149371   ])
7312    , -13202.4    , array([ 1.39754    ,  0.308291   ,  0.618789   ,  1.68981    ,  0.65833    ,  10         ,  0.0249324  ,  0.149371   ])
7320    , -11665.3    , array([ 1.39754    ,  0.308291   ,  0.618789   ,  0.601283   ,  0.65833    ,  10         ,  0.0249324  ,  0.149371   ])
7328    , -11669.1    , array([ 1.39754    ,  0.308291   ,  0.618789   ,  0.601283   ,  0.712197   ,  10         ,  0.0249324  ,  0.149371   ])
7336    , -11665.2    , array([ 1.39754    ,  0.308291   ,  0.618789   ,  0.601283   ,  0.665278   ,  10         ,  0.0249324  ,  0.149371   ])
7408    , -11649      , array([ 1.39754    ,  0.308291   ,  0.618789   ,  0.601283   ,  0.665278   ,  10         ,  0.0289273  ,  0.149371   ])
7416    , -13712.8    , array([ 1.39754    ,  0.308291   ,  0.618789   ,  0.601283   ,  0.665278   ,  10         ,  0.0289273  ,  0.0592014  ])
7424    , -11628.2    , array([ 1.39754    ,  0.308291   ,  0.618789   ,  0.601283   ,  0.665278   ,  10         ,  0.0289273  ,  0.133636   ])
7432    , -11535.2    , array([ 1.43012    ,  0.3289     ,  0.629776   ,  0.369504   ,  0.683466   ,  10         ,  0.0393862  ,  0.105593   ])
7448    , -11533      , array([ 1.42777    ,  0.331988   ,  0.631422   ,  0.334777   ,  0.686191   ,  10         ,  0.0409532  ,  0.100847   ])
7456    , -13314.4    , array([ 1.42777    ,  0.522933   ,  0.631422   ,  0.334777   ,  0.686191   ,  10         ,  0.0409532  ,  0.100847   ])
7464    , -11530.5    , array([ 1.42777    ,  0.337112   ,  0.631422   ,  0.334777   ,  0.686191   ,  10         ,  0.0409532  ,  0.100847   ])
7472    , -11675.1    , array([ 1.42777    ,  0.337112   ,  0.819141   ,  0.334777   ,  0.686191   ,  10         ,  0.0409532  ,  0.100847   ])
7488    , -11526.6    , array([ 1.42777    ,  0.337112   ,  0.650879   ,  0.36034    ,  0.686191   ,  10         ,  0.0409532  ,  0.100847   ])
7496    , -11529.2    , array([ 1.42777    ,  0.337112   ,  0.650879   ,  0.360087   ,  0.715068   ,  10         ,  0.0409532  ,  0.100847   ])
7504    , -11526.2    , array([ 1.42777    ,  0.337112   ,  0.650879   ,  0.360087   ,  0.669637   ,  10         ,  0.0409532  ,  0.100847   ])
7528    , -11487.7    , array([ 1.42777    ,  0.337112   ,  0.650879   ,  0.360087   ,  0.669637   ,  9.33735    ,  0.0445558  ,  0.100847   ])
7536    , -11485.4    , array([ 1.43273    ,  0.340255   ,  0.652554   ,  0.324747   ,  0.67241    ,  9.33735    ,  0.0461505  ,  0.096017   ])
7544    , -13465.6    , array([ 0.814648   ,  0.340223   ,  0.652538   ,  0.3251     ,  0.672383   ,  9.33735    ,  0.0461345  ,  0.0960653  ])
7552    , -11484.7    , array([ 1.45032    ,  0.340223   ,  0.652538   ,  0.3251     ,  0.672383   ,  9.33735    ,  0.0461345  ,  0.0960653  ])
7560    , -16104      , array([ 1.45015    ,  0.192675   ,  0.652538   ,  0.3251     ,  0.672383   ,  9.33735    ,  0.0461345  ,  0.0960653  ])
7568    , -11468.3    , array([ 1.45015    ,  0.353578   ,  0.652538   ,  0.3251     ,  0.672383   ,  9.33735    ,  0.0461345  ,  0.0960653  ])
7576    , -11489      , array([ 1.45015    ,  0.353713   ,  0.620734   ,  0.3251     ,  0.672383   ,  9.33735    ,  0.0461345  ,  0.0960653  ])
7584    , -12568.6    , array([ 1.45015    ,  0.353713   ,  0.679287   ,  1.3251     ,  0.672383   ,  9.33735    ,  0.0461345  ,  0.0960653  ])
7592    , -11461.6    , array([ 1.45015    ,  0.353713   ,  0.679287   ,  0.357454   ,  0.672383   ,  9.33735    ,  0.0461345  ,  0.0960653  ])
7600    , -11659.8    , array([ 1.45015    ,  0.353713   ,  0.679287   ,  0.357454   ,  1.05435    ,  9.33735    ,  0.0461345  ,  0.0960653  ])
7608    , -11516      , array([ 1.45015    ,  0.353713   ,  0.679287   ,  0.357454   ,  0.662922   ,  7.71932    ,  0.0461345  ,  0.0960653  ])
7616    , -11449.1    , array([ 1.45015    ,  0.353713   ,  0.679287   ,  0.357454   ,  0.662922   ,  8.81625    ,  0.0461345  ,  0.0960653  ])
7632    , -11430.2    , array([ 1.45015    ,  0.353713   ,  0.679287   ,  0.357454   ,  0.662922   ,  8.81625    ,  0.049738   ,  0.0960653  ])
7640    , -11428.8    , array([ 1.45272    ,  0.355341   ,  0.680155   ,  0.33914    ,  0.664359   ,  8.81625    ,  0.0505644  ,  0.0935623  ])
7648    , -11330.1    , array([ 1.50984    ,  0.39787    ,  0.75403    ,  0.342734   ,  0.645956   ,  7.45197    ,  0.0636585  ,  0.0824769  ])
7656    , -11286.6    , array([ 1.58346    ,  0.452877   ,  0.850876   ,  0.359561   ,  0.620738   ,  5.65291    ,  0.0803801  ,  0.0695106  ])
7664    , -11287.6    , array([ 1.53749    ,  0.453854   ,  0.852596   ,  0.35986    ,  0.62029    ,  5.62096    ,  0.0806771  ,  0.0692804  ])
7672    , -11286      , array([ 1.56655    ,  0.453854   ,  0.852596   ,  0.35986    ,  0.62029    ,  5.62096    ,  0.0806771  ,  0.0692804  ])
7680    , -11281.3    , array([ 1.56655    ,  0.462715   ,  0.852596   ,  0.35986    ,  0.62029    ,  5.62096    ,  0.0806771  ,  0.0692804  ])
7688    , -11431.8    , array([ 1.56655    ,  0.462804   ,  1.23456    ,  0.35986    ,  0.62029    ,  5.62096    ,  0.0806771  ,  0.0692804  ])
7696    , -12205.1    , array([ 1.56655    ,  0.462804   ,  0.916633   ,  1.35986    ,  0.62029    ,  5.62096    ,  0.0806771  ,  0.0692804  ])
7704    , -11261.3    , array([ 1.56655    ,  0.462804   ,  0.916633   ,  0.431685   ,  0.62029    ,  5.62096    ,  0.0806771  ,  0.0692804  ])
7712    , -11253.2    , array([ 1.56655    ,  0.462804   ,  0.916633   ,  0.431685   ,  0.736884   ,  5.62096    ,  0.0806771  ,  0.0692804  ])
7720    , -11251.7    , array([ 1.56655    ,  0.462804   ,  0.916633   ,  0.431685   ,  0.703273   ,  5.62096    ,  0.0806771  ,  0.0692804  ])
7728    , -11250.4    , array([ 1.56655    ,  0.462804   ,  0.916633   ,  0.431685   ,  0.703273   ,  5.46946    ,  0.0806771  ,  0.0692804  ])
7736    , -11241.1    , array([ 1.57107    ,  0.465664   ,  0.918158   ,  0.399515   ,  0.705797   ,  5.46946    ,  0.0821287  ,  0.0648836  ])
7744    , -11323.7    , array([ 1.49016    ,  0.405221   ,  0.811818   ,  0.381753   ,  0.733422   ,  7.44425    ,  0.0637417  ,  0.0792132  ])
7752    , -11237      , array([ 1.59071    ,  0.48035    ,  0.944092   ,  0.404735   ,  0.69898    ,  4.98706    ,  0.0865804  ,  0.0615037  ])
7760    , -11381.1    , array([ 1.29159    ,  0.48035    ,  0.944092   ,  0.404735   ,  0.69898    ,  4.98706    ,  0.0865804  ,  0.0615037  ])
7776    , -11250.6    , array([ 1.53681    ,  0.449139   ,  0.944092   ,  0.404735   ,  0.69898    ,  4.98706    ,  0.0865804  ,  0.0615037  ])
7792    , -11225.2    , array([ 1.53681    ,  0.469543   ,  0.948688   ,  0.404735   ,  0.69898    ,  4.98706    ,  0.0865804  ,  0.0615037  ])
7800    , -11340.7    , array([ 1.53681    ,  0.469543   ,  0.948642   ,  0.786701   ,  0.69898    ,  4.98706    ,  0.0865804  ,  0.0615037  ])
7808    , -11967.7    , array([ 1.53681    ,  0.469543   ,  0.948642   ,  0.466451   ,  1.69898    ,  4.98706    ,  0.0865804  ,  0.0615037  ])
7816    , -11211.4    , array([ 1.53681    ,  0.469543   ,  0.948642   ,  0.466451   ,  0.783109   ,  4.98706    ,  0.0865804  ,  0.0615037  ])
7824    , -11208.9    , array([ 1.53681    ,  0.469543   ,  0.948642   ,  0.466451   ,  0.783109   ,  4.7871     ,  0.0865804  ,  0.0615037  ])
7832    , -11208.9    , array([ 1.53681    ,  0.469543   ,  0.948642   ,  0.466451   ,  0.783109   ,  4.77603    ,  0.0865804  ,  0.0615037  ])
7840    , -11205.9    , array([ 1.53884    ,  0.470825   ,  0.949325   ,  0.452032   ,  0.784241   ,  4.77603    ,  0.0872311  ,  0.0595329  ])
7848    , -11205.1    , array([ 1.54189    ,  0.473107   ,  0.953328   ,  0.452581   ,  0.783212   ,  4.7018     ,  0.0879276  ,  0.058978   ])
7856    , -11204.2    , array([ 1.5502     ,  0.479314   ,  0.964255   ,  0.454479   ,  0.780366   ,  4.4988     ,  0.0898144  ,  0.057515   ])
7864    , -11201.6    , array([ 1.51426    ,  0.479314   ,  0.964255   ,  0.454479   ,  0.780366   ,  4.4988     ,  0.0898144  ,  0.057515   ])
7872    , -11201.6    , array([ 1.5132     ,  0.479314   ,  0.964255   ,  0.454479   ,  0.780366   ,  4.4988     ,  0.0898144  ,  0.057515   ])
7880    , -11199.2    , array([ 1.5132     ,  0.472976   ,  0.964255   ,  0.454479   ,  0.780366   ,  4.4988     ,  0.0898144  ,  0.057515   ])
7888    , -14734.3    , array([ 1.5132     ,  0.472819   ,  0.346221   ,  0.454479   ,  0.780366   ,  4.4988     ,  0.0898144  ,  0.057515   ])
7896    , -11199.2    , array([ 1.5132     ,  0.472819   ,  0.964182   ,  0.454479   ,  0.780366   ,  4.4988     ,  0.0898144  ,  0.057515   ])
7904    , -11228.7    , array([ 1.5132     ,  0.472819   ,  0.964181   ,  0.645461   ,  0.780366   ,  4.4988     ,  0.0898144  ,  0.057515   ])
7920    , -11193.8    , array([ 1.5132     ,  0.472819   ,  0.964181   ,  0.483657   ,  0.842593   ,  4.4988     ,  0.0898144  ,  0.057515   ])
7928    , -11192.5    , array([ 1.5132     ,  0.472819   ,  0.964181   ,  0.483657   ,  0.843221   ,  4.34687    ,  0.0898144  ,  0.057515   ])
7936    , -11554.1    , array([ 1.49005    ,  0.458173   ,  0.956373   ,  0.648366   ,  0.830296   ,  4.34292    ,  0.082382   ,  0.0800265  ])
7944    , -11191.5    , array([ 1.51424    ,  0.473479   ,  0.964533   ,  0.476231   ,  0.843804   ,  4.34292    ,  0.0901495  ,  0.0565     ])
7952    , -11194.4    , array([ 1.53714    ,  0.490588   ,  0.994654   ,  0.481464   ,  0.835961   ,  3.78337    ,  0.0953503  ,  0.0524672  ])
7960    , -11189.7    , array([ 1.45053    ,  0.480936   ,  1.00528    ,  0.54013    ,  0.999465   ,  3.19133    ,  0.0979372  ,  0.0484843  ])
7968    , -12079.2    , array([ 2.48495    ,  0.480376   ,  0.991114   ,  0.510553   ,  0.923804   ,  3.64284    ,  0.0951322  ,  0.0516029  ])
7976    , -11183.2    , array([ 1.4892     ,  0.480376   ,  0.991114   ,  0.510553   ,  0.923804   ,  3.64284    ,  0.0951322  ,  0.0516029  ])
7984    , -14844.5    , array([ 1.48925    ,  0.862342   ,  0.991114   ,  0.510553   ,  0.923804   ,  3.64284    ,  0.0951322  ,  0.0516029  ])
7992    , -11183.1    , array([ 1.48925    ,  0.481785   ,  0.991114   ,  0.510553   ,  0.923804   ,  3.64284    ,  0.0951322  ,  0.0516029  ])
8000    , -11193.8    , array([ 1.48925    ,  0.481771   ,  0.909415   ,  0.510553   ,  0.923804   ,  3.64284    ,  0.0951322  ,  0.0516029  ])
8008    , -12015.4    , array([ 1.48925    ,  0.481771   ,  0.982199   ,  1.51055    ,  0.923804   ,  3.64284    ,  0.0951322  ,  0.0516029  ])
8016    , -11182.9    , array([ 1.48925    ,  0.481771   ,  0.982199   ,  0.503801   ,  0.923804   ,  3.64284    ,  0.0951322  ,  0.0516029  ])
8024    , -11277.1    , array([ 1.53919    ,  0.519088   ,  1.0479     ,  0.515217   ,  0.906696   ,  2.42235    ,  0.106476   ,  0.0428065  ])
8032    , -11238.4    , array([ 1.48691    ,  0.480023   ,  0.979122   ,  0.503267   ,  0.924605   ,  4.7        ,  0.0946009  ,  0.0520148  ])
8040    , -11182.2    , array([ 1.48691    ,  0.480023   ,  0.979122   ,  0.503267   ,  0.924605   ,  3.59622    ,  0.0946009  ,  0.0520148  ])
8048    , -11194.9    , array([ 1.48349    ,  0.477861   ,  0.977969   ,  0.527588   ,  0.922696   ,  3.59517    ,  0.0935034  ,  0.055339   ])
8056    , -11201.2    , array([ 1.54772    ,  0.478909   ,  0.953946   ,  0.452207   ,  0.790395   ,  4.39544    ,  0.0895676  ,  0.0577287  ])
8064    , -11190.2    , array([ 1.44082    ,  0.480204   ,  0.986618   ,  0.539663   ,  1.02995    ,  2.92234    ,  0.0978304  ,  0.0484817  ])
8072    , -11183      , array([ 1.46345    ,  0.479983   ,  0.981106   ,  0.508908   ,  0.935439   ,  3.52988    ,  0.0949449  ,  0.0517503  ])
8080    , -11182      , array([ 1.48525    ,  0.479983   ,  0.981106   ,  0.508908   ,  0.935439   ,  3.52988    ,  0.0949449  ,  0.0517503  ])
8088    , -11181.6    , array([ 1.48525    ,  0.482864   ,  0.981106   ,  0.508908   ,  0.935439   ,  3.52988    ,  0.0949449  ,  0.0517503  ])
8096    , -11329.9    , array([ 1.48525    ,  0.482893   ,  1.36307    ,  0.508908   ,  0.935439   ,  3.52988    ,  0.0949449  ,  0.0517503  ])
8104    , -11181.5    , array([ 1.48525    ,  0.482893   ,  0.986083   ,  0.508908   ,  0.935439   ,  3.52988    ,  0.0949449  ,  0.0517503  ])
8112    , -11181.3    , array([ 1.48525    ,  0.482893   ,  0.986083   ,  0.496725   ,  0.935439   ,  3.52988    ,  0.0949449  ,  0.0517503  ])
8120    , -11259.7    , array([ 1.5352     ,  0.52021    ,  1.05178    ,  0.507946   ,  0.918332   ,  2.30939    ,  0.106289   ,  0.042954   ])
8128    , -11181.1    , array([ 1.48826    ,  0.485143   ,  0.990044   ,  0.497219   ,  0.934408   ,  3.4563     ,  0.0956289  ,  0.05122    ])
8136    , -11180.9    , array([ 1.48826    ,  0.485143   ,  0.990044   ,  0.497219   ,  0.934408   ,  3.39213    ,  0.0956289  ,  0.05122    ])
8144    , -11577.9    , array([ 1.50257    ,  0.494194   ,  0.994869   ,  0.395423   ,  0.942396   ,  3.39213    ,  0.100222   ,  0.0373071  ])
8152    , -11186.4    , array([ 1.45036    ,  0.485632   ,  1.0055     ,  0.531025   ,  1.01718    ,  2.89754    ,  0.0986381  ,  0.047996   ])
8160    , -11180.8    , array([ 1.48371    ,  0.485089   ,  0.991768   ,  0.502364   ,  0.943862   ,  3.33505    ,  0.09592    ,  0.0510179  ])
8168    , -11179.8    , array([ 1.48828    ,  0.49653    ,  1.01561    ,  0.487577   ,  0.962432   ,  2.90021    ,  0.0980941  ,  0.049389   ])
8176    , -11378.9    , array([ 1.86977    ,  0.495341   ,  1.01313    ,  0.489109   ,  0.960494   ,  2.94544    ,  0.097868   ,  0.0495586  ])
8184    , -11186.7    , array([ 1.45878    ,  0.495955   ,  1.02865    ,  0.521509   ,  1.04337    ,  2.45085    ,  0.100941   ,  0.0461425  ])
8192    , -11179.6    , array([ 1.49434    ,  0.495376   ,  1.01401    ,  0.490953   ,  0.965211   ,  2.91728    ,  0.0980429  ,  0.0493642  ])
8200    , -11210.2    , array([ 1.49432    ,  0.495377   ,  1.16486    ,  0.490972   ,  0.965259   ,  2.917      ,  0.0980446  ,  0.0493622  ])
8208    , -11976.5    , array([ 1.49432    ,  0.495377   ,  1.01142    ,  1.49097    ,  0.965259   ,  2.917      ,  0.0980446  ,  0.0493622  ])
8216    , -11179.5    , array([ 1.49432    ,  0.495377   ,  1.01142    ,  0.498787   ,  0.965259   ,  2.917      ,  0.0980446  ,  0.0493622  ])
8224    , -11288.7    , array([ 1.54427    ,  0.532694   ,  1.07712    ,  0.510202   ,  0.948151   ,  1.69651    ,  0.109389   ,  0.0405658  ])
8232    , -11225      , array([ 1.49485    ,  0.49577    ,  1.01212    ,  0.498907   ,  0.965078   ,  3.90412    ,  0.0981643  ,  0.0492694  ])
8240    , -11179.5    , array([ 1.49485    ,  0.49577    ,  1.01212    ,  0.498907   ,  0.965078   ,  2.91023    ,  0.0981643  ,  0.0492694  ])
8248    , -11179.7    , array([ 1.49426    ,  0.495397   ,  1.01192    ,  0.5031     ,  0.964749   ,  2.91017    ,  0.0979751  ,  0.0498424  ])
8256    , -11179.4    , array([ 1.49464    ,  0.495642   ,  1.01205    ,  0.500344   ,  0.964966   ,  2.91017    ,  0.0980995  ,  0.0494658  ])
