15      , -11199.6    , array([ 1.26892    ,  0.576721   ,  1.69653    ,  0.512946   ,  1.10699    ,  0.130233   ,  0.0393921  ,  2.06955    ,  0.0557633  ,  0.160806   ,  0.364581   ,  0.606413   ,  0.271754   ,  1.12841    ,  0.490159   ])
30      , -11199.6    , array([ 1.26892    ,  0.576702   ,  1.69653    ,  0.512946   ,  1.10699    ,  0.130233   ,  0.0393921  ,  2.06955    ,  0.0557633  ,  0.160806   ,  0.364581   ,  0.606413   ,  0.271754   ,  1.12841    ,  0.490159   ])
45      , -11199.6    , array([ 1.26892    ,  0.576701   ,  1.70771    ,  0.512946   ,  1.10699    ,  0.130233   ,  0.0393921  ,  2.06955    ,  0.0557633  ,  0.160806   ,  0.364581   ,  0.606413   ,  0.271754   ,  1.12841    ,  0.490159   ])
60      , -11199.4    , array([ 1.26892    ,  0.576701   ,  1.70771    ,  0.509402   ,  1.10699    ,  0.130233   ,  0.0393921  ,  2.06955    ,  0.0557633  ,  0.160806   ,  0.364581   ,  0.606413   ,  0.271754   ,  1.12841    ,  0.490159   ])
75      , -26265.3    , array([ 1.26892    ,  0.576701   ,  1.70771    ,  0.509438   ,  1.09561    ,  1.13023    ,  0.0393921  ,  2.06955    ,  0.0557633  ,  0.160806   ,  0.364581   ,  0.606413   ,  0.271754   ,  1.12841    ,  0.490159   ])
90      , -11199.2    , array([ 1.26892    ,  0.576701   ,  1.70771    ,  0.509438   ,  1.09561    ,  0.129961   ,  0.0393921  ,  2.06955    ,  0.0557633  ,  0.160806   ,  0.364581   ,  0.606413   ,  0.271754   ,  1.12841    ,  0.490159   ])
105     , -11199.5    , array([ 1.26892    ,  0.576701   ,  1.70771    ,  0.509438   ,  1.09561    ,  0.129959   ,  0.0397808  ,  2.06955    ,  0.0557633  ,  0.160806   ,  0.364581   ,  0.606413   ,  0.271754   ,  1.12841    ,  0.490159   ])
120     , -11199.1    , array([ 1.26892    ,  0.576701   ,  1.70771    ,  0.509438   ,  1.09561    ,  0.129959   ,  0.0395061  ,  2.04776    ,  0.0557633  ,  0.160806   ,  0.364581   ,  0.606413   ,  0.271754   ,  1.12841    ,  0.490159   ])
135     , -11365.6    , array([ 1.26892    ,  0.576701   ,  1.70771    ,  0.509438   ,  1.09561    ,  0.129959   ,  0.0395061  ,  2.04798    ,  0.0627249  ,  1.16081    ,  0.364581   ,  0.606413   ,  0.271754   ,  1.12841    ,  0.490159   ])
165     , -11199.1    , array([ 1.26892    ,  0.576701   ,  1.70771    ,  0.509438   ,  1.09561    ,  0.129959   ,  0.0395061  ,  2.04798    ,  0.0627249  ,  0.175566   ,  0.368225   ,  0.606413   ,  0.271754   ,  1.12841    ,  0.490159   ])
180     , -11198.3    , array([ 1.26892    ,  0.576701   ,  1.70771    ,  0.509438   ,  1.09561    ,  0.129959   ,  0.0395061  ,  2.04798    ,  0.0627249  ,  0.175566   ,  0.368225   ,  0.593877   ,  0.490891   ,  1.12841    ,  0.490159   ])
195     , -11209.1    , array([ 1.26892    ,  0.576701   ,  1.70771    ,  0.509438   ,  1.09561    ,  0.129959   ,  0.0395061  ,  2.04798    ,  0.0627249  ,  0.175566   ,  0.368225   ,  0.593877   ,  0.490891   ,  1.12153    ,  1.49016    ])
210     , -11196.5    , array([ 1.2475     ,  0.576616   ,  1.7535     ,  0.495074   ,  1.04901    ,  0.128834   ,  0.0399731  ,  1.95965    ,  0.0912292  ,  0.235996   ,  0.383146   ,  0.542549   ,  1.38815    ,  1.0934     ,  0.66729    ])
225     , -11196.3    , array([ 1.25628    ,  0.576636   ,  1.74283    ,  0.498423   ,  1.05987    ,  0.129097   ,  0.0398642  ,  1.98024    ,  0.0845836  ,  0.221907   ,  0.379668   ,  0.554516   ,  1.17896    ,  1.09996    ,  0.634099   ])
240     , -11196.3    , array([ 1.25628    ,  0.576661   ,  1.74283    ,  0.498423   ,  1.05987    ,  0.129097   ,  0.0398642  ,  1.98024    ,  0.0845836  ,  0.221907   ,  0.379668   ,  0.554516   ,  1.17896    ,  1.09996    ,  0.634099   ])
255     , -11196.3    , array([ 1.25628    ,  0.576658   ,  1.73699    ,  0.498423   ,  1.05987    ,  0.129097   ,  0.0398642  ,  1.98024    ,  0.0845836  ,  0.221907   ,  0.379668   ,  0.554516   ,  1.17896    ,  1.09996    ,  0.634099   ])
270     , -11195.9    , array([ 1.25628    ,  0.576658   ,  1.73693    ,  0.493744   ,  1.05987    ,  0.129097   ,  0.0398642  ,  1.98024    ,  0.0845836  ,  0.221907   ,  0.379668   ,  0.554516   ,  1.17896    ,  1.09996    ,  0.634099   ])
285     , -26147.9    , array([ 1.25628    ,  0.576658   ,  1.73693    ,  0.493697   ,  1.07484    ,  1.1291     ,  0.0398642  ,  1.98024    ,  0.0845836  ,  0.221907   ,  0.379668   ,  0.554516   ,  1.17896    ,  1.09996    ,  0.634099   ])
300     , -11195.6    , array([ 1.25628    ,  0.576658   ,  1.73693    ,  0.493697   ,  1.07484    ,  0.1288     ,  0.0398642  ,  1.98024    ,  0.0845836  ,  0.221907   ,  0.379668   ,  0.554516   ,  1.17896    ,  1.09996    ,  0.634099   ])
315     , -11195.3    , array([ 1.25628    ,  0.576658   ,  1.73693    ,  0.493697   ,  1.07484    ,  0.128797   ,  0.0406561  ,  1.98024    ,  0.0845836  ,  0.221907   ,  0.379668   ,  0.554516   ,  1.17896    ,  1.09996    ,  0.634099   ])
330     , -11194.9    , array([ 1.25628    ,  0.576658   ,  1.73693    ,  0.493697   ,  1.07484    ,  0.128797   ,  0.0403219  ,  1.97786    ,  0.0845836  ,  0.221907   ,  0.379668   ,  0.554516   ,  1.17896    ,  1.09996    ,  0.634099   ])
360     , -11218      , array([ 1.25628    ,  0.576658   ,  1.73693    ,  0.493697   ,  1.07484    ,  0.128797   ,  0.0403219  ,  1.9779     ,  0.0874132  ,  0.231148   ,  0.761634   ,  0.554516   ,  1.17896    ,  1.09996    ,  0.634099   ])
375     , -11210.8    , array([ 1.25628    ,  0.576658   ,  1.73693    ,  0.493697   ,  1.07484    ,  0.128797   ,  0.0403219  ,  1.9779     ,  0.0874132  ,  0.231148   ,  0.385809   ,  0.745498   ,  1.17896    ,  1.09996    ,  0.634099   ])
390     , -11194.4    , array([ 1.25628    ,  0.576658   ,  1.73693    ,  0.493697   ,  1.07484    ,  0.128797   ,  0.0403219  ,  1.9779     ,  0.0874132  ,  0.231148   ,  0.385809   ,  0.562083   ,  1.17896    ,  1.09996    ,  0.830095   ])
405     , -11196      , array([ 1.26643    ,  0.576698   ,  1.71523    ,  0.500505   ,  1.09693    ,  0.12933    ,  0.0401006  ,  2.01976    ,  0.0739038  ,  0.202507   ,  0.378737   ,  0.58641    ,  0.753709   ,  1.10506    ,  0.762624   ])
420     , -11194.1    , array([ 1.25191    ,  0.576633   ,  1.75021    ,  0.489532   ,  1.06133    ,  0.128471   ,  0.0404573  ,  1.95229    ,  0.095679   ,  0.248672   ,  0.390135   ,  0.547199   ,  1.43915    ,  1.08356    ,  0.871378   ])
435     , -11194      , array([ 1.25193    ,  0.574846   ,  1.75021    ,  0.489532   ,  1.06133    ,  0.128471   ,  0.0404573  ,  1.95229    ,  0.095679   ,  0.248672   ,  0.390135   ,  0.547199   ,  1.43915    ,  1.08356    ,  0.871378   ])
480     , -19723.6    , array([ 1.25193    ,  0.574864   ,  1.74044    ,  0.489855   ,  1.06636    ,  0.510437   ,  0.0404573  ,  1.95229    ,  0.095679   ,  0.248672   ,  0.390135   ,  0.547199   ,  1.43915    ,  1.08356    ,  0.871378   ])
495     , -11193.9    , array([ 1.25193    ,  0.574864   ,  1.74044    ,  0.489855   ,  1.06636    ,  0.128125   ,  0.0404573  ,  1.95229    ,  0.095679   ,  0.248672   ,  0.390135   ,  0.547199   ,  1.43915    ,  1.08356    ,  0.871378   ])
510     , -11193.1    , array([ 1.25193    ,  0.574864   ,  1.74044    ,  0.489855   ,  1.06636    ,  0.128125   ,  0.0409391  ,  1.95229    ,  0.095679   ,  0.248672   ,  0.390135   ,  0.547199   ,  1.43915    ,  1.08356    ,  0.871378   ])
525     , -11193.1    , array([ 1.25193    ,  0.574864   ,  1.74044    ,  0.489855   ,  1.06636    ,  0.128125   ,  0.0409391  ,  1.95192    ,  0.095679   ,  0.248672   ,  0.390135   ,  0.547199   ,  1.43915    ,  1.08356    ,  0.871378   ])
540     , -11193.1    , array([ 1.25193    ,  0.574864   ,  1.74044    ,  0.489855   ,  1.06636    ,  0.128125   ,  0.0409391  ,  1.95192    ,  0.0962921  ,  0.248672   ,  0.390135   ,  0.547199   ,  1.43915    ,  1.08356    ,  0.871378   ])
555     , -11345.3    , array([ 1.25193    ,  0.574864   ,  1.74044    ,  0.489855   ,  1.06636    ,  0.128125   ,  0.0409391  ,  1.95192    ,  0.0962921  ,  0.254234   ,  1.39014    ,  0.547199   ,  1.43915    ,  1.08356    ,  0.871378   ])
585     , -11192.7    , array([ 1.25193    ,  0.574864   ,  1.74044    ,  0.489855   ,  1.06636    ,  0.128125   ,  0.0409391  ,  1.95192    ,  0.0962921  ,  0.254234   ,  0.398517   ,  0.555836   ,  1.43915    ,  1.08356    ,  1.04076    ])
600     , -11199.2    , array([ 1.27851    ,  0.574968   ,  1.68362    ,  0.507677   ,  1.12419    ,  0.12952    ,  0.0403597  ,  2.06153    ,  0.0609239  ,  0.179251   ,  0.380003   ,  0.619524   ,  0.325833   ,  1.11414    ,  0.864118   ])
615     , -11189.6    , array([ 1.24175    ,  0.567791   ,  1.73929    ,  0.479364   ,  1.04811    ,  0.125835   ,  0.0432285  ,  1.87813    ,  0.122072   ,  0.325759   ,  0.443913   ,  0.547965   ,  2.17428    ,  1.039      ,  1.82777    ])
630     , -11189.6    , array([ 1.24213    ,  0.566444   ,  1.73763    ,  0.477816   ,  1.0461     ,  0.125434   ,  0.0436506  ,  1.86683    ,  0.126093   ,  0.337501   ,  0.452105   ,  0.548082   ,  2.28626    ,  1.03221    ,  1.97345    ])
645     , -11303      , array([ 1.24213    ,  0.561655   ,  2.73763    ,  0.477816   ,  1.0461     ,  0.125434   ,  0.0436506  ,  1.86683    ,  0.126093   ,  0.337501   ,  0.452105   ,  0.548082   ,  2.28626    ,  1.03221    ,  1.97345    ])
675     , -11319.1    , array([ 1.24213    ,  0.561655   ,  1.72177    ,  0.481889   ,  1.42806    ,  0.125434   ,  0.0436506  ,  1.86683    ,  0.126093   ,  0.337501   ,  0.452105   ,  0.548082   ,  2.28626    ,  1.03221    ,  1.97345    ])
705     , -11189      , array([ 1.23586    ,  0.561631   ,  1.73518    ,  0.477682   ,  1.01822    ,  0.124474   ,  0.0437874  ,  1.84096    ,  0.134442   ,  0.355202   ,  0.456476   ,  0.533047   ,  2.54908    ,  1.02397    ,  2.01515    ])
720     , -11188      , array([ 1.24604    ,  0.561671   ,  1.71342    ,  0.484507   ,  1.04037    ,  0.125008   ,  0.0435655  ,  1.8611     ,  0.120897   ,  0.326486   ,  0.449385   ,  0.557438   ,  2.12271    ,  1.03734    ,  1.9475     ])
735     , -11384.5    , array([ 1.24604    ,  0.561671   ,  1.71342    ,  0.484507   ,  1.04037    ,  0.125008   ,  0.0435655  ,  1.8611     ,  0.11949    ,  1.32649    ,  0.449385   ,  0.557438   ,  2.12271    ,  1.03734    ,  1.9475     ])
750     , -11212.2    , array([ 1.24604    ,  0.561671   ,  1.71342    ,  0.484507   ,  1.04037    ,  0.125008   ,  0.0435655  ,  1.8611     ,  0.11949    ,  0.314498   ,  0.831351   ,  0.557438   ,  2.12271    ,  1.03734    ,  1.9475     ])
765     , -11187.9    , array([ 1.24604    ,  0.561671   ,  1.71342    ,  0.484507   ,  1.04037    ,  0.125008   ,  0.0435655  ,  1.8611     ,  0.11949    ,  0.314498   ,  0.464626   ,  0.54792    ,  2.12271    ,  1.03734    ,  1.9475     ])
795     , -11187.4    , array([ 1.24328    ,  0.558737   ,  1.7098     ,  0.481133   ,  1.03598    ,  0.124133   ,  0.0444849  ,  1.8365     ,  0.128247   ,  0.340075   ,  0.48247    ,  0.548079   ,  2.36663    ,  1.03013    ,  2.15563    ])
810     , -11187.3    , array([ 1.25008    ,  0.558844   ,  1.70993    ,  0.481256   ,  1.03614    ,  0.124165   ,  0.0444514  ,  1.8374     ,  0.127928   ,  0.339142   ,  0.481819   ,  0.54807    ,  2.35773    ,  1.03067    ,  2.14406    ])
825     , -11187.2    , array([ 1.25008    ,  0.556466   ,  1.70993    ,  0.481256   ,  1.03614    ,  0.124165   ,  0.0444514  ,  1.8374     ,  0.127928   ,  0.339142   ,  0.481819   ,  0.54807    ,  2.35773    ,  1.03067    ,  2.14406    ])
855     , -11186.9    , array([ 1.25008    ,  0.556489   ,  1.69799    ,  0.484726   ,  1.03614    ,  0.124165   ,  0.0444514  ,  1.8374     ,  0.127928   ,  0.339142   ,  0.481819   ,  0.54807    ,  2.35773    ,  1.03067    ,  2.14406    ])
885     , -11191.7    , array([ 1.27666    ,  0.556594   ,  1.64117    ,  0.502548   ,  1.08457    ,  0.125047   ,  0.043872   ,  1.947      ,  0.0925597  ,  0.26416    ,  0.463304   ,  0.611758   ,  1.24442    ,  1.06558    ,  1.96742    ])
900     , -11186.5    , array([ 1.25224    ,  0.556498   ,  1.69336    ,  0.486176   ,  1.03145    ,  0.123765   ,  0.0444043  ,  1.81912    ,  0.125051   ,  0.333043   ,  0.480313   ,  0.55325    ,  2.26717    ,  1.03351    ,  2.12969    ])
915     , -11186.5    , array([ 1.25224    ,  0.556498   ,  1.69336    ,  0.486176   ,  1.03145    ,  0.123765   ,  0.0444043  ,  1.81912    ,  0.121772   ,  0.333043   ,  0.480313   ,  0.55325    ,  2.26717    ,  1.03351    ,  2.12969    ])
930     , -11220.2    , array([ 1.25224    ,  0.556498   ,  1.69336    ,  0.486176   ,  1.03145    ,  0.123765   ,  0.0444043  ,  1.81912    ,  0.124626   ,  0.715009   ,  0.480313   ,  0.55325    ,  2.26717    ,  1.03351    ,  2.12969    ])
945     , -11186.4    , array([ 1.25224    ,  0.556498   ,  1.69336    ,  0.486176   ,  1.03145    ,  0.123765   ,  0.0444043  ,  1.81912    ,  0.124626   ,  0.31924    ,  0.494469   ,  0.55325    ,  2.26717    ,  1.03351    ,  2.12969    ])
960     , -11200.8    , array([ 1.25224    ,  0.556498   ,  1.69336    ,  0.486176   ,  1.03145    ,  0.123765   ,  0.0444043  ,  1.81912    ,  0.124626   ,  0.31924    ,  0.494469   ,  0.541042   ,  2.26717    ,  1.03351    ,  3.12969    ])
975     , -11186.8    , array([ 1.25224    ,  0.556498   ,  1.69336    ,  0.486176   ,  1.03145    ,  0.123765   ,  0.0444043  ,  1.81912    ,  0.124626   ,  0.31924    ,  0.494469   ,  0.541042   ,  2.26717    ,  1.07665    ,  2.04483    ])
990     , -11186.1    , array([ 1.2504     ,  0.55454    ,  1.69095    ,  0.483924   ,  1.02852    ,  0.123182   ,  0.045018   ,  1.8027     ,  0.130471   ,  0.336311   ,  0.506378   ,  0.541211   ,  2.42997    ,  1.03048    ,  2.25663    ])
1005    , -12405      , array([ 0.66117    ,  0.536867   ,  1.613      ,  0.494876   ,  0.997242   ,  0.119144   ,  0.0473441  ,  1.66025    ,  0.140912   ,  0.324688   ,  0.607211   ,  0.513054   ,  2.72658    ,  1.02972    ,  2.71879    ])
1020    , -11758.3    , array([ 1.29672    ,  0.409909   ,  1.613      ,  0.494876   ,  0.997242   ,  0.119144   ,  0.0473441  ,  1.66025    ,  0.140912   ,  0.324688   ,  0.607211   ,  0.513054   ,  2.72658    ,  1.02972    ,  2.71879    ])
1035    , -11183.2    , array([ 1.29672    ,  0.539074   ,  1.61742    ,  0.494876   ,  0.997242   ,  0.119144   ,  0.0473441  ,  1.66025    ,  0.140912   ,  0.324688   ,  0.607211   ,  0.513054   ,  2.72658    ,  1.02972    ,  2.71879    ])
1050    , -11183.1    , array([ 1.29738    ,  0.539777   ,  1.61662    ,  0.495684   ,  0.998292   ,  0.119354   ,  0.047124   ,  1.66614    ,  0.138816   ,  0.318565   ,  0.60294    ,  0.512993   ,  2.66818    ,  1.03326    ,  2.64282    ])
1080    , -11183.1    , array([ 1.29738    ,  0.539777   ,  1.61662    ,  0.495684   ,  1.00167    ,  0.119002   ,  0.047124   ,  1.66614    ,  0.138816   ,  0.318565   ,  0.60294    ,  0.512993   ,  2.66818    ,  1.03326    ,  2.64282    ])
1095    , -11205.6    , array([ 1.2971     ,  0.539776   ,  1.61722    ,  0.495495   ,  1.00106    ,  0.118988   ,  0.0471301  ,  2.04695    ,  0.139189   ,  0.319357   ,  0.603135   ,  0.51232    ,  2.67995    ,  1.03289    ,  2.64469    ])
1110    , -11184      , array([ 1.2971     ,  0.539776   ,  1.61722    ,  0.495495   ,  1.00106    ,  0.118988   ,  0.0471301  ,  1.62261    ,  0.216177   ,  0.319357   ,  0.603135   ,  0.51232    ,  2.67995    ,  1.03289    ,  2.64469    ])
1125    , -11182.8    , array([ 1.2971     ,  0.539776   ,  1.61722    ,  0.495495   ,  1.00106    ,  0.118988   ,  0.0471301  ,  1.62261    ,  0.145487   ,  0.311288   ,  0.603135   ,  0.51232    ,  2.67995    ,  1.03289    ,  2.64469    ])
1140    , -11182.8    , array([ 1.2971     ,  0.539776   ,  1.61722    ,  0.495495   ,  1.00106    ,  0.118988   ,  0.0471301  ,  1.62261    ,  0.145487   ,  0.311288   ,  0.605166   ,  0.51232    ,  2.67995    ,  1.03289    ,  2.64469    ])
1155    , -11182.8    , array([ 1.2971     ,  0.539776   ,  1.61722    ,  0.495495   ,  1.00106    ,  0.118988   ,  0.0471301  ,  1.62261    ,  0.145487   ,  0.311288   ,  0.605166   ,  0.507501   ,  2.67995    ,  1.03289    ,  2.61565    ])
1170    , -11182.8    , array([ 1.2971     ,  0.539776   ,  1.61722    ,  0.495495   ,  1.00106    ,  0.118988   ,  0.0471301  ,  1.62261    ,  0.145487   ,  0.311288   ,  0.605166   ,  0.507501   ,  2.67995    ,  1.02995    ,  2.60814    ])
