556     , -29795.8    , array([ 100        ,  100        ,  0.0166867  ,  0.134367   ])
560     , -29795.8    , array([ 99.382     ,  100        ,  0.0166867  ,  0.134367   ])
564     , -29795.8    , array([ 99.882     ,  100        ,  0.0166867  ,  0.134367   ])
568     , -29795.8    , array([ 99.9828    ,  100        ,  0.0166867  ,  0.134367   ])
572     , -29795.8    , array([ 99.9975    ,  100        ,  0.0166867  ,  0.134367   ])
576     , -29795.8    , array([ 99.9996    ,  100        ,  0.0166867  ,  0.134367   ])
580     , -29795.8    , array([ 99.9999    ,  100        ,  0.0166867  ,  0.134367   ])
584     , -29795.8    , array([ 100        ,  100        ,  0.0166867  ,  0.134367   ])
588     , -29795.8    , array([ 100        ,  100        ,  0.0166867  ,  0.134367   ])
592     , -29795.8    , array([ 100        ,  100        ,  0.0166867  ,  0.134367   ])
596     , -29795.8    , array([ 100        ,  100        ,  0.0166867  ,  0.134367   ])
600     , -29795.8    , array([ 100        ,  100        ,  0.0166867  ,  0.134367   ])
604     , -29795.8    , array([ 100        ,  100        ,  0.0166867  ,  0.134367   ])
660     , -29795.8    , array([ 100        ,  100        ,  0.0166867  ,  0.134367   ])
664     , -39374.9    , array([ 100        ,  100        ,  1.01669    ,  0.134367   ])
668     , -33286.5    , array([ 100        ,  100        ,  0.398653   ,  0.134367   ])
676     , -29797.1    , array([ 100        ,  100        ,  0.0123415  ,  0.134367   ])
680     , -29795.8    , array([ 100        ,  100        ,  0.0166967  ,  0.134367   ])
688     , -31145.3    , array([ 100        ,  100        ,  0.0166968  ,  0.325322   ])
692     , -29867.8    , array([ 100        ,  100        ,  0.0166968  ,  0.168985   ])
696     , -29795.8    , array([ 100        ,  100        ,  0.0166968  ,  0.134367   ])
700     , -29795.8    , array([ 100        ,  100        ,  0.0166968  ,  0.134367   ])
704     , -29795.8    , array([ 100        ,  100        ,  0.0166968  ,  0.134367   ])
708     , -29795.8    , array([ 100        ,  100        ,  0.0166968  ,  0.134367   ])
