2680    , -1209.57    , array([ 0.253231   ,  2.89609    ,  0.0231768  ,  0.0589728  ])
2684    , -718.226    , array([ 0.0278212  ,  2.89609    ,  0.0231768  ,  0.0589728  ])
2688    , -91.1473    , array([ 0.0625824  ,  2.89609    ,  0.0231768  ,  0.0589728  ])
2692    , -91.1273    , array([ 0.0622523  ,  2.89609    ,  0.0231768  ,  0.0589728  ])
2696    , -91.1273    , array([ 0.0622532  ,  2.89609    ,  0.0231768  ,  0.0589728  ])
2700    , -151.501    , array([ 0.0622533  ,  1.27806    ,  0.0231768  ,  0.0589728  ])
2704    , -91.1431    , array([ 0.0622533  ,  2.96699    ,  0.0231768  ,  0.0589728  ])
2708    , -91.1239    , array([ 0.0622533  ,  2.91661    ,  0.0231768  ,  0.0589728  ])
2712    , -91.1239    , array([ 0.0622533  ,  2.91682    ,  0.0231768  ,  0.0589728  ])
2720    , -111.044    , array([ 0.0622533  ,  2.91682    ,  0.0292852  ,  0.0589728  ])
2724    , -91.1231    , array([ 0.0622533  ,  2.91682    ,  0.0231398  ,  0.0589728  ])
2732    , -5066.79    , array([ 0.0622533  ,  2.91682    ,  0.0231398  ,  0.249859   ])
2736    , -983.723    , array([ 0.0622533  ,  2.91682    ,  0.0231398  ,  0.0160054  ])
2740    , -91.1231    , array([ 0.0622533  ,  2.91682    ,  0.0231398  ,  0.0589855  ])
