1008    , -95.2123    , array([ 0.143481   ,  1.63552    ,  0.0962481  ,  0.0282565  ])
1016    , -1846.42    , array([ 0.0533108  ,  1.63552    ,  0.0962481  ,  0.0282565  ])
1020    , -97.9004    , array([ 0.149255   ,  1.63552    ,  0.0962481  ,  0.0282565  ])
1024    , -94.9211    , array([ 0.140947   ,  1.63552    ,  0.0962481  ,  0.0282565  ])
1028    , -4390.34    , array([ 0.140922   ,  0.0174849  ,  0.0962481  ,  0.0282565  ])
1032    , -95.2097    , array([ 0.140922   ,  1.71494    ,  0.0962481  ,  0.0282565  ])
1036    , -94.8687    , array([ 0.140922   ,  1.58726    ,  0.0962481  ,  0.0282565  ])
1040    , -8264.49    , array([ 0.140922   ,  1.58774    ,  1.09625    ,  0.0282565  ])
1044    , -5520       , array([ 0.140922   ,  1.58774    ,  0.478214   ,  0.0282565  ])
1048    , -95.1785    , array([ 0.140922   ,  1.58774    ,  0.0939629  ,  0.0282565  ])
1052    , -94.8672    , array([ 0.140922   ,  1.58774    ,  0.0960975  ,  0.0282565  ])
1060    , -3801.69    , array([ 0.140922   ,  1.58774    ,  0.096099   ,  0.219194   ])
1068    , -105.85     , array([ 0.140922   ,  1.58774    ,  0.096099   ,  0.0324504  ])
1072    , -94.7924    , array([ 0.140922   ,  1.58774    ,  0.096099   ,  0.0285672  ])
1076    , -94.8661    , array([ 0.138363   ,  1.53997    ,  0.0959499  ,  0.0288655  ])
1080    , -94.7617    , array([ 0.139944   ,  1.5695     ,  0.0960421  ,  0.0286773  ])
1084    , -94.7614    , array([ 0.140016   ,  1.57083    ,  0.0960462  ,  0.0286688  ])
1096    , -281.412    , array([ 0.140016   ,  1.57083    ,  0.0960462  ,  0.0155132  ])
1100    , -94.7574    , array([ 0.140016   ,  1.57083    ,  0.0960462  ,  0.028597   ])
1104    , -106.936    , array([ 0.140016   ,  2.57083    ,  0.0960462  ,  0.0285977  ])
1108    , -98.0024    , array([ 0.140016   ,  1.95279    ,  0.0960462  ,  0.0285977  ])
1112    , -94.7107    , array([ 0.140016   ,  1.53021    ,  0.0960462  ,  0.0285977  ])
1116    , -94.7107    , array([ 0.140016   ,  1.5289     ,  0.0960462  ,  0.0285977  ])
1124    , -387.76     , array([ 0.140016   ,  1.5289     ,  0.168978   ,  0.0285977  ])
1128    , -94.6841    , array([ 0.140016   ,  1.5289     ,  0.0954194  ,  0.0285977  ])
1132    , -94.6604    , array([ 0.137643   ,  1.48461    ,  0.0952812  ,  0.02888    ])
1136    , -94.6189    , array([ 0.138695   ,  1.50424    ,  0.0953425  ,  0.0287549  ])
1140    , -94.6189    , array([ 0.138695   ,  1.50424    ,  0.0953425  ,  0.0287549  ])
1156    , -94.5787    , array([ 0.138695   ,  1.50424    ,  0.0953425  ,  0.0289723  ])
1160    , -94.5786    , array([ 0.138695   ,  1.50424    ,  0.0953425  ,  0.0289823  ])
1164    , -120.308    , array([ 0.138695   ,  0.886206   ,  0.0953425  ,  0.0289823  ])
1168    , -94.5569    , array([ 0.138695   ,  1.47996    ,  0.0953425  ,  0.0289823  ])
1172    , -94.5567    , array([ 0.138695   ,  1.47747    ,  0.0953425  ,  0.0289823  ])
1176    , -94.5567    , array([ 0.138695   ,  1.47773    ,  0.0953425  ,  0.0289823  ])
1184    , -94.4842    , array([ 0.138695   ,  1.47773    ,  0.0943282  ,  0.0289823  ])
1188    , -94.4361    , array([ 0.137789   ,  1.46082    ,  0.0942653  ,  0.0290901  ])
1192    , -94.4473    , array([ 0.138135   ,  1.46728    ,  0.0942854  ,  0.0290489  ])
1196    , -94.2869    , array([ 0.136357   ,  1.40758    ,  0.0931574  ,  0.0294878  ])
1200    , -94.1816    , array([ 0.134102   ,  1.31434    ,  0.0910496  ,  0.0301949  ])
1204    , -94.1774    , array([ 0.134429   ,  1.32784    ,  0.0913547  ,  0.0300925  ])
1212    , -3256.82    , array([ 0.134429   ,  1.32784    ,  0.0913547  ,  0.221037   ])
1220    , -103.078    , array([ 0.134429   ,  1.32784    ,  0.0913547  ,  0.0343836  ])
1224    , -94.0096    , array([ 0.134429   ,  1.32784    ,  0.0913547  ,  0.030581   ])
1228    , -94.0096    , array([ 0.134429   ,  1.32784    ,  0.0913547  ,  0.0305859  ])
1232    , -94.0197    , array([ 0.134429   ,  1.32291    ,  0.0913547  ,  0.0305859  ])
1236    , -93.9936    , array([ 0.134429   ,  1.34592    ,  0.0913547  ,  0.0305859  ])
1240    , -94.006     , array([ 0.135895   ,  1.37329    ,  0.0914401  ,  0.0304114  ])
1244    , -93.9796    , array([ 0.135046   ,  1.35744    ,  0.0913907  ,  0.0305125  ])
1248    , -93.9796    , array([ 0.135058   ,  1.35767    ,  0.0913914  ,  0.030511   ])
1252    , -93.9796    , array([ 0.135052   ,  1.35756    ,  0.091391   ,  0.0305118  ])
1256    , -93.8921    , array([ 0.133484   ,  1.29273    ,  0.0899255  ,  0.0310033  ])
1260    , -93.892     , array([ 0.133468   ,  1.29208    ,  0.0899108  ,  0.0310083  ])
1276    , -93.8878    , array([ 0.133468   ,  1.29208    ,  0.0899108  ,  0.0310723  ])
1280    , -93.8876    , array([ 0.133468   ,  1.29208    ,  0.0899108  ,  0.03109    ])
1284    , -155.993    , array([ 0.133468   ,  0.674044   ,  0.0899108  ,  0.03109    ])
1288    , -93.8412    , array([ 0.133468   ,  1.32442    ,  0.0899108  ,  0.03109    ])
1292    , -93.8407    , array([ 0.133468   ,  1.32157    ,  0.0899108  ,  0.03109    ])
1296    , -93.8457    , array([ 0.134028   ,  1.33202    ,  0.0899434  ,  0.0310234  ])
1300    , -93.8398    , array([ 0.133622   ,  1.32444    ,  0.0899198  ,  0.0310717  ])
1304    , -93.9745    , array([ 0.130528   ,  1.19643    ,  0.0870248  ,  0.0320425  ])
1308    , -93.7823    , array([ 0.132442   ,  1.27558    ,  0.0888141  ,  0.0314423  ])
1312    , -93.7827    , array([ 0.132319   ,  1.2705     ,  0.0886993  ,  0.0314808  ])
1316    , -93.7072    , array([ 0.131362   ,  1.25687    ,  0.0876674  ,  0.0318931  ])
1320    , -93.6501    , array([ 0.129361   ,  1.22342    ,  0.0855358  ,  0.0327338  ])
1324    , -93.65      , array([ 0.129236   ,  1.22132    ,  0.0854021  ,  0.0327865  ])
1332    , -2969.52    , array([ 0.129267   ,  1.22184    ,  0.0854356  ,  0.223721   ])
1340    , -93.7254    , array([ 0.129267   ,  1.22184    ,  0.0854356  ,  0.0329045  ])
1344    , -93.5465    , array([ 0.129267   ,  1.22184    ,  0.0854356  ,  0.0323526  ])
1348    , -93.5465    , array([ 0.129267   ,  1.22184    ,  0.0854356  ,  0.0323568  ])
1352    , -93.4195    , array([ 0.129267   ,  1.25613    ,  0.0854356  ,  0.0323568  ])
1356    , -93.4128    , array([ 0.129267   ,  1.26575    ,  0.0854356  ,  0.0323568  ])
1360    , -93.4128    , array([ 0.129267   ,  1.2662     ,  0.0854356  ,  0.0323568  ])
1364    , -93.41      , array([ 0.129      ,  1.2612     ,  0.08542    ,  0.0323886  ])
1368    , -93.418     , array([ 0.125852   ,  1.20857    ,  0.0820665  ,  0.0337112  ])
1372    , -93.386     , array([ 0.127797   ,  1.2411     ,  0.0841391  ,  0.0328938  ])
1376    , -93.3854    , array([ 0.127531   ,  1.23665    ,  0.0838558  ,  0.0330055  ])
1380    , -93.6094    , array([ 0.114798   ,  1.13852    ,  0.0709964  ,  0.0370541  ])
1384    , -93.2762    , array([ 0.12289    ,  1.20096    ,  0.0791687  ,  0.0344804  ])
1388    , -4702.93    , array([ 0.12289    ,  1.20096    ,  0.0791687  ,  1.03448    ])
1392    , -4273.89    , array([ 0.12289    ,  1.20096    ,  0.0791687  ,  0.416446   ])
1396    , -1178.45    , array([ 0.12289    ,  1.20096    ,  0.0791687  ,  0.107416   ])
1400    , -98.3433    , array([ 0.12289    ,  1.20096    ,  0.0791687  ,  0.0367547  ])
1404    , -92.7919    , array([ 0.12289    ,  1.20096    ,  0.0791687  ,  0.0335628  ])
1408    , -93.3021    , array([ 0.127983   ,  1.28612    ,  0.0845948  ,  0.0314135  ])
1412    , -92.7887    , array([ 0.122453   ,  1.19366    ,  0.0787036  ,  0.033737   ])
1416    , -92.7588    , array([ 0.121543   ,  1.17667    ,  0.0786461  ,  0.0338467  ])
1420    , -92.7616    , array([ 0.121889   ,  1.18313    ,  0.0786663  ,  0.0338055  ])
1424    , -92.7585    , array([ 0.121623   ,  1.17817    ,  0.0786508  ,  0.0338372  ])
1428    , -92.6043    , array([ 0.114089   ,  1.12003    ,  0.0710419  ,  0.0362334  ])
1432    , -92.5614    , array([ 0.116333   ,  1.13734    ,  0.0733079  ,  0.0355198  ])
1440    , -2693.11    , array([ 0.116385   ,  1.13775    ,  0.0733608  ,  0.226455   ])
1444    , -1734.96    , array([ 0.116385   ,  1.13775    ,  0.0733608  ,  0.00106127 ])
1448    , -92.5984    , array([ 0.116385   ,  1.13775    ,  0.0733608  ,  0.0355882  ])
1452    , -92.4888    , array([ 0.116385   ,  1.13775    ,  0.0733608  ,  0.0351281  ])
1456    , -92.4888    , array([ 0.116385   ,  1.13775    ,  0.0733608  ,  0.0351318  ])
1460    , -92.412     , array([ 0.118377   ,  1.17104    ,  0.0754824  ,  0.0342951  ])
1464    , -92.5655    , array([ 0.119843   ,  1.19842    ,  0.0755678  ,  0.0341206  ])
1468    , -92.405     , array([ 0.11799    ,  1.16383    ,  0.0754599  ,  0.0343411  ])
1472    , -92.2397    , array([ 0.113334   ,  1.12789    ,  0.0707573  ,  0.035822   ])
1476    , -92.2607    , array([ 0.115113   ,  1.14162    ,  0.0725535  ,  0.0352564  ])
1480    , -92.0051    , array([ 0.110731   ,  1.1215     ,  0.0686058  ,  0.0359986  ])
1484    , -91.8372    , array([ 0.105504   ,  1.10648    ,  0.0642109  ,  0.0364566  ])
1488    , -91.8365    , array([ 0.105753   ,  1.10719    ,  0.0644203  ,  0.0364348  ])
1492    , -4224.6     , array([ 0.105831   ,  1.10742    ,  0.0644859  ,  1.03643    ])
1496    , -3827.69    , array([ 0.105831   ,  1.10742    ,  0.0644859  ,  0.418394   ])
1500    , -1027.5     , array([ 0.105831   ,  1.10742    ,  0.0644859  ,  0.109365   ])
1504    , -97.2088    , array([ 0.105831   ,  1.10742    ,  0.0644859  ,  0.0404343  ])
1508    , -91.675     , array([ 0.105831   ,  1.10742    ,  0.0644859  ,  0.0369897  ])
1512    , -91.4426    , array([ 0.108853   ,  1.15794    ,  0.0677051  ,  0.0357257  ])
1516    , -91.4426    , array([ 0.108894   ,  1.15862    ,  0.0677488  ,  0.0357085  ])
1520    , -91.5903    , array([ 0.11036    ,  1.186      ,  0.0678342  ,  0.035534   ])
1524    , -91.4406    , array([ 0.1087     ,  1.155      ,  0.0677375  ,  0.0357316  ])
1528    , -91.2235    , array([ 0.100974   ,  1.1328     ,  0.0612401  ,  0.0364086  ])
1532    , -91.2178    , array([ 0.103925   ,  1.14128    ,  0.0637219  ,  0.03615    ])
1536    , -91.3835    , array([ 0.0915871  ,  1.14516    ,  0.054186   ,  0.0367862  ])
1540    , -91.2054    , array([ 0.102572   ,  1.13739    ,  0.0625847  ,  0.0362685  ])
1548    , -293.885    , array([ 0.102572   ,  1.13739    ,  0.0625847  ,  0.0614474  ])
1552    , -90.9936    , array([ 0.102572   ,  1.13739    ,  0.0625847  ,  0.0369163  ])
1556    , -91.4383    , array([ 0.0994246  ,  1.08476    ,  0.0592312  ,  0.0382303  ])
1560    , -91.0827    , array([ 0.10137    ,  1.11729    ,  0.0613038  ,  0.0374129  ])
1564    , -90.9806    , array([ 0.10326    ,  1.14889    ,  0.0633171  ,  0.0366188  ])
1568    , -91.1307    , array([ 0.104733   ,  1.17638    ,  0.0634099  ,  0.0364414  ])
1572    , -90.9796    , array([ 0.103144   ,  1.14671    ,  0.0633174  ,  0.0366305  ])
1576    , -90.8655    , array([ 0.0954175  ,  1.1245     ,  0.05682    ,  0.0373076  ])
1580    , -90.8014    , array([ 0.0983688  ,  1.13299    ,  0.0593017  ,  0.0370489  ])
1584    , -90.8011    , array([ 0.0981293  ,  1.1323     ,  0.0591003  ,  0.0370699  ])
1588    , -90.1571    , array([ 0.0866763  ,  1.11948    ,  0.0501291  ,  0.0391523  ])
1592    , -90.1246    , array([ 0.0844589  ,  1.11698    ,  0.0483916  ,  0.0395546  ])
1596    , -90.1234    , array([ 0.083795   ,  1.11623    ,  0.0478714  ,  0.039675   ])
1600    , -90.1233    , array([ 0.0839374  ,  1.11639    ,  0.047983   ,  0.0396492  ])
1604    , -90.0529    , array([ 0.0861805  ,  1.12284    ,  0.0498693  ,  0.0394526  ])
1608    , -90.0528    , array([ 0.0861287  ,  1.12269    ,  0.0498256  ,  0.0394572  ])
1612    , -90.0528    , array([ 0.086107   ,  1.12263    ,  0.0498074  ,  0.0394591  ])
1616    , -89.9715    , array([ 0.08738    ,  1.14391    ,  0.0511635  ,  0.0389242  ])
1620    , -89.9561    , array([ 0.0864504  ,  1.1266     ,  0.0510858  ,  0.0390419  ])
1624    , -89.9458    , array([ 0.0867965  ,  1.13306    ,  0.0511059  ,  0.0390007  ])
1628    , -89.9365    , array([ 0.0725606  ,  1.11712    ,  0.0399472  ,  0.0415837  ])
1632    , -89.6922    , array([ 0.0780004  ,  1.12325    ,  0.0442096  ,  0.0405968  ])
1636    , -89.6913    , array([ 0.0784597  ,  1.12376    ,  0.0445695  ,  0.0405135  ])
1640    , -91.2666    , array([ 0.0706487  ,  1.10146    ,  0.038006   ,  0.0412058  ])
1644    , -89.8915    , array([ 0.0754241  ,  1.11519    ,  0.0420217  ,  0.0407874  ])
1648    , -89.6911    , array([ 0.0784711  ,  1.12394    ,  0.0445839  ,  0.0405204  ])
1652    , -90.9442    , array([ 0.0753232  ,  1.07131    ,  0.0412304  ,  0.041843   ])
1656    , -89.9423    , array([ 0.0772687  ,  1.10384    ,  0.043303   ,  0.0410256  ])
1660    , -89.6518    , array([ 0.0792004  ,  1.13614    ,  0.0453608  ,  0.040214   ])
1664    , -89.9152    , array([ 0.0768356  ,  1.09197    ,  0.0452305  ,  0.0404932  ])
1668    , -89.6098    , array([ 0.07856    ,  1.12417    ,  0.045331   ,  0.040288   ])
1672    , -90.5164    , array([ 0.0643186  ,  1.10812    ,  0.0341719  ,  0.0428716  ])
1676    , -89.4911    , array([ 0.0731203  ,  1.11804    ,  0.0410686  ,  0.0412748  ])
1680    , -89.4887    , array([ 0.0737442  ,  1.11874    ,  0.0415574  ,  0.0411616  ])
1684    , -89.3339    , array([ 0.0690156  ,  1.1137     ,  0.0385352  ,  0.0418121  ])
1688    , -89.0958    , array([ 0.0570812  ,  1.10099    ,  0.0309253  ,  0.0434485  ])
1692    , -89.0868    , array([ 0.0552056  ,  1.09899    ,  0.0297293  ,  0.0437057  ])
1696    , -89.0866    , array([ 0.0550188  ,  1.09879    ,  0.0296102  ,  0.0437313  ])
1700    , -89.0654    , array([ 0.0556384  ,  1.10057    ,  0.0301312  ,  0.043677   ])
1704    , -89.0653    , array([ 0.0556069  ,  1.10048    ,  0.0301047  ,  0.0436797  ])
1708    , -89.7504    , array([ 0.0575524  ,  1.13301    ,  0.0321773  ,  0.0428623  ])
1712    , -89.0643    , array([ 0.0556757  ,  1.10163    ,  0.0301781  ,  0.0436508  ])
1716    , -89.0643    , array([ 0.0556709  ,  1.10155    ,  0.0301729  ,  0.0436529  ])
1720    , -89.05      , array([ 0.0547686  ,  1.0847     ,  0.0301241  ,  0.0437591  ])
1724    , -89.0163    , array([ 0.0551147  ,  1.09116    ,  0.0301443  ,  0.0437179  ])
1728    , -89.0154    , array([ 0.055182   ,  1.09242    ,  0.0301482  ,  0.0437099  ])
1732    , -89.2748    , array([ 0.0667249  ,  1.10471    ,  0.0375085  ,  0.0421272  ])
1736    , -88.9143    , array([ 0.047932   ,  1.0847     ,  0.0255253  ,  0.044704   ])
1740    , -106.92     , array([ 0.0229623  ,  1.05155    ,  0.0100374  ,  0.0481287  ])
1744    , -88.9138    , array([ 0.0483289  ,  1.08512    ,  0.0257784  ,  0.0446496  ])
1748    , -88.9115    , array([ 0.0485112  ,  1.08564    ,  0.0259316  ,  0.0446336  ])
1752    , -88.9115    , array([ 0.0484906  ,  1.08558    ,  0.0259143  ,  0.0446354  ])
1756    , -89.9711    , array([ 0.0504361  ,  1.11811    ,  0.0279869  ,  0.043818   ])
1760    , -88.9115    , array([ 0.0484958  ,  1.08567    ,  0.0259199  ,  0.0446332  ])
1764    , -88.9115    , array([ 0.0484955  ,  1.08567    ,  0.0259196  ,  0.0446333  ])
1768    , -88.9611    , array([ 0.0475894  ,  1.06875    ,  0.0258668  ,  0.0447412  ])
1772    , -88.8789    , array([ 0.0481494  ,  1.0792     ,  0.0258994  ,  0.0446745  ])
1776    , -88.8789    , array([ 0.0481439  ,  1.0791     ,  0.0258991  ,  0.0446752  ])
1780    , -89.1897    , array([ 0.0596867  ,  1.0914     ,  0.0332593  ,  0.0430925  ])
1784    , -88.8417    , array([ 0.0437583  ,  1.07443    ,  0.0231026  ,  0.0452765  ])
1788    , -88.8355    , array([ 0.044764   ,  1.0755     ,  0.0237439  ,  0.0451386  ])
1792    , -88.7097    , array([ 0.0355519  ,  1.05045    ,  0.0184948  ,  0.0464023  ])
1796    , -88.7097    , array([ 0.0339586  ,  1.04613    ,  0.0175865  ,  0.0466209  ])
1800    , -88.7083    , array([ 0.0347529  ,  1.04828    ,  0.0180393  ,  0.0465119  ])
1804    , -91.6819    , array([ 0.0395283  ,  1.06201    ,  0.0220549  ,  0.0460935  ])
1808    , -88.679     , array([ 0.0351285  ,  1.04936    ,  0.0183551  ,  0.046479   ])
1812    , -88.679     , array([ 0.0351205  ,  1.04934    ,  0.0183484  ,  0.0464797  ])
1816    , -91.0275    , array([ 0.037066   ,  1.08187    ,  0.020421   ,  0.0456623  ])
1820    , -88.6787    , array([ 0.0351025  ,  1.04904    ,  0.0183293  ,  0.0464873  ])
1824    , -88.6787    , array([ 0.0351025  ,  1.04904    ,  0.0183293  ,  0.0464873  ])
1828    , -88.8891    , array([ 0.0356626  ,  1.05949    ,  0.0183619  ,  0.0464206  ])
1832    , -88.6733    , array([ 0.0349977  ,  1.04708    ,  0.0183231  ,  0.0464998  ])
1836    , -88.6733    , array([ 0.0349987  ,  1.0471     ,  0.0183232  ,  0.0464996  ])
1840    , -88.6429    , array([ 0.0317957  ,  1.03841    ,  0.0164973  ,  0.046939   ])
1844    , -88.6413    , array([ 0.031077   ,  1.03646    ,  0.0160876  ,  0.0470376  ])
1848    , -106.963    , array([ 0.0435394  ,  1.07228    ,  0.0265781  ,  0.0459476  ])
1852    , -88.7332    , array([ 0.0318032  ,  1.03855    ,  0.016709   ,  0.046976   ])
1856    , -88.634     , array([ 0.0311947  ,  1.0368     ,  0.0161973  ,  0.0470293  ])
1860    , -88.634     , array([ 0.0311963  ,  1.03681    ,  0.0161986  ,  0.0470291  ])
1864    , -88.6339    , array([ 0.031187   ,  1.03665    ,  0.0161887  ,  0.047033   ])
1868    , -88.6338    , array([ 0.0311809  ,  1.03655    ,  0.0161823  ,  0.0470356  ])
1872    , -88.8602    , array([ 0.0317409  ,  1.04701    ,  0.0162149  ,  0.0469689  ])
1876    , -88.6324    , array([ 0.0311331  ,  1.03566    ,  0.0161795  ,  0.0470413  ])
1880    , -88.8863    , array([ 0.0473855  ,  1.07976    ,  0.0254443  ,  0.0448117  ])
1884    , -88.6252    , array([ 0.0300909  ,  1.03283    ,  0.0155854  ,  0.0471842  ])
1888    , -88.6237    , array([ 0.0294385  ,  1.03106    ,  0.0152135  ,  0.0472737  ])
1892    , -88.6115    , array([ 0.0278054  ,  1.02568    ,  0.0143424  ,  0.0475091  ])
1896    , -88.6005    , array([ 0.0243151  ,  1.01415    ,  0.0124822  ,  0.0480124  ])
1900    , -88.6005    , array([ 0.0240538  ,  1.01329    ,  0.0123429  ,  0.0480501  ])
1904    , -117.262    , array([ 0.0366089  ,  1.04939    ,  0.0228843  ,  0.046947   ])
1908    , -88.8769    , array([ 0.0248986  ,  1.01574    ,  0.0130369  ,  0.0479731  ])
1912    , -88.5999    , array([ 0.0241405  ,  1.01356    ,  0.0123995  ,  0.0480395  ])
1916    , -114.493    , array([ 0.0292339  ,  1.09872    ,  0.0178255  ,  0.0458995  ])
1920    , -88.6284    , array([ 0.0242659  ,  1.01566    ,  0.0125331  ,  0.0479868  ])
1924    , -88.5998    , array([ 0.0241328  ,  1.01343    ,  0.0123913  ,  0.0480428  ])
1928    , -88.5998    , array([ 0.0241334  ,  1.01344    ,  0.0123919  ,  0.0480425  ])
1932    , -88.9011    , array([ 0.0246934  ,  1.02389    ,  0.0124245  ,  0.0479759  ])
1936    , -88.5995    , array([ 0.0241502  ,  1.01375    ,  0.0123929  ,  0.0480405  ])
1940    , -88.6294    , array([ 0.0188357  ,  0.996201   ,  0.00956039 ,  0.0488069  ])
1944    , -88.6026    , array([ 0.0221203  ,  1.00705    ,  0.011311   ,  0.0483332  ])
1948    , -88.5995    , array([ 0.024013   ,  1.0133     ,  0.0123198  ,  0.0480603  ])
1952    , -88.5995    , array([ 0.0240279  ,  1.01335    ,  0.0123277  ,  0.0480581  ])
