16      , -16383.9    , array([ 1.45913    ,  1.47638    ,  0.464135   ,  1.58644    ,  0.491836   ,  0.982684   ,  0.0942738  ,  0.0530022  ,  0          ,  0          ,  0.495221   ,  0.903097   ,  0.476689   ,  3.74696    ,  0.976596   ,  3.386      ])
32      , -11180      , array([ 1.45913    ,  0.476531   ,  0.464135   ,  1.58644    ,  0.491836   ,  0.982684   ,  0.0942738  ,  0.0530022  ,  0          ,  0          ,  0.495221   ,  0.903097   ,  0.476689   ,  3.74696    ,  0.976596   ,  3.386      ])
48      , -11180      , array([ 1.45913    ,  0.476533   ,  0.466648   ,  1.58644    ,  0.491836   ,  0.982684   ,  0.0942738  ,  0.0530022  ,  0          ,  0          ,  0.495221   ,  0.903097   ,  0.476689   ,  3.74696    ,  0.976596   ,  3.386      ])
64      , -11180      , array([ 1.45913    ,  0.476533   ,  0.464136   ,  1.58644    ,  0.491836   ,  0.982684   ,  0.0942738  ,  0.0530022  ,  0          ,  0          ,  0.495221   ,  0.903097   ,  0.476689   ,  3.74696    ,  0.976596   ,  3.386      ])
80      , -11180      , array([ 1.45913    ,  0.476533   ,  0.464135   ,  1.58644    ,  0.491836   ,  0.982684   ,  0.0942738  ,  0.0530022  ,  0          ,  0          ,  0.495221   ,  0.903097   ,  0.476689   ,  3.74696    ,  0.976596   ,  3.386      ])
96      , -11180      , array([ 1.45913    ,  0.476533   ,  0.464135   ,  1.58006    ,  0.491836   ,  0.982684   ,  0.0942738  ,  0.0530022  ,  0          ,  0          ,  0.495221   ,  0.903097   ,  0.476689   ,  3.74696    ,  0.976596   ,  3.386      ])
112     , -11180      , array([ 1.45913    ,  0.476533   ,  0.464135   ,  1.57902    ,  0.491784   ,  0.982684   ,  0.0942738  ,  0.0530022  ,  0          ,  0          ,  0.495221   ,  0.903097   ,  0.476689   ,  3.74696    ,  0.976596   ,  3.386      ])
128     , -11180      , array([ 1.45913    ,  0.476533   ,  0.464135   ,  1.57902    ,  0.491789   ,  0.982777   ,  0.0942738  ,  0.0530022  ,  0          ,  0          ,  0.495221   ,  0.903097   ,  0.476689   ,  3.74696    ,  0.976596   ,  3.386      ])
144     , -34610.4    , array([ 1.45913    ,  0.476533   ,  0.464135   ,  1.57902    ,  0.491789   ,  0.982333   ,  0.00410391 ,  0.0530022  ,  0          ,  0          ,  0.495221   ,  0.903097   ,  0.476689   ,  3.74696    ,  0.976596   ,  3.386      ])
224     , -11180      , array([ 1.45913    ,  0.476533   ,  0.464135   ,  1.57902    ,  0.491789   ,  0.982333   ,  0.0944669  ,  0.052969   ,  0          ,  0          ,  0.495221   ,  0.903097   ,  0.476689   ,  3.74696    ,  0.976596   ,  3.386      ])
240     , -11180      , array([ 1.45913    ,  0.476533   ,  0.464135   ,  1.57902    ,  0.491789   ,  0.982333   ,  0.0944669  ,  0.052969   ,  0          ,  4.03848e-05,  0.495221   ,  0.903097   ,  0.476689   ,  3.74696    ,  0.976596   ,  3.386      ])
256     , -11180      , array([ 1.45913    ,  0.476533   ,  0.464135   ,  1.57902    ,  0.491789   ,  0.982333   ,  0.0944669  ,  0.052969   ,  0          ,  1.82985e-08,  0.495221   ,  0.903097   ,  0.476689   ,  3.74696    ,  0.976596   ,  3.386      ])
272     , -11180      , array([ 1.45913    ,  0.476533   ,  0.464135   ,  1.57902    ,  0.491789   ,  0.982333   ,  0.0944669  ,  0.052969   ,  0          ,  1e-11      ,  0.495221   ,  0.903097   ,  0.476689   ,  3.74696    ,  0.976596   ,  3.386      ])
304     , -11180.1    , array([ 1.45913    ,  0.476533   ,  0.464135   ,  1.57902    ,  0.491789   ,  0.982333   ,  0.0944669  ,  0.052969   ,  0          ,  0          ,  0.501711   ,  0.906804   ,  0.460313   ,  3.74696    ,  0.976596   ,  3.386      ])
320     , -11179.9    , array([ 1.45913    ,  0.476533   ,  0.464135   ,  1.57902    ,  0.491789   ,  0.982333   ,  0.0944669  ,  0.052969   ,  0          ,  0          ,  0.501711   ,  0.906804   ,  0.476216   ,  3.71878    ,  0.976596   ,  3.386      ])
336     , -11179.9    , array([ 1.45913    ,  0.476533   ,  0.464135   ,  1.57902    ,  0.491789   ,  0.982333   ,  0.0944669  ,  0.052969   ,  0          ,  0          ,  0.501711   ,  0.906804   ,  0.476216   ,  3.71878    ,  0.977417   ,  3.386      ])
