4       , -29796.6    , array([ 98.382     ,  100        ,  0.150396   ,  0.000587347])
8       , -29796      , array([ 99.691     ,  100        ,  0.150396   ,  0.000587347])
12      , -29795.8    , array([ 99.9549    ,  100        ,  0.150396   ,  0.000587347])
16      , -29795.8    , array([ 99.9934    ,  100        ,  0.150396   ,  0.000587347])
20      , -29795.8    , array([ 99.999     ,  100        ,  0.150396   ,  0.000587347])
24      , -29795.8    , array([ 99.9999    ,  100        ,  0.150396   ,  0.000587347])
28      , -29795.8    , array([ 100        ,  100        ,  0.150396   ,  0.000587347])
32      , -29795.8    , array([ 100        ,  100        ,  0.150396   ,  0.000587347])
36      , -29795.8    , array([ 100        ,  100        ,  0.150396   ,  0.000587347])
40      , -29795.8    , array([ 100        ,  100        ,  0.150396   ,  0.000587347])
44      , -29795.8    , array([ 100        ,  100        ,  0.150396   ,  0.000587347])
48      , -29795.8    , array([ 100        ,  100        ,  0.150396   ,  0.000587347])
52      , -29795.8    , array([ 100        ,  100        ,  0.150396   ,  0.000587347])
56      , -29795.8    , array([ 100        ,  100        ,  0.150396   ,  0.000587347])
60      , -29795.8    , array([ 100        ,  100        ,  0.150396   ,  0.000587347])
64      , -29795.8    , array([ 100        ,  99.382     ,  0.150396   ,  0.000587347])
68      , -29795.8    , array([ 100        ,  99.882     ,  0.150396   ,  0.000587347])
72      , -29795.8    , array([ 100        ,  99.9828    ,  0.150396   ,  0.000587347])
76      , -29795.8    , array([ 100        ,  99.9975    ,  0.150396   ,  0.000587347])
80      , -29795.8    , array([ 100        ,  99.9996    ,  0.150396   ,  0.000587347])
84      , -29795.8    , array([ 100        ,  99.9999    ,  0.150396   ,  0.000587347])
88      , -29795.8    , array([ 100        ,  100        ,  0.150396   ,  0.000587347])
92      , -29795.8    , array([ 100        ,  100        ,  0.150396   ,  0.000587347])
96      , -29795.8    , array([ 100        ,  100        ,  0.150396   ,  0.000587347])
100     , -29795.8    , array([ 100        ,  100        ,  0.150396   ,  0.000587347])
104     , -29795.8    , array([ 100        ,  100        ,  0.150396   ,  0.000587347])
108     , -29795.8    , array([ 100        ,  100        ,  0.150396   ,  0.000587347])
112     , -29795.8    , array([ 100        ,  100        ,  0.150396   ,  0.000587347])
116     , -39374.3    , array([ 100        ,  100        ,  1.1504     ,  0.000587347])
120     , -33285.7    , array([ 100        ,  100        ,  0.532362   ,  0.000587347])
124     , -30595.9    , array([ 100        ,  100        ,  0.0626366  ,  0.000587347])
128     , -29795.8    , array([ 100        ,  100        ,  0.150483   ,  0.000587347])
132     , -29795.8    , array([ 100        ,  100        ,  0.150477   ,  0.000587347])
144     , -29795.8    , array([ 100        ,  100        ,  0.150477   ,  0.000587347])
148     , -29795.8    , array([ 100        ,  100        ,  0.150477   ,  0.000587833])
152     , -29795.8    , array([ 100        ,  100        ,  0.150477   ,  0.000587376])
156     , -29795.8    , array([ 100        ,  100        ,  0.150477   ,  0.00058736 ])
160     , -29795.8    , array([ 100        ,  100        ,  0.150477   ,  0.000587361])
