328     , -413.305    , array([ 72.7389    ,  0.308858   ,  5          ,  0.995878   ])
332     , -413.304    , array([ 72.1209    ,  0.308858   ,  5          ,  0.995878   ])
336     , -413.304    , array([ 71.4677    ,  0.308858   ,  5          ,  0.995878   ])
344     , -905.996    , array([ 71.4677    ,  0.218688   ,  5          ,  0.995878   ])
348     , -413.319    , array([ 71.4677    ,  0.309408   ,  5          ,  0.995878   ])
352     , -413.304    , array([ 71.4677    ,  0.308764   ,  5          ,  0.995878   ])
356     , -413.304    , array([ 71.4677    ,  0.308765   ,  5          ,  0.995878   ])
360     , -413.306    , array([ 71.4677    ,  0.308765   ,  4.99473    ,  0.995878   ])
404     , -413.304    , array([ 71.4677    ,  0.308765   ,  5          ,  0.995878   ])
408     , -2575.89    , array([ 71.4677    ,  0.308765   ,  5          ,  0.377844   ])
412     , -413.304    , array([ 71.4677    ,  0.308765   ,  5          ,  0.99579    ])
