2400    , -90.6923    , array([ 0.100582   ,  1.19466    ,  0.0613848  ,  0.0364157  ])
2408    , -45144      , array([ 0.0104117  ,  1.19466    ,  0.0613848  ,  0.0364157  ])
2412    , -91.6498    , array([ 0.103897   ,  1.19466    ,  0.0613848  ,  0.0364157  ])
2416    , -90.6922    , array([ 0.100596   ,  1.19466    ,  0.0613848  ,  0.0364157  ])
2420    , -90.6922    , array([ 0.100596   ,  1.19466    ,  0.0613848  ,  0.0364157  ])
2424    , -90.6922    , array([ 0.100596   ,  1.19466    ,  0.0613848  ,  0.0364157  ])
2428    , -90.8213    , array([ 0.100596   ,  1.16007    ,  0.0613848  ,  0.0364157  ])
2432    , -90.6918    , array([ 0.100596   ,  1.19694    ,  0.0613848  ,  0.0364157  ])
2440    , -4561.8     , array([ 0.100596   ,  1.197      ,  0.252284   ,  0.0364157  ])
2444    , -94.2779    , array([ 0.100596   ,  1.197      ,  0.0568583  ,  0.0364157  ])
2448    , -90.6826    , array([ 0.100596   ,  1.197      ,  0.0611622  ,  0.0364157  ])
2456    , -2782.51    , array([ 0.100596   ,  1.197      ,  0.0611622  ,  0.227366   ])
2460    , -1802.05    , array([ 0.100596   ,  1.197      ,  0.0611622  ,  0.00197389 ])
2464    , -90.773     , array([ 0.100596   ,  1.197      ,  0.0611622  ,  0.0369312  ])
2468    , -90.6777    , array([ 0.100596   ,  1.197      ,  0.0611622  ,  0.0365089  ])
2472    , -90.7096    , array([ 0.100573   ,  1.19322    ,  0.0615224  ,  0.0363576  ])
2476    , -90.6766    , array([ 0.100601   ,  1.19785    ,  0.0610803  ,  0.0365445  ])
2480    , -90.6766    , array([ 0.100601   ,  1.19772    ,  0.061093   ,  0.0365391  ])
2484    , -90.6766    , array([ 0.100601   ,  1.19784    ,  0.0610812  ,  0.0365441  ])
2492    , -44950.1    , array([ 0.0104315  ,  1.19784    ,  0.0610812  ,  0.0365441  ])
2496    , -91.6502    , array([ 0.103628   ,  1.19784    ,  0.0610812  ,  0.0365441  ])
2500    , -90.6683    , array([ 0.100297   ,  1.19784    ,  0.0610812  ,  0.0365441  ])
2504    , -90.6683    , array([ 0.1003     ,  1.19784    ,  0.0610812  ,  0.0365441  ])
2508    , -90.8396    , array([ 0.1003     ,  1.15084    ,  0.0610812  ,  0.0365441  ])
2512    , -90.6662    , array([ 0.1003     ,  1.19311    ,  0.0610812  ,  0.0365441  ])
2520    , -2778.1     , array([ 0.1003     ,  1.19307    ,  0.0610812  ,  0.227494   ])
2524    , -1784.83    , array([ 0.1003     ,  1.19307    ,  0.0610812  ,  0.00210228 ])
2528    , -90.763     , array([ 0.1003     ,  1.19307    ,  0.0610812  ,  0.03697    ])
2532    , -90.6662    , array([ 0.1003     ,  1.19307    ,  0.0610812  ,  0.0365461  ])
2536    , -90.6662    , array([ 0.1003     ,  1.19307    ,  0.0610812  ,  0.0365458  ])
2540    , -90.6599    , array([ 0.100314   ,  1.19529    ,  0.0608689  ,  0.0366355  ])
2544    , -90.6599    , array([ 0.100311   ,  1.19492    ,  0.0609042  ,  0.0366205  ])
2548    , -90.6598    , array([ 0.100312   ,  1.19509    ,  0.0608878  ,  0.0366275  ])
2552    , -90.6417    , array([ 0.0979532  ,  1.17926    ,  0.0586058  ,  0.0376055  ])
2556    , -90.621     , array([ 0.0989386  ,  1.18587    ,  0.059559   ,  0.037197   ])
2560    , -90.606     , array([ 0.0989437  ,  1.18459    ,  0.0597034  ,  0.0371359  ])
2564    , -90.5985    , array([ 0.0989171  ,  1.18031    ,  0.0601118  ,  0.0369632  ])
2568    , -90.5944    , array([ 0.098927   ,  1.1819     ,  0.0599601  ,  0.0370273  ])
2572    , -196.829    , array([ 0.098927   ,  0.563867   ,  0.0599601  ,  0.0370273  ])
2576    , -90.5913    , array([ 0.098927   ,  1.17884    ,  0.0599601  ,  0.0370273  ])
2580    , -90.59      , array([ 0.098927   ,  1.17503    ,  0.0599601  ,  0.0370273  ])
2584    , -90.59      , array([ 0.098927   ,  1.1751     ,  0.0599601  ,  0.0370273  ])
2592    , -298.378    , array([ 0.098927   ,  1.1751     ,  0.0599601  ,  0.0614041  ])
2596    , -90.585     , array([ 0.098927   ,  1.1751     ,  0.0599601  ,  0.0369114  ])
2600    , -90.5849    , array([ 0.098927   ,  1.1751     ,  0.0599601  ,  0.0369288  ])
2604    , -90.5468    , array([ 0.0967261  ,  1.16033    ,  0.0578313  ,  0.0378412  ])
2608    , -90.537     , array([ 0.0974249  ,  1.16502    ,  0.0585071  ,  0.0375515  ])
2612    , -90.7533    , array([ 0.0898102  ,  1.08593    ,  0.0522213  ,  0.0399935  ])
2616    , -90.5109    , array([ 0.0953652  ,  1.14367    ,  0.0568053  ,  0.0382131  ])
2620    , -90.5295    , array([ 0.0953921  ,  1.14475    ,  0.0567421  ,  0.0382405  ])
2624    , -90.4518    , array([ 0.0953512  ,  1.13817    ,  0.0573692  ,  0.0379753  ])
2628    , -90.4517    , array([ 0.0953502  ,  1.13801    ,  0.0573849  ,  0.0379687  ])
2632    , -90.4517    , array([ 0.0953505  ,  1.13807    ,  0.0573793  ,  0.0379711  ])
2636    , -90.625     , array([ 0.0953505  ,  1.10283    ,  0.0573793  ,  0.0379711  ])
2640    , -90.4505    , array([ 0.0953505  ,  1.14133    ,  0.0573793  ,  0.0379711  ])
2644    , -90.4505    , array([ 0.0953505  ,  1.14139    ,  0.0573793  ,  0.0379711  ])
2652    , -288.99     , array([ 0.0953505  ,  1.14139    ,  0.0573793  ,  0.0620552  ])
2656    , -90.4197    , array([ 0.0953505  ,  1.14139    ,  0.0573793  ,  0.0377012  ])
2660    , -90.4194    , array([ 0.0953505  ,  1.14139    ,  0.0573793  ,  0.0377228  ])
2664    , -90.3699    , array([ 0.0920774  ,  1.10737    ,  0.0546783  ,  0.0387719  ])
2668    , -90.367     , array([ 0.092714   ,  1.11398    ,  0.0552036  ,  0.0385679  ])
2672    , -90.3608    , array([ 0.0926788  ,  1.11233    ,  0.0553128  ,  0.0385209  ])
2676    , -90.3605    , array([ 0.0926737  ,  1.11152    ,  0.0553903  ,  0.0384882  ])
2680    , -90.3604    , array([ 0.0926757  ,  1.11183    ,  0.0553607  ,  0.0385007  ])
2684    , -242.444    , array([ 0.0926757  ,  0.493797   ,  0.0553607  ,  0.0385007  ])
2688    , -90.3242    , array([ 0.0926757  ,  1.1332     ,  0.0553607  ,  0.0385007  ])
2692    , -90.3226    , array([ 0.0926757  ,  1.12961    ,  0.0553607  ,  0.0385007  ])
2704    , -200.351    , array([ 0.0926757  ,  1.12961    ,  0.0553607  ,  0.0253451  ])
2708    , -90.2824    , array([ 0.0926757  ,  1.12961    ,  0.0553607  ,  0.0382156  ])
2712    , -90.2542    , array([ 0.0906527  ,  1.10858    ,  0.0536914  ,  0.0388639  ])
2716    , -90.2573    , array([ 0.0914254  ,  1.11661    ,  0.054329   ,  0.0386163  ])
2720    , -90.1494    , array([ 0.0888963  ,  1.10635    ,  0.0524307  ,  0.0390623  ])
2724    , -90.1198    , array([ 0.0679958  ,  1.06579    ,  0.0372641  ,  0.0417411  ])
2728    , -89.7527    , array([ 0.0761733  ,  1.08166    ,  0.0431982  ,  0.040693   ])
2732    , -89.7749    , array([ 0.0763841  ,  1.08291    ,  0.0432662  ,  0.0407009  ])
2736    , -89.7081    , array([ 0.0763554  ,  1.0783     ,  0.0437065  ,  0.0405148  ])
2740    , -89.708     , array([ 0.0763548  ,  1.0782     ,  0.0437156  ,  0.040511   ])
2744    , -89.708     , array([ 0.076355   ,  1.07824    ,  0.043712   ,  0.0405125  ])
2748    , -89.5371    , array([ 0.076355   ,  1.10143    ,  0.043712   ,  0.0405125  ])
2752    , -89.5063    , array([ 0.076355   ,  1.11723    ,  0.043712   ,  0.0405125  ])
2756    , -89.5031    , array([ 0.0743321  ,  1.09582    ,  0.0420426  ,  0.0411609  ])
2760    , -89.4872    , array([ 0.0752688  ,  1.10556    ,  0.0428156  ,  0.0408607  ])
2764    , -90.3641    , array([ 0.0608558  ,  1.07759    ,  0.0323567  ,  0.042708   ])
2768    , -89.4456    , array([ 0.0697635  ,  1.09487    ,  0.0388206  ,  0.0415663  ])
2772    , -89.4299    , array([ 0.07153    ,  1.0983     ,  0.0401025  ,  0.0413399  ])
2776    , -89.4577    , array([ 0.0714975  ,  1.09908    ,  0.039994   ,  0.041379   ])
2780    , -89.3708    , array([ 0.0714676  ,  1.09426    ,  0.0404534  ,  0.0411848  ])
2784    , -89.3708    , array([ 0.0714669  ,  1.09416    ,  0.0404637  ,  0.0411804  ])
2788    , -89.3708    , array([ 0.0714672  ,  1.0942     ,  0.0404598  ,  0.0411821  ])
2792    , -89.481     , array([ 0.0714672  ,  1.07699    ,  0.0404598  ,  0.0411821  ])
2796    , -89.3438    , array([ 0.0714672  ,  1.10837    ,  0.0404598  ,  0.0411821  ])
2800    , -89.3438    , array([ 0.0714672  ,  1.10823    ,  0.0404598  ,  0.0411821  ])
2804    , -89.3274    , array([ 0.0705864  ,  1.09908    ,  0.039733   ,  0.0414644  ])
2808    , -90.9824    , array([ 0.0561734  ,  1.07111    ,  0.0292742  ,  0.0433117  ])
2812    , -89.3861    , array([ 0.0650812  ,  1.08839    ,  0.0357381  ,  0.04217    ])
2816    , -89.3066    , array([ 0.0685436  ,  1.09511    ,  0.0382506  ,  0.0417262  ])
2820    , -89.3066    , array([ 0.0685436  ,  1.09511    ,  0.0382506  ,  0.0417262  ])
2824    , -92.4715    , array([ 0.030937   ,  1.05537    ,  0.0149814  ,  0.0465915  ])
2828    , -88.9253    , array([ 0.0505067  ,  1.07605    ,  0.0270902  ,  0.0440597  ])
2832    , -103.518    , array([ 0.0351992  ,  1.04714    ,  0.0160779  ,  0.0460227  ])
2836    , -90.2666    , array([ 0.0441069  ,  1.06442    ,  0.0225418  ,  0.044881   ])
2840    , -88.889     , array([ 0.0509263  ,  1.07765    ,  0.0274903  ,  0.044007   ])
2844    , -146.108    , array([ 0.0509263  ,  2.07765    ,  0.0274903  ,  0.044007   ])
2848    , -103.663    , array([ 0.0509263  ,  1.45962    ,  0.0274903  ,  0.044007   ])
2852    , -88.8887    , array([ 0.0509263  ,  1.07643    ,  0.0274903  ,  0.044007   ])
2856    , -88.8887    , array([ 0.0509263  ,  1.07634    ,  0.0274903  ,  0.044007   ])
2860    , -89.5351    , array([ 0.0541995  ,  1.11031    ,  0.0301914  ,  0.0429579  ])
2864    , -88.8878    , array([ 0.0508325  ,  1.07532    ,  0.0274129  ,  0.0440371  ])
2868    , -88.8878    , array([ 0.050809   ,  1.07507    ,  0.0273935  ,  0.0440446  ])
2872    , -88.8878    , array([ 0.050809   ,  1.07507    ,  0.0273935  ,  0.0440446  ])
2876    , -88.8699    , array([ 0.0481291  ,  1.07224    ,  0.0257353  ,  0.0443913  ])
2880    , -88.8693    , array([ 0.0475435  ,  1.07162    ,  0.025373   ,  0.0444671  ])
2884    , -91.9562    , array([ 0.0708966  ,  1.11691    ,  0.0423157  ,  0.0414739  ])
2888    , -88.9037    , array([ 0.0500484  ,  1.07645    ,  0.0271872  ,  0.044146   ])
2892    , -88.8511    , array([ 0.048451   ,  1.07335    ,  0.0260281  ,  0.0443507  ])
2900    , -91.4053    , array([ 0.0484424  ,  1.20856    ,  0.0260218  ,  0.0443518  ])
2904    , -88.8507    , array([ 0.0484424  ,  1.07172    ,  0.0260218  ,  0.0443518  ])
2908    , -88.8507    , array([ 0.0484424  ,  1.07129    ,  0.0260218  ,  0.0443518  ])
2912    , -88.8507    , array([ 0.0484424  ,  1.07168    ,  0.0260218  ,  0.0443518  ])
2916    , -88.8507    , array([ 0.0484424  ,  1.0717     ,  0.0260218  ,  0.0443518  ])
2920    , -88.8497    , array([ 0.0483347  ,  1.07058    ,  0.0259329  ,  0.0443864  ])
2924    , -92.316     , array([ 0.0294018  ,  1.05056    ,  0.0142178  ,  0.0468361  ])
2928    , -88.9431    , array([ 0.0411021  ,  1.06292    ,  0.0214574  ,  0.0453224  ])
2932    , -88.8412    , array([ 0.0464172  ,  1.06854    ,  0.0247461  ,  0.0446347  ])
2936    , -88.8412    , array([ 0.0462786  ,  1.0684     ,  0.0246604  ,  0.0446526  ])
2940    , -88.7811    , array([ 0.0429559  ,  1.05994    ,  0.022788   ,  0.0451399  ])
2944    , -88.7287    , array([ 0.0277201  ,  1.02128    ,  0.0141971  ,  0.0473725  ])
2948    , -88.6821    , array([ 0.0320431  ,  1.03225    ,  0.0166346  ,  0.046739   ])
2952    , -153.123    , array([ 0.0131117  ,  1.01224    ,  0.00492074 ,  0.0491882  ])
2956    , -90.4606    , array([ 0.0248119  ,  1.02461    ,  0.0121603  ,  0.0476745  ])
2960    , -88.6722    , array([ 0.0330799  ,  1.03335    ,  0.0172761  ,  0.0466049  ])
2964    , -88.672     , array([ 0.032945   ,  1.0332     ,  0.0171927  ,  0.0466223  ])
2968    , -88.672     , array([ 0.0329541  ,  1.03321    ,  0.0171984  ,  0.0466211  ])
2972    , -88.9523    , array([ 0.0329541  ,  1.00189    ,  0.0171984  ,  0.0466211  ])
2976    , -88.6634    , array([ 0.0329541  ,  1.04003    ,  0.0171984  ,  0.0466211  ])
2980    , -88.6634    , array([ 0.0329541  ,  1.03996    ,  0.0171984  ,  0.0466211  ])
2984    , -88.6611    , array([ 0.0328575  ,  1.03895    ,  0.0171186  ,  0.0466521  ])
2988    , -88.6611    , array([ 0.0328539  ,  1.03892    ,  0.0171156  ,  0.0466533  ])
2992    , -88.7548    , array([ 0.0416645  ,  1.06127    ,  0.0220836  ,  0.0453622  ])
2996    , -88.6524    , array([ 0.0294775  ,  1.03035    ,  0.0152118  ,  0.047148   ])
3000    , -88.6511    , array([ 0.0299767  ,  1.03162    ,  0.0154933  ,  0.0470749  ])
3004    , -186.017    , array([ 0.0113538  ,  1.01239    ,  0.00395333 ,  0.0494789  ])
3008    , -90.863     , array([ 0.023054   ,  1.02476    ,  0.0111929  ,  0.0479652  ])
3012    , -88.6445    , array([ 0.0309506  ,  1.0331     ,  0.0160789  ,  0.0469436  ])
3016    , -88.6445    , array([ 0.0309226  ,  1.03307    ,  0.0160616  ,  0.0469472  ])
3024    , -91.6233    , array([ 0.0309291  ,  1.1722     ,  0.0160656  ,  0.0469464  ])
3028    , -88.6428    , array([ 0.0309291  ,  1.03607    ,  0.0160656  ,  0.0469464  ])
3032    , -88.6428    , array([ 0.0309291  ,  1.03588    ,  0.0160656  ,  0.0469464  ])
3036    , -89.9034    , array([ 0.0289061  ,  1.01502    ,  0.0143963  ,  0.0475947  ])
3040    , -88.7933    , array([ 0.0301564  ,  1.02801    ,  0.015428   ,  0.047194   ])
3044    , -88.6421    , array([ 0.0308775  ,  1.03551    ,  0.0160231  ,  0.0469629  ])
3048    , -88.6421    , array([ 0.030877   ,  1.0355     ,  0.0160227  ,  0.046963   ])
3052    , -88.6421    , array([ 0.0308775  ,  1.03551    ,  0.0160231  ,  0.0469629  ])
3056    , -88.6377    , array([ 0.0299102  ,  1.03305    ,  0.0154777  ,  0.0471046  ])
3060    , -88.6367    , array([ 0.0292112  ,  1.03128    ,  0.0150835  ,  0.047207   ])
3064    , -88.6367    , array([ 0.0292279  ,  1.03132    ,  0.0150929  ,  0.0472046  ])
3068    , -88.7246    , array([ 0.0175908  ,  1.01948    ,  0.00877203 ,  0.0491301  ])
3072    , -88.5995    , array([ 0.0235301  ,  1.02553    ,  0.0119981  ,  0.0481474  ])
3076    , -108.711    , array([ 0.00920623 ,  0.989289   ,  0.00392278 ,  0.0502476  ])
3080    , -89.1395    , array([ 0.0180169  ,  1.01164    ,  0.00889076 ,  0.0489566  ])
3084    , -88.5974    , array([ 0.0240758  ,  1.02701    ,  0.0123072  ,  0.0480687  ])
3088    , -88.5974    , array([ 0.0240158  ,  1.02686    ,  0.0122734  ,  0.0480775  ])
3092    , -88.5974    , array([ 0.0240214  ,  1.02687    ,  0.0122765  ,  0.0480767  ])
3096    , -89.08      , array([ 0.0240214  ,  0.975801   ,  0.0122765  ,  0.0480767  ])
3100    , -88.5942    , array([ 0.0240214  ,  1.02289    ,  0.0122765  ,  0.0480767  ])
3104    , -91.3884    , array([ 0.0219985  ,  1.00186    ,  0.0106072  ,  0.048725   ])
3108    , -88.9886    , array([ 0.0232487  ,  1.01486    ,  0.0116389  ,  0.0483243  ])
3112    , -88.5913    , array([ 0.0240985  ,  1.02369    ,  0.0123401  ,  0.048052   ])
3116    , -88.5913    , array([ 0.0240977  ,  1.02368    ,  0.0123395  ,  0.0480522  ])
3120    , -88.586     , array([ 0.0221361  ,  1.02169    ,  0.011274   ,  0.0483768  ])
3124    , -88.7821    , array([ 0.0148534  ,  1.01185    ,  0.00735134 ,  0.0495806  ])
3128    , -88.586     , array([ 0.0220406  ,  1.02159    ,  0.0112221  ,  0.0483926  ])
3132    , -88.6474    , array([ 0.0199607  ,  1.01631    ,  0.0100494  ,  0.0486974  ])
3136    , -88.5856    , array([ 0.0222482  ,  1.02211    ,  0.0113392  ,  0.0483622  ])
3140    , -162.603    , array([ 0.0222482  ,  2.02211    ,  0.0113392  ,  0.0483622  ])
3144    , -107.927    , array([ 0.0222482  ,  1.40408    ,  0.0113392  ,  0.0483622  ])
3148    , -88.5829    , array([ 0.0222482  ,  1.01879    ,  0.0113392  ,  0.0483622  ])
3152    , -88.5829    , array([ 0.0222482  ,  1.01853    ,  0.0113392  ,  0.0483622  ])
3156    , -89.3376    , array([ 0.0234985  ,  1.03152    ,  0.0123709  ,  0.0479615  ])
3160    , -88.5811    , array([ 0.0223032  ,  1.0191     ,  0.0113846  ,  0.0483446  ])
3164    , -88.6746    , array([ 0.031633   ,  1.0286     ,  0.0164524  ,  0.0468007  ])
3168    , -88.5786    , array([ 0.021142   ,  1.01792    ,  0.010754   ,  0.0485366  ])
3172    , -88.5786    , array([ 0.0210594  ,  1.01784    ,  0.0107091  ,  0.0485503  ])
