248     , -413.083    , array([ 33.2311    ,  0.254335   ,  5          ,  0.860011   ])
252     , -413.086    , array([ 32.613     ,  0.254335   ,  5          ,  0.860011   ])
256     , -413.083    , array([ 33.2556    ,  0.254335   ,  5          ,  0.860011   ])
264     , -985.995    , array([ 33.2556    ,  0.445313   ,  5          ,  0.860011   ])
268     , -509.45     , array([ 33.2556    ,  0.219893   ,  5          ,  0.860011   ])
272     , -413.083    , array([ 33.2556    ,  0.254289   ,  5          ,  0.860011   ])
284     , -413.084    , array([ 33.2556    ,  0.254289   ,  4.99685    ,  0.860011   ])
288     , -413.083    , array([ 33.2556    ,  0.254289   ,  4.99954    ,  0.860011   ])
292     , -413.083    , array([ 33.2556    ,  0.254289   ,  4.99993    ,  0.860011   ])
296     , -413.083    , array([ 33.2556    ,  0.254289   ,  4.99999    ,  0.860011   ])
300     , -413.083    , array([ 33.2556    ,  0.254289   ,  5          ,  0.860011   ])
304     , -413.083    , array([ 33.2556    ,  0.254289   ,  5          ,  0.860011   ])
308     , -413.083    , array([ 33.2556    ,  0.254289   ,  5          ,  0.860011   ])
312     , -413.083    , array([ 33.2556    ,  0.254289   ,  5          ,  0.860011   ])
316     , -413.083    , array([ 33.2556    ,  0.254289   ,  5          ,  0.860011   ])
320     , -413.083    , array([ 33.2556    ,  0.254289   ,  5          ,  0.860011   ])
324     , -413.083    , array([ 33.2556    ,  0.254289   ,  5          ,  0.860011   ])
332     , -413.19     , array([ 33.2556    ,  0.254289   ,  5          ,  0.856954   ])
336     , -413.083    , array([ 33.2556    ,  0.254289   ,  5          ,  0.859943   ])
