230     , -1311.02    , array([ 0.998299   ,  0.0992628  ,  0.0497526  ,  5.00628    ,  2.566      ])
235     , -1402.95    , array([ 1.38026    ,  0.0992628  ,  0.0497526  ,  5.00628    ,  2.566      ])
240     , -1311.02    , array([ 0.998968   ,  0.0992628  ,  0.0497526  ,  5.00628    ,  2.566      ])
245     , -40485.8    , array([ 0.998961   ,  1.09926    ,  0.0497526  ,  5.00628    ,  2.566      ])
250     , -14063.1    , array([ 0.998961   ,  0.290056   ,  0.0497526  ,  5.00628    ,  2.566      ])
255     , -1572.18    , array([ 0.998961   ,  0.114036   ,  0.0497526  ,  5.00628    ,  2.566      ])
260     , -1311.02    , array([ 0.998961   ,  0.0993208  ,  0.0497526  ,  5.00628    ,  2.566      ])
265     , -1311.02    , array([ 0.998961   ,  0.0993208  ,  0.0497526  ,  5.00628    ,  2.566      ])
275     , -1370.85    , array([ 0.998961   ,  0.0993208  ,  0.0547588  ,  5.00628    ,  2.566      ])
280     , -1311.01    , array([ 0.998961   ,  0.0993208  ,  0.0497743  ,  5.00628    ,  2.566      ])
285     , -1311.01    , array([ 0.998961   ,  0.0993208  ,  0.0497743  ,  5.00628    ,  2.566      ])
290     , -1311.01    , array([ 0.998961   ,  0.0993208  ,  0.0497743  ,  5.00376    ,  2.566      ])
295     , -1376.3     , array([ 0.998961   ,  0.0993208  ,  0.0497743  ,  5.00369    ,  3.566      ])
300     , -1311.02    , array([ 0.998961   ,  0.0993208  ,  0.0497743  ,  5.00369    ,  2.57312    ])
305     , -1311.01    , array([ 0.998961   ,  0.0993208  ,  0.0497743  ,  5.00369    ,  2.56199    ])
