75      , -1645.66    , array([ 1.99579    ,  0.100682   ,  5.03134    ,  2.51828    ,  0.0506919  ])
80      , -1332.35    , array([ 1.15209    ,  0.100682   ,  5.03134    ,  2.51828    ,  0.0506919  ])
85      , -1311.03    , array([ 0.997154   ,  0.100682   ,  5.03134    ,  2.51828    ,  0.0506919  ])
90      , -1311.03    , array([ 0.997154   ,  0.100682   ,  5.03134    ,  2.51828    ,  0.0506919  ])
95      , -77747.3    , array([ 0.997154   ,  0.0105123  ,  5.03134    ,  2.51828    ,  0.0506919  ])
100     , -1311.1     , array([ 0.997154   ,  0.10052    ,  5.03134    ,  2.51828    ,  0.0506919  ])
105     , -1311.03    , array([ 0.997154   ,  0.100743   ,  5.03134    ,  2.51828    ,  0.0506919  ])
110     , -1315.97    , array([ 0.997154   ,  0.100743   ,  5.4133     ,  2.51828    ,  0.0506919  ])
115     , -1311.02    , array([ 0.997154   ,  0.100743   ,  5.0195     ,  2.51828    ,  0.0506919  ])
120     , -1321.44    , array([ 0.997154   ,  0.100743   ,  5.0195     ,  2.90025    ,  0.0506919  ])
125     , -1311.02    , array([ 0.997154   ,  0.100743   ,  5.0195     ,  2.51631    ,  0.0506919  ])
135     , -5002.19    , array([ 0.997154   ,  0.100743   ,  5.0195     ,  2.51633    ,  0.12361    ])
140     , -1312.61    , array([ 0.997154   ,  0.100743   ,  5.0195     ,  2.51633    ,  0.0514102  ])
