300     , -1311.22    , array([ 1.0014     ,  0.0981796  ,  0.049139   ,  4.96929    ,  2.61049    ])
305     , -1311.31    , array([ 1.01047    ,  0.0981796  ,  0.049139   ,  4.96929    ,  2.61049    ])
310     , -1311.22    , array([ 1.00179    ,  0.0981796  ,  0.049139   ,  4.96929    ,  2.61049    ])
325     , -1322.32    , array([ 1.00174    ,  0.101104   ,  0.049139   ,  4.96929    ,  2.61049    ])
330     , -1311.21    , array([ 1.00174    ,  0.0982845  ,  0.049139   ,  4.96929    ,  2.61049    ])
340     , -5131.17    , array([ 1.00174    ,  0.0982856  ,  0.122057   ,  4.96929    ,  2.61049    ])
345     , -1313.09    , array([ 1.00174    ,  0.0982856  ,  0.0500195  ,  4.96929    ,  2.61049    ])
350     , -1311.2     , array([ 1.00174    ,  0.0982856  ,  0.0491912  ,  4.96929    ,  2.61049    ])
355     , -1311.2     , array([ 1.00174    ,  0.0982856  ,  0.0491907  ,  4.96929    ,  2.61049    ])
360     , -1311.2     , array([ 1.00174    ,  0.0982856  ,  0.0491907  ,  4.98184    ,  2.61049    ])
365     , -1311.2     , array([ 1.00174    ,  0.0982856  ,  0.0491907  ,  4.98197    ,  2.61049    ])
370     , -1311.19    , array([ 1.00174    ,  0.0982856  ,  0.0491907  ,  4.98197    ,  2.60242    ])
