536     , -413.08     , array([ 12.6779    ,  0.158605   ,  5          ,  0.589169   ])
540     , -412.857    , array([ 12.0598    ,  0.158605   ,  5          ,  0.589169   ])
544     , -412.819    , array([ 11.7038    ,  0.158605   ,  5          ,  0.589169   ])
548     , -412.819    , array([ 11.704     ,  0.158605   ,  5          ,  0.589169   ])
556     , -450.48     , array([ 11.704     ,  0.17266    ,  5          ,  0.589169   ])
560     , -412.819    , array([ 11.704     ,  0.158595   ,  5          ,  0.589169   ])
572     , -412.82     , array([ 11.704     ,  0.158595   ,  4.99473    ,  0.589169   ])
608     , -412.819    , array([ 11.704     ,  0.158595   ,  5          ,  0.589169   ])
612     , -2372.86    , array([ 11.704     ,  0.158595   ,  5          ,  1.58917    ])
616     , -1871.67    , array([ 11.704     ,  0.158595   ,  5          ,  0.971135   ])
620     , -425.491    , array([ 11.704     ,  0.158595   ,  5          ,  0.609871   ])
624     , -412.819    , array([ 11.704     ,  0.158595   ,  5          ,  0.589154   ])
