544     , -23899.8    , array([ 0.00132885 ,  9.11179    ,  0.00394706 ,  0.0126469  ])
548     , -23899.8    , array([ 0.00132885 ,  9.11179    ,  0.00394706 ,  0.0126469  ])
556     , -36652.2    , array([ 0.0291822  ,  9.11179    ,  0.00394706 ,  0.0126469  ])
560     , -36586.1    , array([ 0.0053926  ,  9.11179    ,  0.00394706 ,  0.0126469  ])
564     , -26830.9    , array([ 0.00192174 ,  9.11179    ,  0.00394706 ,  0.0126469  ])
568     , -23900      , array([ 0.00132435 ,  9.11179    ,  0.00394706 ,  0.0126469  ])
572     , -23899.8    , array([ 0.00132777 ,  9.11179    ,  0.00394706 ,  0.0126469  ])
576     , -23899.8    , array([ 0.00132776 ,  9.11179    ,  0.00394706 ,  0.0126469  ])
580     , -23899.8    , array([ 0.00132776 ,  8.86817    ,  0.00394706 ,  0.0126469  ])
584     , -23899.8    , array([ 0.00132776 ,  8.85722    ,  0.00394706 ,  0.0126469  ])
600     , -30529.6    , array([ 0.00132776 ,  8.85722    ,  0.00202768 ,  0.0126469  ])
604     , -23899.8    , array([ 0.00132776 ,  8.85722    ,  0.00394602 ,  0.0126469  ])
612     , -45468.8    , array([ 0.00132776 ,  8.85722    ,  0.00394602 ,  0.203394   ])
620     , -24817.9    , array([ 0.00132776 ,  8.85722    ,  0.00394602 ,  0.00762191 ])
624     , -23899.8    , array([ 0.00132776 ,  8.85722    ,  0.00394602 ,  0.0126542  ])
