276     , -1344.17    , array([ 0.41555    ,  1.08824    ,  0.0677295  ,  0.182782   ,  6.73935    ,  3.28475    ])
282     , -1344.17    , array([ 0.41555    ,  1.08824    ,  0.0677295  ,  0.182782   ,  6.73935    ,  3.28475    ])
288     , -1344.17    , array([ 0.41555    ,  1.08828    ,  0.0677295  ,  0.182782   ,  6.73935    ,  3.28475    ])
294     , -1344.17    , array([ 0.41555    ,  1.08818    ,  0.0677295  ,  0.182782   ,  6.73935    ,  3.28475    ])
300     , -1344.17    , array([ 0.41555    ,  1.08818    ,  0.0677295  ,  0.182782   ,  6.73935    ,  3.28475    ])
306     , -3582.06    , array([ 0.41555    ,  1.08818    ,  0.140633   ,  0.182782   ,  6.73935    ,  3.28475    ])
312     , -1344.17    , array([ 0.41555    ,  1.08818    ,  0.0676561  ,  0.182782   ,  6.73935    ,  3.28475    ])
318     , -1344.17    , array([ 0.41555    ,  1.08818    ,  0.0676554  ,  0.182782   ,  6.73935    ,  3.28475    ])
324     , -1599.81    , array([ 0.41555    ,  1.08818    ,  0.0676554  ,  0.238695   ,  6.73935    ,  3.28475    ])
330     , -1344.15    , array([ 0.41555    ,  1.08818    ,  0.0676554  ,  0.182457   ,  6.73935    ,  3.28475    ])
336     , -1344.15    , array([ 0.41555    ,  1.08818    ,  0.0676554  ,  0.182457   ,  6.73935    ,  3.28475    ])
342     , -1344.15    , array([ 0.41555    ,  1.08818    ,  0.0676554  ,  0.182457   ,  6.74481    ,  3.28475    ])
348     , -1727.48    , array([ 0.41555    ,  1.08818    ,  0.0676554  ,  0.182457   ,  6.74486    ,  1.66672    ])
354     , -1344.15    , array([ 0.41555    ,  1.08818    ,  0.0676554  ,  0.182457   ,  6.74486    ,  3.28762    ])
