1604    , -91.4787    , array([ 0.111778   ,  1.24722    ,  0.0701409  ,  0.0345298  ])
1608    , -91.4787    , array([ 0.111778   ,  1.24722    ,  0.0701409  ,  0.0345298  ])
1616    , -103.755    , array([ 0.125359   ,  1.24722    ,  0.0701409  ,  0.0345298  ])
1620    , -91.476     , array([ 0.111586   ,  1.24722    ,  0.0701409  ,  0.0345298  ])
1628    , -92.5324    , array([ 0.111588   ,  1.37438    ,  0.0701409  ,  0.0345298  ])
1632    , -91.4756    , array([ 0.111588   ,  1.24502    ,  0.0701409  ,  0.0345298  ])
1636    , -11087.4    , array([ 0.111588   ,  1.24505    ,  1.07014    ,  0.0345298  ])
1640    , -8770.83    , array([ 0.111588   ,  1.24505    ,  0.452107   ,  0.0345298  ])
1644    , -630.066    , array([ 0.111588   ,  1.24505    ,  0.143063   ,  0.0345298  ])
1648    , -91.4615    , array([ 0.111588   ,  1.24505    ,  0.0698188  ,  0.0345298  ])
1652    , -4871.79    , array([ 0.111588   ,  1.24505    ,  0.0698188  ,  1.03453    ])
1656    , -4381.08    , array([ 0.111588   ,  1.24505    ,  0.0698188  ,  0.416496   ])
1660    , -1175.53    , array([ 0.111588   ,  1.24505    ,  0.0698188  ,  0.107466   ])
1664    , -97.9198    , array([ 0.111588   ,  1.24505    ,  0.0698188  ,  0.0380802  ])
1668    , -91.4555    , array([ 0.111588   ,  1.24505    ,  0.0698188  ,  0.0346304  ])
1672    , -91.4387    , array([ 0.111398   ,  1.24288    ,  0.0694967  ,  0.0347329  ])
1676    , -91.4246    , array([ 0.111001   ,  1.23834    ,  0.0688229  ,  0.0349454  ])
1680    , -91.4246    , array([ 0.111014   ,  1.23849    ,  0.0688457  ,  0.0349383  ])
1684    , -91.4246    , array([ 0.111008   ,  1.23842    ,  0.0688358  ,  0.0349414  ])
1692    , -104.116    , array([ 0.123916   ,  1.23842    ,  0.0688358  ,  0.0349414  ])
1696    , -91.3588    , array([ 0.110078   ,  1.23842    ,  0.0688358  ,  0.0349414  ])
1704    , -92.5345    , array([ 0.110078   ,  1.36281    ,  0.0688358  ,  0.0349414  ])
1708    , -91.3525    , array([ 0.110078   ,  1.22943    ,  0.0688358  ,  0.0349414  ])
1712    , -4804.74    , array([ 0.110078   ,  1.22952    ,  0.0688358  ,  1.03494    ])
1716    , -4328.78    , array([ 0.110078   ,  1.22952    ,  0.0688358  ,  0.416907   ])
1720    , -1165.16    , array([ 0.110078   ,  1.22952    ,  0.0688358  ,  0.107877   ])
1724    , -97.5551    , array([ 0.110078   ,  1.22952    ,  0.0688358  ,  0.0383024  ])
1728    , -91.3517    , array([ 0.110078   ,  1.22952    ,  0.0688358  ,  0.0349043  ])
1732    , -91.3675    , array([ 0.108561   ,  1.21219    ,  0.0662623  ,  0.0357158  ])
1736    , -91.3015    , array([ 0.109358   ,  1.2213     ,  0.0676148  ,  0.0352893  ])
1740    , -91.3015    , array([ 0.109358   ,  1.2213     ,  0.0676148  ,  0.0352893  ])
1744    , -91.2316    , array([ 0.105751   ,  1.18287    ,  0.0640485  ,  0.0363539  ])
1748    , -91.2236    , array([ 0.106541   ,  1.19128    ,  0.0648292  ,  0.0361209  ])
1752    , -91.1628    , array([ 0.107293   ,  1.19986    ,  0.066085   ,  0.0357253  ])
1756    , -91.1628    , array([ 0.107306   ,  1.20001    ,  0.0661074  ,  0.0357183  ])
1764    , -92.2899    , array([ 0.107306   ,  1.33533    ,  0.0661074  ,  0.0357183  ])
1768    , -91.154     , array([ 0.107306   ,  1.21017    ,  0.0661074  ,  0.0357183  ])
1776    , -2830.49    , array([ 0.107306   ,  1.21017    ,  0.0661074  ,  0.226668   ])
1780    , -1825.96    , array([ 0.107306   ,  1.21017    ,  0.0661074  ,  0.00127642 ])
1784    , -91.2503    , array([ 0.107306   ,  1.21017    ,  0.0661074  ,  0.0360249  ])
1788    , -91.1443    , array([ 0.107306   ,  1.21017    ,  0.0661074  ,  0.0355844  ])
1792    , -91.0718    , array([ 0.104516   ,  1.18045    ,  0.0633494  ,  0.0364091  ])
1796    , -91.0712    , array([ 0.104735   ,  1.18278    ,  0.0635653  ,  0.0363446  ])
1800    , -91.0525    , array([ 0.100111   ,  1.14426    ,  0.0595159  ,  0.0374     ])
1804    , -91.026     , array([ 0.101877   ,  1.15898    ,  0.0610626  ,  0.0369969  ])
1808    , -91.0259    , array([ 0.10197    ,  1.15975    ,  0.061144   ,  0.0369757  ])
1812    , -90.8872    , array([ 0.102972   ,  1.17112    ,  0.0628214  ,  0.036448   ])
1816    , -90.8869    , array([ 0.103001   ,  1.17145    ,  0.0628706  ,  0.0364325  ])
1820    , -90.8869    , array([ 0.103019   ,  1.17165    ,  0.062901   ,  0.0364229  ])
1824    , -90.9177    , array([ 0.103019   ,  1.16452    ,  0.062901   ,  0.0364229  ])
1828    , -90.8532    , array([ 0.103019   ,  1.19078    ,  0.062901   ,  0.0364229  ])
1832    , -90.8532    , array([ 0.103019   ,  1.19059    ,  0.062901   ,  0.0364229  ])
1840    , -304.064    , array([ 0.103019   ,  1.19059    ,  0.062901   ,  0.060872   ])
1844    , -90.8447    , array([ 0.103019   ,  1.19059    ,  0.062901   ,  0.0362765  ])
1848    , -90.8445    , array([ 0.103019   ,  1.19059    ,  0.062901   ,  0.0362954  ])
1852    , -90.6787    , array([ 0.0979965  ,  1.14875    ,  0.0585024  ,  0.0374418  ])
1856    , -90.6787    , array([ 0.0978669  ,  1.14767    ,  0.0583889  ,  0.0374713  ])
1860    , -90.9757    , array([ 0.080071   ,  1.0573     ,  0.0449983  ,  0.0403789  ])
1864    , -90.4672    , array([ 0.0898447  ,  1.10703    ,  0.0523559  ,  0.0387802  ])
1868    , -90.4671    , array([ 0.0896707  ,  1.10614    ,  0.052225   ,  0.0388087  ])
1872    , -90.2553    , array([ 0.0906312  ,  1.11712    ,  0.0538546  ,  0.0382948  ])
1876    , -90.2552    , array([ 0.0906803  ,  1.11768    ,  0.0539379  ,  0.0382685  ])
1884    , -91.3849    , array([ 0.0906615  ,  1.26616    ,  0.053906   ,  0.0382786  ])
1888    , -90.1277    , array([ 0.0906615  ,  1.15086    ,  0.053906   ,  0.0382786  ])
1896    , -2650.14    , array([ 0.0906615  ,  1.15086    ,  0.053906   ,  0.22923    ])
1900    , -1637.16    , array([ 0.0906615  ,  1.15086    ,  0.053906   ,  0.0038367  ])
1904    , -90.2103    , array([ 0.0906615  ,  1.15086    ,  0.053906   ,  0.0386378  ])
1908    , -90.1265    , array([ 0.0906615  ,  1.15086    ,  0.053906   ,  0.0382297  ])
1912    , -90.1265    , array([ 0.0906615  ,  1.15086    ,  0.053906   ,  0.0382297  ])
1916    , -89.9164    , array([ 0.0773172  ,  1.08297    ,  0.0438604  ,  0.0404124  ])
1920    , -89.833     , array([ 0.0811725  ,  1.10258    ,  0.0467627  ,  0.0397818  ])
1924    , -90.0754    , array([ 0.0805931  ,  1.09596    ,  0.0457797  ,  0.0400918  ])
1928    , -89.8031    , array([ 0.0817519  ,  1.10921    ,  0.0477457  ,  0.0394718  ])
1932    , -89.7908    , array([ 0.0815447  ,  1.10684    ,  0.0473942  ,  0.0395827  ])
1936    , -251        , array([ 0.0815447  ,  0.488805   ,  0.0473942  ,  0.0395827  ])
1940    , -89.7113    , array([ 0.0815447  ,  1.1359     ,  0.0473942  ,  0.0395827  ])
1944    , -89.7098    , array([ 0.0815447  ,  1.13265    ,  0.0473942  ,  0.0395827  ])
1948    , -89.7097    , array([ 0.0815447  ,  1.1324     ,  0.0473942  ,  0.0395827  ])
1956    , -276.324    , array([ 0.0815447  ,  1.1324     ,  0.0473942  ,  0.0635921  ])
1960    , -89.7093    , array([ 0.0815447  ,  1.1324     ,  0.0473942  ,  0.0396051  ])
1964    , -89.7092    , array([ 0.0815447  ,  1.1324     ,  0.0473942  ,  0.0396162  ])
1968    , -90.1486    , array([ 0.0682004  ,  1.06451    ,  0.0373485  ,  0.0417989  ])
1972    , -89.5697    , array([ 0.0762338  ,  1.10538    ,  0.0433961  ,  0.0404849  ])
1976    , -89.3899    , array([ 0.0711878  ,  1.10762    ,  0.0399487  ,  0.0412055  ])
1980    , -89.3113    , array([ 0.0672338  ,  1.10962    ,  0.0372503  ,  0.0417693  ])
1984    , -89.299     , array([ 0.0650295  ,  1.11073    ,  0.035746   ,  0.0420836  ])
1988    , -89.2989    , array([ 0.0651399  ,  1.11067    ,  0.0358214  ,  0.0420678  ])
1992    , -89.2081    , array([ 0.0655206  ,  1.11502    ,  0.0364672  ,  0.0418641  ])
2000    , -91.3938    , array([ 0.0655206  ,  1.24581    ,  0.0364672  ,  0.0418641  ])
2004    , -89.2011    , array([ 0.0655206  ,  1.10783    ,  0.0364672  ,  0.0418641  ])
2008    , -4154.1     , array([ 0.0655206  ,  1.1079     ,  0.0364672  ,  1.04186    ])
2012    , -3716.18    , array([ 0.0655206  ,  1.1079     ,  0.0364672  ,  0.42383    ])
2016    , -979.876    , array([ 0.0655206  ,  1.1079     ,  0.0364672  ,  0.114802   ])
2020    , -93.16      , array([ 0.0655206  ,  1.1079     ,  0.0364672  ,  0.0450508  ])
2024    , -89.1905    , array([ 0.0655206  ,  1.1079     ,  0.0364672  ,  0.0420152  ])
2028    , -89.904     , array([ 0.0833841  ,  1.09889    ,  0.048658   ,  0.0394696  ])
2032    , -89.153     , array([ 0.0601563  ,  1.11061    ,  0.0328065  ,  0.0427816  ])
2036    , -89.9825    , array([ 0.0465752  ,  1.11488    ,  0.0239243  ,  0.0447212  ])
2040    , -89.1481    , array([ 0.0613777  ,  1.10999    ,  0.03364    ,  0.0426074  ])
2044    , -89.1288    , array([ 0.0615393  ,  1.11184    ,  0.0339141  ,  0.042521   ])
2052    , -91.5157    , array([ 0.0615393  ,  1.23942    ,  0.0339141  ,  0.042521   ])
2056    , -89.1       , array([ 0.0615393  ,  1.09753    ,  0.0339141  ,  0.042521   ])
2060    , -4100.92    , array([ 0.0615393  ,  1.09753    ,  0.0339141  ,  1.04252    ])
2064    , -3665.81    , array([ 0.0615393  ,  1.09753    ,  0.0339141  ,  0.424487   ])
2068    , -965.654    , array([ 0.0615393  ,  1.09753    ,  0.0339141  ,  0.115459   ])
2072    , -92.8878    , array([ 0.0615393  ,  1.09753    ,  0.0339141  ,  0.0456499  ])
2076    , -89.0921    , array([ 0.0615393  ,  1.09753    ,  0.0339141  ,  0.042653   ])
2080    , -89.7252    , array([ 0.0794028  ,  1.08851    ,  0.0461049  ,  0.0401073  ])
2084    , -89.0781    , array([ 0.0596159  ,  1.0985     ,  0.0326015  ,  0.0429286  ])
2088    , -89.0779    , array([ 0.0594322  ,  1.09859    ,  0.0324762  ,  0.0429548  ])
2092    , -88.9469    , array([ 0.0542619  ,  1.06878    ,  0.0293768  ,  0.0438753  ])
2096    , -89.0309    , array([ 0.0453519  ,  1.01717    ,  0.0240387  ,  0.0454629  ])
2100    , -88.9171    , array([ 0.0509441  ,  1.04956    ,  0.0273891  ,  0.0444664  ])
2104    , -88.9171    , array([ 0.0508586  ,  1.04907    ,  0.0273379  ,  0.0444817  ])
2108    , -88.8631    , array([ 0.051069   ,  1.05147    ,  0.0276948  ,  0.0443691  ])
2112    , -89.7322    , array([ 0.0689326  ,  1.04246    ,  0.0398856  ,  0.0418221  ])
2116    , -88.8516    , array([ 0.0503221  ,  1.05185    ,  0.0271851  ,  0.0444756  ])
2120    , -88.8476    , array([ 0.0496094  ,  1.05221    ,  0.0266987  ,  0.0445772  ])
2128    , -2304.99    , array([ 0.0495947  ,  1.05221    ,  0.0266887  ,  0.235535   ])
2132    , -1274.4     , array([ 0.0495947  ,  1.05221    ,  0.0266887  ,  0.0101375  ])
2136    , -88.8879    , array([ 0.0495947  ,  1.05221    ,  0.0266887  ,  0.0450367  ])
2140    , -88.8414    , array([ 0.0495947  ,  1.05221    ,  0.0266887  ,  0.0447033  ])
2144    , -88.8414    , array([ 0.0495947  ,  1.05221    ,  0.0266887  ,  0.0447021  ])
2148    , -88.8315    , array([ 0.0478174  ,  1.04192    ,  0.0256239  ,  0.0450187  ])
2152    , -88.8315    , array([ 0.0477471  ,  1.04151    ,  0.0255818  ,  0.0450313  ])
2156    , -88.89      , array([ 0.0481052  ,  1.04561    ,  0.0261893  ,  0.0448397  ])
2160    , -88.8108    , array([ 0.0478669  ,  1.04288    ,  0.025785   ,  0.0449672  ])
2164    , -89.8115    , array([ 0.0657305  ,  1.03387    ,  0.0379758  ,  0.0424201  ])
2168    , -88.8094    , array([ 0.0477923  ,  1.04292    ,  0.0257341  ,  0.0449778  ])
2172    , -88.8007    , array([ 0.0468264  ,  1.04341    ,  0.0250749  ,  0.0451155  ])
2176    , -3853.82    , array([ 0.0468368  ,  1.0434     ,  0.025082   ,  1.04511    ])
2180    , -3440.37    , array([ 0.0468368  ,  1.0434     ,  0.025082   ,  0.42708    ])
2184    , -906.169    , array([ 0.0468368  ,  1.0434     ,  0.025082   ,  0.118053   ])
2188    , -91.9874    , array([ 0.0468368  ,  1.0434     ,  0.025082   ,  0.0480082  ])
2192    , -88.8001    , array([ 0.0468368  ,  1.0434     ,  0.025082   ,  0.0451502  ])
2196    , -89.1964    , array([ 0.0606748  ,  1.12355    ,  0.0333726  ,  0.0426849  ])
2200    , -88.7983    , array([ 0.0463642  ,  1.04066    ,  0.0247989  ,  0.0452348  ])
2204    , -88.7979    , array([ 0.0460271  ,  1.03871    ,  0.0245969  ,  0.0452948  ])
2208    , -88.7315    , array([ 0.0414944  ,  1.03121    ,  0.0220008  ,  0.0459902  ])
2212    , -88.844     , array([ 0.0270785  ,  1.00745    ,  0.0137449  ,  0.048201   ])
2216    , -88.6752    , array([ 0.0338559  ,  1.01862    ,  0.0176263  ,  0.0471616  ])
2220    , -89.2942    , array([ 0.0476938  ,  1.09877    ,  0.0259168  ,  0.044696   ])
2224    , -88.6678    , array([ 0.0355187  ,  1.02825    ,  0.0186225  ,  0.0468653  ])
2228    , -88.6644    , array([ 0.034904   ,  1.02469    ,  0.0182542  ,  0.0469749  ])
2232    , -91.1225    , array([ 0.0527572  ,  1.01562    ,  0.0304388  ,  0.0444297  ])
2236    , -88.7158    , array([ 0.0363461  ,  1.0239     ,  0.0192392  ,  0.0467696  ])
2240    , -88.664     , array([ 0.0350067  ,  1.02457    ,  0.0183252  ,  0.0469606  ])
2248    , -2218.45    , array([ 0.035005   ,  1.02457    ,  0.018324   ,  0.237917   ])
2252    , -1158.49    , array([ 0.035005   ,  1.02457    ,  0.018324   ,  0.012519   ])
2256    , -88.6994    , array([ 0.035005   ,  1.02457    ,  0.018324   ,  0.0471558  ])
2260    , -88.6568    , array([ 0.035005   ,  1.02457    ,  0.018324   ,  0.0468245  ])
2264    , -88.6568    , array([ 0.035005   ,  1.02457    ,  0.018324   ,  0.0468258  ])
2268    , -88.6473    , array([ 0.0327541  ,  1.02086    ,  0.0170349  ,  0.047171   ])
2272    , -88.6471    , array([ 0.0324825  ,  1.02042    ,  0.0168794  ,  0.0472127  ])
2276    , -90.8111    , array([ 0.0239047  ,  0.970839   ,  0.0117409  ,  0.0487405  ])
2280    , -88.8868    , array([ 0.0291903  ,  1.00145    ,  0.0149076  ,  0.0477987  ])
2284    , -88.6401    , array([ 0.0332364  ,  1.02489    ,  0.0173317  ,  0.0470777  ])
2288    , -104.688    , array([ 0.0221961  ,  1.03046    ,  0.00979739 ,  0.0486519  ])
2292    , -89.7299    , array([ 0.0290193  ,  1.02701    ,  0.0144538  ,  0.047679   ])
2296    , -88.6399    , array([ 0.0333143  ,  1.02485    ,  0.0173849  ,  0.0470666  ])
2300    , -3760.95    , array([ 0.0333143  ,  1.02485    ,  0.0173849  ,  1.04707    ])
2304    , -3347.81    , array([ 0.0333143  ,  1.02485    ,  0.0173849  ,  0.429033   ])
2308    , -879.374    , array([ 0.0333143  ,  1.02485    ,  0.0173849  ,  0.120006   ])
2312    , -91.4773    , array([ 0.0333143  ,  1.02485    ,  0.0173849  ,  0.0497707  ])
2316    , -88.6389    , array([ 0.0333143  ,  1.02485    ,  0.0173849  ,  0.0470173  ])
2320    , -88.9458    , array([ 0.0529945  ,  1.05728    ,  0.0286557  ,  0.0439986  ])
2324    , -88.6348    , array([ 0.032551   ,  1.02359    ,  0.0169477  ,  0.0471339  ])
2328    , -88.6321    , array([ 0.0313728  ,  1.02165    ,  0.016273   ,  0.0473146  ])
2332    , -88.6321    , array([ 0.0313519  ,  1.02161    ,  0.016261   ,  0.0473178  ])
2336    , -88.6125    , array([ 0.0238424  ,  1.03004    ,  0.0121584  ,  0.0480052  ])
2340    , -88.6036    , array([ 0.0264161  ,  1.02715    ,  0.0135644  ,  0.0477696  ])
2344    , -94.1045    , array([ 0.014253   ,  1.00711    ,  0.00659871 ,  0.049635   ])
2348    , -88.841     , array([ 0.0217702  ,  1.0195     ,  0.0109038  ,  0.0484821  ])
2352    , -88.6033    , array([ 0.0266429  ,  1.02753    ,  0.0136944  ,  0.0477348  ])
2356    , -88.6033    , array([ 0.0266462  ,  1.02753    ,  0.0136962  ,  0.0477343  ])
2360    , -90.4379    , array([ 0.0334694  ,  1.02409    ,  0.0183527  ,  0.0467615  ])
2364    , -88.6023    , array([ 0.0268455  ,  1.02743    ,  0.0138322  ,  0.0477059  ])
2368    , -88.6019    , array([ 0.0267794  ,  1.02747    ,  0.0137872  ,  0.0477153  ])
2380    , -176.628    , array([ 0.0267794  ,  1.02747    ,  0.0137872  ,  0.0345597  ])
2384    , -88.6016    , array([ 0.0267794  ,  1.02747    ,  0.0137872  ,  0.0477452  ])
2388    , -88.6234    , array([ 0.0218436  ,  1.03301    ,  0.0110906  ,  0.0481967  ])
2392    , -88.6027    , array([ 0.0248941  ,  1.02958    ,  0.0127572  ,  0.0479175  ])
2396    , -88.6015    , array([ 0.0256885  ,  1.02869    ,  0.0131911  ,  0.0478448  ])
2400    , -88.6013    , array([ 0.0261646  ,  1.02816    ,  0.0134513  ,  0.0478012  ])
