8       , -776.241    , array([ 0.286815   ,  2.92987    ,  0.165912   ,  0.047187   ])
12      , -209.014    , array([ 0.0614015  ,  2.92987    ,  0.165912   ,  0.047187   ])
16      , -94.1319    , array([ 0.0961095  ,  2.92987    ,  0.165912   ,  0.047187   ])
20      , -97.2915    , array([ 0.0961049  ,  3.92987    ,  0.165912   ,  0.047187   ])
24      , -94.4799    , array([ 0.0961049  ,  3.31184    ,  0.165912   ,  0.047187   ])
28      , -94.0744    , array([ 0.0961049  ,  3.02786    ,  0.165912   ,  0.047187   ])
36      , -564.186    , array([ 0.0961049  ,  3.02786    ,  0.356881   ,  0.047187   ])
40      , -93.9699    , array([ 0.0961049  ,  3.02786    ,  0.163351   ,  0.047187   ])
48      , -4353.19    , array([ 0.0961049  ,  3.02786    ,  0.163351   ,  0.238093   ])
56      , -93.9778    , array([ 0.0961049  ,  3.02786    ,  0.163351   ,  0.0470789  ])
60      , -93.9691    , array([ 0.0961049  ,  3.02786    ,  0.163351   ,  0.047233   ])
68      , -790.177    , array([ 0.287076   ,  3.02786    ,  0.163351   ,  0.0472324  ])
72      , -202.782    , array([ 0.061663   ,  3.02786    ,  0.163351   ,  0.0472324  ])
76      , -93.9216    , array([ 0.0952188  ,  3.02786    ,  0.163351   ,  0.0472324  ])
80      , -97.2528    , array([ 0.0952277  ,  4.02786    ,  0.163351   ,  0.0472324  ])
84      , -94.4173    , array([ 0.0952277  ,  3.40983    ,  0.163351   ,  0.0472324  ])
88      , -93.9061    , array([ 0.0952277  ,  3.08068    ,  0.163351   ,  0.0472324  ])
96      , -572.049    , array([ 0.0952277  ,  3.08068    ,  0.35432    ,  0.0472324  ])
100     , -93.8297    , array([ 0.0952277  ,  3.08068    ,  0.161192   ,  0.0472324  ])
108     , -4389.35    , array([ 0.0952277  ,  3.08068    ,  0.161192   ,  0.238138   ])
116     , -93.837     , array([ 0.0952277  ,  3.08068    ,  0.161192   ,  0.0471329  ])
120     , -93.8288    , array([ 0.0952277  ,  3.08068    ,  0.161192   ,  0.047281   ])
124     , -93.5217    , array([ 0.0929312  ,  3.21897    ,  0.155539   ,  0.04741    ])
128     , -93.2248    , array([ 0.0812979  ,  3.91947    ,  0.126901   ,  0.0480608  ])
132     , -93.0766    , array([ 0.0852429  ,  3.68192    ,  0.136612   ,  0.0478401  ])
136     , -93.0765    , array([ 0.0853417  ,  3.67597    ,  0.136855   ,  0.0478346  ])
144     , -108.857    , array([ 0.0997877  ,  3.67597    ,  0.136855   ,  0.0478346  ])
148     , -93.0277    , array([ 0.0845602  ,  3.67597    ,  0.136855   ,  0.0478346  ])
152     , -111.817    , array([ 0.0845602  ,  2.05794    ,  0.136855   ,  0.0478346  ])
156     , -93.0336    , array([ 0.0845602  ,  3.70488    ,  0.136855   ,  0.0478346  ])
160     , -93.0268    , array([ 0.0845602  ,  3.65994    ,  0.136855   ,  0.0478346  ])
164     , -93.0268    , array([ 0.0845602  ,  3.65971    ,  0.136855   ,  0.0478346  ])
172     , -320.883    , array([ 0.0845602  ,  3.65971    ,  0.136855   ,  0.075686   ])
176     , -92.9868    , array([ 0.0845602  ,  3.65971    ,  0.136855   ,  0.0481565  ])
180     , -93.5749    , array([ 0.0746742  ,  4.255      ,  0.112519   ,  0.0487064  ])
184     , -92.9969    , array([ 0.0807841  ,  3.88709    ,  0.12756    ,  0.0483646  ])
188     , -92.9648    , array([ 0.0828264  ,  3.7641     ,  0.132587   ,  0.0482503  ])
192     , -2968.37    , array([ 1.08281    ,  3.76516    ,  0.132544   ,  0.0482513  ])
196     , -1625.05    , array([ 0.464775   ,  3.76516    ,  0.132544   ,  0.0482513  ])
200     , -324.559    , array([ 0.155753   ,  3.76516    ,  0.132544   ,  0.0482513  ])
204     , -92.9733    , array([ 0.0825243  ,  3.76516    ,  0.132544   ,  0.0482513  ])
208     , -92.9647    , array([ 0.0828433  ,  3.76516    ,  0.132544   ,  0.0482513  ])
212     , -92.9647    , array([ 0.082843   ,  3.76516    ,  0.132544   ,  0.0482513  ])
216     , -92.9396    , array([ 0.082843   ,  3.66274    ,  0.132544   ,  0.0482513  ])
220     , -92.939     , array([ 0.082843   ,  3.67684    ,  0.132544   ,  0.0482513  ])
232     , -135.137    , array([ 0.082843   ,  3.67684    ,  0.132544   ,  0.0387277  ])
236     , -92.8888    , array([ 0.082843   ,  3.67684    ,  0.132544   ,  0.0486096  ])
240     , -94.808     , array([ 0.0988388  ,  2.71364    ,  0.171922   ,  0.0477148  ])
244     , -92.8803    , array([ 0.0819067  ,  3.73321    ,  0.130239   ,  0.048662   ])
248     , -92.8801    , array([ 0.0817396  ,  3.74328    ,  0.129828   ,  0.0486714  ])
252     , -92.6728    , array([ 0.0789794  ,  3.68362    ,  0.122814   ,  0.049769   ])
256     , -92.0847    , array([ 0.0616533  ,  3.31473    ,  0.0787881  ,  0.0566355  ])
260     , -92.0215    , array([ 0.0636153  ,  3.3565     ,  0.0837736  ,  0.0558579  ])
268     , -1061.69    , array([ 0.255797   ,  3.38232    ,  0.0868549  ,  0.0553773  ])
272     , -443.787    , array([ 0.0303861  ,  3.38232    ,  0.0868549  ,  0.0553773  ])
276     , -91.7752    , array([ 0.0638034  ,  3.38232    ,  0.0868549  ,  0.0553773  ])
280     , -91.7605    , array([ 0.0634629  ,  3.38232    ,  0.0868549  ,  0.0553773  ])
284     , -91.7605    , array([ 0.0634764  ,  3.38232    ,  0.0868549  ,  0.0553773  ])
288     , -91.7195    , array([ 0.0634764  ,  3.29837    ,  0.0868549  ,  0.0553773  ])
292     , -91.7193    , array([ 0.0634764  ,  3.29251    ,  0.0868549  ,  0.0553773  ])
296     , -92.0327    , array([ 0.0695863  ,  2.9246     ,  0.101896   ,  0.0550355  ])
300     , -91.7096    , array([ 0.0643069  ,  3.2425     ,  0.0888993  ,  0.0553309  ])
304     , -93.3145    , array([ 0.0473844  ,  2.8822     ,  0.0458994  ,  0.0620374  ])
308     , -91.5907    , array([ 0.0578431  ,  3.10488    ,  0.0724748  ,  0.0578926  ])
312     , -91.5672    , array([ 0.0594891  ,  3.13993    ,  0.0766575  ,  0.0572402  ])
316     , -91.5672    , array([ 0.0595373  ,  3.14095    ,  0.0767799  ,  0.0572211  ])
328     , -124.249    , array([ 0.0463817  ,  3.14095    ,  0.0767799  ,  0.0572211  ])
332     , -91.5246    , array([ 0.0590154  ,  3.14095    ,  0.0767799  ,  0.0572211  ])
336     , -95.6118    , array([ 0.0590154  ,  4.14095    ,  0.0767799  ,  0.0572211  ])
340     , -92.2292    , array([ 0.0590154  ,  3.52292    ,  0.0767799  ,  0.0572211  ])
344     , -91.4992    , array([ 0.0590154  ,  3.20548    ,  0.0767799  ,  0.0572211  ])
348     , -94.3873    , array([ 0.0750112  ,  2.24293    ,  0.116157   ,  0.0563262  ])
352     , -91.4989    , array([ 0.0598701  ,  3.15467    ,  0.0788839  ,  0.0571733  ])
356     , -91.4959    , array([ 0.0594519  ,  3.17985    ,  0.0778544  ,  0.0571967  ])
360     , -92.3021    , array([ 0.0699106  ,  3.40252    ,  0.10443    ,  0.0530518  ])
364     , -91.4175    , array([ 0.0562229  ,  3.1111     ,  0.0696497  ,  0.0584764  ])
368     , -91.3008    , array([ 0.0530366  ,  3.08397    ,  0.0628449  ,  0.0596808  ])
372     , -91.1186    , array([ 0.0416117  ,  2.98382    ,  0.0383542  ,  0.0640038  ])
376     , -91.1237    , array([ 0.0439668  ,  3.00447    ,  0.0434027  ,  0.0631127  ])
380     , -91.1175    , array([ 0.0422578  ,  2.98949    ,  0.0397392  ,  0.0637593  ])
392     , -170.619    , array([ 0.0291022  ,  2.98949    ,  0.0397392  ,  0.0637593  ])
396     , -91.1091    , array([ 0.0424257  ,  2.98949    ,  0.0397392  ,  0.0637593  ])
400     , -95.4926    , array([ 0.0424239  ,  3.98949    ,  0.0397392  ,  0.0637593  ])
404     , -91.7256    , array([ 0.0424239  ,  3.37145    ,  0.0397392  ,  0.0637593  ])
408     , -91.0802    , array([ 0.0424239  ,  3.05193    ,  0.0397392  ,  0.0637593  ])
412     , -95.875     , array([ 0.0584197  ,  2.08873    ,  0.0791168  ,  0.0628645  ])
416     , -91.0953    , array([ 0.0435907  ,  2.98167    ,  0.0426117  ,  0.0636941  ])
420     , -91.074     , array([ 0.0428207  ,  3.02803    ,  0.0407161  ,  0.0637371  ])
424     , -91.074     , array([ 0.0428247  ,  3.02779    ,  0.040726   ,  0.0637369  ])
428     , -91.0555    , array([ 0.0401284  ,  3.00416    ,  0.0349461  ,  0.0647572  ])
432     , -91.0555    , array([ 0.0399836  ,  3.00289    ,  0.0346357  ,  0.0648119  ])
440     , -1359.49    , array([ 0.230922   ,  3.00264    ,  0.0345742  ,  0.0648228  ])
444     , -10950.6    , array([ 0.00551304 ,  3.00264    ,  0.0345742  ,  0.0648228  ])
448     , -91.3029    , array([ 0.0410346  ,  3.00264    ,  0.0345742  ,  0.0648228  ])
452     , -91.0427    , array([ 0.0401461  ,  3.00264    ,  0.0345742  ,  0.0648228  ])
456     , -91.0427    , array([ 0.0401481  ,  3.00264    ,  0.0345742  ,  0.0648228  ])
460     , -91.0354    , array([ 0.0401481  ,  3.03317    ,  0.0345742  ,  0.0648228  ])
464     , -91.0353    , array([ 0.0401481  ,  3.03392    ,  0.0345742  ,  0.0648228  ])
468     , -91.977     , array([ 0.0462579  ,  2.66601    ,  0.0496151  ,  0.064481   ])
472     , -91.0299    , array([ 0.0405097  ,  3.01215    ,  0.0354643  ,  0.0648026  ])
476     , -92.2679    , array([ 0.0264736  ,  2.88959    ,  0.00537412 ,  0.0701113  ])
480     , -91.0639    , array([ 0.0351441  ,  2.96559    ,  0.0239604  ,  0.0668306  ])
484     , -91.0204    , array([ 0.0385979  ,  2.99587    ,  0.0313641  ,  0.0655237  ])
488     , -91.0204    , array([ 0.0385979  ,  2.99587    ,  0.0313641  ,  0.0655237  ])
496     , -90.8265    , array([ 0.0288264  ,  2.94712    ,  0.00824822 ,  0.070571   ])
500     , -90.8185    , array([ 0.0305204  ,  2.95557    ,  0.0122556  ,  0.069696   ])
504     , -90.8185    , array([ 0.0304388  ,  2.95516    ,  0.0120626  ,  0.0697381  ])
508     , -90.952     , array([ 0.028392   ,  2.93722    ,  0.00767497 ,  0.0705126  ])
512     , -90.81      , array([ 0.0306396  ,  2.95692    ,  0.0124929  ,  0.0696622  ])
516     , -90.8959    , array([ 0.030917   ,  2.95935    ,  0.0130877  ,  0.0695572  ])
520     , -90.7996    , array([ 0.0309105  ,  2.9593     ,  0.0130737  ,  0.0695596  ])
524     , -90.7996    , array([ 0.0309105  ,  2.9593     ,  0.0130737  ,  0.0695596  ])
528     , -91.5804    , array([ 0.0309105  ,  2.72323    ,  0.0130737  ,  0.0695596  ])
532     , -90.8944    , array([ 0.0309105  ,  2.96354    ,  0.0130737  ,  0.0695596  ])
536     , -90.7985    , array([ 0.0309105  ,  2.9603     ,  0.0130737  ,  0.0695596  ])
540     , -90.798     , array([ 0.0309105  ,  2.96083    ,  0.0130737  ,  0.0695596  ])
544     , -90.7978    , array([ 0.0309105  ,  2.96103    ,  0.0130737  ,  0.0695596  ])
548     , -92.5216    , array([ 0.0370204  ,  2.59312    ,  0.0281146  ,  0.0692178  ])
552     , -90.8918    , array([ 0.0309951  ,  2.95594    ,  0.0132819  ,  0.0695549  ])
556     , -90.8947    , array([ 0.0309229  ,  2.96029    ,  0.0131041  ,  0.069559   ])
560     , -90.8952    , array([ 0.0309123  ,  2.96092    ,  0.0130781  ,  0.0695595  ])
564     , -90.8953    , array([ 0.0309108  ,  2.96101    ,  0.0130743  ,  0.0695596  ])
568     , -90.7978    , array([ 0.0309106  ,  2.96103    ,  0.0130738  ,  0.0695596  ])
572     , -90.7978    , array([ 0.0309106  ,  2.96103    ,  0.0130738  ,  0.0695596  ])
576     , -90.7978    , array([ 0.0309106  ,  2.96103    ,  0.0130738  ,  0.0695596  ])
580     , -91.1846    , array([ 0.0441122  ,  3.02689    ,  0.0443043  ,  0.0627406  ])
584     , -90.7969    , array([ 0.0299699  ,  2.95633    ,  0.0108484  ,  0.0700455  ])
588     , -90.7967    , array([ 0.0302595  ,  2.95778    ,  0.0115336  ,  0.0698959  ])
592     , -91.8325    , array([ 0.0529526  ,  3.15673    ,  0.0601775  ,  0.0613102  ])
596     , -90.9066    , array([ 0.0326633  ,  2.97888    ,  0.0166849  ,  0.0689873  ])
600     , -90.8912    , array([ 0.0315516  ,  2.96913    ,  0.0143019  ,  0.0694079  ])
604     , -90.7772    , array([ 0.0308117  ,  2.96264    ,  0.0127158  ,  0.0696879  ])
608     , -90.8885    , array([ 0.0309501  ,  2.96386    ,  0.0130126  ,  0.0696355  ])
612     , -153.394    , array([ 0.0309411  ,  1.34575    ,  0.0129932  ,  0.0696389  ])
616     , -90.9066    , array([ 0.0309411  ,  3.02083    ,  0.0129932  ,  0.0696389  ])
620     , -90.8892    , array([ 0.0309411  ,  2.98557    ,  0.0129932  ,  0.0696389  ])
624     , -90.7719    , array([ 0.0309411  ,  2.96574    ,  0.0129932  ,  0.0696389  ])
628     , -90.8882    , array([ 0.0309411  ,  2.96603    ,  0.0129932  ,  0.0696389  ])
632     , -90.7717    , array([ 0.0309411  ,  2.96599    ,  0.0129932  ,  0.0696389  ])
636     , -92.4868    , array([ 0.037051   ,  2.59808    ,  0.0280341  ,  0.0692971  ])
640     , -90.8836    , array([ 0.0310383  ,  2.96014    ,  0.0132324  ,  0.0696335  ])
644     , -90.8874    , array([ 0.0309553  ,  2.96514    ,  0.0130281  ,  0.0696381  ])
648     , -90.8881    , array([ 0.0309432  ,  2.96586    ,  0.0129983  ,  0.0696388  ])
652     , -90.8882    , array([ 0.0309414  ,  2.96597    ,  0.012994   ,  0.0696389  ])
656     , -90.7717    , array([ 0.0309411  ,  2.96599    ,  0.0129933  ,  0.0696389  ])
660     , -90.7717    , array([ 0.0309412  ,  2.96599    ,  0.0129934  ,  0.0696389  ])
664     , -90.7717    , array([ 0.0309412  ,  2.96599    ,  0.0129934  ,  0.0696389  ])
668     , -90.7717    , array([ 0.0309412  ,  2.96599    ,  0.0129934  ,  0.0696389  ])
672     , -90.7692    , array([ 0.0299793  ,  2.96119    ,  0.0107179  ,  0.0701358  ])
676     , -90.7464    , array([ 0.0295925  ,  2.96406    ,  0.00965011 ,  0.0704307  ])
680     , -90.6993    , array([ 0.0281013  ,  2.97832    ,  0.00543248 ,  0.0716304  ])
684     , -90.7025    , array([ 0.0284668  ,  2.97483    ,  0.00646625 ,  0.0713363  ])
688     , -90.6992    , array([ 0.0280559  ,  2.97875    ,  0.00530417 ,  0.0716669  ])
692     , -90.9702    , array([ 0.0330985  ,  3.00391    ,  0.0172332  ,  0.0690622  ])
696     , -90.6977    , array([ 0.0268655  ,  2.97282    ,  0.00248812 ,  0.0722817  ])
700     , -90.6975    , array([ 0.0271505  ,  2.97424    ,  0.00316228 ,  0.0721345  ])
704     , -90.6975    , array([ 0.0271595  ,  2.97428    ,  0.00318349 ,  0.0721299  ])
708     , -90.6976    , array([ 0.0271595  ,  2.97189    ,  0.00318349 ,  0.0721299  ])
712     , -90.7005    , array([ 0.0271595  ,  2.99473    ,  0.00318349 ,  0.0721299  ])
716     , -90.6975    , array([ 0.0271595  ,  2.97639    ,  0.00318349 ,  0.0721299  ])
720     , -90.6975    , array([ 0.0271595  ,  2.97601    ,  0.00318349 ,  0.0721299  ])
724     , -90.6975    , array([ 0.0271595  ,  2.97599    ,  0.00318349 ,  0.0721299  ])
728     , -90.6482    , array([ 0.0276952  ,  2.94373    ,  0.0045024  ,  0.0720999  ])
732     , -90.6434    , array([ 0.0279192  ,  2.93025    ,  0.00505372 ,  0.0720874  ])
736     , -90.6434    , array([ 0.0279268  ,  2.92978    ,  0.00507261 ,  0.072087   ])
740     , -90.6211    , array([ 0.0267246  ,  2.94128    ,  0.00167213 ,  0.0730543  ])
744     , -90.6211    , array([ 0.0267125  ,  2.9414     ,  0.00163813 ,  0.0730639  ])
748     , -91.019     , array([ 0.0317551  ,  2.96655    ,  0.0135671  ,  0.0704593  ])
756     , -90.611     , array([ 0.0261505  ,  2.93859    ,  0.000308568,  0.0733542  ])
760     , -90.6097    , array([ 0.0260588  ,  2.93813    ,  9.16916e-05,  0.0734016  ])
764     , -97.1397    , array([ 0.0260267  ,  3.93797    ,  1.56847e-05,  0.0734182  ])
768     , -91.8901    , array([ 0.0260267  ,  3.31994    ,  1.56847e-05,  0.0734182  ])
772     , -90.6036    , array([ 0.0260267  ,  2.913      ,  1.56847e-05,  0.0734182  ])
776     , -99.77      , array([ 0.0420225  ,  1.94954    ,  0.0393932  ,  0.0725233  ])
780     , -91.1906    , array([ 0.0290816  ,  2.72879    ,  0.00753613 ,  0.0732473  ])
784     , -90.5942    , array([ 0.0263959  ,  2.89051    ,  0.000924675,  0.0733975  ])
788     , -90.5939    , array([ 0.0263399  ,  2.89388    ,  0.000786647,  0.0734007  ])
792     , -90.5939    , array([ 0.0263368  ,  2.89407    ,  0.000779014,  0.0734008  ])
796     , -90.5867    , array([ 0.0260644  ,  2.89668    ,  8.686e-06  ,  0.07362    ])
800     , -90.5875    , array([ 0.0261042  ,  2.8963     ,  0.000121075,  0.073588   ])
804     , -90.5868    , array([ 0.0260702  ,  2.89662    ,  2.50834e-05,  0.0736153  ])
808     , -90.5867    , array([ 0.0260644  ,  2.89668    ,  8.686e-06  ,  0.07362    ])
812     , -90.6973    , array([ 0.031107   ,  2.92183    ,  0.0119377  ,  0.0710153  ])
816     , -90.6021    , array([ 0.0270275  ,  2.90148    ,  0.00228692 ,  0.0731225  ])
820     , -90.5883    , array([ 0.0262049  ,  2.89738    ,  0.000341076,  0.0735474  ])
824     , -90.5869    , array([ 0.0260849  ,  2.89678    ,  5.7181e-05 ,  0.0736094  ])
828     , -90.5867    , array([ 0.0260674  ,  2.89669    ,  1.57613e-05,  0.0736184  ])
832     , -90.5866    , array([ 0.0260613  ,  2.89666    ,  1.21638e-06,  0.0736216  ])
836     , -90.5866    , array([ 0.0260608  ,  2.89666    ,  1.26576e-07,  0.0736218  ])
840     , -158.824    , array([ 0.0260608  ,  1.27862    ,  4.09815e-08,  0.0736218  ])
844     , -90.6102    , array([ 0.0260608  ,  2.94102    ,  4.09815e-08,  0.0736218  ])
848     , -90.5862    , array([ 0.0260608  ,  2.8897     ,  4.09815e-08,  0.0736218  ])
864     , -90.5857    , array([ 0.0261353  ,  2.88522    ,  0.000183529,  0.0736177  ])
868     , -90.8082    , array([ 0.0291551  ,  2.85638    ,  0.00872478 ,  0.0711876  ])
872     , -90.6078    , array([ 0.0267114  ,  2.87974    ,  0.00181329 ,  0.0731536  ])
876     , -90.5881    , array([ 0.0262187  ,  2.88446    ,  0.000419757,  0.07355    ])
880     , -90.5843    , array([ 0.0260854  ,  2.88573    ,  4.27913e-05,  0.0736572  ])
884     , -90.5839    , array([ 0.0260725  ,  2.88585    ,  6.12563e-06,  0.0736677  ])
