1824    , -2681.38    , array([ 1.05086    ,  1.60414    ,  0.254215   ,  0.042985   ])
1828    , -1212.23    , array([ 0.432828   ,  1.60414    ,  0.254215   ,  0.042985   ])
1832    , -250.759    , array([ 0.123808   ,  1.60414    ,  0.254215   ,  0.042985   ])
1836    , -104.028    , array([ 0.0531614  ,  1.60414    ,  0.254215   ,  0.042985   ])
1840    , -103.708    , array([ 0.0508614  ,  1.60414    ,  0.254215   ,  0.042985   ])
1844    , -103.708    , array([ 0.0508616  ,  1.60414    ,  0.254215   ,  0.042985   ])
1848    , -103.708    , array([ 0.0508617  ,  1.60414    ,  0.254215   ,  0.042985   ])
1852    , -103.708    , array([ 0.0508617  ,  1.60414    ,  0.254215   ,  0.042985   ])
1856    , -103.722    , array([ 0.0508617  ,  1.59158    ,  0.254215   ,  0.042985   ])
1860    , -103.708    , array([ 0.0508617  ,  1.6073     ,  0.254215   ,  0.042985   ])
1864    , -103.708    , array([ 0.0508617  ,  1.60734    ,  0.254215   ,  0.042985   ])
1868    , -104.422    , array([ 0.0508617  ,  1.60734    ,  0.242215   ,  0.042985   ])
1872    , -103.662    , array([ 0.0508617  ,  1.60734    ,  0.251788   ,  0.042985   ])
1876    , -103.662    , array([ 0.0508617  ,  1.60734    ,  0.251812   ,  0.042985   ])
1884    , -241.177    , array([ 0.0508617  ,  1.60734    ,  0.251812   ,  0.0631321  ])
1888    , -103.649    , array([ 0.0508617  ,  1.60734    ,  0.251812   ,  0.0431526  ])
1892    , -103.649    , array([ 0.0508617  ,  1.60734    ,  0.251812   ,  0.0431526  ])
1896    , -103.679    , array([ 0.0508609  ,  1.6125     ,  0.247924   ,  0.0434239  ])
1900    , -103.641    , array([ 0.0508614  ,  1.60894    ,  0.250607   ,  0.0432367  ])
1904    , -103.641    , array([ 0.0508614  ,  1.60895    ,  0.250595   ,  0.0432375  ])
1912    , -125.21     , array([ 0.0713221  ,  1.60895    ,  0.250595   ,  0.0432375  ])
1916    , -103.58     , array([ 0.0498471  ,  1.60895    ,  0.250595   ,  0.0432375  ])
1920    , -103.58     , array([ 0.0498804  ,  1.60895    ,  0.250595   ,  0.0432375  ])
1924    , -142.605    , array([ 0.0498804  ,  0.990919   ,  0.250595   ,  0.0432375  ])
1928    , -103.579    , array([ 0.0498804  ,  1.60396    ,  0.250595   ,  0.0432375  ])
1932    , -103.579    , array([ 0.0498804  ,  1.60335    ,  0.250595   ,  0.0432375  ])
1944    , -201.658    , array([ 0.0498804  ,  1.60335    ,  0.250595   ,  0.0301626  ])
1948    , -103.578    , array([ 0.0498804  ,  1.60335    ,  0.250595   ,  0.0432113  ])
1952    , -103.544    , array([ 0.0498801  ,  1.60497    ,  0.249378   ,  0.0432965  ])
1956    , -103.522    , array([ 0.0498797  ,  1.60768    ,  0.247336   ,  0.043439   ])
1960    , -103.522    , array([ 0.0498797  ,  1.60764    ,  0.247368   ,  0.0434367  ])
1964    , -103.357    , array([ 0.0482908  ,  1.60813    ,  0.240178   ,  0.0438964  ])
1968    , -103.315    , array([ 0.0477725  ,  1.60829    ,  0.237833   ,  0.0440464  ])
1972    , -103.305    , array([ 0.0476292  ,  1.60834    ,  0.237184   ,  0.0440879  ])
1976    , -103.267    , array([ 0.04763    ,  1.60304    ,  0.241171   ,  0.0438097  ])
1980    , -103.259    , array([ 0.0476298  ,  1.60464    ,  0.239969   ,  0.0438936  ])
1988    , -103.716    , array([ 0.0476298  ,  1.6975     ,  0.239969   ,  0.0438936  ])
1992    , -103.258    , array([ 0.0476298  ,  1.60318    ,  0.239969   ,  0.0438936  ])
1996    , -103.258    , array([ 0.0476298  ,  1.60318    ,  0.239969   ,  0.0438936  ])
2008    , -190.206    , array([ 0.0476298  ,  1.60318    ,  0.239969   ,  0.0313762  ])
2012    , -103.258    , array([ 0.0476298  ,  1.60318    ,  0.239969   ,  0.043905   ])
2016    , -103.373    , array([ 0.0453793  ,  1.60388    ,  0.229785   ,  0.0445561  ])
2020    , -103.456    , array([ 0.0467702  ,  1.60345    ,  0.236079   ,  0.0441537  ])
2024    , -103.271    , array([ 0.0477415  ,  1.60315    ,  0.240475   ,  0.0438726  ])
2028    , -103.26     , array([ 0.0476461  ,  1.60318    ,  0.240043   ,  0.0439002  ])
2032    , -103.257    , array([ 0.0476211  ,  1.60318    ,  0.23993    ,  0.0439075  ])
2036    , -103.531    , array([ 0.0476189  ,  1.60318    ,  0.23992    ,  0.0439081  ])
2040    , -103.257    , array([ 0.0476191  ,  1.60318    ,  0.239921   ,  0.043908   ])
2044    , -103.42     , array([ 0.0490162  ,  1.60594    ,  0.244524   ,  0.0436168  ])
2048    , -103.516    , array([ 0.0474931  ,  1.60294    ,  0.239506   ,  0.0439343  ])
2052    , -103.529    , array([ 0.0476007  ,  1.60315    ,  0.23986    ,  0.0439119  ])
2056    , -103.53     , array([ 0.0476164  ,  1.60318    ,  0.239912   ,  0.0439086  ])
2060    , -103.531    , array([ 0.0476187  ,  1.60318    ,  0.23992    ,  0.0439081  ])
2064    , -103.531    , array([ 0.047619   ,  1.60318    ,  0.239921   ,  0.0439081  ])
2068    , -103.257    , array([ 0.0476191  ,  1.60318    ,  0.239921   ,  0.0439081  ])
2072    , -103.257    , array([ 0.047619   ,  1.60318    ,  0.239921   ,  0.0439081  ])
2076    , -103.372    , array([ 0.0453685  ,  1.60388    ,  0.229737   ,  0.0445592  ])
2080    , -103.455    , array([ 0.0467594  ,  1.60345    ,  0.236031   ,  0.0441568  ])
2084    , -103.27     , array([ 0.0477311  ,  1.60315    ,  0.240428   ,  0.0438756  ])
2088    , -103.259    , array([ 0.0476354  ,  1.60318    ,  0.239995   ,  0.0439033  ])
2092    , -103.257    , array([ 0.0476214  ,  1.60318    ,  0.239932   ,  0.0439074  ])
2096    , -103.257    , array([ 0.0476194  ,  1.60318    ,  0.239922   ,  0.043908   ])
2100    , -103.257    , array([ 0.0476191  ,  1.60318    ,  0.239921   ,  0.043908   ])
2104    , -103.257    , array([ 0.0476191  ,  1.60318    ,  0.239921   ,  0.0439081  ])
2108    , -103.257    , array([ 0.047619   ,  1.60318    ,  0.239921   ,  0.0439081  ])
2112    , -103.257    , array([ 0.047619   ,  1.60318    ,  0.239921   ,  0.0439081  ])
2116    , -103.257    , array([ 0.047619   ,  1.60318    ,  0.239921   ,  0.0439081  ])
2120    , -103.257    , array([ 0.047619   ,  1.60318    ,  0.239921   ,  0.0439081  ])
2124    , -143.629    , array([ 0.047619   ,  0.98515    ,  0.239921   ,  0.0439081  ])
2128    , -103.257    , array([ 0.047619   ,  1.60298    ,  0.239921   ,  0.0439081  ])
2132    , -103.257    , array([ 0.047619   ,  1.60224    ,  0.239921   ,  0.0439081  ])
2136    , -103.257    , array([ 0.047619   ,  1.6023     ,  0.239921   ,  0.0439081  ])
2148    , -190.081    , array([ 0.047619   ,  1.6023     ,  0.239921   ,  0.0313918  ])
2152    , -103.257    , array([ 0.047619   ,  1.6023     ,  0.239921   ,  0.0439164  ])
2156    , -103.257    , array([ 0.047619   ,  1.6023     ,  0.239921   ,  0.0439269  ])
2160    , -103.257    , array([ 0.047619   ,  1.6023     ,  0.239921   ,  0.0439167  ])
2164    , -103.257    , array([ 0.0476191  ,  1.6023     ,  0.239921   ,  0.0439165  ])
2168    , -103.257    , array([ 0.0476191  ,  1.6023     ,  0.239921   ,  0.0439165  ])
2172    , -103.257    , array([ 0.047619   ,  1.6023     ,  0.239921   ,  0.0439165  ])
2176    , -103.257    , array([ 0.047619   ,  1.6023     ,  0.239921   ,  0.0439165  ])
2180    , -103.257    , array([ 0.047619   ,  1.6023     ,  0.239921   ,  0.0439165  ])
2184    , -103.257    , array([ 0.047619   ,  1.6023     ,  0.239921   ,  0.0439165  ])
2188    , -103.257    , array([ 0.047619   ,  1.6023     ,  0.239921   ,  0.0439165  ])
2192    , -103.257    , array([ 0.047619   ,  1.6023     ,  0.239921   ,  0.0439165  ])
2196    , -103.257    , array([ 0.047619   ,  1.6023     ,  0.239921   ,  0.0439165  ])
