1148    , -809.746    , array([ 0.313613   ,  1.28484    ,  0.0813881  ,  0.0319987  ])
1152    , -212.322    , array([ 0.0881994  ,  1.28484    ,  0.0813881  ,  0.0319987  ])
1156    , -105.472    , array([ 0.122457   ,  1.28484    ,  0.0813881  ,  0.0319987  ])
1160    , -128.055    , array([ 0.122459   ,  2.28484    ,  0.0813881  ,  0.0319987  ])
1164    , -111.131    , array([ 0.122459   ,  1.66681    ,  0.0813881  ,  0.0319987  ])
1168    , -105.472    , array([ 0.122459   ,  1.2852     ,  0.0813881  ,  0.0319987  ])
1172    , -105.472    , array([ 0.122459   ,  1.28519    ,  0.0813881  ,  0.0319987  ])
1176    , -9801.34    , array([ 0.122459   ,  1.2852     ,  1.08139    ,  0.0319987  ])
1180    , -7309.82    , array([ 0.122459   ,  1.2852     ,  0.463354   ,  0.0319987  ])
1184    , -2064.41    , array([ 0.122459   ,  1.2852     ,  0.00368317 ,  0.0319987  ])
1188    , -105.411    , array([ 0.122459   ,  1.2852     ,  0.080665   ,  0.0319987  ])
1192    , -105.41     , array([ 0.122459   ,  1.2852     ,  0.0806012  ,  0.0319987  ])
1208    , -105.391    , array([ 0.122459   ,  1.2852     ,  0.0806012  ,  0.0321591  ])
1212    , -105.358    , array([ 0.122277   ,  1.28556    ,  0.0798143  ,  0.0323401  ])
1216    , -105.358    , array([ 0.122277   ,  1.28556    ,  0.0798143  ,  0.0323401  ])
1220    , -105.358    , array([ 0.122252   ,  1.28561    ,  0.0797041  ,  0.032364   ])
1228    , -825.326    , array([ 0.313225   ,  1.28561    ,  0.079713   ,  0.0323621  ])
1232    , -206.633    , array([ 0.0878121  ,  1.28561    ,  0.079713   ,  0.0323621  ])
1236    , -105.229    , array([ 0.120801   ,  1.28561    ,  0.079713   ,  0.0323621  ])
1240    , -129.015    , array([ 0.120816   ,  2.28561    ,  0.079713   ,  0.0323621  ])
1244    , -111.39     , array([ 0.120816   ,  1.66758    ,  0.079713   ,  0.0323621  ])
1248    , -105.222    , array([ 0.120816   ,  1.27527    ,  0.079713   ,  0.0323621  ])
1252    , -105.222    , array([ 0.120816   ,  1.27489    ,  0.079713   ,  0.0323621  ])
1268    , -105.222    , array([ 0.120816   ,  1.27489    ,  0.079713   ,  0.0323107  ])
1272    , -105.222    , array([ 0.120816   ,  1.27489    ,  0.079713   ,  0.0323325  ])
1276    , -105.148    , array([ 0.120278   ,  1.27595    ,  0.0773876  ,  0.0328377  ])
1280    , -105.118    , array([ 0.120461   ,  1.27559    ,  0.0781813  ,  0.0326655  ])
1284    , -105.118    , array([ 0.120461   ,  1.27559    ,  0.0781813  ,  0.0326655  ])
1288    , -104.844    , array([ 0.11613    ,  1.25474    ,  0.0729348  ,  0.0337411  ])
1292    , -104.844    , array([ 0.11625    ,  1.25531    ,  0.07308    ,  0.0337113  ])
1296    , -104.637    , array([ 0.116638   ,  1.25426    ,  0.0748902  ,  0.033318   ])
1300    , -104.64     , array([ 0.1166     ,  1.25433    ,  0.074728   ,  0.0333532  ])
1304    , -104.636    , array([ 0.116659   ,  1.25421    ,  0.0749848  ,  0.0332975  ])
1308    , -178.51     , array([ 0.116659   ,  0.63618    ,  0.0749848  ,  0.0332975  ])
1312    , -104.63     , array([ 0.116659   ,  1.26695    ,  0.0749848  ,  0.0332975  ])
1316    , -104.63     , array([ 0.116659   ,  1.264      ,  0.0749848  ,  0.0332975  ])
1328    , -1836.47    , array([ 0.116659   ,  1.264      ,  0.0749848  ,  0.000326343])
1332    , -104.629    , array([ 0.116659   ,  1.264      ,  0.0749848  ,  0.03323    ])
1336    , -104.628    , array([ 0.116659   ,  1.264      ,  0.0749848  ,  0.0332515  ])
1340    , -104.674    , array([ 0.109776   ,  1.23087    ,  0.0666472  ,  0.0349608  ])
1344    , -104.415    , array([ 0.113081   ,  1.24678    ,  0.0706511  ,  0.03414    ])
1348    , -104.256    , array([ 0.113449   ,  1.24629    ,  0.0721311  ,  0.0338194  ])
1352    , -104.254    , array([ 0.113502   ,  1.24619    ,  0.0723578  ,  0.0337702  ])
1356    , -104.254    , array([ 0.113495   ,  1.2462     ,  0.0723307  ,  0.0337761  ])
1360    , -181.101    , array([ 0.113495   ,  0.628166   ,  0.0723307  ,  0.0337761  ])
1364    , -104.252    , array([ 0.113495   ,  1.25551    ,  0.0723307  ,  0.0337761  ])
1368    , -104.251    , array([ 0.113495   ,  1.25249    ,  0.0723307  ,  0.0337761  ])
1380    , -1729.56    , array([ 0.113495   ,  1.25249    ,  0.0723307  ,  0.0012082  ])
1384    , -104.251    , array([ 0.113495   ,  1.25249    ,  0.0723307  ,  0.0337427  ])
1388    , -104.251    , array([ 0.113495   ,  1.25249    ,  0.0723307  ,  0.0337671  ])
1392    , -106.241    , array([ 0.102357   ,  1.19888    ,  0.0588404  ,  0.0365273  ])
1396    , -104.087    , array([ 0.110498   ,  1.23806    ,  0.0687009  ,  0.0345057  ])
1400    , -103.783    , array([ 0.108048   ,  1.22999    ,  0.066911   ,  0.0348387  ])
1404    , -102.202    , array([ 0.0733411  ,  1.11387    ,  0.0410098  ,  0.0396829  ])
1408    , -101.966    , array([ 0.0850314  ,  1.15298    ,  0.0497342  ,  0.0380512  ])
1412    , -101.885    , array([ 0.0802798  ,  1.13708    ,  0.0461881  ,  0.0387144  ])
1416    , -101.587    , array([ 0.0808632  ,  1.13753    ,  0.0476373  ,  0.0384067  ])
1420    , -101.587    , array([ 0.0808695  ,  1.13751    ,  0.0476646  ,  0.0384008  ])
1424    , -139.514    , array([ 0.0808695  ,  2.13751    ,  0.0476646  ,  0.0384008  ])
1428    , -110.522    , array([ 0.0808695  ,  1.51948    ,  0.0476646  ,  0.0384008  ])
1432    , -101.757    , array([ 0.0808695  ,  1.20876    ,  0.0476646  ,  0.0384008  ])
1436    , -101.527    , array([ 0.0808695  ,  1.16091    ,  0.0476646  ,  0.0384008  ])
1448    , -227.793    , array([ 0.0808695  ,  1.16091    ,  0.0476646  ,  0.0252452  ])
1452    , -101.461    , array([ 0.0808695  ,  1.16091    ,  0.0476646  ,  0.0387627  ])
1456    , -106.839    , array([ 0.129414   ,  1.32333    ,  0.0838931  ,  0.0319835  ])
1460    , -101.611    , array([ 0.0631927  ,  1.10177    ,  0.0344727  ,  0.0412264  ])
1464    , -101.024    , array([ 0.07086    ,  1.12742    ,  0.0401946  ,  0.0401562  ])
1468    , -101.116    , array([ 0.0712914  ,  1.1271     ,  0.0417058  ,  0.0398306  ])
1472    , -100.926    , array([ 0.0710969  ,  1.12748    ,  0.0408647  ,  0.0400131  ])
1476    , -145.05     , array([ 0.0710969  ,  2.12748    ,  0.0408647  ,  0.0400131  ])
1480    , -112.09     , array([ 0.0710969  ,  1.50945    ,  0.0408647  ,  0.0400131  ])
1484    , -100.925    , array([ 0.0710969  ,  1.13093    ,  0.0408647  ,  0.0400131  ])
1488    , -100.925    , array([ 0.0710969  ,  1.131      ,  0.0408647  ,  0.0400131  ])
1492    , -100.925    , array([ 0.0710969  ,  1.13096    ,  0.0408647  ,  0.0400131  ])
1500    , -286.747    , array([ 0.0710969  ,  1.13096    ,  0.0408647  ,  0.0642658  ])
1504    , -100.866    , array([ 0.0710969  ,  1.13096    ,  0.0408647  ,  0.0403603  ])
1508    , -126.276    , array([ 0.0410944  ,  1.03058    ,  0.0184742  ,  0.0445479  ])
1512    , -101.248    , array([ 0.059637   ,  1.09262    ,  0.0323123  ,  0.0419598  ])
1516    , -100.696    , array([ 0.0663497  ,  1.11508    ,  0.0373219  ,  0.0410229  ])
1520    , -100.445    , array([ 0.0614765  ,  1.10152    ,  0.0341783  ,  0.0419402  ])
1524    , -100.248    , array([ 0.0493024  ,  1.06785    ,  0.0263594  ,  0.0442483  ])
1528    , -100.203    , array([ 0.0522264  ,  1.07593    ,  0.0282374  ,  0.0436939  ])
1532    , -100.203    , array([ 0.0523663  ,  1.07632    ,  0.0283272  ,  0.0436674  ])
1536    , -99.989     , array([ 0.0524933  ,  1.07607    ,  0.0288762  ,  0.0435483  ])
1540    , -99.9886    , array([ 0.0524974  ,  1.07606    ,  0.0288941  ,  0.0435444  ])
1544    , -99.9886    , array([ 0.0524987  ,  1.07606    ,  0.0288998  ,  0.0435432  ])
1548    , -100.51     , array([ 0.0524987  ,  1.00472    ,  0.0288998  ,  0.0435432  ])
1552    , -99.9509    , array([ 0.0524987  ,  1.06085    ,  0.0288998  ,  0.0435432  ])
1560    , -2394.28    , array([ 0.0524987  ,  1.0607     ,  0.0288998  ,  0.234498   ])
1564    , -1351.72    , array([ 0.0524987  ,  1.0607     ,  0.0288998  ,  0.00910134 ])
1568    , -100.004    , array([ 0.0524987  ,  1.0607     ,  0.0288998  ,  0.0439278  ])
1572    , -99.9504    , array([ 0.0524987  ,  1.0607     ,  0.0288998  ,  0.0435767  ])
1576    , -100.503    , array([ 0.0386473  ,  1.02238    ,  0.0200036  ,  0.0462028  ])
1580    , -99.8397    , array([ 0.0472079  ,  1.04606    ,  0.0255018  ,  0.0445798  ])
1584    , -99.8395    , array([ 0.0469885  ,  1.04545    ,  0.0253608  ,  0.0446214  ])
1588    , -101.021    , array([ 0.0467832  ,  1.04586    ,  0.0244726  ,  0.0448141  ])
1592    , -100.014    , array([ 0.0471939  ,  1.04505    ,  0.0262491  ,  0.0444287  ])
1596    , -99.7535    , array([ 0.0470625  ,  1.04531    ,  0.0256807  ,  0.044552   ])
1600    , -317.663    , array([ 0.0470625  ,  0.427274   ,  0.0256807  ,  0.044552   ])
1604    , -99.7531    , array([ 0.0470625  ,  1.04508    ,  0.0256807  ,  0.044552   ])
1608    , -99.7494    , array([ 0.0470625  ,  1.04052    ,  0.0256807  ,  0.044552   ])
1616    , -2340.49    , array([ 0.0470625  ,  1.04048    ,  0.0256807  ,  0.235507   ])
1620    , -1291.42    , array([ 0.0470625  ,  1.04048    ,  0.0256807  ,  0.0101102  ])
1624    , -99.7984    , array([ 0.0470625  ,  1.04048    ,  0.0256807  ,  0.0448307  ])
1628    , -99.7473    , array([ 0.0470625  ,  1.04048    ,  0.0256807  ,  0.0444812  ])
1632    , -99.7473    , array([ 0.0470625  ,  1.04048    ,  0.0256807  ,  0.0444819  ])
1636    , -99.6917    , array([ 0.043977   ,  1.03194    ,  0.023699   ,  0.0450669  ])
1640    , -99.5833    , array([ 0.0404531  ,  1.01701    ,  0.0217081  ,  0.0456096  ])
1644    , -99.4891    , array([ 0.0333286  ,  0.985998   ,  0.0177261  ,  0.0466868  ])
1648    , -99.4893    , array([ 0.0340304  ,  0.989053   ,  0.0181183  ,  0.0465807  ])
1652    , -99.4889    , array([ 0.0336367  ,  0.98734    ,  0.0178983  ,  0.0466402  ])
1656    , -99.9781    , array([ 0.0421974  ,  1.01102    ,  0.0233965  ,  0.0450172  ])
1660    , -99.4868    , array([ 0.0341207  ,  0.988678   ,  0.0182091  ,  0.0465485  ])
1664    , -99.4867    , array([ 0.0340199  ,  0.988399   ,  0.0181444  ,  0.0465676  ])
1668    , -99.4867    , array([ 0.0340199  ,  0.988399   ,  0.0181444  ,  0.0465676  ])
1672    , -99.5345    , array([ 0.0340199  ,  0.984019   ,  0.0181444  ,  0.0465676  ])
1676    , -99.3743    , array([ 0.0340199  ,  1.01147    ,  0.0181444  ,  0.0465676  ])
1684    , -2253.25    , array([ 0.0340199  ,  1.01147    ,  0.0181444  ,  0.237524   ])
1688    , -1198.89    , array([ 0.0340199  ,  1.01147    ,  0.0181444  ,  0.0121257  ])
1692    , -99.4117    , array([ 0.0340199  ,  1.01147    ,  0.0181444  ,  0.046765   ])
1696    , -99.3666    , array([ 0.0340199  ,  1.01147    ,  0.0181444  ,  0.046427   ])
1700    , -99.3582    , array([ 0.0239358  ,  0.96758    ,  0.0125082  ,  0.0479531  ])
1704    , -99.3038    , array([ 0.0279353  ,  0.984989   ,  0.0147436  ,  0.0473484  ])
1708    , -101.138    , array([ 0.012551   ,  0.940492   ,  0.00617695 ,  0.0495206  ])
1712    , -99.3037    , array([ 0.0281359  ,  0.985862   ,  0.0148557  ,  0.0473181  ])
1716    , -99.4632    , array([ 0.0258445  ,  0.979523   ,  0.013384   ,  0.0477525  ])
1720    , -99.3023    , array([ 0.0279164  ,  0.985255   ,  0.0147148  ,  0.0473597  ])
1724    , -99.3023    , array([ 0.0279164  ,  0.985255   ,  0.0147148  ,  0.0473597  ])
1728    , -409.008    , array([ 0.0279164  ,  0.367221   ,  0.0147148  ,  0.0473597  ])
1732    , -99.2252    , array([ 0.0279164  ,  1.0086     ,  0.0147148  ,  0.0473597  ])
1736    , -99.2215    , array([ 0.0279164  ,  1.0045     ,  0.0147148  ,  0.0473597  ])
1748    , -186.396    , array([ 0.0279164  ,  1.0045     ,  0.0147148  ,  0.034204   ])
1752    , -99.2174    , array([ 0.0279164  ,  1.0045     ,  0.0147148  ,  0.0472566  ])
1756    , -99.5351    , array([ 0.0178324  ,  0.960608   ,  0.00907862 ,  0.0487813  ])
1760    , -99.1784    , array([ 0.0240647  ,  0.987735   ,  0.012562   ,  0.047839   ])
1764    , -99.178     , array([ 0.0243911  ,  0.989155   ,  0.0127444  ,  0.0477897  ])
1768    , -99.1183    , array([ 0.020575   ,  0.992139   ,  0.0105932  ,  0.048272   ])
1772    , -99.1266    , array([ 0.022019   ,  0.99094    ,  0.0114073  ,  0.0480898  ])
1776    , -99.1178    , array([ 0.0208895  ,  0.991878   ,  0.0107705  ,  0.0482324  ])
1780    , -99.1178    , array([ 0.0208545  ,  0.991907   ,  0.0107508  ,  0.0482368  ])
1784    , -99.2184    , array([ 0.0202285  ,  0.990175   ,  0.0103487  ,  0.0483555  ])
1788    , -99.088     , array([ 0.0214748  ,  0.993623   ,  0.0111492  ,  0.0481192  ])
1792    , -99.6618    , array([ 0.0377911  ,  1.06464    ,  0.0202687  ,  0.0456521  ])
1796    , -99.0971    , array([ 0.0223293  ,  0.997342   ,  0.0116268  ,  0.04799    ])
1800    , -99.0867    , array([ 0.0210388  ,  0.991725   ,  0.0109055  ,  0.0481851  ])
1804    , -3687.25    , array([ 0.0210388  ,  0.991725   ,  0.0109055  ,  1.04819    ])
1808    , -3284.36    , array([ 0.0210388  ,  0.991725   ,  0.0109055  ,  0.430151   ])
1812    , -869.007    , array([ 0.0210388  ,  0.991725   ,  0.0109055  ,  0.121124   ])
1816    , -101.849    , array([ 0.0210388  ,  0.991725   ,  0.0109055  ,  0.0510715  ])
1820    , -99.0804    , array([ 0.0210388  ,  0.991725   ,  0.0109055  ,  0.0483124  ])
1824    , -99.2521    , array([ 0.0267035  ,  0.987022   ,  0.014099   ,  0.0475989  ])
1828    , -99.0684    , array([ 0.0186209  ,  0.993732   ,  0.0095424  ,  0.0486187  ])
1832    , -99.0622    , array([ 0.0193967  ,  0.993088   ,  0.00997973 ,  0.0485209  ])
1836    , -104.217    , array([ 0.041825   ,  1.05507    ,  0.0243833  ,  0.0442697  ])
1840    , -99.5221    , array([ 0.0224832  ,  1.00157    ,  0.0119608  ,  0.0479367  ])
1844    , -99.0478    , array([ 0.0198078  ,  0.994167   ,  0.0102425  ,  0.0484439  ])
1848    , -99.0478    , array([ 0.0197982  ,  0.99414    ,  0.0102363  ,  0.0484458  ])
1852    , -99.2759    , array([ 0.0260304  ,  1.02127    ,  0.0137196  ,  0.0475034  ])
1856    , -99.0582    , array([ 0.0182091  ,  0.987224   ,  0.00934818 ,  0.048686   ])
1860    , -99.045     , array([ 0.0192692  ,  0.991838   ,  0.00994066 ,  0.0485258  ])
1868    , -2173.78    , array([ 0.0192638  ,  0.991815   ,  0.00993767 ,  0.239484   ])
1872    , -1131.24    , array([ 0.0192638  ,  0.991815   ,  0.00993767 ,  0.0140847  ])
1876    , -99.082     , array([ 0.0192638  ,  0.991815   ,  0.00993767 ,  0.0488477  ])
1880    , -99.045     , array([ 0.0192638  ,  0.991815   ,  0.00993767 ,  0.0485353  ])
1884    , -99.1638    , array([ 0.0157629  ,  0.994721   ,  0.00796398 ,  0.0489768  ])
1888    , -99.0444    , array([ 0.0179266  ,  0.992925   ,  0.00918379 ,  0.0487038  ])
1892    , -99.0403    , array([ 0.0185315  ,  0.992423   ,  0.00952484 ,  0.0486275  ])
1896    , -99.0202    , array([ 0.0176502  ,  0.99177    ,  0.0090608  ,  0.0487361  ])
1900    , -98.9375    , array([ 0.0127124  ,  0.988117   ,  0.00646104 ,  0.0493448  ])
1904    , -98.9306    , array([ 0.0114074  ,  0.987151   ,  0.00577394 ,  0.0495056  ])
1908    , -99.3034    , array([ 0.0170721  ,  0.982448   ,  0.00896744 ,  0.0487909  ])
1912    , -98.9173    , array([ 0.012252   ,  0.98645    ,  0.00625009 ,  0.0493991  ])
1916    , -98.9146    , array([ 0.0119929  ,  0.986665   ,  0.00610397 ,  0.0494318  ])
1920    , -100.291    , array([ 0.0283092  ,  1.05768    ,  0.0152235  ,  0.0469647  ])
1924    , -99.1432    , array([ 0.015109   ,  1.00023    ,  0.00784564 ,  0.0489606  ])
1928    , -98.9143    , array([ 0.0120815  ,  0.987051   ,  0.00615355 ,  0.0494184  ])
1932    , -3657.21    , array([ 0.0120801  ,  0.987045   ,  0.00615276 ,  1.04942    ])
1936    , -3250.42    , array([ 0.0120801  ,  0.987045   ,  0.00615276 ,  0.431385   ])
1940    , -858.818    , array([ 0.0120801  ,  0.987045   ,  0.00615276 ,  0.122358   ])
1944    , -101.482    , array([ 0.0120801  ,  0.987045   ,  0.00615276 ,  0.0521133  ])
1948    , -98.9142    , array([ 0.0120801  ,  0.987045   ,  0.00615276 ,  0.049431   ])
1952    , -98.9142    , array([ 0.0120801  ,  0.987045   ,  0.00615276 ,  0.0494304  ])
1956    , -99.174     , array([ 0.0236072  ,  0.995574   ,  0.0122218  ,  0.0480099  ])
1960    , -98.9493    , array([ 0.0142816  ,  0.988674   ,  0.00731185 ,  0.0491594  ])
1972    , -98.895     , array([ 0.0100014  ,  0.985507   ,  0.00505826 ,  0.0496871  ])
1976    , -98.8888    , array([ 0.0102272  ,  0.98532    ,  0.00518559 ,  0.0496586  ])
1980    , -98.8883    , array([ 0.0103069  ,  0.985254   ,  0.0052305  ,  0.0496485  ])
1984    , -98.8883    , array([ 0.01031    ,  0.985251   ,  0.00523224 ,  0.0496481  ])
1992    , -98.8883    , array([ 0.0103171  ,  0.985282   ,  0.00523621 ,  0.049647   ])
1996    , -98.8881    , array([ 0.0103632  ,  0.985483   ,  0.00526202 ,  0.0496401  ])
2004    , -2146.44    , array([ 0.0103632  ,  0.985483   ,  0.00526202 ,  0.240598   ])
2008    , -1098.67    , array([ 0.0103632  ,  0.985483   ,  0.00526202 ,  0.0151982  ])
2012    , -98.9224    , array([ 0.0103632  ,  0.985483   ,  0.00526202 ,  0.0499568  ])
2016    , -98.8881    , array([ 0.0103632  ,  0.985483   ,  0.00526202 ,  0.049652   ])
2020    , -98.8881    , array([ 0.0103632  ,  0.985483   ,  0.00526202 ,  0.0496521  ])
2028    , -98.8862    , array([ 0.0102116  ,  0.985371   ,  0.00518218 ,  0.0496708  ])
2032    , -98.8838    , array([ 0.010002   ,  0.985216   ,  0.00507184 ,  0.0496966  ])
2036    , -98.8838    , array([ 0.0100056  ,  0.985218   ,  0.00507374 ,  0.0496962  ])
2040    , -98.9078    , array([ 0.0100009  ,  0.985687   ,  0.00504987 ,  0.0496811  ])
2044    , -98.8825    , array([ 0.0100023  ,  0.98508    ,  0.00507816 ,  0.0497011  ])
2068    , -98.8825    , array([ 0.0100011  ,  0.985079   ,  0.00507751 ,  0.0497013  ])
2072    , -98.8825    , array([ 0.0100002  ,  0.985078   ,  0.00507702 ,  0.0497014  ])
2076    , -98.8825    , array([ 0.01       ,  0.985078   ,  0.00507694 ,  0.0497014  ])
2080    , -98.8825    , array([ 0.01       ,  0.985078   ,  0.00507694 ,  0.0497014  ])
2096    , -98.8826    , array([ 0.0100097  ,  0.98512    ,  0.00508235 ,  0.0496999  ])
2100    , -98.8825    , array([ 0.0100014  ,  0.985084   ,  0.00507773 ,  0.0497012  ])
2104    , -98.8825    , array([ 0.0100002  ,  0.985079   ,  0.00507706 ,  0.0497014  ])
2108    , -98.8825    , array([ 0.0100001  ,  0.985078   ,  0.00507696 ,  0.0497014  ])
2116    , -98.8825    , array([ 0.01       ,  0.985078   ,  0.00507693 ,  0.0497014  ])
2120    , -3647.95    , array([ 0.01       ,  0.985078   ,  0.00507693 ,  1.0497     ])
2124    , -3241       , array([ 0.01       ,  0.985078   ,  0.00507693 ,  0.431667   ])
2128    , -856.148    , array([ 0.01       ,  0.985078   ,  0.00507693 ,  0.122641   ])
2132    , -101.41     , array([ 0.01       ,  0.985078   ,  0.00507693 ,  0.0523615  ])
2136    , -98.8825    , array([ 0.01       ,  0.985078   ,  0.00507693 ,  0.049694   ])
2140    , -98.8825    , array([ 0.01       ,  0.985078   ,  0.00507693 ,  0.0496947  ])
2144    , -98.8825    , array([ 0.01       ,  0.985078   ,  0.00507693 ,  0.0496944  ])
2152    , -98.8825    , array([ 0.01       ,  0.985073   ,  0.00507718 ,  0.0496945  ])
