52      , -59864.3    , array([ 1.01041    ,  100        ,  0.0389478  ,  0.024254   ])
56      , -59115      , array([ 0.392379   ,  100        ,  0.0389478  ,  0.024254   ])
60      , -56698.7    , array([ 0.0833442  ,  100        ,  0.0389478  ,  0.024254   ])
64      , -53955.4    , array([ 0.0210535  ,  100        ,  0.0389478  ,  0.024254   ])
68      , -53354.5    , array([ 0.0106266  ,  100        ,  0.0389478  ,  0.024254   ])
72      , -53353.5    , array([ 0.0103219  ,  100        ,  0.0389478  ,  0.024254   ])
76      , -53353.6    , array([ 0.010321   ,  98.382     ,  0.0389478  ,  0.024254   ])
80      , -53353.5    , array([ 0.010321   ,  99.691     ,  0.0389478  ,  0.024254   ])
84      , -53353.5    , array([ 0.010321   ,  99.9549    ,  0.0389478  ,  0.024254   ])
88      , -53353.5    , array([ 0.010321   ,  99.9934    ,  0.0389478  ,  0.024254   ])
92      , -53353.5    , array([ 0.010321   ,  99.999     ,  0.0389478  ,  0.024254   ])
96      , -53353.5    , array([ 0.010321   ,  99.9999    ,  0.0389478  ,  0.024254   ])
100     , -53353.5    , array([ 0.010321   ,  100        ,  0.0389478  ,  0.024254   ])
104     , -53353.5    , array([ 0.010321   ,  100        ,  0.0389478  ,  0.024254   ])
108     , -53353.5    , array([ 0.010321   ,  100        ,  0.0389478  ,  0.024254   ])
112     , -53353.5    , array([ 0.010321   ,  100        ,  0.0389478  ,  0.024254   ])
116     , -53353.5    , array([ 0.010321   ,  100        ,  0.0389478  ,  0.024254   ])
120     , -53353.5    , array([ 0.010321   ,  100        ,  0.0389478  ,  0.024254   ])
136     , -83861.1    , array([ 0.010321   ,  100        ,  0.229547   ,  0.024254   ])
140     , -53466.6    , array([ 0.010321   ,  100        ,  0.0292161  ,  0.024254   ])
144     , -53351.3    , array([ 0.010321   ,  100        ,  0.0374523  ,  0.024254   ])
148     , -53351.3    , array([ 0.010321   ,  100        ,  0.037497   ,  0.024254   ])
164     , -53350.7    , array([ 0.010321   ,  100        ,  0.037497   ,  0.0247604  ])
