120     , -393.202    , array([ 8.69304    ,  0.189248   ,  5          ,  0.656149   ])
124     , -393.202    , array([ 8.69304    ,  0.189248   ,  5          ,  0.656149   ])
128     , -393.202    , array([ 8.7045     ,  0.189248   ,  5          ,  0.656149   ])
132     , -393.202    , array([ 8.70495    ,  0.189248   ,  5          ,  0.656149   ])
140     , -1867.88    , array([ 8.70495    ,  0.0990783  ,  5          ,  0.656149   ])
144     , -393.565    , array([ 8.70495    ,  0.190937   ,  5          ,  0.656149   ])
148     , -393.202    , array([ 8.70495    ,  0.189224   ,  5          ,  0.656149   ])
152     , -433.963    , array([ 8.70495    ,  0.189224   ,  3.38197    ,  0.656149   ])
156     , -394.353    , array([ 8.70495    ,  0.189224   ,  4.69098    ,  0.656149   ])
160     , -393.202    , array([ 8.70495    ,  0.189224   ,  4.99798    ,  0.656149   ])
164     , -393.202    , array([ 8.70495    ,  0.189224   ,  4.99971    ,  0.656149   ])
168     , -393.202    , array([ 8.70495    ,  0.189224   ,  4.99996    ,  0.656149   ])
172     , -393.202    , array([ 8.70495    ,  0.189224   ,  4.99999    ,  0.656149   ])
176     , -393.202    , array([ 8.70495    ,  0.189224   ,  5          ,  0.656149   ])
180     , -393.202    , array([ 8.70495    ,  0.189224   ,  5          ,  0.656149   ])
184     , -393.202    , array([ 8.70495    ,  0.189224   ,  5          ,  0.656149   ])
188     , -393.202    , array([ 8.70495    ,  0.189224   ,  5          ,  0.656149   ])
192     , -393.202    , array([ 8.70495    ,  0.189224   ,  5          ,  0.656149   ])
196     , -393.202    , array([ 8.70495    ,  0.189224   ,  5          ,  0.656149   ])
200     , -393.202    , array([ 8.70495    ,  0.189224   ,  5          ,  0.656149   ])
204     , -393.202    , array([ 8.70495    ,  0.189224   ,  5          ,  0.656149   ])
208     , -436.284    , array([ 8.70495    ,  0.189224   ,  5          ,  0.612702   ])
212     , -393.202    , array([ 8.70495    ,  0.189224   ,  5          ,  0.65612    ])
