8       , -1166.44    , array([ 0.258816   ,  1.08132    ,  0.0387215  ,  0.041481   ])
12      , -771.398    , array([ 0.0334049  ,  1.08132    ,  0.0387215  ,  0.041481   ])
16      , -100.657    , array([ 0.0680384  ,  1.08132    ,  0.0387215  ,  0.041481   ])
20      , -100.625    , array([ 0.0676359  ,  1.08132    ,  0.0387215  ,  0.041481   ])
24      , -100.625    , array([ 0.067638   ,  1.08132    ,  0.0387215  ,  0.041481   ])
28      , -100.968    , array([ 0.067638   ,  1.03041    ,  0.0387215  ,  0.041481   ])
32      , -100.622    , array([ 0.067638   ,  1.07703    ,  0.0387215  ,  0.041481   ])
36      , -18049.3    , array([ 0.067638   ,  1.07703    ,  1.03872    ,  0.041481   ])
40      , -17419.7    , array([ 0.067638   ,  1.07703    ,  0.420688   ,  0.041481   ])
44      , -1953.54    , array([ 0.067638   ,  1.07703    ,  0.111617   ,  0.041481   ])
48      , -100.62     , array([ 0.067638   ,  1.07703    ,  0.0386345  ,  0.041481   ])
52      , -100.62     , array([ 0.067638   ,  1.07703    ,  0.0386569  ,  0.041481   ])
64      , -204.899    , array([ 0.067638   ,  1.07703    ,  0.0386569  ,  0.0283253  ])
68      , -100.619    , array([ 0.067638   ,  1.07703    ,  0.0386569  ,  0.0414231  ])
72      , -100.619    , array([ 0.067638   ,  1.07703    ,  0.0386569  ,  0.0414231  ])
76      , -100.626    , array([ 0.067767   ,  1.07968    ,  0.0386968  ,  0.0414589  ])
80      , -100.617    , array([ 0.0675372  ,  1.07496    ,  0.0386257  ,  0.0413951  ])
84      , -100.617    , array([ 0.0675382  ,  1.07499    ,  0.038626   ,  0.0413954  ])
92      , -273.993    , array([ 0.0675382  ,  1.07499    ,  0.038626   ,  0.065166   ])
96      , -100.616    , array([ 0.0675382  ,  1.07499    ,  0.038626   ,  0.0414384  ])
100     , -100.616    , array([ 0.0675382  ,  1.07499    ,  0.038626   ,  0.0414475  ])
104     , -284.782    , array([ 0.0675382  ,  0.456951   ,  0.038626   ,  0.0414475  ])
108     , -100.615    , array([ 0.0675382  ,  1.08375    ,  0.038626   ,  0.0414475  ])
112     , -100.612    , array([ 0.0675382  ,  1.0797     ,  0.038626   ,  0.0414475  ])
124     , -100.748    , array([ 0.0675382  ,  1.0797     ,  0.0391045  ,  0.0414475  ])
128     , -100.611    , array([ 0.0675382  ,  1.0797     ,  0.038585   ,  0.0414475  ])
132     , -100.607    , array([ 0.0674385  ,  1.07765    ,  0.0385536  ,  0.0414198  ])
136     , -100.606    , array([ 0.0673631  ,  1.0761     ,  0.0385303  ,  0.0413989  ])
140     , -100.598    , array([ 0.0670917  ,  1.07524    ,  0.0384048  ,  0.0413757  ])
144     , -100.595    , array([ 0.0668729  ,  1.07452    ,  0.0383039  ,  0.0413567  ])
148     , -100.594    , array([ 0.0667377  ,  1.07408    ,  0.0382415  ,  0.041345   ])
160     , -208.834    , array([ 0.0667377  ,  1.07408    ,  0.0382415  ,  0.0281894  ])
164     , -100.583    , array([ 0.0667377  ,  1.07408    ,  0.0382415  ,  0.0414996  ])
168     , -153.256    , array([ 0.0667377  ,  2.07408    ,  0.0382415  ,  0.0414996  ])
172     , -114.112    , array([ 0.0667377  ,  1.45604    ,  0.0382415  ,  0.0414996  ])
176     , -100.582    , array([ 0.0667377  ,  1.07651    ,  0.0382415  ,  0.0414996  ])
180     , -100.582    , array([ 0.0667377  ,  1.07644    ,  0.0382415  ,  0.0414996  ])
192     , -100.749    , array([ 0.0667377  ,  1.07644    ,  0.0386848  ,  0.0414996  ])
196     , -100.572    , array([ 0.0667377  ,  1.07644    ,  0.0380958  ,  0.0414996  ])
200     , -100.557    , array([ 0.0661105  ,  1.07438    ,  0.0378079  ,  0.0414452  ])
204     , -100.557    , array([ 0.0660313  ,  1.07412    ,  0.0377713  ,  0.0414383  ])
208     , -100.532    , array([ 0.0647118  ,  1.07215    ,  0.0370183  ,  0.0414784  ])
212     , -100.532    , array([ 0.0633854  ,  1.07015    ,  0.036262   ,  0.0415179  ])
216     , -100.529    , array([ 0.0640361  ,  1.07113    ,  0.036633   ,  0.0414986  ])
228     , -211.086    , array([ 0.0640361  ,  1.07113    ,  0.036633   ,  0.0283429  ])
232     , -100.486    , array([ 0.0640361  ,  1.07113    ,  0.036633   ,  0.0418066  ])
240     , -102.921    , array([ 0.0640361  ,  1.20768    ,  0.036633   ,  0.0418036  ])
244     , -100.486    , array([ 0.0640361  ,  1.06983    ,  0.036633   ,  0.0418036  ])
248     , -18862.5    , array([ 0.0640361  ,  1.06984    ,  1.03663    ,  0.0418036  ])
252     , -18365.5    , array([ 0.0640361  ,  1.06984    ,  0.418599   ,  0.0418036  ])
256     , -2216.19    , array([ 0.0640361  ,  1.06984    ,  0.109526   ,  0.0418036  ])
260     , -100.451    , array([ 0.0640361  ,  1.06984    ,  0.036319   ,  0.0418036  ])
264     , -100.449    , array([ 0.0640361  ,  1.06984    ,  0.0363802  ,  0.0418036  ])
268     , -100.407    , array([ 0.0607964  ,  1.06497    ,  0.0345331  ,  0.0419001  ])
272     , -100.404    , array([ 0.0614806  ,  1.06599    ,  0.0349232  ,  0.0418797  ])
276     , -100.272    , array([ 0.0494548  ,  1.04453    ,  0.0274051  ,  0.0430364  ])
280     , -100.268    , array([ 0.0520588  ,  1.04918    ,  0.0290334  ,  0.0427856  ])
284     , -3978.49    , array([ 0.051339   ,  1.04789    ,  0.0285832  ,  1.04285    ])
288     , -3573.69    , array([ 0.051339   ,  1.04789    ,  0.0285832  ,  0.424821   ])
292     , -944.485    , array([ 0.051339   ,  1.04789    ,  0.0285832  ,  0.115793   ])
296     , -104.06     , array([ 0.051339   ,  1.04789    ,  0.0285832  ,  0.0468472  ])
300     , -99.9598    , array([ 0.051339   ,  1.04789    ,  0.0285832  ,  0.0436821  ])
304     , -99.9598    , array([ 0.051339   ,  1.04789    ,  0.0285832  ,  0.0436905  ])
308     , -100.365    , array([ 0.051339   ,  0.998084   ,  0.0285832  ,  0.0436905  ])
312     , -99.9582    , array([ 0.051339   ,  1.04483    ,  0.0285832  ,  0.0436905  ])
320     , -17290.1    , array([ 0.051339   ,  1.0448     ,  0.219386   ,  0.0436905  ])
328     , -99.9135    , array([ 0.051339   ,  1.0448     ,  0.0283688  ,  0.0436905  ])
332     , -99.9266    , array([ 0.0412232  ,  1.02673    ,  0.0220435  ,  0.044665   ])
336     , -99.8292    , array([ 0.0474751  ,  1.0379     ,  0.0259527  ,  0.0440627  ])
340     , -99.8191    , array([ 0.0457902  ,  1.03489    ,  0.0248992  ,  0.044225   ])
344     , -99.8191    , array([ 0.0457902  ,  1.03489    ,  0.0248992  ,  0.044225   ])
356     , -203.373    , array([ 0.0457902  ,  1.03489    ,  0.0248992  ,  0.0310694  ])
360     , -99.7112    , array([ 0.0457902  ,  1.03489    ,  0.0248992  ,  0.0447314  ])
368     , -102.49     , array([ 0.0457902  ,  1.17526    ,  0.0248992  ,  0.0447314  ])
372     , -99.7075    , array([ 0.0457902  ,  1.03941    ,  0.0248992  ,  0.0447314  ])
380     , -20424.6    , array([ 0.0457902  ,  1.03936    ,  0.215685   ,  0.0447314  ])
388     , -99.7058    , array([ 0.0457902  ,  1.03936    ,  0.024936   ,  0.0447314  ])
392     , -99.9961    , array([ 0.0356744  ,  1.0213     ,  0.0186104  ,  0.0457059  ])
396     , -99.6235    , array([ 0.0419263  ,  1.03246    ,  0.0225196  ,  0.0451037  ])
400     , -99.6234    , array([ 0.041788   ,  1.03222    ,  0.0224332  ,  0.045117   ])
404     , -99.5954    , array([ 0.037865   ,  1.02969    ,  0.0200167  ,  0.0460013  ])
408     , -99.5822    , array([ 0.0393786  ,  1.03068    ,  0.0209492  ,  0.0456621  ])
412     , -99.582     , array([ 0.0392542  ,  1.0306     ,  0.0208726  ,  0.0456899  ])
416     , -99.582     , array([ 0.0392283  ,  1.03058    ,  0.0208566  ,  0.0456958  ])
420     , -99.579     , array([ 0.0397804  ,  1.03157    ,  0.0212018  ,  0.0456426  ])
424     , -99.579     , array([ 0.0398093  ,  1.03162    ,  0.0212198  ,  0.0456398  ])
428     , -99.579     , array([ 0.0398035  ,  1.03161    ,  0.0212162  ,  0.0456404  ])
432     , -99.9082    , array([ 0.0398035  ,  0.994286   ,  0.0212162  ,  0.0456404  ])
436     , -99.5765    , array([ 0.0398035  ,  1.03525    ,  0.0212162  ,  0.0456404  ])
440     , -99.5765    , array([ 0.0398035  ,  1.03528    ,  0.0212162  ,  0.0456404  ])
448     , -1018.68    , array([ 0.0398035  ,  1.03528    ,  0.0490484  ,  0.0456404  ])
452     , -99.5323    , array([ 0.0398035  ,  1.03528    ,  0.0213732  ,  0.0456404  ])
456     , -99.7226    , array([ 0.0329983  ,  1.03082    ,  0.0171808  ,  0.0471656  ])
460     , -99.5215    , array([ 0.0382131  ,  1.03424    ,  0.0203934  ,  0.0459968  ])
464     , -99.5214    , array([ 0.0383038  ,  1.0343     ,  0.0204493  ,  0.0459765  ])
468     , -100.914    , array([ 0.0546563  ,  1.06352    ,  0.0306745  ,  0.0444031  ])
472     , -99.4906    , array([ 0.0368704  ,  1.03176    ,  0.0195532  ,  0.0461165  ])
476     , -99.4894    , array([ 0.0365528  ,  1.03119    ,  0.0193546  ,  0.0461471  ])
480     , -99.4894    , array([ 0.0365352  ,  1.03116    ,  0.0193436  ,  0.0461488  ])
484     , -99.9245    , array([ 0.0365352  ,  0.982647   ,  0.0193436  ,  0.0461488  ])
488     , -99.4883    , array([ 0.0365352  ,  1.02879    ,  0.0193436  ,  0.0461488  ])
496     , -26592.3    , array([ 0.0365352  ,  1.02879    ,  0.210095   ,  0.0461488  ])
504     , -99.4427    , array([ 0.0365352  ,  1.02879    ,  0.0194924  ,  0.0461488  ])
508     , -99.4427    , array([ 0.0365352  ,  1.02879    ,  0.0194883  ,  0.0461488  ])
512     , -99.472     , array([ 0.0381417  ,  1.02985    ,  0.020478   ,  0.0457887  ])
516     , -99.4378    , array([ 0.0356351  ,  1.0282     ,  0.0189338  ,  0.0463506  ])
520     , -99.3621    , array([ 0.0329634  ,  1.02211    ,  0.0174163  ,  0.0467253  ])
524     , -99.2676    , array([ 0.0256883  ,  1.00546    ,  0.0132856  ,  0.0477436  ])
528     , -99.2595    , array([ 0.0268944  ,  1.00822    ,  0.0139704  ,  0.0475748  ])
532     , -111.269    , array([ 0.0167786  ,  0.990153   ,  0.00764517 ,  0.0485493  ])
536     , -100.232    , array([ 0.0230305  ,  1.00132    ,  0.0115544  ,  0.047947   ])
540     , -99.2377    , array([ 0.0277567  ,  1.00976    ,  0.0145096  ,  0.0474917  ])
548     , -102.676    , array([ 0.0277482  ,  1.14859    ,  0.0145043  ,  0.0474925  ])
552     , -99.2372    , array([ 0.0277482  ,  1.0082     ,  0.0145043  ,  0.0474925  ])
556     , -99.4337    , array([ 0.0251488  ,  1.00649    ,  0.0129029  ,  0.0480751  ])
560     , -99.2727    , array([ 0.0267553  ,  1.00755    ,  0.0138926  ,  0.0477151  ])
564     , -99.2328    , array([ 0.028282   ,  1.00855    ,  0.0148332  ,  0.0473729  ])
568     , -99.6442    , array([ 0.0424154  ,  1.04088    ,  0.0228582  ,  0.0453941  ])
572     , -99.2152    , array([ 0.0235785  ,  0.997777   ,  0.0121628  ,  0.0480308  ])
576     , -99.1972    , array([ 0.0252275  ,  1.00155    ,  0.0130991  ,  0.0478     ])
580     , -101.549    , array([ 0.0416255  ,  1.03085    ,  0.0233508  ,  0.046219   ])
584     , -99.226     , array([ 0.0270447  ,  1.00481    ,  0.0142336  ,  0.0476236  ])
588     , -99.1843    , array([ 0.0258638  ,  1.0027     ,  0.0134953  ,  0.0477374  ])
596     , -102.612    , array([ 0.0258578  ,  1.1433     ,  0.0134915  ,  0.047738   ])
600     , -99.1837    , array([ 0.0258578  ,  1.00446    ,  0.0134915  ,  0.047738   ])
604     , -99.1837    , array([ 0.0258578  ,  1.00443    ,  0.0134915  ,  0.047738   ])
608     , -99.1837    , array([ 0.0258578  ,  1.00444    ,  0.0134915  ,  0.047738   ])
612     , -99.1829    , array([ 0.0260573  ,  1.00457    ,  0.0136144  ,  0.0476932  ])
616     , -99.1829    , array([ 0.0260605  ,  1.00458    ,  0.0136163  ,  0.0476925  ])
620     , -99.3243    , array([ 0.0314569  ,  1.01692    ,  0.0166804  ,  0.0469372  ])
624     , -99.1607    , array([ 0.0239306  ,  0.999703   ,  0.012407   ,  0.0479907  ])
628     , -99.1607    , array([ 0.0239306  ,  0.999703   ,  0.012407   ,  0.0479907  ])
632     , -99.0837    , array([ 0.0204559  ,  0.994685   ,  0.0105501  ,  0.0485009  ])
636     , -99.02      , array([ 0.0152739  ,  0.987203   ,  0.00778069 ,  0.0492619  ])
640     , -99.0199    , array([ 0.0151556  ,  0.987032   ,  0.00771747 ,  0.0492793  ])
644     , -101.185    , array([ 0.0214075  ,  0.998197   ,  0.0116267  ,  0.0486771  ])
648     , -98.9976    , array([ 0.0156871  ,  0.987981   ,  0.00804978 ,  0.0492281  ])
652     , -98.9954    , array([ 0.0155576  ,  0.98775    ,  0.00796881 ,  0.0492406  ])
656     , -98.9954    , array([ 0.0155616  ,  0.987757   ,  0.00797135 ,  0.0492402  ])
660     , -99.5175    , array([ 0.0155616  ,  0.941739   ,  0.00797135 ,  0.0492402  ])
664     , -98.9954    , array([ 0.0155616  ,  0.987553   ,  0.00797135 ,  0.0492402  ])
668     , -98.9954    , array([ 0.0155616  ,  0.987549   ,  0.00797135 ,  0.0492402  ])
672     , -98.9954    , array([ 0.0155616  ,  0.987553   ,  0.00797135 ,  0.0492402  ])
676     , -98.9945    , array([ 0.0156631  ,  0.987619   ,  0.00803386 ,  0.0492175  ])
680     , -98.9947    , array([ 0.0156208  ,  0.987592   ,  0.00800781 ,  0.0492269  ])
684     , -98.9945    , array([ 0.0156564  ,  0.987615   ,  0.00802975 ,  0.049219   ])
688     , -98.9945    , array([ 0.0156574  ,  0.987616   ,  0.00803034 ,  0.0492187  ])
692     , -98.97      , array([ 0.0135091  ,  0.984514   ,  0.00688227 ,  0.0495342  ])
696     , -98.9684    , array([ 0.0129143  ,  0.983655   ,  0.00656438 ,  0.0496216  ])
700     , -106.926    , array([ 0.0293092  ,  1.01292    ,  0.0168134  ,  0.0480408  ])
704     , -100.105    , array([ 0.0160674  ,  0.989276   ,  0.00853351 ,  0.0493165  ])
708     , -98.9606    , array([ 0.013136   ,  0.984041   ,  0.00670052 ,  0.0495988  ])
712     , -98.9606    , array([ 0.0131281  ,  0.984027   ,  0.00669559 ,  0.0495996  ])
716     , -409.507    , array([ 0.0131281  ,  0.365993   ,  0.00669559 ,  0.0495996  ])
720     , -98.9658    , array([ 0.0131281  ,  0.988366   ,  0.00669559 ,  0.0495996  ])
724     , -98.9605    , array([ 0.0131281  ,  0.983679   ,  0.00669559 ,  0.0495996  ])
728     , -100.885    , array([ 0.0105288  ,  0.981926   ,  0.00509421 ,  0.0501822  ])
732     , -99.1734    , array([ 0.0121352  ,  0.98298    ,  0.00608392 ,  0.0498221  ])
736     , -98.9597    , array([ 0.0131992  ,  0.983678   ,  0.00673942 ,  0.0495837  ])
748     , -98.9489    , array([ 0.0120317  ,  0.981992   ,  0.00611547 ,  0.0497551  ])
752     , -98.9485    , array([ 0.0118114  ,  0.981674   ,  0.0059977  ,  0.0497875  ])
756     , -98.9317    , array([ 0.0106532  ,  0.979614   ,  0.00540153 ,  0.0499615  ])
760     , -98.9378    , array([ 0.0110902  ,  0.980393   ,  0.00562638 ,  0.0498958  ])
764     , -98.9247    , array([ 0.010113   ,  0.978651   ,  0.00512359 ,  0.0500427  ])
768     , -98.9237    , array([ 0.0100277  ,  0.978499   ,  0.0050797  ,  0.0500555  ])
772     , -98.9234    , array([ 0.0100098  ,  0.978467   ,  0.0050705  ,  0.0500582  ])
780     , -98.9222    , array([ 0.0100376  ,  0.978516   ,  0.00508783 ,  0.0500555  ])
784     , -98.9215    , array([ 0.0100798  ,  0.978592   ,  0.00511423 ,  0.0500514  ])
788     , -98.9215    , array([ 0.0100791  ,  0.978591   ,  0.00511379 ,  0.0500515  ])
792     , -99.4691    , array([ 0.0100791  ,  0.932696   ,  0.00511379 ,  0.0500515  ])
796     , -98.9215    , array([ 0.0100791  ,  0.978586   ,  0.00511379 ,  0.0500515  ])
800     , -98.9217    , array([ 0.0100791  ,  0.977609   ,  0.00511379 ,  0.0500515  ])
804     , -98.9215    , array([ 0.0100791  ,  0.978565   ,  0.00511379 ,  0.0500515  ])
808     , -98.9215    , array([ 0.0100791  ,  0.978585   ,  0.00511379 ,  0.0500515  ])
812     , -98.9215    , array([ 0.0100791  ,  0.978585   ,  0.00511379 ,  0.0500515  ])
824     , -98.9213    , array([ 0.0100906  ,  0.978593   ,  0.00512088 ,  0.0500489  ])
828     , -98.9211    , array([ 0.0101139  ,  0.978608   ,  0.00513528 ,  0.0500437  ])
832     , -98.9211    , array([ 0.0101135  ,  0.978608   ,  0.005135   ,  0.0500438  ])
840     , -98.9204    , array([ 0.0100519  ,  0.978498   ,  0.00510332 ,  0.0500531  ])
