1255    , -1639.09    , array([ 1.99548    ,  0.100111   ,  5.03355    ,  2.45485    ,  0.0498934  ])
1260    , -1331.85    , array([ 1.1521     ,  0.100111   ,  5.03355    ,  2.45485    ,  0.0498934  ])
1265    , -1310.98    , array([ 0.99746    ,  0.100111   ,  5.03355    ,  2.45485    ,  0.0498934  ])
1270    , -1310.98    , array([ 0.99746    ,  0.100111   ,  5.03355    ,  2.45485    ,  0.0498934  ])
1275    , -81097.8    , array([ 0.99746    ,  0.00994115 ,  5.03355    ,  2.45485    ,  0.0498934  ])
1280    , -1311.05    , array([ 0.99746    ,  0.0998409  ,  5.03355    ,  2.45485    ,  0.0498934  ])
1285    , -1310.97    , array([ 0.99746    ,  0.10008    ,  5.03355    ,  2.45485    ,  0.0498934  ])
1290    , -1315.92    , array([ 0.99746    ,  0.10008    ,  5.41552    ,  2.45485    ,  0.0498934  ])
1295    , -1310.97    , array([ 0.99746    ,  0.10008    ,  5.01742    ,  2.45485    ,  0.0498934  ])
1300    , -1320.49    , array([ 0.99746    ,  0.10008    ,  5.01742    ,  2.83682    ,  0.0498934  ])
1305    , -1310.96    , array([ 0.99746    ,  0.10008    ,  5.01742    ,  2.46675    ,  0.0498934  ])
1310    , -11764.5    , array([ 0.99746    ,  0.10008    ,  5.01742    ,  2.46675    ,  0.431859   ])
1315    , -12672.9    , array([ 0.99746    ,  0.10008    ,  5.01742    ,  2.46675    ,  0.0154515  ])
1320    , -1310.96    , array([ 0.99746    ,  0.10008    ,  5.01742    ,  2.46675    ,  0.0498842  ])
