1564    , -90.7965    , array([ 0.102344   ,  1.19454    ,  0.0626153  ,  0.0362673  ])
1568    , -90.7965    , array([ 0.102344   ,  1.19454    ,  0.0626153  ,  0.0362673  ])
1576    , -108.689    , array([ 0.117624   ,  1.19454    ,  0.0626153  ,  0.0362673  ])
1580    , -90.7935    , array([ 0.10216    ,  1.19454    ,  0.0626153  ,  0.0362673  ])
1588    , -92.0946    , array([ 0.10216    ,  1.32599    ,  0.0626153  ,  0.0362673  ])
1592    , -90.7934    , array([ 0.10216    ,  1.19572    ,  0.0626153  ,  0.0362673  ])
1596    , -90.7934    , array([ 0.10216    ,  1.19572    ,  0.0626153  ,  0.0362673  ])
1608    , -90.7813    , array([ 0.10216    ,  1.19572    ,  0.0623786  ,  0.0362673  ])
1612    , -90.7812    , array([ 0.10216    ,  1.19572    ,  0.0623542  ,  0.0362673  ])
1624    , -218.468    , array([ 0.10216    ,  1.19572    ,  0.0623542  ,  0.0231117  ])
1628    , -90.7795    , array([ 0.10216    ,  1.19572    ,  0.0623542  ,  0.0363232  ])
1632    , -90.7795    , array([ 0.10216    ,  1.19572    ,  0.0623542  ,  0.0363232  ])
1636    , -90.7614    , array([ 0.10098    ,  1.20337    ,  0.0606707  ,  0.0366832  ])
1640    , -90.7488    , array([ 0.101432   ,  1.20044    ,  0.0613157  ,  0.0365453  ])
1644    , -2558.12    , array([ 1.10143    ,  1.20044    ,  0.0613157  ,  0.0365453  ])
1648    , -1578.83    , array([ 0.483398   ,  1.20044    ,  0.0613157  ,  0.0365453  ])
1652    , -342.458    , array([ 0.174377   ,  1.20044    ,  0.0613157  ,  0.0365453  ])
1656    , -90.7088    , array([ 0.100247   ,  1.20044    ,  0.0613157  ,  0.0365453  ])
1660    , -90.6936    , array([ 0.100655   ,  1.20044    ,  0.0613157  ,  0.0365453  ])
1664    , -188.057    , array([ 0.100655   ,  0.582409   ,  0.0613157  ,  0.0365453  ])
1668    , -90.688     , array([ 0.100655   ,  1.19545    ,  0.0613157  ,  0.0365453  ])
1672    , -90.6868    , array([ 0.100655   ,  1.19197    ,  0.0613157  ,  0.0365453  ])
1676    , -90.6868    , array([ 0.100655   ,  1.19188    ,  0.0613157  ,  0.0365453  ])
1684    , -303.575    , array([ 0.100655   ,  1.19188    ,  0.0613157  ,  0.0610785  ])
1688    , -90.6866    , array([ 0.100655   ,  1.19188    ,  0.0613157  ,  0.036507   ])
1692    , -90.6865    , array([ 0.100655   ,  1.19188    ,  0.0613157  ,  0.0365218  ])
1696    , -90.6443    , array([ 0.0999267  ,  1.1966     ,  0.0602771  ,  0.0367443  ])
1700    , -90.6435    , array([ 0.0998096  ,  1.19736    ,  0.0601101  ,  0.03678    ])
1704    , -90.5811    , array([ 0.0974755  ,  1.19888    ,  0.0578899  ,  0.0372317  ])
1708    , -90.5948    , array([ 0.0983703  ,  1.19828    ,  0.0587425  ,  0.0370582  ])
1712    , -90.5795    , array([ 0.0970607  ,  1.19916    ,  0.0574946  ,  0.0373121  ])
1716    , -90.5266    , array([ 0.0979064  ,  1.19369    ,  0.0587006  ,  0.0370543  ])
1720    , -90.5266    , array([ 0.0979313  ,  1.19352    ,  0.0587361  ,  0.0370466  ])
1724    , -90.5265    , array([ 0.0979227  ,  1.19358    ,  0.0587238  ,  0.0370493  ])
1728    , -90.6836    , array([ 0.0979227  ,  1.15179    ,  0.0587238  ,  0.0370493  ])
1732    , -90.5262    , array([ 0.0979227  ,  1.19172    ,  0.0587238  ,  0.0370493  ])
1736    , -90.5262    , array([ 0.0979227  ,  1.19172    ,  0.0587238  ,  0.0370493  ])
1748    , -213.315    , array([ 0.0979227  ,  1.19172    ,  0.0587238  ,  0.0238937  ])
1752    , -90.526     , array([ 0.0979227  ,  1.19172    ,  0.0587238  ,  0.0370307  ])
1756    , -90.4741    , array([ 0.0951654  ,  1.19358    ,  0.0560964  ,  0.0375654  ])
1760    , -90.4779    , array([ 0.0962186  ,  1.19287    ,  0.0571     ,  0.0373611  ])
1764    , -90.4687    , array([ 0.0911806  ,  1.18941    ,  0.052707   ,  0.0382238  ])
1768    , -90.4687    , array([ 0.0911806  ,  1.18941    ,  0.052707   ,  0.0382238  ])
1772    , -90.4438    , array([ 0.0931345  ,  1.19119    ,  0.0543844  ,  0.0378966  ])
1776    , -90.6485    , array([ 0.0924299  ,  1.19593    ,  0.0533662  ,  0.0381147  ])
1780    , -90.3226    , array([ 0.0943365  ,  1.18358    ,  0.0560851  ,  0.0375333  ])
1784    , -90.3226    , array([ 0.0943809  ,  1.18329    ,  0.0561484  ,  0.0375197  ])
1792    , -91.7315    , array([ 0.0943567  ,  1.31477    ,  0.0561139  ,  0.0375271  ])
1796    , -90.3225    , array([ 0.0943567  ,  1.18403    ,  0.0561139  ,  0.0375271  ])
1800    , -90.3225    , array([ 0.0943567  ,  1.18399    ,  0.0561139  ,  0.0375271  ])
1808    , -2720.83    , array([ 0.0943567  ,  1.18402    ,  0.0561139  ,  0.228478   ])
1812    , -1703.53    , array([ 0.0943567  ,  1.18402    ,  0.0561139  ,  0.00308527 ])
1816    , -90.4089    , array([ 0.0943567  ,  1.18402    ,  0.0561139  ,  0.0379647  ])
1820    , -90.3221    , array([ 0.0943567  ,  1.18402    ,  0.0561139  ,  0.0375563  ])
1824    , -90.2123    , array([ 0.0898814  ,  1.17993    ,  0.0522719  ,  0.0383054  ])
1828    , -90.2123    , array([ 0.0898366  ,  1.17989    ,  0.0522335  ,  0.0383129  ])
1832    , -90.0626    , array([ 0.084174   ,  1.16643    ,  0.0480524  ,  0.0391253  ])
1836    , -90.1035    , array([ 0.0785114  ,  1.15296    ,  0.0438714  ,  0.0399376  ])
1840    , -90.0489    , array([ 0.0821567  ,  1.16163    ,  0.0465629  ,  0.0394146  ])
1844    , -89.9544    , array([ 0.0850712  ,  1.16429    ,  0.049065   ,  0.0389266  ])
1848    , -89.9538    , array([ 0.0853346  ,  1.16454    ,  0.0492911  ,  0.0388825  ])
1856    , -91.4527    , array([ 0.0853346  ,  1.29817    ,  0.0492911  ,  0.0388825  ])
1860    , -89.9518    , array([ 0.0853346  ,  1.16891    ,  0.0492911  ,  0.0388825  ])
1868    , -2645.4     , array([ 0.0853346  ,  1.16886    ,  0.0492911  ,  0.229834   ])
1872    , -1609.66    , array([ 0.0853346  ,  1.16886    ,  0.0492911  ,  0.00444066 ])
1876    , -90.0223    , array([ 0.0853346  ,  1.16886    ,  0.0492911  ,  0.0393655  ])
1880    , -89.9473    , array([ 0.0853346  ,  1.16886    ,  0.0492911  ,  0.0389786  ])
1884    , -89.8406    , array([ 0.0776546  ,  1.1506     ,  0.0436205  ,  0.0400794  ])
1888    , -89.8319    , array([ 0.0792135  ,  1.15431    ,  0.0447715  ,  0.0398557  ])
1892    , -90.0114    , array([ 0.0683431  ,  1.12814    ,  0.037127   ,  0.041434   ])
1896    , -89.7685    , array([ 0.0814388  ,  1.15616    ,  0.0466967  ,  0.0394801  ])
1900    , -89.7685    , array([ 0.0814925  ,  1.15621    ,  0.0467428  ,  0.0394712  ])
1904    , -130.791    , array([ 0.0814925  ,  2.15621    ,  0.0467428  ,  0.0394712  ])
1908    , -100.248    , array([ 0.0814925  ,  1.53818    ,  0.0467428  ,  0.0394712  ])
1912    , -89.7684    , array([ 0.0814925  ,  1.15524    ,  0.0467428  ,  0.0394712  ])
1916    , -89.7684    , array([ 0.0814925  ,  1.15512    ,  0.0467428  ,  0.0394712  ])
1928    , -204.723    , array([ 0.0814925  ,  1.15512    ,  0.0467428  ,  0.0263155  ])
1932    , -89.763     , array([ 0.0814925  ,  1.15512    ,  0.0467428  ,  0.0395762  ])
1936    , -89.7345    , array([ 0.0738125  ,  1.13685    ,  0.0410723  ,  0.0406779  ])
1940    , -89.6903    , array([ 0.076746   ,  1.14383    ,  0.0432382  ,  0.0402571  ])
1944    , -89.6903    , array([ 0.0769059  ,  1.14421    ,  0.0433563  ,  0.0402341  ])
1948    , -89.3922    , array([ 0.0710205  ,  1.11814    ,  0.0397663  ,  0.0412024  ])
1952    , -89.0668    , array([ 0.0471835  ,  1.01219    ,  0.0252505  ,  0.045128   ])
1956    , -88.9816    , array([ 0.0529796  ,  1.03795    ,  0.0287801  ,  0.0441735  ])
1960    , -89.4718    , array([ 0.0506385  ,  1.03581    ,  0.0267703  ,  0.0445655  ])
1964    , -89.077     , array([ 0.0520854  ,  1.03713    ,  0.0280124  ,  0.0443232  ])
1968    , -88.9698    , array([ 0.0534404  ,  1.03837    ,  0.0291757  ,  0.0440963  ])
1976    , -91.2017    , array([ 0.053445   ,  1.1847     ,  0.0291797  ,  0.0440956  ])
1980    , -88.9036    , array([ 0.053445   ,  1.05795    ,  0.0291797  ,  0.0440956  ])
1988    , -2337.59    , array([ 0.053445   ,  1.05795    ,  0.0291797  ,  0.235051   ])
1992    , -1292.55    , array([ 0.053445   ,  1.05795    ,  0.0291797  ,  0.00965371 ])
1996    , -88.9546    , array([ 0.053445   ,  1.05795    ,  0.0291797  ,  0.0444097  ])
2000    , -88.9031    , array([ 0.053445   ,  1.05795    ,  0.0291797  ,  0.0440604  ])
2004    , -88.9031    , array([ 0.053445   ,  1.05795    ,  0.0291797  ,  0.0440608  ])
2008    , -88.8441    , array([ 0.0482261  ,  1.03475    ,  0.0260016  ,  0.0449203  ])
2012    , -113.407    , array([ 0.0183576  ,  0.919904   ,  0.00792895 ,  0.0498031  ])
2016    , -88.8433    , array([ 0.0476086  ,  1.032      ,  0.0256255  ,  0.045022   ])
2020    , -88.8421    , array([ 0.0477298  ,  1.03211    ,  0.0257296  ,  0.0450017  ])
2024    , -88.8421    , array([ 0.047736   ,  1.03212    ,  0.0257349  ,  0.0450006  ])
2028    , -88.8421    , array([ 0.0477336  ,  1.03212    ,  0.0257329  ,  0.045001   ])
2032    , -89.0143    , array([ 0.0477336  ,  1.01265    ,  0.0257329  ,  0.045001   ])
2036    , -88.8078    , array([ 0.0477336  ,  1.04598    ,  0.0257329  ,  0.045001   ])
2040    , -88.8078    , array([ 0.0477336  ,  1.04585    ,  0.0257329  ,  0.045001   ])
2048    , -239.471    , array([ 0.0477336  ,  1.04585    ,  0.0257329  ,  0.0679592  ])
2052    , -88.8062    , array([ 0.0477336  ,  1.04585    ,  0.0257329  ,  0.0449267  ])
2056    , -88.8062    , array([ 0.0477336  ,  1.04585    ,  0.0257329  ,  0.0449377  ])
2060    , -89.1781    , array([ 0.0624923  ,  1.11145    ,  0.0347203  ,  0.0425071  ])
2064    , -88.7931    , array([ 0.0430617  ,  1.02508    ,  0.0228879  ,  0.0457071  ])
2068    , -88.7825    , array([ 0.0447842  ,  1.03274    ,  0.0239368  ,  0.0454234  ])
2072    , -88.739     , array([ 0.0419003  ,  1.03321    ,  0.0222118  ,  0.0458346  ])
2076    , -88.7241    , array([ 0.0401778  ,  1.03357    ,  0.0211817  ,  0.0460798  ])
2080    , -88.721     , array([ 0.0390569  ,  1.0338     ,  0.0205114  ,  0.0462394  ])
2084    , -88.8433    , array([ 0.0405038  ,  1.03513    ,  0.0217535  ,  0.0459972  ])
2088    , -88.6963    , array([ 0.0394622  ,  1.03418    ,  0.0208593  ,  0.0461716  ])
2092    , -129.934    , array([ 0.0155822  ,  0.928025   ,  0.00631736 ,  0.0501043  ])
2096    , -89.6214    , array([ 0.0303409  ,  0.993629   ,  0.0153048  ,  0.0476737  ])
2100    , -88.6938    , array([ 0.0389158  ,  1.03175    ,  0.0205266  ,  0.0462616  ])
2104    , -88.6937    , array([ 0.0388052  ,  1.03125    ,  0.0204592  ,  0.0462798  ])
2112    , -2238.93    , array([ 0.0387986  ,  1.03123    ,  0.0204552  ,  0.237237   ])
2116    , -1193.49    , array([ 0.0387986  ,  1.03123    ,  0.0204552  ,  0.011839   ])
2120    , -88.7364    , array([ 0.0387986  ,  1.03123    ,  0.0204552  ,  0.0466089  ])
2124    , -88.6937    , array([ 0.0387986  ,  1.03123    ,  0.0204552  ,  0.0462811  ])
2128    , -88.6937    , array([ 0.0387986  ,  1.03123    ,  0.0204552  ,  0.0462811  ])
2132    , -88.7587    , array([ 0.0331011  ,  1.03243    ,  0.0170479  ,  0.0470923  ])
2136    , -88.6867    , array([ 0.0366223  ,  1.03168    ,  0.0191537  ,  0.0465909  ])
2140    , -88.686     , array([ 0.037103   ,  1.03158    ,  0.0194412  ,  0.0465225  ])
2144    , -90.1148    , array([ 0.0347447  ,  1.02945    ,  0.0174211  ,  0.046917   ])
2148    , -88.9242    , array([ 0.0361916  ,  1.03077    ,  0.0186633  ,  0.0466747  ])
2152    , -88.6746    , array([ 0.037338   ,  1.03182    ,  0.0196474  ,  0.0464827  ])
2156    , -89.9377    , array([ 0.0759791  ,  1.20357    ,  0.0431789  ,  0.040119   ])
2160    , -88.8122    , array([ 0.0419748  ,  1.05242    ,  0.0224717  ,  0.0457191  ])
2164    , -88.6823    , array([ 0.0357651  ,  1.02482    ,  0.0186902  ,  0.0467418  ])
2168    , -88.6726    , array([ 0.0368188  ,  1.0295     ,  0.0193319  ,  0.0465682  ])
2172    , -88.6726    , array([ 0.0368239  ,  1.02952    ,  0.019335   ,  0.0465674  ])
2180    , -230.705    , array([ 0.0368239  ,  1.02952    ,  0.019335   ,  0.0692825  ])
2184    , -88.6724    , array([ 0.0368239  ,  1.02952    ,  0.019335   ,  0.046533   ])
2188    , -88.6724    , array([ 0.0368239  ,  1.02952    ,  0.019335   ,  0.0465421  ])
2192    , -88.7166    , array([ 0.0403452  ,  1.02878    ,  0.0214408  ,  0.0460408  ])
2196    , -88.6691    , array([ 0.0358012  ,  1.02974    ,  0.0187234  ,  0.0466877  ])
2200    , -88.6691    , array([ 0.0358114  ,  1.02974    ,  0.0187295  ,  0.0466863  ])
2204    , -89.5595    , array([ 0.0158198  ,  1.00072    ,  0.00772587 ,  0.0492164  ])
2208    , -88.61      , array([ 0.0272184  ,  1.01726    ,  0.0139998  ,  0.0477738  ])
2212    , -88.61      , array([ 0.0270305  ,  1.01699    ,  0.0138964  ,  0.0477976  ])
2216    , -88.6658    , array([ 0.0305518  ,  1.01625    ,  0.0160022  ,  0.0472963  ])
2220    , -88.6048    , array([ 0.027722   ,  1.01684    ,  0.0143099  ,  0.0476991  ])
2224    , -88.6048    , array([ 0.0277004  ,  1.01685    ,  0.014297   ,  0.0477022  ])
2228    , -89.9233    , array([ 0.042459   ,  1.08245    ,  0.0232844  ,  0.0452716  ])
2232    , -88.624     , array([ 0.0289361  ,  1.02234    ,  0.0150495  ,  0.0474987  ])
2236    , -88.6038    , array([ 0.0279158  ,  1.01781    ,  0.0144281  ,  0.0476667  ])
2244    , -2190.37    , array([ 0.0279133  ,  1.0178     ,  0.0144266  ,  0.238624   ])
2248    , -1149.15    , array([ 0.0279133  ,  1.0178     ,  0.0144266  ,  0.0132253  ])
2252    , -88.639     , array([ 0.0279133  ,  1.0178     ,  0.0144266  ,  0.0480608  ])
2256    , -88.6013    , array([ 0.0279133  ,  1.0178     ,  0.0144266  ,  0.0477488  ])
2260    , -88.6013    , array([ 0.0279133  ,  1.0178     ,  0.0144266  ,  0.047748   ])
2264    , -88.5911    , array([ 0.0253083  ,  1.01401    ,  0.0129928  ,  0.0480777  ])
2268    , -89.5829    , array([ 0.013909   ,  0.996992   ,  0.00676288 ,  0.0495826  ])
2272    , -88.5908    , array([ 0.0248602  ,  1.01336    ,  0.0127462  ,  0.0481344  ])
2276    , -88.5894    , array([ 0.0251197  ,  1.01331    ,  0.0129014  ,  0.0480975  ])
2280    , -88.5894    , array([ 0.0251543  ,  1.0133     ,  0.0129221  ,  0.0480926  ])
2284    , -88.5894    , array([ 0.0251573  ,  1.0133     ,  0.0129238  ,  0.0480921  ])
2288    , -89.1662    , array([ 0.0216732  ,  0.997815   ,  0.0108022  ,  0.0486659  ])
2292    , -88.589     , array([ 0.0252723  ,  1.01381    ,  0.0129939  ,  0.0480732  ])
2296    , -3707.1     , array([ 0.02527    ,  1.0138     ,  0.0129925  ,  1.04807    ])
2300    , -3293.57    , array([ 0.02527    ,  1.0138     ,  0.0129925  ,  0.43004    ])
2304    , -862.088    , array([ 0.02527    ,  1.0138     ,  0.0129925  ,  0.121013   ])
2308    , -91.3124    , array([ 0.02527    ,  1.0138     ,  0.0129925  ,  0.0508525  ])
2312    , -88.5881    , array([ 0.02527    ,  1.0138     ,  0.0129925  ,  0.0481203  ])
2316    , -88.7131    , array([ 0.0394777  ,  1.03443    ,  0.0208125  ,  0.0463226  ])
2320    , -88.5852    , array([ 0.0244504  ,  1.01261    ,  0.0125414  ,  0.0482245  ])
2324    , -88.5842    , array([ 0.0237513  ,  1.0116     ,  0.0121565  ,  0.048313   ])
