225     , -1312.38    , array([ 0.999419   ,  0.104939   ,  5.01491    ,  2.32756    ,  0.0526605  ])
230     , -1411.03    , array([ 1.38139    ,  0.104939   ,  5.01491    ,  2.32756    ,  0.0526605  ])
235     , -1312.38    , array([ 1.00017    ,  0.104939   ,  5.01491    ,  2.32756    ,  0.0526605  ])
250     , -1320.18    , array([ 1.00017    ,  0.107246   ,  5.01491    ,  2.32756    ,  0.0526605  ])
255     , -1312.32    , array([ 1.00017    ,  0.104728   ,  5.01491    ,  2.32756    ,  0.0526605  ])
260     , -1316.55    , array([ 1.00017    ,  0.104728   ,  5.39687    ,  2.32756    ,  0.0526605  ])
265     , -1312.3     , array([ 1.00017    ,  0.104728   ,  5.04316    ,  2.32756    ,  0.0526605  ])
270     , -1322.65    , array([ 1.00017    ,  0.104728   ,  5.04316    ,  2.70952    ,  0.0526605  ])
275     , -1312.28    , array([ 1.00017    ,  0.104728   ,  5.04316    ,  2.34248    ,  0.0526605  ])
280     , -11566.1    , array([ 1.00017    ,  0.104728   ,  5.04316    ,  2.34248    ,  0.434626   ])
285     , -10471.4    , array([ 1.00017    ,  0.104728   ,  5.04316    ,  2.34248    ,  0.0182186  ])
290     , -1312.28    , array([ 1.00017    ,  0.104728   ,  5.04316    ,  2.34248    ,  0.0525706  ])
