8       , -1060.9     , array([ 0.231542   ,  2.33953    ,  0.0837222  ,  0.0703208  ])
12      , -4341.05    , array([ 0.00613044 ,  2.33953    ,  0.0837222  ,  0.0703208  ])
16      , -91.8097    , array([ 0.0413274  ,  2.33953    ,  0.0837222  ,  0.0703208  ])
20      , -91.6851    , array([ 0.0407094  ,  2.33953    ,  0.0837222  ,  0.0703208  ])
24      , -91.6797    , array([ 0.0405923  ,  2.33953    ,  0.0837222  ,  0.0703208  ])
28      , -91.6794    , array([ 0.0405752  ,  2.33953    ,  0.0837222  ,  0.0703208  ])
32      , -91.6794    , array([ 0.0405714  ,  2.33953    ,  0.0837222  ,  0.0703208  ])
36      , -91.6794    , array([ 0.040571   ,  2.33953    ,  0.0837222  ,  0.0703208  ])
40      , -91.6794    , array([ 0.040571   ,  2.33953    ,  0.0837222  ,  0.0703208  ])
44      , -103.265    , array([ 0.040571   ,  1.72149    ,  0.0837222  ,  0.0703208  ])
48      , -92.126     , array([ 0.040571   ,  2.24936    ,  0.0837222  ,  0.0703208  ])
52      , -91.6972    , array([ 0.040571   ,  2.33433    ,  0.0837222  ,  0.0703208  ])
56      , -91.6819    , array([ 0.040571   ,  2.33877    ,  0.0837222  ,  0.0703208  ])
60      , -91.6798    , array([ 0.040571   ,  2.33941    ,  0.0837222  ,  0.0703208  ])
64      , -91.6794    , array([ 0.040571   ,  2.33951    ,  0.0837222  ,  0.0703208  ])
68      , -91.6794    , array([ 0.040571   ,  2.33952    ,  0.0837222  ,  0.0703208  ])
72      , -91.6794    , array([ 0.040571   ,  2.33952    ,  0.0837222  ,  0.0703208  ])
76      , -91.9678    , array([ 0.040571   ,  2.33953    ,  0.0837222  ,  0.0703208  ])
80      , -91.6794    , array([ 0.040571   ,  2.33953    ,  0.0837222  ,  0.0703208  ])
88      , -426.357    , array([ 0.040571   ,  2.33953    ,  0.274695   ,  0.0703208  ])
92      , -91.6775    , array([ 0.040571   ,  2.33953    ,  0.0833344  ,  0.0703208  ])
96      , -17848.2    , array([ 0.040571   ,  2.33953    ,  0.0833344  ,  1.07032    ])
100     , -15360.3    , array([ 0.040571   ,  2.33953    ,  0.0833344  ,  0.452287   ])
104     , -1340.67    , array([ 0.040571   ,  2.33953    ,  0.0833344  ,  0.143223   ])
108     , -91.6762    , array([ 0.040571   ,  2.33953    ,  0.0833344  ,  0.0703881  ])
