1200    , -1310.94    , array([ 0.999278   ,  0.0999166  ,  5.00917    ,  2.48976    ,  0.0499088  ])
1205    , -1403.49    , array([ 1.38124    ,  0.0999166  ,  5.00917    ,  2.48976    ,  0.0499088  ])
1210    , -1310.94    , array([ 0.999282   ,  0.0999166  ,  5.00917    ,  2.48976    ,  0.0499088  ])
1215    , -1310.94    , array([ 0.999286   ,  0.0999166  ,  5.00917    ,  2.48976    ,  0.0499088  ])
1220    , -24619.6    , array([ 0.999286   ,  0.481883   ,  5.00917    ,  2.48976    ,  0.0499088  ])
1225    , -3934.87    , array([ 0.999286   ,  0.0654747  ,  5.00917    ,  2.48976    ,  0.0499088  ])
1230    , -1310.94    , array([ 0.999286   ,  0.0999241  ,  5.00917    ,  2.48976    ,  0.0499088  ])
1235    , -1401.11    , array([ 0.999286   ,  0.0999241  ,  3.39114    ,  2.48976    ,  0.0499088  ])
1240    , -1310.93    , array([ 0.999286   ,  0.0999241  ,  5.00388    ,  2.48976    ,  0.0499088  ])
1245    , -1376.24    , array([ 0.999286   ,  0.0999241  ,  5.00399    ,  3.48976    ,  0.0499088  ])
1250    , -1310.94    , array([ 0.999286   ,  0.0999241  ,  5.00399    ,  2.50398    ,  0.0499088  ])
1255    , -1310.93    , array([ 0.999286   ,  0.0999241  ,  5.00399    ,  2.49303    ,  0.0499088  ])
1260    , -11659.9    , array([ 0.999286   ,  0.0999241  ,  5.00399    ,  2.49303    ,  0.431875   ])
1265    , -12630.1    , array([ 0.999286   ,  0.0999241  ,  5.00399    ,  2.49303    ,  0.015467   ])
1270    , -1310.94    , array([ 0.999286   ,  0.0999241  ,  5.00399    ,  2.49303    ,  0.04987    ])
