216     , -406.106    , array([ 4.82735    ,  0.121441   ,  4.61248    ,  0.428413   ])
220     , -395.693    , array([ 4.20931    ,  0.121441   ,  4.61248    ,  0.428413   ])
224     , -393.111    , array([ 3.80062    ,  0.121441   ,  4.61248    ,  0.428413   ])
232     , -1373.75    , array([ 3.80062    ,  0.312419   ,  4.61248    ,  0.428413   ])
236     , -949.572    , array([ 3.80062    ,  0.086999   ,  4.61248    ,  0.428413   ])
240     , -393.111    , array([ 3.80062    ,  0.121441   ,  4.61248    ,  0.428413   ])
244     , -393.111    , array([ 3.80062    ,  0.121428   ,  4.61248    ,  0.428413   ])
248     , -395.281    , array([ 3.80062    ,  0.121428   ,  3.99445    ,  0.428413   ])
252     , -393.111    , array([ 3.80062    ,  0.121428   ,  4.61783    ,  0.428413   ])
256     , -2335.16    , array([ 3.80062    ,  0.121428   ,  4.61777    ,  1.42841    ])
260     , -2079.51    , array([ 3.80062    ,  0.121428   ,  4.61777    ,  0.810379   ])
264     , -432.4      , array([ 3.80062    ,  0.121428   ,  4.61777    ,  0.456942   ])
268     , -393.111    , array([ 3.80062    ,  0.121428   ,  4.61777    ,  0.428451   ])
