1296    , -393.018    , array([ 32.9817    ,  0.060388   ,  1.95498    ,  0.253859   ])
1300    , -393.016    , array([ 34.3046    ,  0.060388   ,  1.95498    ,  0.253859   ])
1304    , -9473.62    , array([ 34.3016    ,  1.06039    ,  1.95498    ,  0.253859   ])
1308    , -2169.89    , array([ 34.3016    ,  0.442354   ,  1.95498    ,  0.253859   ])
1312    , -2209.45    , array([ 34.3016    ,  0.133332   ,  1.95498    ,  0.253859   ])
1316    , -434.07     , array([ 34.3016    ,  0.0650033  ,  1.95498    ,  0.253859   ])
1320    , -393.016    , array([ 34.3016    ,  0.0603869  ,  1.95498    ,  0.253859   ])
1324    , -458.947    , array([ 34.3016    ,  0.0603869  ,  2.95498    ,  0.253859   ])
1328    , -404.108    , array([ 34.3016    ,  0.0603869  ,  2.33695    ,  0.253859   ])
1332    , -393.016    , array([ 34.3016    ,  0.0603869  ,  1.95535    ,  0.253859   ])
1340    , -2084.27    , array([ 34.3016    ,  0.0603869  ,  1.95535    ,  0.444827   ])
1344    , -681.177    , array([ 34.3016    ,  0.0603869  ,  1.95535    ,  0.219418   ])
1348    , -393.016    , array([ 34.3016    ,  0.0603869  ,  1.95535    ,  0.253865   ])
