8       , -515.135    , array([ 0.274292   ,  1.79172    ,  0.366862   ,  0.0360159  ])
12      , -668.459    , array([ 0.015401   ,  1.79172    ,  0.366862   ,  0.0360159  ])
16      , -94.9701    , array([ 0.0836497  ,  1.79172    ,  0.366862   ,  0.0360159  ])
20      , -94.9701    , array([ 0.0836413  ,  1.79172    ,  0.366862   ,  0.0360159  ])
24      , -118.22     , array([ 0.0836413  ,  1.17369    ,  0.366862   ,  0.0360159  ])
28      , -94.9677    , array([ 0.0836413  ,  1.801      ,  0.366862   ,  0.0360159  ])
32      , -94.9677    , array([ 0.0836413  ,  1.80039    ,  0.366862   ,  0.0360159  ])
40      , -95.0231    , array([ 0.0836413  ,  1.80039    ,  0.367924   ,  0.0360159  ])
44      , -95.5677    , array([ 0.0836413  ,  1.80039    ,  0.366426   ,  0.0360159  ])
48      , -94.9568    , array([ 0.0836413  ,  1.80039    ,  0.366632   ,  0.0360159  ])
52      , -95.572     , array([ 0.0836413  ,  1.80039    ,  0.366539   ,  0.0360159  ])
60      , -3951.46    , array([ 0.0836413  ,  1.80039    ,  0.366544   ,  0.226942   ])
64      , -1769.4     , array([ 0.0836413  ,  1.80039    ,  0.366544   ,  0.00157408 ])
68      , -95.0102    , array([ 0.0836413  ,  1.80039    ,  0.366544   ,  0.0363323  ])
72      , -94.9612    , array([ 0.0836413  ,  1.80039    ,  0.366544   ,  0.0361383  ])
76      , -94.9528    , array([ 0.0836413  ,  1.80039    ,  0.366544   ,  0.0360209  ])
80      , -94.9528    , array([ 0.0836413  ,  1.80039    ,  0.366544   ,  0.0360184  ])
84      , -94.9528    , array([ 0.0836413  ,  1.80039    ,  0.366544   ,  0.0360184  ])
96      , -98.1536    , array([ 0.0737232  ,  1.80039    ,  0.366544   ,  0.0360184  ])
100     , -94.9528    , array([ 0.0836442  ,  1.80039    ,  0.366544   ,  0.0360184  ])
104     , -94.9528    , array([ 0.0836441  ,  1.80039    ,  0.366544   ,  0.0360184  ])
108     , -111.89     , array([ 0.0836441  ,  2.80039    ,  0.366544   ,  0.0360184  ])
112     , -98.5218    , array([ 0.0836441  ,  2.18236    ,  0.366544   ,  0.0360184  ])
116     , -94.9526    , array([ 0.0836441  ,  1.80266    ,  0.366544   ,  0.0360184  ])
120     , -2811.15    , array([ 0.0836441  ,  1.80266    ,  1.36654    ,  0.0360184  ])
124     , -575.173    , array([ 0.0836441  ,  1.80266    ,  0.74851    ,  0.0360184  ])
128     , -95.4942    , array([ 0.0836441  ,  1.80266    ,  0.363709   ,  0.0360184  ])
132     , -95.5705    , array([ 0.0836441  ,  1.80266    ,  0.366386   ,  0.0360184  ])
136     , -95.5757    , array([ 0.0836441  ,  1.80266    ,  0.366521   ,  0.0360184  ])
140     , -95.5765    , array([ 0.0836441  ,  1.80266    ,  0.366541   ,  0.0360184  ])
144     , -94.9526    , array([ 0.0836441  ,  1.80266    ,  0.366543   ,  0.0360184  ])
148     , -94.9526    , array([ 0.0836441  ,  1.80266    ,  0.366543   ,  0.0360184  ])
152     , -94.9525    , array([ 0.0836441  ,  1.80266    ,  0.366542   ,  0.0360184  ])
164     , -226.966    , array([ 0.0836441  ,  1.80266    ,  0.366542   ,  0.0228628  ])
168     , -94.9524    , array([ 0.0836441  ,  1.80266    ,  0.366542   ,  0.0360037  ])
