5       , -1311.11    , array([ 1.00275    ,  0.101689   ,  0.0508254  ,  5.00655    ,  2.43272    ])
10      , -1311.2     , array([ 1.00917    ,  0.101689   ,  0.0508254  ,  5.00655    ,  2.43272    ])
15      , -1311.1     , array([ 1.00005    ,  0.101689   ,  0.0508254  ,  5.00655    ,  2.43272    ])
20      , -24322.2    , array([ 1.00005    ,  0.483655   ,  0.0508254  ,  5.00655    ,  2.43272    ])
25      , -3821.48    , array([ 1.00005    ,  0.0672467  ,  0.0508254  ,  5.00655    ,  2.43272    ])
30      , -1311.1     , array([ 1.00005    ,  0.101645   ,  0.0508254  ,  5.00655    ,  2.43272    ])
45      , -1972.09    , array([ 1.00005    ,  0.101645   ,  0.0376698  ,  5.00655    ,  2.43272    ])
50      , -1311.1     , array([ 1.00005    ,  0.101645   ,  0.0507865  ,  5.00655    ,  2.43272    ])
55      , -1311.1     , array([ 1.00005    ,  0.101645   ,  0.0507869  ,  5.00655    ,  2.43272    ])
60      , -1311.09    , array([ 1.00005    ,  0.101645   ,  0.0507869  ,  5.01599    ,  2.43272    ])
65      , -1311.09    , array([ 1.00005    ,  0.101645   ,  0.0507869  ,  5.01609    ,  2.43272    ])
70      , -1311.09    , array([ 1.00005    ,  0.101645   ,  0.0507869  ,  5.01609    ,  2.4354     ])
