225     , -1310.97    , array([ 1.00153    ,  0.100271   ,  0.0502166  ,  5.01058    ,  2.50706    ])
230     , -1405.18    , array([ 1.3835     ,  0.100271   ,  0.0502166  ,  5.01058    ,  2.50706    ])
235     , -1310.96    , array([ 0.999064   ,  0.100271   ,  0.0502166  ,  5.01058    ,  2.50706    ])
250     , -1320.92    , array([ 0.999089   ,  0.103038   ,  0.0502166  ,  5.01058    ,  2.50706    ])
255     , -1310.96    , array([ 0.999089   ,  0.100319   ,  0.0502166  ,  5.01058    ,  2.50706    ])
265     , -5082.64    , array([ 0.999089   ,  0.100319   ,  0.123134   ,  5.01058    ,  2.50706    ])
270     , -1312.63    , array([ 0.999089   ,  0.100319   ,  0.0510067  ,  5.01058    ,  2.50706    ])
275     , -1310.96    , array([ 0.999089   ,  0.100319   ,  0.0501924  ,  5.01058    ,  2.50706    ])
280     , -1341.49    , array([ 0.999089   ,  0.100319   ,  0.0502127  ,  6.01058    ,  2.50706    ])
285     , -1310.96    , array([ 0.999089   ,  0.100319   ,  0.0502127  ,  5.01698    ,  2.50706    ])
290     , -1310.96    , array([ 0.999089   ,  0.100319   ,  0.0502127  ,  5.01111    ,  2.50706    ])
295     , -1534.65    , array([ 0.999089   ,  0.100319   ,  0.0502127  ,  5.01112    ,  0.889027   ])
300     , -1310.96    , array([ 0.999089   ,  0.100319   ,  0.0502127  ,  5.01112    ,  2.50654    ])
305     , -1310.96    , array([ 0.999089   ,  0.100319   ,  0.0502127  ,  5.01112    ,  2.50677    ])
