225     , -1310.98    , array([ 0.998789   ,  0.100661   ,  0.0503021  ,  5.01237    ,  2.47557    ])
230     , -1404.39    , array([ 1.38076    ,  0.100661   ,  0.0503021  ,  5.01237    ,  2.47557    ])
235     , -1310.98    , array([ 0.999195   ,  0.100661   ,  0.0503021  ,  5.01237    ,  2.47557    ])
240     , -1310.98    , array([ 0.999207   ,  0.100661   ,  0.0503021  ,  5.01237    ,  2.47557    ])
245     , -24505.8    , array([ 0.999207   ,  0.482627   ,  0.0503021  ,  5.01237    ,  2.47557    ])
250     , -3887.99    , array([ 0.999207   ,  0.0662191  ,  0.0503021  ,  5.01237    ,  2.47557    ])
255     , -1310.98    , array([ 0.999207   ,  0.100638   ,  0.0503021  ,  5.01237    ,  2.47557    ])
270     , -1991.34    , array([ 0.999207   ,  0.100638   ,  0.0371465  ,  5.01237    ,  2.47557    ])
275     , -1310.98    , array([ 0.999207   ,  0.100638   ,  0.0502947  ,  5.01237    ,  2.47557    ])
280     , -1402.94    , array([ 0.999207   ,  0.100638   ,  0.0502947  ,  3.39433    ,  2.47557    ])
285     , -1310.98    , array([ 0.999207   ,  0.100638   ,  0.0502947  ,  5.01454    ,  2.47557    ])
290     , -1537.61    , array([ 0.999207   ,  0.100638   ,  0.0502947  ,  5.01457    ,  0.857541   ])
295     , -1310.98    , array([ 0.999207   ,  0.100638   ,  0.0502947  ,  5.01457    ,  2.4792     ])
