8       , -33376.4    , array([ 0.193576   ,  15.5713    ,  0.00685352 ,  0.0190438  ])
20      , -27484      , array([ 0.00193149 ,  15.5713    ,  0.00685352 ,  0.0190438  ])
24      , -23925.1    , array([ 0.00267309 ,  15.5713    ,  0.00685352 ,  0.0190438  ])
28      , -23925      , array([ 0.00266824 ,  15.5713    ,  0.00685352 ,  0.0190438  ])
32      , -23925      , array([ 0.00266824 ,  17.1893    ,  0.00685352 ,  0.0190438  ])
36      , -23925      , array([ 0.00266824 ,  16.3537    ,  0.00685352 ,  0.0190438  ])
40      , -23925      , array([ 0.00266824 ,  16.3616    ,  0.00685352 ,  0.0190438  ])
48      , -65459.5    , array([ 0.00266824 ,  16.3616    ,  0.0346685  ,  0.0190438  ])
52      , -24168.6    , array([ 0.00266824 ,  16.3616    ,  0.00752814 ,  0.0190438  ])
56      , -23925      , array([ 0.00266824 ,  16.3616    ,  0.00684628 ,  0.0190438  ])
60      , -23925      , array([ 0.00266824 ,  16.3616    ,  0.00684621 ,  0.0190438  ])
68      , -26914.8    , array([ 0.00266824 ,  16.3616    ,  0.00684621 ,  0.0468783  ])
72      , -23937.5    , array([ 0.00266824 ,  16.3616    ,  0.00684621 ,  0.0201383  ])
76      , -23924.9    , array([ 0.00266824 ,  16.3616    ,  0.00684621 ,  0.0190001  ])
