296     , -392.966    , array([ 0.931466   ,  0.0175481  ,  0.927749   ,  0.0763669  ])
300     , -392.966    , array([ 0.930535   ,  0.0175481  ,  0.927749   ,  0.0763669  ])
304     , -1399.72    , array([ 0.891368   ,  0.00903192 ,  0.928542   ,  0.0357569  ])
308     , -393.024    , array([ 0.93022    ,  0.0174564  ,  0.927755   ,  0.0759122  ])
312     , -392.98     , array([ 0.93022    ,  0.0174564  ,  0.927755   ,  0.0759881  ])
316     , -392.986    , array([ 0.930483   ,  0.0175504  ,  0.92775    ,  0.0762913  ])
320     , -392.966    , array([ 0.930525   ,  0.0175451  ,  0.927749   ,  0.0763522  ])
324     , -392.976    , array([ 0.930525   ,  0.0175451  ,  0.927749   ,  0.0764286  ])
328     , -392.977    , array([ 0.930533   ,  0.017565   ,  0.927749   ,  0.076364   ])
332     , -392.966    , array([ 0.930535   ,  0.0175479  ,  0.927749   ,  0.0763663  ])
336     , -392.978    , array([ 0.930535   ,  0.0175479  ,  0.927749   ,  0.0764428  ])
340     , -392.976    , array([ 0.930535   ,  0.0175656  ,  0.927749   ,  0.0763668  ])
344     , -392.966    , array([ 0.930535   ,  0.017548   ,  0.927749   ,  0.0763669  ])
348     , -392.978    , array([ 0.930535   ,  0.017548   ,  0.927749   ,  0.0764433  ])
352     , -392.976    , array([ 0.930535   ,  0.0175656  ,  0.927749   ,  0.0763669  ])
356     , -392.966    , array([ 0.930535   ,  0.0175481  ,  0.927749   ,  0.0763669  ])
360     , -392.978    , array([ 0.930535   ,  0.0175481  ,  0.927749   ,  0.0764433  ])
364     , -392.976    , array([ 0.930535   ,  0.0175656  ,  0.927749   ,  0.0763669  ])
368     , -392.966    , array([ 0.930535   ,  0.0175481  ,  0.927749   ,  0.0763669  ])
372     , -392.978    , array([ 0.930535   ,  0.0175481  ,  0.927749   ,  0.0764433  ])
376     , -392.976    , array([ 0.930535   ,  0.0175656  ,  0.927749   ,  0.0763669  ])
380     , -392.966    , array([ 0.930535   ,  0.0175481  ,  0.927749   ,  0.0763669  ])
384     , -392.978    , array([ 0.930535   ,  0.0175481  ,  0.927749   ,  0.0764433  ])
388     , -392.976    , array([ 0.930535   ,  0.0175656  ,  0.927749   ,  0.0763669  ])
392     , -392.966    , array([ 0.930535   ,  0.0175481  ,  0.927749   ,  0.0763669  ])
396     , -392.978    , array([ 0.930535   ,  0.0175481  ,  0.927749   ,  0.0764433  ])
400     , -392.976    , array([ 0.930535   ,  0.0175656  ,  0.927749   ,  0.0763669  ])
404     , -392.966    , array([ 0.930535   ,  0.0175481  ,  0.927749   ,  0.0763669  ])
408     , -392.978    , array([ 0.930535   ,  0.0175481  ,  0.927749   ,  0.0764433  ])
412     , -392.976    , array([ 0.930535   ,  0.0175656  ,  0.927749   ,  0.0763669  ])
416     , -392.966    , array([ 0.930535   ,  0.0175481  ,  0.927749   ,  0.0763669  ])
420     , -392.978    , array([ 0.930535   ,  0.0175481  ,  0.927749   ,  0.0764433  ])
424     , -392.976    , array([ 0.930535   ,  0.0175656  ,  0.927749   ,  0.0763669  ])
428     , -392.966    , array([ 0.930535   ,  0.0175481  ,  0.927749   ,  0.0763669  ])
432     , -392.978    , array([ 0.930535   ,  0.0175481  ,  0.927749   ,  0.0764433  ])
436     , -392.976    , array([ 0.930535   ,  0.0175656  ,  0.927749   ,  0.0763669  ])
440     , -392.966    , array([ 0.930535   ,  0.0175481  ,  0.927749   ,  0.0763669  ])
444     , -392.978    , array([ 0.930535   ,  0.0175481  ,  0.927749   ,  0.0764433  ])
448     , -392.976    , array([ 0.930535   ,  0.0175656  ,  0.927749   ,  0.0763669  ])
452     , -392.966    , array([ 0.930535   ,  0.0175481  ,  0.927749   ,  0.0763669  ])
456     , -392.978    , array([ 0.930535   ,  0.0175481  ,  0.927749   ,  0.0764433  ])
460     , -392.976    , array([ 0.930535   ,  0.0175656  ,  0.927749   ,  0.0763669  ])
464     , -392.966    , array([ 0.930535   ,  0.0175481  ,  0.927749   ,  0.0763669  ])
468     , -392.978    , array([ 0.930535   ,  0.0175481  ,  0.927749   ,  0.0764433  ])
472     , -392.976    , array([ 0.930535   ,  0.0175656  ,  0.927749   ,  0.0763669  ])
476     , -392.966    , array([ 0.930535   ,  0.0175481  ,  0.927749   ,  0.0763669  ])
480     , -392.978    , array([ 0.930535   ,  0.0175481  ,  0.927749   ,  0.0764433  ])
484     , -392.976    , array([ 0.930535   ,  0.0175656  ,  0.927749   ,  0.0763669  ])
488     , -392.966    , array([ 0.930535   ,  0.0175481  ,  0.927749   ,  0.0763669  ])
492     , -392.978    , array([ 0.930535   ,  0.0175481  ,  0.927749   ,  0.0764433  ])
496     , -392.976    , array([ 0.930535   ,  0.0175656  ,  0.927749   ,  0.0763669  ])
500     , -392.966    , array([ 0.930535   ,  0.0175481  ,  0.927749   ,  0.0763669  ])
504     , -392.978    , array([ 0.930535   ,  0.0175481  ,  0.927749   ,  0.0764433  ])
508     , -392.976    , array([ 0.930535   ,  0.0175656  ,  0.927749   ,  0.0763669  ])
512     , -392.966    , array([ 0.930535   ,  0.0175481  ,  0.927749   ,  0.0763669  ])
516     , -392.978    , array([ 0.930535   ,  0.0175481  ,  0.927749   ,  0.0764433  ])
520     , -392.976    , array([ 0.930535   ,  0.0175656  ,  0.927749   ,  0.0763669  ])
524     , -392.966    , array([ 0.930535   ,  0.0175481  ,  0.927749   ,  0.0763669  ])
528     , -392.978    , array([ 0.930535   ,  0.0175481  ,  0.927749   ,  0.0764433  ])
532     , -392.976    , array([ 0.930535   ,  0.0175656  ,  0.927749   ,  0.0763669  ])
536     , -392.966    , array([ 0.930535   ,  0.0175481  ,  0.927749   ,  0.0763669  ])
540     , -392.978    , array([ 0.930535   ,  0.0175481  ,  0.927749   ,  0.0764433  ])
544     , -392.976    , array([ 0.930535   ,  0.0175656  ,  0.927749   ,  0.0763669  ])
548     , -392.966    , array([ 0.930535   ,  0.0175481  ,  0.927749   ,  0.0763669  ])
552     , -392.978    , array([ 0.930535   ,  0.0175481  ,  0.927749   ,  0.0764433  ])
556     , -392.976    , array([ 0.930535   ,  0.0175656  ,  0.927749   ,  0.0763669  ])
560     , -392.966    , array([ 0.930535   ,  0.0175481  ,  0.927749   ,  0.0763669  ])
564     , -392.978    , array([ 0.930535   ,  0.0175481  ,  0.927749   ,  0.0764433  ])
568     , -392.976    , array([ 0.930535   ,  0.0175656  ,  0.927749   ,  0.0763669  ])
572     , -392.966    , array([ 0.930535   ,  0.0175481  ,  0.927749   ,  0.0763669  ])
576     , -392.978    , array([ 0.930535   ,  0.0175481  ,  0.927749   ,  0.0764433  ])
580     , -392.976    , array([ 0.930535   ,  0.0175656  ,  0.927749   ,  0.0763669  ])
584     , -392.966    , array([ 0.930535   ,  0.0175481  ,  0.927749   ,  0.0763669  ])
588     , -392.978    , array([ 0.930535   ,  0.0175481  ,  0.927749   ,  0.0764433  ])
592     , -392.976    , array([ 0.930535   ,  0.0175656  ,  0.927749   ,  0.0763669  ])
596     , -392.966    , array([ 0.930535   ,  0.0175481  ,  0.927749   ,  0.0763669  ])
600     , -392.978    , array([ 0.930535   ,  0.0175481  ,  0.927749   ,  0.0764433  ])
604     , -392.976    , array([ 0.930535   ,  0.0175656  ,  0.927749   ,  0.0763669  ])
608     , -392.966    , array([ 0.930535   ,  0.0175481  ,  0.927749   ,  0.0763669  ])
612     , -392.978    , array([ 0.930535   ,  0.0175481  ,  0.927749   ,  0.0764433  ])
616     , -392.976    , array([ 0.930535   ,  0.0175656  ,  0.927749   ,  0.0763669  ])
620     , -392.966    , array([ 0.930535   ,  0.0175481  ,  0.927749   ,  0.0763669  ])
624     , -392.978    , array([ 0.930535   ,  0.0175481  ,  0.927749   ,  0.0764433  ])
628     , -392.976    , array([ 0.930535   ,  0.0175656  ,  0.927749   ,  0.0763669  ])
632     , -392.966    , array([ 0.930535   ,  0.0175481  ,  0.927749   ,  0.0763669  ])
636     , -392.978    , array([ 0.930535   ,  0.0175481  ,  0.927749   ,  0.0764433  ])
640     , -392.976    , array([ 0.930535   ,  0.0175656  ,  0.927749   ,  0.0763669  ])
644     , -392.966    , array([ 0.930535   ,  0.0175481  ,  0.927749   ,  0.0763669  ])
648     , -392.978    , array([ 0.930535   ,  0.0175481  ,  0.927749   ,  0.0764433  ])
652     , -392.976    , array([ 0.930535   ,  0.0175656  ,  0.927749   ,  0.0763669  ])
656     , -392.966    , array([ 0.930535   ,  0.0175481  ,  0.927749   ,  0.0763669  ])
660     , -392.978    , array([ 0.930535   ,  0.0175481  ,  0.927749   ,  0.0764433  ])
664     , -392.976    , array([ 0.930535   ,  0.0175656  ,  0.927749   ,  0.0763669  ])
668     , -392.966    , array([ 0.930535   ,  0.0175481  ,  0.927749   ,  0.0763669  ])
672     , -392.978    , array([ 0.930535   ,  0.0175481  ,  0.927749   ,  0.0764433  ])
676     , -392.976    , array([ 0.930535   ,  0.0175656  ,  0.927749   ,  0.0763669  ])
680     , -392.966    , array([ 0.930535   ,  0.0175481  ,  0.927749   ,  0.0763669  ])
684     , -392.978    , array([ 0.930535   ,  0.0175481  ,  0.927749   ,  0.0764433  ])
688     , -392.976    , array([ 0.930535   ,  0.0175656  ,  0.927749   ,  0.0763669  ])
692     , -392.966    , array([ 0.930535   ,  0.0175481  ,  0.927749   ,  0.0763669  ])
696     , -392.978    , array([ 0.930535   ,  0.0175481  ,  0.927749   ,  0.0764433  ])
700     , -392.976    , array([ 0.930535   ,  0.0175656  ,  0.927749   ,  0.0763669  ])
704     , -392.966    , array([ 0.930535   ,  0.0175481  ,  0.927749   ,  0.0763669  ])
708     , -392.978    , array([ 0.930535   ,  0.0175481  ,  0.927749   ,  0.0764433  ])
712     , -392.976    , array([ 0.930535   ,  0.0175656  ,  0.927749   ,  0.0763669  ])
716     , -392.966    , array([ 0.930535   ,  0.0175481  ,  0.927749   ,  0.0763669  ])
720     , -392.978    , array([ 0.930535   ,  0.0175481  ,  0.927749   ,  0.0764433  ])
724     , -392.976    , array([ 0.930535   ,  0.0175656  ,  0.927749   ,  0.0763669  ])
728     , -392.966    , array([ 0.930535   ,  0.0175481  ,  0.927749   ,  0.0763669  ])
732     , -392.978    , array([ 0.930535   ,  0.0175481  ,  0.927749   ,  0.0764433  ])
736     , -392.976    , array([ 0.930535   ,  0.0175656  ,  0.927749   ,  0.0763669  ])
740     , -392.966    , array([ 0.930535   ,  0.0175481  ,  0.927749   ,  0.0763669  ])
744     , -392.978    , array([ 0.930535   ,  0.0175481  ,  0.927749   ,  0.0764433  ])
748     , -392.976    , array([ 0.930535   ,  0.0175656  ,  0.927749   ,  0.0763669  ])
752     , -392.966    , array([ 0.930535   ,  0.0175481  ,  0.927749   ,  0.0763669  ])
756     , -392.978    , array([ 0.930535   ,  0.0175481  ,  0.927749   ,  0.0764433  ])
760     , -392.976    , array([ 0.930535   ,  0.0175656  ,  0.927749   ,  0.0763669  ])
764     , -633.97     , array([ 0.910741   ,  0.0125831  ,  0.928145   ,  0.0522556  ])
768     , -393.013    , array([ 0.930252   ,  0.0174655  ,  0.927754   ,  0.0759573  ])
772     , -392.966    , array([ 0.930529   ,  0.0175463  ,  0.927749   ,  0.0763581  ])
