2064    , -901.041    , array([ 0.298038   ,  3.2722     ,  0.0584719  ,  0.0456975  ])
2068    , -228.133    , array([ 0.0726257  ,  3.2722     ,  0.0584719  ,  0.0456975  ])
2072    , -105.721    , array([ 0.106659   ,  3.2722     ,  0.0584719  ,  0.0456975  ])
2076    , -108.753    , array([ 0.106663   ,  4.2722     ,  0.0584719  ,  0.0456975  ])
2080    , -106.281    , array([ 0.106663   ,  3.65417    ,  0.0584719  ,  0.0456975  ])
2084    , -105.721    , array([ 0.106663   ,  3.26751    ,  0.0584719  ,  0.0456975  ])
2088    , -105.721    , array([ 0.106663   ,  3.2674     ,  0.0584719  ,  0.0456975  ])
2092    , -105.721    , array([ 0.106663   ,  3.26747    ,  0.0584719  ,  0.0456975  ])
2100    , -105.74     , array([ 0.106663   ,  3.26747    ,  0.0586174  ,  0.0456975  ])
2104    , -105.699    , array([ 0.106663   ,  3.26747    ,  0.0580843  ,  0.0456975  ])
2108    , -105.699    , array([ 0.106663   ,  3.26747    ,  0.0580881  ,  0.0456975  ])
2116    , -184.521    , array([ 0.106663   ,  3.26747    ,  0.0580881  ,  0.0612927  ])
2120    , -105.697    , array([ 0.106663   ,  3.26747    ,  0.0580881  ,  0.045771   ])
2124    , -105.664    , array([ 0.106258   ,  3.26273    ,  0.0577044  ,  0.0458446  ])
2128    , -105.468    , array([ 0.0999979  ,  3.18945    ,  0.0517692  ,  0.0469822  ])
2132    , -105.458    , array([ 0.102139   ,  3.21451    ,  0.053799   ,  0.0465931  ])
2136    , -105.451    , array([ 0.101267   ,  3.2043     ,  0.0529724  ,  0.0467516  ])
2144    , -31716.8    , array([ 0.011097   ,  3.2043     ,  0.0529724  ,  0.0467516  ])
2148    , -105.746    , array([ 0.102292   ,  3.2043     ,  0.0529724  ,  0.0467516  ])
2152    , -105.304    , array([ 0.0999045  ,  3.2043     ,  0.0529724  ,  0.0467516  ])
2156    , -105.304    , array([ 0.0998907  ,  3.2043     ,  0.0529724  ,  0.0467516  ])
2160    , -105.228    , array([ 0.0998907  ,  3.34076    ,  0.0529724  ,  0.0467516  ])
2164    , -105.228    , array([ 0.0998907  ,  3.33386    ,  0.0529724  ,  0.0467516  ])
2176    , -172.196    , array([ 0.0998907  ,  3.33386    ,  0.0529724  ,  0.0610244  ])
2180    , -105.226    , array([ 0.0998907  ,  3.33386    ,  0.0529724  ,  0.0468148  ])
2184    , -105.03     , array([ 0.0944949  ,  3.27069    ,  0.0478567  ,  0.0477954  ])
2188    , -105.035    , array([ 0.0965559  ,  3.29482    ,  0.0498107  ,  0.0474209  ])
2192    , -105.304    , array([ 0.084123   ,  3.29495    ,  0.0393281  ,  0.0494934  ])
2196    , -105.02     , array([ 0.0953929  ,  3.28121    ,  0.0487081  ,  0.0476322  ])
2204    , -119.987    , array([ 0.108782   ,  3.28121    ,  0.0487081  ,  0.0476322  ])
2208    , -104.979    , array([ 0.0947094  ,  3.28121    ,  0.0487081  ,  0.0476322  ])
2212    , -136.784    , array([ 0.0947094  ,  1.66317    ,  0.0487081  ,  0.0476322  ])
2216    , -104.929    , array([ 0.0947094  ,  3.41912    ,  0.0487081  ,  0.0476322  ])
2220    , -104.926    , array([ 0.0947094  ,  3.39041    ,  0.0487081  ,  0.0476322  ])
2224    , -104.926    , array([ 0.0947094  ,  3.39152    ,  0.0487081  ,  0.0476322  ])
2232    , -661.485    , array([ 0.0947094  ,  3.39152    ,  0.0487081  ,  0.0173147  ])
2236    , -104.914    , array([ 0.0947094  ,  3.39152    ,  0.0487081  ,  0.0478102  ])
2240    , -104.914    , array([ 0.0947094  ,  3.39152    ,  0.0487081  ,  0.0478059  ])
2244    , -105.278    , array([ 0.0859787  ,  3.28932    ,  0.0404307  ,  0.0493925  ])
2248    , -104.771    , array([ 0.0914079  ,  3.35287    ,  0.045578   ,  0.0484059  ])
2252    , -104.473    , array([ 0.0808544  ,  3.53908    ,  0.037269   ,  0.0504533  ])
2256    , -104.477    , array([ 0.081803   ,  3.52225    ,  0.0380153  ,  0.0502692  ])
2260    , -104.473    , array([ 0.0807386  ,  3.54113    ,  0.0371778  ,  0.0504757  ])
2272    , -106.44     , array([ 0.0840975  ,  3.54113    ,  0.0371778  ,  0.0504757  ])
2276    , -104.387    , array([ 0.0798811  ,  3.54113    ,  0.0371778  ,  0.0504757  ])
2280    , -104.387    , array([ 0.0798895  ,  3.54113    ,  0.0371778  ,  0.0504757  ])
2284    , -104.381    , array([ 0.0798895  ,  3.49472    ,  0.0371778  ,  0.0504757  ])
2288    , -104.381    , array([ 0.0798895  ,  3.50318    ,  0.0371778  ,  0.0504757  ])
2292    , -104.381    , array([ 0.0798895  ,  3.5028     ,  0.0371778  ,  0.0504757  ])
2300    , -321.225    , array([ 0.0798895  ,  3.5028     ,  0.0371778  ,  0.078327   ])
2304    , -104.313    , array([ 0.0798895  ,  3.5028     ,  0.0371778  ,  0.0509067  ])
2308    , -104.416    , array([ 0.0692536  ,  3.69145    ,  0.0288093  ,  0.0529662  ])
2312    , -104.251    , array([ 0.075827   ,  3.57486    ,  0.0339814  ,  0.0516907  ])
2316    , -104.249    , array([ 0.0750171  ,  3.58922    ,  0.0333442  ,  0.0518479  ])
2320    , -2996.13    , array([ 1.07502    ,  3.58922    ,  0.0333442  ,  0.0518479  ])
2324    , -1902.43    , array([ 0.456983   ,  3.58922    ,  0.0333442  ,  0.0518479  ])
2328    , -447.299    , array([ 0.147961   ,  3.58922    ,  0.0333442  ,  0.0518479  ])
2332    , -104.318    , array([ 0.0740228  ,  3.58922    ,  0.0333442  ,  0.0518479  ])
2336    , -104.24     , array([ 0.0747605  ,  3.58922    ,  0.0333442  ,  0.0518479  ])
2340    , -104.24     , array([ 0.074763   ,  3.58922    ,  0.0333442  ,  0.0518479  ])
2344    , -104.177    , array([ 0.074763   ,  3.44278    ,  0.0333442  ,  0.0518479  ])
2348    , -104.175    , array([ 0.074763   ,  3.46256    ,  0.0333442  ,  0.0518479  ])
2360    , -133.676    , array([ 0.074763   ,  3.46256    ,  0.0333442  ,  0.0436314  ])
2364    , -104.102    , array([ 0.074763   ,  3.46256    ,  0.0333442  ,  0.0522958  ])
2368    , -104.787    , array([ 0.0919724  ,  3.15732    ,  0.0468848  ,  0.0489565  ])
2372    , -104.076    , array([ 0.0718693  ,  3.51388    ,  0.0310674  ,  0.0528573  ])
2376    , -104.076    , array([ 0.0720752  ,  3.51023    ,  0.0312293  ,  0.0528173  ])
2380    , -103.7      , array([ 0.0644693  ,  3.30173    ,  0.0257683  ,  0.0553367  ])
2384    , -103.832    , array([ 0.0545053  ,  3.03015    ,  0.0186119  ,  0.0586324  ])
2388    , -103.606    , array([ 0.0598162  ,  3.1749     ,  0.0224264  ,  0.0568757  ])
2392    , -103.606    , array([ 0.0599379  ,  3.17822    ,  0.0225138  ,  0.0568355  ])
2400    , -192.856    , array([ 0.0846855  ,  3.17822    ,  0.0225138  ,  0.0568355  ])
2404    , -103.546    , array([ 0.0593718  ,  3.17822    ,  0.0225138  ,  0.0568355  ])
2408    , -103.546    , array([ 0.0593966  ,  3.17822    ,  0.0225138  ,  0.0568355  ])
2412    , -106.991    , array([ 0.0593966  ,  2.56018    ,  0.0225138  ,  0.0568355  ])
2416    , -103.529    , array([ 0.0593966  ,  3.23264    ,  0.0225138  ,  0.0568355  ])
2420    , -106.43     , array([ 0.0487606  ,  3.42129    ,  0.0141452  ,  0.0588993  ])
2424    , -103.78     , array([ 0.055334   ,  3.3047     ,  0.0193173  ,  0.0576238  ])
2428    , -103.529    , array([ 0.059382   ,  3.2329     ,  0.0225023  ,  0.0568383  ])
2432    , -103.529    , array([ 0.0593726  ,  3.23307    ,  0.0224949  ,  0.0568401  ])
2436    , -103.529    , array([ 0.0593769  ,  3.23299    ,  0.0224982  ,  0.0568393  ])
2440    , -104.587    , array([ 0.0790583  ,  3.76944    ,  0.0366341  ,  0.0503295  ])
2444    , -103.484    , array([ 0.0564636  ,  3.1536     ,  0.0204059  ,  0.0578029  ])
2448    , -103.484    , array([ 0.0566051  ,  3.15745    ,  0.0205075  ,  0.0577561  ])
2456    , -1308.23    , array([ 0.247545   ,  3.15669    ,  0.0204873  ,  0.0577653  ])
2460    , -1072.35    , array([ 0.0221352  ,  3.15669    ,  0.0204873  ,  0.0577653  ])
2464    , -103.523    , array([ 0.0568569  ,  3.15669    ,  0.0204873  ,  0.0577653  ])
2468    , -103.477    , array([ 0.0564099  ,  3.15669    ,  0.0204873  ,  0.0577653  ])
2472    , -103.477    , array([ 0.0564082  ,  3.15669    ,  0.0204873  ,  0.0577653  ])
2476    , -103.454    , array([ 0.0564082  ,  3.2147     ,  0.0204873  ,  0.0577653  ])
2480    , -103.454    , array([ 0.0564082  ,  3.21944    ,  0.0204873  ,  0.0577653  ])
2484    , -103.9      , array([ 0.0629816  ,  3.10284    ,  0.0256594  ,  0.0564898  ])
2488    , -103.454    , array([ 0.0565176  ,  3.2175     ,  0.0205734  ,  0.0577441  ])
2492    , -103.454    , array([ 0.0565187  ,  3.21748    ,  0.0205743  ,  0.0577439  ])
2496    , -103.454    , array([ 0.0565176  ,  3.2175     ,  0.0205734  ,  0.0577441  ])
2500    , -103.426    , array([ 0.0540397  ,  3.14996    ,  0.0187937  ,  0.0585637  ])
2504    , -103.423    , array([ 0.053403   ,  3.1326     ,  0.0183364  ,  0.0587743  ])
2508    , -103.549    , array([ 0.0452047  ,  3.07259    ,  0.0127854  ,  0.0613789  ])
2512    , -103.406    , array([ 0.0508244  ,  3.11415    ,  0.0165913  ,  0.0595932  ])
2516    , -2986.99    , array([ 1.0508     ,  3.11396    ,  0.0165736  ,  0.0596015  ])
2520    , -2081.97    , array([ 0.432764   ,  3.11396    ,  0.0165736  ,  0.0596015  ])
2524    , -602.494    , array([ 0.123741   ,  3.11396    ,  0.0165736  ,  0.0596015  ])
2528    , -107.413    , array([ 0.0544804  ,  3.11396    ,  0.0165736  ,  0.0596015  ])
2532    , -103.385    , array([ 0.0505246  ,  3.11396    ,  0.0165736  ,  0.0596015  ])
2536    , -149.874    , array([ 0.0505246  ,  1.49592    ,  0.0165736  ,  0.0596015  ])
2540    , -103.392    , array([ 0.0505246  ,  3.20891    ,  0.0165736  ,  0.0596015  ])
2544    , -103.374    , array([ 0.0505246  ,  3.15465    ,  0.0165736  ,  0.0596015  ])
2548    , -103.374    , array([ 0.0505246  ,  3.15465    ,  0.0165736  ,  0.0596015  ])
2552    , -103.378    , array([ 0.0503461  ,  3.15781    ,  0.0164332  ,  0.0596362  ])
2556    , -103.373    , array([ 0.0507872  ,  3.14999    ,  0.0167802  ,  0.0595506  ])
2560    , -103.347    , array([ 0.048149   ,  3.13055    ,  0.0149932  ,  0.0603885  ])
2564    , -103.346    , array([ 0.0477751  ,  3.12778    ,  0.01474    ,  0.0605073  ])
2568    , -103.346    , array([ 0.047745   ,  3.12756    ,  0.0147196  ,  0.0605169  ])
2580    , -177.105    , array([ 0.0345894  ,  3.12756    ,  0.0147196  ,  0.0605169  ])
2584    , -103.344    , array([ 0.0476673  ,  3.12756    ,  0.0147196  ,  0.0605169  ])
2588    , -103.344    , array([ 0.0476673  ,  3.12756    ,  0.0147196  ,  0.0605169  ])
2592    , -107.437    , array([ 0.0476673  ,  2.50953    ,  0.0147196  ,  0.0605169  ])
2596    , -103.34     , array([ 0.0476673  ,  3.15513    ,  0.0147196  ,  0.0605169  ])
2600    , -112.864    , array([ 0.0370313  ,  3.34341    ,  0.00635107 ,  0.0625807  ])
2604    , -104.237    , array([ 0.0436047  ,  3.22681    ,  0.0115231  ,  0.0613052  ])
2608    , -103.337    , array([ 0.0479587  ,  3.14958    ,  0.014949   ,  0.0604603  ])
2612    , -103.327    , array([ 0.0453269  ,  3.13003    ,  0.013167   ,  0.0612971  ])
2616    , -103.324    , array([ 0.0463336  ,  3.13747    ,  0.0138488  ,  0.0609772  ])
2620    , -103.324    , array([ 0.0461622  ,  3.13621    ,  0.0137327  ,  0.0610317  ])
2624    , -103.295    , array([ 0.0419527  ,  3.15835    ,  0.0111043  ,  0.0624002  ])
2628    , -103.294    , array([ 0.04011    ,  3.16815    ,  0.00995413 ,  0.0629993  ])
2632    , -103.294    , array([ 0.0407606  ,  3.16469    ,  0.0103602  ,  0.0627878  ])
2644    , -210.424    , array([ 0.0276049  ,  3.16469    ,  0.0103602  ,  0.0627878  ])
2648    , -103.294    , array([ 0.0407791  ,  3.16469    ,  0.0103602  ,  0.0627878  ])
2652    , -103.3      , array([ 0.0409086  ,  3.16469    ,  0.0103602  ,  0.0627878  ])
2656    , -103.294    , array([ 0.0407818  ,  3.16469    ,  0.0103602  ,  0.0627878  ])
2660    , -103.294    , array([ 0.0407791  ,  3.16469    ,  0.0103602  ,  0.0627878  ])
2664    , -106.632    , array([ 0.0407791  ,  2.54665    ,  0.0103602  ,  0.0627878  ])
2668    , -103.293    , array([ 0.0407791  ,  3.17581    ,  0.0103602  ,  0.0627878  ])
2672    , -103.293    , array([ 0.0407791  ,  3.17559    ,  0.0103602  ,  0.0627878  ])
2676    , -104.887    , array([ 0.0473525  ,  3.05899    ,  0.0155322  ,  0.0615123  ])
2680    , -103.286    , array([ 0.0411101  ,  3.16972    ,  0.0106206  ,  0.0627235  ])
2684    , -103.286    , array([ 0.0410938  ,  3.17       ,  0.0106078  ,  0.0627267  ])
2688    , -103.3      , array([ 0.044421   ,  3.15232    ,  0.0126845  ,  0.0616449  ])
2692    , -103.285    , array([ 0.0396709  ,  3.17757    ,  0.00971968 ,  0.0631893  ])
