800     , -899.428    , array([ 0.292956   ,  1.21304    ,  0.0624675  ,  0.0361117  ])
804     , -271.653    , array([ 0.0675426  ,  1.21304    ,  0.0624675  ,  0.0361117  ])
808     , -90.7866    , array([ 0.102126   ,  1.21304    ,  0.0624675  ,  0.0361117  ])
812     , -90.7866    , array([ 0.102117   ,  1.21304    ,  0.0624675  ,  0.0361117  ])
816     , -90.7866    , array([ 0.102118   ,  1.21304    ,  0.0624675  ,  0.0361117  ])
820     , -90.9424    , array([ 0.102118   ,  1.16688    ,  0.0624675  ,  0.0361117  ])
824     , -90.7847    , array([ 0.102118   ,  1.2084     ,  0.0624675  ,  0.0361117  ])
832     , -4400.67    , array([ 0.102118   ,  1.20835    ,  0.253369   ,  0.0361117  ])
836     , -94.0249    , array([ 0.102118   ,  1.20835    ,  0.058128   ,  0.0361117  ])
840     , -90.78      , array([ 0.102118   ,  1.20835    ,  0.0623051  ,  0.0361117  ])
848     , -2812.97    , array([ 0.102118   ,  1.20835    ,  0.0623051  ,  0.227061   ])
852     , -1832.43    , array([ 0.102118   ,  1.20835    ,  0.0623051  ,  0.00166983 ])
856     , -90.8728    , array([ 0.102118   ,  1.20835    ,  0.0623051  ,  0.0366329  ])
860     , -90.7748    , array([ 0.102118   ,  1.20835    ,  0.0623051  ,  0.0362104  ])
868     , -901.911    , array([ 0.293089   ,  1.20835    ,  0.0623051  ,  0.0362094  ])
872     , -267.795    , array([ 0.067676   ,  1.20835    ,  0.0623051  ,  0.0362094  ])
876     , -90.7704    , array([ 0.101898   ,  1.20835    ,  0.0623051  ,  0.0362094  ])
880     , -123.568    , array([ 0.101896   ,  2.20835    ,  0.0623051  ,  0.0362094  ])
884     , -99.2026    , array([ 0.101896   ,  1.59032    ,  0.0623051  ,  0.0362094  ])
888     , -90.7684    , array([ 0.101896   ,  1.20373    ,  0.0623051  ,  0.0362094  ])
892     , -90.7684    , array([ 0.101896   ,  1.20351    ,  0.0623051  ,  0.0362094  ])
904     , -90.763     , array([ 0.101896   ,  1.20351    ,  0.0621539  ,  0.0362094  ])
908     , -90.7629    , array([ 0.101896   ,  1.20351    ,  0.06213    ,  0.0362094  ])
920     , -219.641    , array([ 0.101896   ,  1.20351    ,  0.06213    ,  0.0230538  ])
924     , -90.7596    , array([ 0.101896   ,  1.20351    ,  0.06213    ,  0.0362866  ])
928     , -90.7596    , array([ 0.101896   ,  1.20351    ,  0.06213    ,  0.0362866  ])
932     , -90.9746    , array([ 0.096081   ,  1.07663    ,  0.0575449  ,  0.0383075  ])
936     , -90.6823    , array([ 0.0996918  ,  1.15542    ,  0.0603921  ,  0.0370526  ])
940     , -2530.15    , array([ 1.09969    ,  1.15542    ,  0.0603921  ,  0.0370526  ])
944     , -1572.22    , array([ 0.481658   ,  1.15542    ,  0.0603921  ,  0.0370526  ])
948     , -344.208    , array([ 0.172636   ,  1.15542    ,  0.0603921  ,  0.0370526  ])
952     , -90.6635    , array([ 0.0986516  ,  1.15542    ,  0.0603921  ,  0.0370526  ])
956     , -90.6467    , array([ 0.0990711  ,  1.15542    ,  0.0603921  ,  0.0370526  ])
960     , -212.116    , array([ 0.0990711  ,  0.537385   ,  0.0603921  ,  0.0370526  ])
964     , -90.6387    , array([ 0.0990711  ,  1.16843    ,  0.0603921  ,  0.0370526  ])
968     , -90.6374    , array([ 0.0990711  ,  1.16496    ,  0.0603921  ,  0.0370526  ])
980     , -210.633    , array([ 0.0990711  ,  1.16496    ,  0.0603921  ,  0.0238969  ])
984     , -90.6282    , array([ 0.0990711  ,  1.16496    ,  0.0603921  ,  0.0369198  ])
988     , -90.6346    , array([ 0.0968672  ,  1.11687    ,  0.0586542  ,  0.0376858  ])
992     , -90.6089    , array([ 0.0982293  ,  1.14659    ,  0.0597283  ,  0.0372124  ])
996     , -90.608     , array([ 0.0979944  ,  1.14147    ,  0.0595431  ,  0.037294   ])
1004    , -915.727    , array([ 0.288976   ,  1.1417     ,  0.0595515  ,  0.0372903  ])
1008    , -289.389    , array([ 0.0635633  ,  1.1417     ,  0.0595515  ,  0.0372903  ])
1012    , -90.6062    , array([ 0.0978734  ,  1.1417     ,  0.0595515  ,  0.0372903  ])
1016    , -90.6062    , array([ 0.0978678  ,  1.1417     ,  0.0595515  ,  0.0372903  ])
1020    , -220.964    , array([ 0.0978678  ,  0.523665   ,  0.0595515  ,  0.0372903  ])
1024    , -90.583     , array([ 0.0978678  ,  1.16036    ,  0.0595515  ,  0.0372903  ])
1028    , -90.5817    , array([ 0.0978678  ,  1.1569     ,  0.0595515  ,  0.0372903  ])
1040    , -209.05     , array([ 0.0978678  ,  1.1569     ,  0.0595515  ,  0.0241347  ])
1044    , -90.5699    , array([ 0.0978678  ,  1.1569     ,  0.0595515  ,  0.0371399  ])
1048    , -90.5925    , array([ 0.0956639  ,  1.10881    ,  0.0578137  ,  0.0379058  ])
1052    , -90.5553    , array([ 0.097026   ,  1.13853    ,  0.0588877  ,  0.0374324  ])
1056    , -90.5553    , array([ 0.0969916  ,  1.13778    ,  0.0588606  ,  0.0374444  ])
1060    , -90.4307    , array([ 0.0943063  ,  1.12681    ,  0.0570266  ,  0.0378589  ])
1064    , -89.857     , array([ 0.0675197  ,  1.01901    ,  0.0387414  ,  0.0419765  ])
1068    , -89.856     , array([ 0.0684386  ,  1.02271    ,  0.0393687  ,  0.0418353  ])
1076    , -1107.06    , array([ 0.25912    ,  1.02155    ,  0.0391719  ,  0.0418796  ])
1080    , -747.927    , array([ 0.0337085  ,  1.02155    ,  0.0391719  ,  0.0418796  ])
1084    , -89.8475    , array([ 0.0689239  ,  1.02155    ,  0.0391719  ,  0.0418796  ])
1088    , -89.8232    , array([ 0.0685638  ,  1.02155    ,  0.0391719  ,  0.0418796  ])
1092    , -89.6382    , array([ 0.0704458  ,  1.06261    ,  0.0406559  ,  0.0412255  ])
1096    , -89.638     , array([ 0.070374   ,  1.06104    ,  0.0405992  ,  0.0412505  ])
1104    , -2408.94    , array([ 0.070374   ,  1.06104    ,  0.0405992  ,  0.232205   ])
1108    , -1467.7     , array([ 0.070374   ,  1.06104    ,  0.0405992  ,  0.00680862 ])
1112    , -89.6307    , array([ 0.070374   ,  1.06104    ,  0.0405992  ,  0.0419883  ])
1116    , -89.5727    , array([ 0.070374   ,  1.06104    ,  0.0405992  ,  0.0416272  ])
1120    , -90.1882    , array([ 0.0881934  ,  1.13276    ,  0.0527632  ,  0.038888   ])
1124    , -89.3715    , array([ 0.0608038  ,  1.02253    ,  0.0340664  ,  0.0430983  ])
1128    , -164.613    , array([ 0.0248163  ,  0.908238   ,  0.00940971 ,  0.0487197  ])
1132    , -89.3715    , array([ 0.0608995  ,  1.02291    ,  0.0341317  ,  0.0430836  ])
1140    , -201.058    , array([ 0.0885844  ,  1.02291    ,  0.0341317  ,  0.0430836  ])
1144    , -89.3688    , array([ 0.0609872  ,  1.02291    ,  0.0341317  ,  0.0430836  ])
1148    , -89.3688    , array([ 0.0610052  ,  1.02291    ,  0.0341317  ,  0.0430836  ])
1152    , -89.2844    , array([ 0.0623673  ,  1.05263    ,  0.0352058  ,  0.0426102  ])
1156    , -89.2799    , array([ 0.0621102  ,  1.04702    ,  0.0350031  ,  0.0426995  ])
1164    , -2348.69    , array([ 0.0621102  ,  1.04702    ,  0.0350031  ,  0.233655   ])
1168    , -1373.91    , array([ 0.0621102  ,  1.04702    ,  0.0350031  ,  0.00825766 ])
1172    , -89.3057    , array([ 0.0621102  ,  1.04702    ,  0.0350031  ,  0.0433     ])
1176    , -89.2526    , array([ 0.0621102  ,  1.04702    ,  0.0350031  ,  0.0429503  ])
1180    , -90.0525    , array([ 0.0799297  ,  1.11874    ,  0.0471671  ,  0.0402111  ])
1184    , -89.1599    , array([ 0.0554615  ,  1.02026    ,  0.0304644  ,  0.0439723  ])
1188    , -89.1441    , array([ 0.0569976  ,  1.02645    ,  0.031513   ,  0.0437362  ])
1192    , -89.0692    , array([ 0.0469654  ,  1.03644    ,  0.0247823  ,  0.0454167  ])
1196    , -88.953     , array([ 0.0507544  ,  1.03276    ,  0.0273246  ,  0.0447822  ])
1200    , -88.953     , array([ 0.0506843  ,  1.03283    ,  0.0272776  ,  0.044794   ])
1212    , -174.773    , array([ 0.0375287  ,  1.03283    ,  0.0272776  ,  0.044794   ])
1216    , -88.8869    , array([ 0.0502494  ,  1.03283    ,  0.0272776  ,  0.044794   ])
1220    , -89.6214    , array([ 0.0480498  ,  0.984741   ,  0.0255397  ,  0.04556    ])
1224    , -89.0135    , array([ 0.0494119  ,  1.01446    ,  0.0266138  ,  0.0450866  ])
1228    , -88.8813    , array([ 0.0504777  ,  1.03772    ,  0.0274542  ,  0.0447161  ])
1236    , -2287.66    , array([ 0.05048    ,  1.03777    ,  0.027456   ,  0.235671   ])
1240    , -1254.93    , array([ 0.05048    ,  1.03777    ,  0.027456   ,  0.0102735  ])
1244    , -88.9297    , array([ 0.05048    ,  1.03777    ,  0.027456   ,  0.0450254  ])
1248    , -88.8808    , array([ 0.05048    ,  1.03777    ,  0.027456   ,  0.0446806  ])
1252    , -88.8808    , array([ 0.05048    ,  1.03777    ,  0.027456   ,  0.0446809  ])
1256    , -88.8235    , array([ 0.0475505  ,  1.04061    ,  0.0254905  ,  0.0451714  ])
1260    , -89.421     , array([ 0.0378109  ,  1.0548     ,  0.019271   ,  0.0466549  ])
1264    , -88.8234    , array([ 0.0474296  ,  1.04073    ,  0.0254093  ,  0.0451916  ])
1272    , -258.375    , array([ 0.0752915  ,  1.04073    ,  0.0254093  ,  0.0451916  ])
1276    , -88.8105    , array([ 0.0471374  ,  1.04073    ,  0.0254093  ,  0.0451916  ])
1280    , -88.8071    , array([ 0.0472301  ,  1.04073    ,  0.0254093  ,  0.0451916  ])
1284    , -89.0207    , array([ 0.0485922  ,  1.07045    ,  0.0264833  ,  0.0447182  ])
1288    , -88.8071    , array([ 0.047236   ,  1.04086    ,  0.025414   ,  0.0451896  ])
1292    , -88.8071    , array([ 0.0472359  ,  1.04086    ,  0.0254139  ,  0.0451896  ])
1296    , -88.8071    , array([ 0.047236   ,  1.04086    ,  0.025414   ,  0.0451896  ])
1304    , -238.064    , array([ 0.047236   ,  1.04086    ,  0.025414   ,  0.0680754  ])
1308    , -88.8027    , array([ 0.047236   ,  1.04086    ,  0.025414   ,  0.0450738  ])
1312    , -88.8027    , array([ 0.047236   ,  1.04086    ,  0.025414   ,  0.0450857  ])
1316    , -88.9535    , array([ 0.0511691  ,  1.03704    ,  0.028053   ,  0.0444272  ])
1320    , -88.7892    , array([ 0.0459345  ,  1.04212    ,  0.0245407  ,  0.0453036  ])
1324    , -88.7892    , array([ 0.0459345  ,  1.04212    ,  0.0245407  ,  0.0453036  ])
1328    , -88.7699    , array([ 0.0348015  ,  1.0525     ,  0.0180729  ,  0.0461376  ])
1332    , -88.7217    , array([ 0.0394741  ,  1.04814    ,  0.0207874  ,  0.0457876  ])
1336    , -90.0335    , array([ 0.0331101  ,  1.05432    ,  0.0165175  ,  0.0468531  ])
1340    , -88.8752    , array([ 0.0370433  ,  1.0505     ,  0.0191564  ,  0.0461946  ])
1344    , -88.7197    , array([ 0.0398191  ,  1.04781    ,  0.0210189  ,  0.0457298  ])
1348    , -89.752     , array([ 0.0376256  ,  0.99971    ,  0.0192881  ,  0.046494   ])
1352    , -88.8681    , array([ 0.0389877  ,  1.02943    ,  0.0203621  ,  0.0460206  ])
1356    , -88.7193    , array([ 0.0398795  ,  1.04889    ,  0.0210653  ,  0.0457107  ])
1364    , -2280.38    , array([ 0.0398814  ,  1.04893    ,  0.0210668  ,  0.236666   ])
1368    , -1240.64    , array([ 0.0398814  ,  1.04893    ,  0.0210668  ,  0.0112682  ])
1372    , -88.7488    , array([ 0.0398814  ,  1.04893    ,  0.0210668  ,  0.046209   ])
1376    , -88.7065    , array([ 0.0398814  ,  1.04893    ,  0.0210668  ,  0.0458852  ])
1380    , -88.7065    , array([ 0.0398814  ,  1.04893    ,  0.0210668  ,  0.045887   ])
1384    , -88.6986    , array([ 0.0376712  ,  1.05099    ,  0.0197828  ,  0.0460525  ])
1388    , -88.6986    , array([ 0.0376491  ,  1.05101    ,  0.0197699  ,  0.0460542  ])
1392    , -88.8965    , array([ 0.0415822  ,  1.04719    ,  0.0224089  ,  0.0453956  ])
1396    , -88.6982    , array([ 0.0377816  ,  1.05088    ,  0.0198589  ,  0.046032   ])
1400    , -89.7253    , array([ 0.0355757  ,  1.00279    ,  0.0181197  ,  0.0467983  ])
1404    , -88.817     , array([ 0.0369378  ,  1.03252    ,  0.0191937  ,  0.0463249  ])
1408    , -88.6968    , array([ 0.0376943  ,  1.04902    ,  0.0197903  ,  0.046062   ])
1416    , -2274.78    , array([ 0.0376951  ,  1.04904    ,  0.0197909  ,  0.237018   ])
1420    , -1222.36    , array([ 0.0376951  ,  1.04904    ,  0.0197909  ,  0.0116198  ])
1424    , -88.7347    , array([ 0.0376951  ,  1.04904    ,  0.0197909  ,  0.0464881  ])
1428    , -88.6925    , array([ 0.0376951  ,  1.04904    ,  0.0197909  ,  0.0461661  ])
1432    , -88.6925    , array([ 0.0376951  ,  1.04904    ,  0.0197909  ,  0.0461651  ])
1436    , -88.6911    , array([ 0.0368977  ,  1.04978    ,  0.0193277  ,  0.0462248  ])
