3516    , -100.062    , array([ 0.0555682  ,  1.06201    ,  0.0309035  ,  0.0431428  ])
3528    , -173.266    , array([ 0.0424126  ,  1.06201    ,  0.0309035  ,  0.0431428  ])
3532    , -100.061    , array([ 0.0555029  ,  1.06201    ,  0.0309035  ,  0.0431428  ])
3536    , -158.064    , array([ 0.0555029  ,  2.06201    ,  0.0309035  ,  0.0431428  ])
3540    , -115.177    , array([ 0.0555029  ,  1.44398    ,  0.0309035  ,  0.0431428  ])
3544    , -100.06     , array([ 0.0555029  ,  1.05984    ,  0.0309035  ,  0.0431428  ])
3548    , -100.06     , array([ 0.0555029  ,  1.05965    ,  0.0309035  ,  0.0431428  ])
3560    , -110.946    , array([ 0.0555029  ,  1.05965    ,  0.0346724  ,  0.0431428  ])
3564    , -100.06     , array([ 0.0555029  ,  1.05965    ,  0.0308782  ,  0.0431428  ])
3572    , -2405.17    , array([ 0.0555029  ,  1.05965    ,  0.0308782  ,  0.234097   ])
3576    , -1370.3     , array([ 0.0555029  ,  1.05965    ,  0.0308782  ,  0.00870092 ])
3580    , -100.115    , array([ 0.0555029  ,  1.05965    ,  0.0308782  ,  0.0435188  ])
3584    , -100.059    , array([ 0.0555029  ,  1.05965    ,  0.0308782  ,  0.043161   ])
