4024    , -862.87     , array([ 0.299698   ,  1.23255    ,  0.0677447  ,  0.0350359  ])
4028    , -240.705    , array([ 0.0742853  ,  1.23255    ,  0.0677447  ,  0.0350359  ])
4032    , -91.2479    , array([ 0.108658   ,  1.23255    ,  0.0677447  ,  0.0350359  ])
4036    , -91.2479    , array([ 0.108656   ,  1.23255    ,  0.0677447  ,  0.0350359  ])
4040    , -175.04     , array([ 0.108656   ,  0.614513   ,  0.0677447  ,  0.0350359  ])
4044    , -91.2486    , array([ 0.108656   ,  1.23472    ,  0.0677447  ,  0.0350359  ])
4048    , -91.2478    , array([ 0.108656   ,  1.23155    ,  0.0677447  ,  0.0350359  ])
4056    , -3799.2     , array([ 0.108656   ,  1.23153    ,  0.258654   ,  0.0350359  ])
4060    , -93.376     , array([ 0.108656   ,  1.23153    ,  0.0637361  ,  0.0350359  ])
4064    , -91.2355    , array([ 0.108656   ,  1.23153    ,  0.0674588  ,  0.0350359  ])
4072    , -2890.01    , array([ 0.108656   ,  1.23153    ,  0.067456   ,  0.225985   ])
4076    , -1928.72    , array([ 0.108656   ,  1.23153    ,  0.067456   ,  0.000594021])
4080    , -91.338     , array([ 0.108656   ,  1.23153    ,  0.067456   ,  0.0355725  ])
4084    , -91.2299    , array([ 0.108656   ,  1.23153    ,  0.067456   ,  0.0351369  ])
4088    , -91.2407    , array([ 0.10847    ,  1.22886    ,  0.0667     ,  0.0353978  ])
4092    , -91.2238    , array([ 0.108586   ,  1.23052    ,  0.0671713  ,  0.0352345  ])
4100    , -869.416    , array([ 0.299557   ,  1.23052    ,  0.0671713  ,  0.0352345  ])
4104    , -237.809    , array([ 0.074144   ,  1.23052    ,  0.0671713  ,  0.0352345  ])
4108    , -91.1979    , array([ 0.10801    ,  1.23052    ,  0.0671713  ,  0.0352345  ])
4112    , -121.334    , array([ 0.108016   ,  2.23052    ,  0.0671713  ,  0.0352345  ])
4116    , -98.9562    , array([ 0.108016   ,  1.61249    ,  0.0671713  ,  0.0352345  ])
4120    , -91.1947    , array([ 0.108016   ,  1.22447    ,  0.0671713  ,  0.0352345  ])
4124    , -91.1947    , array([ 0.108016   ,  1.2242     ,  0.0671713  ,  0.0352345  ])
4136    , -223.681    , array([ 0.108016   ,  1.2242     ,  0.0671713  ,  0.0220789  ])
4140    , -91.1947    , array([ 0.108016   ,  1.2242     ,  0.0671713  ,  0.0352248  ])
4144    , -91.1947    , array([ 0.108016   ,  1.2242     ,  0.0671713  ,  0.0352249  ])
4148    , -91.1786    , array([ 0.107945   ,  1.2232     ,  0.0668866  ,  0.0353234  ])
4152    , -91.1745    , array([ 0.10789    ,  1.2224     ,  0.066661   ,  0.0354015  ])
4156    , -91.1341    , array([ 0.107121   ,  1.21324    ,  0.0658557  ,  0.0356707  ])
4160    , -91.1032    , array([ 0.105625   ,  1.19541    ,  0.0642959  ,  0.036192   ])
4164    , -91.1031    , array([ 0.105676   ,  1.19602    ,  0.0643497  ,  0.036174   ])
4168    , -91.0472    , array([ 0.105896   ,  1.19912    ,  0.0651757  ,  0.0358882  ])
4172    , -91.049     , array([ 0.105864   ,  1.19866    ,  0.0650448  ,  0.0359335  ])
4176    , -91.0471    , array([ 0.105901   ,  1.19919    ,  0.0651955  ,  0.0358813  ])
4180    , -189.262    , array([ 0.105901   ,  0.581157   ,  0.0651955  ,  0.0358813  ])
4184    , -91.0458    , array([ 0.105901   ,  1.20754    ,  0.0651955  ,  0.0358813  ])
4188    , -91.0449    , array([ 0.105901   ,  1.20422    ,  0.0651955  ,  0.0358813  ])
4200    , -217.327    , array([ 0.105901   ,  1.20422    ,  0.0651955  ,  0.0227257  ])
4204    , -91.0384    , array([ 0.105901   ,  1.20422    ,  0.0651955  ,  0.0357725  ])
4208    , -90.9799    , array([ 0.103711   ,  1.17812    ,  0.0629122  ,  0.0365355  ])
4212    , -90.9841    , array([ 0.104547   ,  1.18809    ,  0.0637844  ,  0.0362441  ])
4216    , -90.976     , array([ 0.100058   ,  1.1401     ,  0.0597153  ,  0.0374851  ])
4220    , -90.9381    , array([ 0.104138   ,  1.18361    ,  0.0638559  ,  0.036212   ])
4224    , -90.9388    , array([ 0.104118   ,  1.18333    ,  0.0637758  ,  0.0362397  ])
4228    , -123.702    , array([ 0.104141   ,  2.18365    ,  0.0638687  ,  0.0362075  ])
4232    , -98.9969    , array([ 0.104141   ,  1.56562    ,  0.0638687  ,  0.0362075  ])
4236    , -90.9279    , array([ 0.104141   ,  1.19404    ,  0.0638687  ,  0.0362075  ])
4240    , -4622.85    , array([ 0.104141   ,  1.19418    ,  0.0638687  ,  1.03621    ])
4244    , -4167.37    , array([ 0.104141   ,  1.19418    ,  0.0638687  ,  0.418174   ])
4248    , -1121.11    , array([ 0.104141   ,  1.19418    ,  0.0638687  ,  0.109144   ])
4252    , -96.4843    , array([ 0.104141   ,  1.19418    ,  0.0638687  ,  0.0393839  ])
4256    , -90.92      , array([ 0.104141   ,  1.19418    ,  0.0638687  ,  0.0360872  ])
4260    , -91.2242    , array([ 0.0984071  ,  1.12586    ,  0.0578908  ,  0.038085   ])
4264    , -90.8681    , array([ 0.102412   ,  1.17358    ,  0.0620662  ,  0.0366896  ])
4268    , -90.8681    , array([ 0.102412   ,  1.17358    ,  0.0620662  ,  0.0366896  ])
4272    , -148.308    , array([ 0.0375071  ,  0.85498    ,  0.0155128  ,  0.0468968  ])
4276    , -90.0802    , array([ 0.0809486  ,  1.06822    ,  0.0466713  ,  0.040065   ])
4280    , -90.0713    , array([ 0.0825729  ,  1.0762     ,  0.0478364  ,  0.0398096  ])
4284    , -90.0187    , array([ 0.0827454  ,  1.07867    ,  0.0485359  ,  0.0395673  ])
4288    , -90.0153    , array([ 0.0827111  ,  1.07817    ,  0.0483969  ,  0.0396154  ])
4296    , -91.1271    , array([ 0.0827111  ,  1.23179    ,  0.0483969  ,  0.0396154  ])
4300    , -89.7822    , array([ 0.0827111  ,  1.12034    ,  0.0483969  ,  0.0396154  ])
4308    , -2561.46    , array([ 0.0827111  ,  1.12034    ,  0.0483969  ,  0.230568   ])
4312    , -1541.24    , array([ 0.0827111  ,  1.12034    ,  0.0483969  ,  0.00517356 ])
4316    , -89.8551    , array([ 0.0827111  ,  1.12034    ,  0.0483969  ,  0.0399393  ])
4320    , -89.7797    , array([ 0.0827111  ,  1.12034    ,  0.0483969  ,  0.0395433  ])
4324    , -89.7797    , array([ 0.0827111  ,  1.12034    ,  0.0483969  ,  0.039544   ])
4328    , -89.5678    , array([ 0.0754375  ,  1.08463    ,  0.0431799  ,  0.0406879  ])
4332    , -89.5606    , array([ 0.0741749  ,  1.07843    ,  0.0422743  ,  0.0408864  ])
4336    , -89.611     , array([ 0.0740185  ,  1.077      ,  0.0419278  ,  0.0409986  ])
4340    , -89.5508    , array([ 0.0741589  ,  1.07902    ,  0.0424971  ,  0.0408014  ])
4344    , -89.5495    , array([ 0.074141   ,  1.07876    ,  0.0424248  ,  0.0408264  ])
4348    , -276.593    , array([ 0.074141   ,  0.460726   ,  0.0424248  ,  0.0408264  ])
4352    , -89.4418    , array([ 0.074141   ,  1.11044    ,  0.0424248  ,  0.0408264  ])
4356    , -89.44      , array([ 0.074141   ,  1.10708    ,  0.0424248  ,  0.0408264  ])
4360    , -89.44      , array([ 0.074141   ,  1.1068     ,  0.0424248  ,  0.0408264  ])
4368    , -266.656    , array([ 0.074141   ,  1.1068     ,  0.0424248  ,  0.0645921  ])
4372    , -89.44      , array([ 0.074141   ,  1.1068     ,  0.0424248  ,  0.0408201  ])
4376    , -89.44      , array([ 0.074141   ,  1.1068     ,  0.0424248  ,  0.0408311  ])
4380    , -91.3123    , array([ 0.106242   ,  1.26438    ,  0.0654492  ,  0.035783   ])
4384    , -89.334     , array([ 0.0687392  ,  1.08029    ,  0.0385503  ,  0.0416808  ])
4388    , -89.3323    , array([ 0.0692278  ,  1.08269    ,  0.0389008  ,  0.0416039  ])
4392    , -89.2799    , array([ 0.056678   ,  1.0958     ,  0.0303571  ,  0.0434192  ])
4396    , -89.1659    , array([ 0.0617069  ,  1.09066    ,  0.0337814  ,  0.0426915  ])
4400    , -89.3099    , array([ 0.0614979  ,  1.08979    ,  0.0334022  ,  0.0428102  ])
4404    , -89.0955    , array([ 0.0616343  ,  1.09175    ,  0.0339554  ,  0.0426186  ])
4408    , -89.0831    , array([ 0.0616764  ,  1.09235    ,  0.0341262  ,  0.0425594  ])
4412    , -90.0134    , array([ 0.0739378  ,  1.15254    ,  0.0429207  ,  0.0406312  ])
4416    , -89.1235    , array([ 0.0583892  ,  1.07622    ,  0.0317685  ,  0.0430764  ])
4420    , -89.0702    , array([ 0.0605364  ,  1.08676    ,  0.0333085  ,  0.0427387  ])
4424    , -89.0702    , array([ 0.0605248  ,  1.0867     ,  0.0333003  ,  0.0427405  ])
4432    , -252.435    , array([ 0.0605248  ,  1.0867     ,  0.0333003  ,  0.0662701  ])
4436    , -89.057     , array([ 0.0605248  ,  1.0867     ,  0.0333003  ,  0.0429086  ])
4440    , -89.057     , array([ 0.0605248  ,  1.0867     ,  0.0333003  ,  0.0429136  ])
4444    , -89.1694    , array([ 0.0652889  ,  1.08183    ,  0.0365442  ,  0.0422243  ])
4448    , -89.0423    , array([ 0.0584447  ,  1.08882    ,  0.0318838  ,  0.0432146  ])
4452    , -89.0423    , array([ 0.0584447  ,  1.08882    ,  0.0318838  ,  0.0432146  ])
4456    , -89.0154    , array([ 0.0585025  ,  1.08965    ,  0.0321185  ,  0.0431333  ])
4460    , -89.0154    , array([ 0.0585031  ,  1.08966    ,  0.0321209  ,  0.0431325  ])
4464    , -89.0154    , array([ 0.0585025  ,  1.08965    ,  0.0321185  ,  0.0431333  ])
4468    , -89.0022    , array([ 0.0578778  ,  1.08659    ,  0.0316704  ,  0.0432316  ])
4472    , -88.9985    , array([ 0.05734    ,  1.08395    ,  0.0312847  ,  0.0433161  ])
4480    , -2391.69    , array([ 0.05734    ,  1.08395    ,  0.0312847  ,  0.234271   ])
4484    , -1339.8     , array([ 0.05734    ,  1.08395    ,  0.0312847  ,  0.00887429 ])
4488    , -89.0506    , array([ 0.05734    ,  1.08395    ,  0.0312847  ,  0.0437081  ])
4492    , -88.9977    , array([ 0.05734    ,  1.08395    ,  0.0312847  ,  0.0433594  ])
4496    , -88.9977    , array([ 0.05734    ,  1.08395    ,  0.0312847  ,  0.0433589  ])
4500    , -88.9961    , array([ 0.0567824  ,  1.08452    ,  0.030905   ,  0.0434396  ])
4504    , -88.9546    , array([ 0.0549923  ,  1.08034    ,  0.0298391  ,  0.0436831  ])
4508    , -88.8362    , array([ 0.0390086  ,  1.04105    ,  0.0203727  ,  0.0458521  ])
4512    , -88.795     , array([ 0.044047   ,  1.05344    ,  0.0233567  ,  0.0451684  ])
4516    , -88.7933    , array([ 0.0432262  ,  1.05142    ,  0.0228705  ,  0.0452798  ])
4520    , -88.7932    , array([ 0.0430899  ,  1.05108    ,  0.0227898  ,  0.0452983  ])
4524    , -88.7755    , array([ 0.0443786  ,  1.04977    ,  0.0236674  ,  0.0451118  ])
4528    , -88.7752    , array([ 0.0442289  ,  1.04992    ,  0.0235654  ,  0.0451335  ])
4532    , -88.7752    , array([ 0.0442404  ,  1.04991    ,  0.0235732  ,  0.0451318  ])
4536    , -88.8465    , array([ 0.0430973  ,  1.0443     ,  0.0227534  ,  0.0453116  ])
4540    , -88.7722    , array([ 0.0445484  ,  1.05142    ,  0.0237941  ,  0.0450834  ])
4548    , -2297.06    , array([ 0.0445423  ,  1.05139    ,  0.0237897  ,  0.23604    ])
4552    , -1266.08    , array([ 0.0445423  ,  1.05139    ,  0.0237897  ,  0.0106425  ])
4556    , -88.801     , array([ 0.0445423  ,  1.05139    ,  0.0237897  ,  0.0456036  ])
4560    , -88.7569    , array([ 0.0445423  ,  1.05139    ,  0.0237897  ,  0.0452768  ])
4564    , -88.9052    , array([ 0.0529652  ,  1.07209    ,  0.0287783  ,  0.0441338  ])
4568    , -88.7144    , array([ 0.0396141  ,  1.03928    ,  0.020871   ,  0.0459456  ])
4572    , -88.7144    , array([ 0.0395468  ,  1.03911    ,  0.0208311  ,  0.0459547  ])
4576    , -88.9407    , array([ 0.0443109  ,  1.03424    ,  0.0240751  ,  0.0452654  ])
4580    , -88.7091    , array([ 0.0400875  ,  1.03856    ,  0.0211993  ,  0.0458765  ])
4584    , -204.126    , array([ 0.0202347  ,  0.941186   ,  0.00696035 ,  0.0489984  ])
4588    , -93.5619    , array([ 0.0324961  ,  1.00137    ,  0.0157549  ,  0.0470701  ])
4592    , -88.7077    , array([ 0.0402499  ,  1.03943    ,  0.0213163  ,  0.0458507  ])
4596    , -3831.84    , array([ 0.0402482  ,  1.03943    ,  0.0213151  ,  1.04585    ])
4600    , -3416.03    , array([ 0.0402482  ,  1.03943    ,  0.0213151  ,  0.427817   ])
4604    , -896.747    , array([ 0.0402482  ,  1.03943    ,  0.0213151  ,  0.11879    ])
4608    , -91.8097    , array([ 0.0402482  ,  1.03943    ,  0.0213151  ,  0.0488032  ])
4612    , -88.7027    , array([ 0.0402482  ,  1.03943    ,  0.0213151  ,  0.0459612  ])
4616    , -89.1604    , array([ 0.0622998  ,  1.09363    ,  0.0343753  ,  0.0429699  ])
4620    , -88.6878    , array([ 0.0383524  ,  1.03477    ,  0.0201923  ,  0.0462196  ])
4624    , -88.6864    , array([ 0.0376811  ,  1.03312    ,  0.0197947  ,  0.0463107  ])
4628    , -88.6664    , array([ 0.0357636  ,  1.02699    ,  0.0187275  ,  0.0466737  ])
4632    , -88.6479    , array([ 0.0314591  ,  1.01321    ,  0.0163341  ,  0.0474917  ])
4636    , -88.6479    , array([ 0.0315478  ,  1.01349    ,  0.0163834  ,  0.0474749  ])
4640    , -90.8171    , array([ 0.0440808  ,  1.00095    ,  0.0249099  ,  0.0456587  ])
4644    , -88.6639    , array([ 0.032606   ,  1.01267    ,  0.0170964  ,  0.047319   ])
4648    , -88.6442    , array([ 0.0319021  ,  1.01339    ,  0.0166171  ,  0.0474209  ])
4652    , -102.23     , array([ 0.064      ,  1.17096    ,  0.0396395  ,  0.042373   ])
4656    , -89.5282    , array([ 0.0355557  ,  1.03134    ,  0.0192378  ,  0.0468462  ])
4660    , -88.6436    , array([ 0.0319804  ,  1.01379    ,  0.0166734  ,  0.0474085  ])
4664    , -88.6436    , array([ 0.0319783  ,  1.01378    ,  0.0166718  ,  0.0474088  ])
4676    , -174.772    , array([ 0.0319783  ,  1.01378    ,  0.0166718  ,  0.0342532  ])
4680    , -88.6411    , array([ 0.0319783  ,  1.01378    ,  0.0166718  ,  0.0473287  ])
4684    , -88.6695    , array([ 0.0259314  ,  0.994413   ,  0.0133095  ,  0.0484779  ])
4688    , -88.639     , array([ 0.0296686  ,  1.00638    ,  0.0153875  ,  0.0477676  ])
4692    , -88.6385    , array([ 0.0303563  ,  1.00858    ,  0.01577    ,  0.0476369  ])
4696    , -95.7172    , array([ 0.0226315  ,  1.01641    ,  0.010512   ,  0.0487554  ])
4700    , -89.2344    , array([ 0.0273956  ,  1.01154    ,  0.013756   ,  0.0480661  ])
4704    , -88.6385    , array([ 0.0303578  ,  1.00851    ,  0.015773   ,  0.0476374  ])
4708    , -88.6385    , array([ 0.0303632  ,  1.00851    ,  0.0157767  ,  0.0476367  ])
4712    , -88.6385    , array([ 0.0303582  ,  1.00851    ,  0.0157733  ,  0.0476374  ])
4716    , -88.6385    , array([ 0.030358   ,  1.00851    ,  0.0157732  ,  0.0476374  ])
4720    , -89.8759    , array([ 0.0274255  ,  0.994118   ,  0.0136698  ,  0.0480986  ])
4724    , -88.6375    , array([ 0.0304532  ,  1.00898    ,  0.0158414  ,  0.0476224  ])
4728    , -3695.95    , array([ 0.0304532  ,  1.00898    ,  0.0158414  ,  1.04762    ])
4732    , -3289.48    , array([ 0.0304532  ,  1.00898    ,  0.0158414  ,  0.429588   ])
4736    , -864.591    , array([ 0.0304532  ,  1.00898    ,  0.0158414  ,  0.120562   ])
4740    , -91.3808    , array([ 0.0304532  ,  1.00898    ,  0.0158414  ,  0.050311   ])
4744    , -88.6367    , array([ 0.0304532  ,  1.00898    ,  0.0158414  ,  0.0475761  ])
4748    , -88.729     , array([ 0.0402373  ,  1.04031    ,  0.0212818  ,  0.0457167  ])
4752    , -88.6361    , array([ 0.0298138  ,  1.00693    ,  0.0154859  ,  0.0476976  ])
4756    , -88.6361    , array([ 0.0296351  ,  1.00636    ,  0.0153865  ,  0.0477316  ])
