272     , -392.994    , array([ 12.9614    ,  0.0928698  ,  5          ,  0.399784   ])
276     , -392.994    , array([ 12.9614    ,  0.0928698  ,  5          ,  0.399784   ])
280     , -392.994    , array([ 12.9867    ,  0.0928698  ,  5          ,  0.399784   ])
284     , -3874.26    , array([ 12.9864    ,  1.09287    ,  5          ,  0.399784   ])
288     , -1751.34    , array([ 12.9864    ,  0.474836   ,  5          ,  0.399784   ])
292     , -1917.69    , array([ 12.9864    ,  0.165815   ,  5          ,  0.399784   ])
296     , -394.633    , array([ 12.9864    ,  0.0915802  ,  5          ,  0.399784   ])
300     , -392.994    , array([ 12.9864    ,  0.0928685  ,  5          ,  0.399784   ])
304     , -440.648    , array([ 12.9864    ,  0.0928685  ,  3.38197    ,  0.399784   ])
308     , -394.368    , array([ 12.9864    ,  0.0928685  ,  4.69098    ,  0.399784   ])
312     , -392.994    , array([ 12.9864    ,  0.0928685  ,  4.99784    ,  0.399784   ])
316     , -392.994    , array([ 12.9864    ,  0.0928685  ,  4.99988    ,  0.399784   ])
320     , -392.994    , array([ 12.9864    ,  0.0928685  ,  4.99998    ,  0.399784   ])
324     , -392.994    , array([ 12.9864    ,  0.0928685  ,  5          ,  0.399784   ])
328     , -392.994    , array([ 12.9864    ,  0.0928685  ,  5          ,  0.399784   ])
332     , -392.994    , array([ 12.9864    ,  0.0928685  ,  5          ,  0.399784   ])
336     , -392.994    , array([ 12.9864    ,  0.0928685  ,  5          ,  0.399784   ])
340     , -392.994    , array([ 12.9864    ,  0.0928685  ,  5          ,  0.399784   ])
344     , -392.994    , array([ 12.9864    ,  0.0928685  ,  5          ,  0.399784   ])
348     , -392.994    , array([ 12.9864    ,  0.0928685  ,  5          ,  0.399784   ])
352     , -392.994    , array([ 12.9864    ,  0.0928685  ,  5          ,  0.399784   ])
356     , -4868.49    , array([ 12.9864    ,  0.0928685  ,  5          ,  0.163716   ])
360     , -393.004    , array([ 12.9864    ,  0.0928685  ,  5          ,  0.399455   ])
364     , -392.994    , array([ 12.9864    ,  0.0928685  ,  5          ,  0.399782   ])
