92      , -413.437    , array([ 83.516     ,  0.335272   ,  5          ,  1.05363    ])
96      , -413.437    , array([ 82.8979    ,  0.335272   ,  5          ,  1.05363    ])
100     , -413.437    , array([ 82.5309    ,  0.335272   ,  5          ,  1.05363    ])
104     , -413.437    , array([ 82.5308    ,  0.335272   ,  5          ,  1.05363    ])
108     , -2371.8     , array([ 82.5308    ,  0.0992041  ,  5          ,  1.05363    ])
112     , -414.448    , array([ 82.5308    ,  0.341144   ,  5          ,  1.05363    ])
116     , -413.436    , array([ 82.5308    ,  0.335142   ,  5          ,  1.05363    ])
120     , -487.818    , array([ 82.5308    ,  0.335141   ,  3.38197    ,  1.05363    ])
124     , -415.802    , array([ 82.5308    ,  0.335141   ,  4.69098    ,  1.05363    ])
128     , -413.437    , array([ 82.5308    ,  0.335141   ,  4.99858    ,  1.05363    ])
132     , -413.436    , array([ 82.5308    ,  0.335141   ,  4.99979    ,  1.05363    ])
136     , -413.436    , array([ 82.5308    ,  0.335141   ,  4.99997    ,  1.05363    ])
140     , -413.436    , array([ 82.5308    ,  0.335141   ,  5          ,  1.05363    ])
144     , -413.436    , array([ 82.5308    ,  0.335141   ,  5          ,  1.05363    ])
148     , -413.436    , array([ 82.5308    ,  0.335141   ,  5          ,  1.05363    ])
152     , -413.436    , array([ 82.5308    ,  0.335141   ,  5          ,  1.05363    ])
156     , -413.436    , array([ 82.5308    ,  0.335141   ,  5          ,  1.05363    ])
160     , -413.436    , array([ 82.5308    ,  0.335141   ,  5          ,  1.05363    ])
164     , -413.436    , array([ 82.5308    ,  0.335141   ,  5          ,  1.05363    ])
168     , -413.436    , array([ 82.5308    ,  0.335141   ,  5          ,  1.05363    ])
172     , -2396.59    , array([ 82.5308    ,  0.335141   ,  5          ,  0.435594   ])
176     , -413.436    , array([ 82.5308    ,  0.335141   ,  5          ,  1.05349    ])
