1304    , -412.938    , array([ 33.256     ,  0.195189   ,  4.57921    ,  0.701183   ])
1308    , -412.929    , array([ 34.6706    ,  0.195189   ,  4.57921    ,  0.701183   ])
1312    , -412.929    , array([ 34.6648    ,  0.195189   ,  4.57921    ,  0.701183   ])
1320    , -1889.17    , array([ 34.6648    ,  0.105019   ,  4.57921    ,  0.701183   ])
1324    , -413.232    , array([ 34.6648    ,  0.196695   ,  4.57921    ,  0.701183   ])
1328    , -412.929    , array([ 34.6648    ,  0.195169   ,  4.57921    ,  0.701183   ])
1332    , -490.075    , array([ 34.6648    ,  0.19517    ,  2.96118    ,  0.701183   ])
1336    , -412.936    , array([ 34.6648    ,  0.19517    ,  4.59957    ,  0.701183   ])
1340    , -412.929    , array([ 34.6648    ,  0.19517    ,  4.58241    ,  0.701183   ])
1344    , -412.929    , array([ 34.6648    ,  0.19517    ,  4.58238    ,  0.701183   ])
1348    , -432.465    , array([ 34.6648    ,  0.19517    ,  4.58238    ,  0.670844   ])
1352    , -412.929    , array([ 34.6648    ,  0.19517    ,  4.58238    ,  0.701258   ])
