15      , -11204.6    , array([ 1.16252    ,  0.598369   ,  1.86275    ,  0.519466   ,  1.0103     ,  0.139593   ,  0.04107    ,  2.83043    ,  0.0205633  ,  0.16162    ,  0          ,  0.595553   ,  0.0839147  ,  1.16072    ,  2.00968    ])
30      , -11286.8    , array([ 1.16252    ,  0.59532    ,  2.86275    ,  0.519466   ,  1.0103     ,  0.139593   ,  0.04107    ,  2.83043    ,  0.0205633  ,  0.16162    ,  0          ,  0.595553   ,  0.0839147  ,  1.16072    ,  2.00968    ])
45      , -13782.2    , array([ 1.16252    ,  0.59532    ,  1.8616     ,  1.51947    ,  1.0103     ,  0.139593   ,  0.04107    ,  2.83043    ,  0.0205633  ,  0.16162    ,  0          ,  0.595553   ,  0.0839147  ,  1.16072    ,  2.00968    ])
60      , -11668.4    , array([ 1.16252    ,  0.59532    ,  1.8616     ,  0.518842   ,  2.0103     ,  0.139593   ,  0.04107    ,  2.83043    ,  0.0205633  ,  0.16162    ,  0          ,  0.595553   ,  0.0839147  ,  1.16072    ,  2.00968    ])
75      , -21457.5    , array([ 1.16252    ,  0.59532    ,  1.8616     ,  0.518842   ,  1.01229    ,  1.13959    ,  0.04107    ,  2.83043    ,  0.0205633  ,  0.16162    ,  0          ,  0.595553   ,  0.0839147  ,  1.16072    ,  2.00968    ])
90      , -11204      , array([ 1.16252    ,  0.59532    ,  1.8616     ,  0.518842   ,  1.01229    ,  0.138398   ,  0.04107    ,  2.83043    ,  0.0205633  ,  0.16162    ,  0          ,  0.595553   ,  0.0839147  ,  1.16072    ,  2.00968    ])
105     , -11204.3    , array([ 1.16252    ,  0.59532    ,  1.8616     ,  0.518842   ,  1.01229    ,  0.138409   ,  0.0415009  ,  2.83043    ,  0.0205633  ,  0.16162    ,  0          ,  0.595553   ,  0.0839147  ,  1.16072    ,  2.00968    ])
120     , -11203.8    , array([ 1.16252    ,  0.59532    ,  1.8616     ,  0.518842   ,  1.01229    ,  0.138409   ,  0.0411827  ,  2.79945    ,  0.0205633  ,  0.16162    ,  0          ,  0.595553   ,  0.0839147  ,  1.16072    ,  2.00968    ])
135     , -11203.8    , array([ 1.16252    ,  0.59532    ,  1.8616     ,  0.518842   ,  1.01229    ,  0.138409   ,  0.0411827  ,  2.79976    ,  0.0254349  ,  0.16162    ,  0          ,  0.595553   ,  0.0839147  ,  1.16072    ,  2.00968    ])
150     , -11357.8    , array([ 1.16252    ,  0.59532    ,  1.8616     ,  0.518842   ,  1.01229    ,  0.138409   ,  0.0411827  ,  2.79976    ,  0.0254349  ,  0.176349   ,  1          ,  0.595553   ,  0.0839147  ,  1.16072    ,  2.00968    ])
165     , -11273.1    , array([ 1.16252    ,  0.59532    ,  1.8616     ,  0.518842   ,  1.01229    ,  0.138409   ,  0.0411827  ,  2.79976    ,  0.0254349  ,  0.176349   ,  0.0180027  ,  0.977519   ,  0.0839147  ,  1.16072    ,  2.00968    ])
180     , -11203.3    , array([ 1.16252    ,  0.59532    ,  1.8616     ,  0.518842   ,  1.01229    ,  0.138409   ,  0.0411827  ,  2.79976    ,  0.0254349  ,  0.176349   ,  0.0180027  ,  0.590849   ,  0.256347   ,  1.16072    ,  2.00968    ])
195     , -11234.2    , array([ 1.16252    ,  0.59532    ,  1.8616     ,  0.518842   ,  1.01229    ,  0.138409   ,  0.0411827  ,  2.79976    ,  0.0254349  ,  0.176349   ,  0.0180027  ,  0.590849   ,  0.256347   ,  1.14786    ,  0.391645   ])
210     , -11201.3    , array([ 1.15824    ,  0.586291   ,  1.85821    ,  0.516992   ,  1.01818    ,  0.134902   ,  0.0415166  ,  2.70891    ,  0.0398661  ,  0.219978   ,  0.0713316  ,  0.576915   ,  0.767137   ,  1.10979    ,  1.66541    ])
225     , -11201.3    , array([ 1.15462    ,  0.586778   ,  1.85839    ,  0.517092   ,  1.01787    ,  0.135092   ,  0.0414986  ,  2.71381    ,  0.0390876  ,  0.217625   ,  0.0684549  ,  0.577667   ,  0.739584   ,  1.11185    ,  1.67929    ])
240     , -11200.6    , array([ 1.15466    ,  0.581416   ,  1.85839    ,  0.517092   ,  1.01787    ,  0.135092   ,  0.0414986  ,  2.71381    ,  0.0390876  ,  0.217625   ,  0.0684549  ,  0.577667   ,  0.739584   ,  1.11185    ,  1.67929    ])
255     , -13868.8    , array([ 1.15466    ,  0.581416   ,  1.85217    ,  1.51709    ,  1.01787    ,  0.135092   ,  0.0414986  ,  2.71381    ,  0.0390876  ,  0.217625   ,  0.0684549  ,  0.577667   ,  0.739584   ,  1.11185    ,  1.67929    ])
270     , -11199.5    , array([ 1.15466    ,  0.581416   ,  1.85217    ,  0.508479   ,  1.01787    ,  0.135092   ,  0.0414986  ,  2.71381    ,  0.0390876  ,  0.217625   ,  0.0684549  ,  0.577667   ,  0.739584   ,  1.11185    ,  1.67929    ])
300     , -11198.9    , array([ 1.15466    ,  0.581416   ,  1.85217    ,  0.508479   ,  1.03658    ,  0.13452    ,  0.0414986  ,  2.71381    ,  0.0390876  ,  0.217625   ,  0.0684549  ,  0.577667   ,  0.739584   ,  1.11185    ,  1.67929    ])
315     , -11198.7    , array([ 1.15466    ,  0.581416   ,  1.85217    ,  0.508479   ,  1.03658    ,  0.13452    ,  0.0417624  ,  2.71381    ,  0.0390876  ,  0.217625   ,  0.0684549  ,  0.577667   ,  0.739584   ,  1.11185    ,  1.67929    ])
330     , -11457.2    , array([ 1.15466    ,  0.581416   ,  1.85217    ,  0.508479   ,  1.03658    ,  0.13452    ,  0.041765   ,  2.67626    ,  1.03909    ,  0.217625   ,  0.0684549  ,  0.577667   ,  0.739584   ,  1.11185    ,  1.67929    ])
360     , -11198.3    , array([ 1.15466    ,  0.581416   ,  1.85217    ,  0.508479   ,  1.03658    ,  0.13452    ,  0.041765   ,  2.67626    ,  0.0552604  ,  0.210502   ,  0.0904519  ,  0.577667   ,  0.739584   ,  1.11185    ,  1.67929    ])
375     , -11198.2    , array([ 1.15466    ,  0.581416   ,  1.85217    ,  0.508479   ,  1.03658    ,  0.13452    ,  0.041765   ,  2.67626    ,  0.0552604  ,  0.210502   ,  0.0901209  ,  0.570954   ,  0.739584   ,  1.11185    ,  1.67929    ])
390     , -11249.8    , array([ 1.15466    ,  0.581416   ,  1.85217    ,  0.508479   ,  1.03658    ,  0.13452    ,  0.041765   ,  2.67626    ,  0.0552604  ,  0.210502   ,  0.0901209  ,  0.570954   ,  0.739584   ,  1.49381    ,  1.78828    ])
405     , -11196.9    , array([ 1.1401     ,  0.553385   ,  1.83743    ,  0.495221   ,  1.07009    ,  0.125143   ,  0.0428697  ,  2.41062    ,  0.107664   ,  0.312917   ,  0.245675   ,  0.529259   ,  2.02198    ,  1.00094    ,  1.25108    ])
435     , -11196.5    , array([ 1.15455    ,  0.571221   ,  1.84952    ,  0.507032   ,  1.04119    ,  0.131776   ,  0.0420262  ,  2.60519    ,  0.0665495  ,  0.244633   ,  0.131839   ,  0.560054   ,  1.13916    ,  1.0744     ,  1.58693    ])
450     , -11573.5    , array([ 1.15455    ,  0.571221   ,  1.83814    ,  0.698007   ,  1.04119    ,  0.131776   ,  0.0420262  ,  2.60519    ,  0.0665495  ,  0.244633   ,  0.131839   ,  0.560054   ,  1.13916    ,  1.0744     ,  1.58693    ])
465     , -11311.6    , array([ 1.15455    ,  0.571221   ,  1.83814    ,  0.502837   ,  1.42316    ,  0.131776   ,  0.0420262  ,  2.60519    ,  0.0665495  ,  0.244633   ,  0.131839   ,  0.560054   ,  1.13916    ,  1.0744     ,  1.58693    ])
480     , -18400      , array([ 1.15455    ,  0.571221   ,  1.83814    ,  0.502837   ,  1.04867    ,  0.0416062  ,  0.0420262  ,  2.60519    ,  0.0665495  ,  0.244633   ,  0.131839   ,  0.560054   ,  1.13916    ,  1.0744     ,  1.58693    ])
495     , -23841.7    , array([ 1.15455    ,  0.571221   ,  1.83814    ,  0.502837   ,  1.04867    ,  0.131575   ,  0.232863   ,  2.60519    ,  0.0665495  ,  0.244633   ,  0.131839   ,  0.560054   ,  1.13916    ,  1.0744     ,  1.58693    ])
510     , -11195.9    , array([ 1.15455    ,  0.571221   ,  1.83814    ,  0.502837   ,  1.04867    ,  0.131575   ,  0.0423048  ,  2.60519    ,  0.0665495  ,  0.244633   ,  0.131839   ,  0.560054   ,  1.13916    ,  1.0744     ,  1.58693    ])
525     , -11195.5    , array([ 1.15455    ,  0.571221   ,  1.83814    ,  0.502837   ,  1.04867    ,  0.131575   ,  0.0423048  ,  2.5657     ,  0.0830467  ,  0.244633   ,  0.131839   ,  0.560054   ,  1.13916    ,  1.0744     ,  1.58693    ])
540     , -11195.4    , array([ 1.15455    ,  0.571221   ,  1.83814    ,  0.502837   ,  1.04867    ,  0.131575   ,  0.0423048  ,  2.5657     ,  0.088445   ,  0.228557   ,  0.131839   ,  0.560054   ,  1.13916    ,  1.0744     ,  1.58693    ])
555     , -11195.3    , array([ 1.15455    ,  0.571221   ,  1.83814    ,  0.502837   ,  1.04867    ,  0.131575   ,  0.0423048  ,  2.5657     ,  0.088445   ,  0.228394   ,  0.153304   ,  0.560054   ,  1.13916    ,  1.0744     ,  1.58693    ])
570     , -11195.1    , array([ 1.15455    ,  0.571221   ,  1.83814    ,  0.502837   ,  1.04867    ,  0.131575   ,  0.0423048  ,  2.5657     ,  0.088445   ,  0.228394   ,  0.153304   ,  0.554875   ,  1.13916    ,  1.0744     ,  1.72683    ])
585     , -11195.1    , array([ 1.15455    ,  0.571221   ,  1.83814    ,  0.502837   ,  1.04867    ,  0.131575   ,  0.0423048  ,  2.5657     ,  0.088445   ,  0.228394   ,  0.153304   ,  0.554875   ,  1.13916    ,  1.07364    ,  1.72312    ])
600     , -11192.8    , array([ 1.15308    ,  0.558169   ,  1.82303    ,  0.49661    ,  1.06262    ,  0.127521   ,  0.0429503  ,  2.42639    ,  0.126195   ,  0.260089   ,  0.233359   ,  0.534387   ,  1.70034    ,  1.03087    ,  1.57654    ])
615     , -11213.3    , array([ 1.29564    ,  0.543573   ,  1.79914    ,  0.487211   ,  1.08194    ,  0.123683   ,  0.0437837  ,  2.26513    ,  0.179991   ,  0.27403    ,  0.324922   ,  0.511237   ,  2.20648    ,  0.991606   ,  1.56716    ])
630     , -11193.1    , array([ 1.17082    ,  0.534795   ,  1.79914    ,  0.487211   ,  1.08194    ,  0.123683   ,  0.0437837  ,  2.26513    ,  0.179991   ,  0.27403    ,  0.324922   ,  0.511237   ,  2.20648    ,  0.991606   ,  1.56716    ])
645     , -11191.3    , array([ 1.17082    ,  0.543398   ,  1.79914    ,  0.487211   ,  1.08194    ,  0.123683   ,  0.0437837  ,  2.26513    ,  0.179991   ,  0.27403    ,  0.324922   ,  0.511237   ,  2.20648    ,  0.991606   ,  1.56716    ])
660     , -11191.2    , array([ 1.17082    ,  0.543398   ,  1.78267    ,  0.487211   ,  1.08194    ,  0.123683   ,  0.0437837  ,  2.26513    ,  0.179991   ,  0.27403    ,  0.324922   ,  0.511237   ,  2.20648    ,  0.991606   ,  1.56716    ])
675     , -12983.2    , array([ 1.17082    ,  0.543398   ,  1.78267    ,  0.489667   ,  0.463907   ,  0.123683   ,  0.0437837  ,  2.26513    ,  0.179991   ,  0.27403    ,  0.324922   ,  0.511237   ,  2.20648    ,  0.991606   ,  1.56716    ])
690     , -15028.9    , array([ 1.17082    ,  0.543398   ,  1.78267    ,  0.489667   ,  1.06418    ,  0.314607   ,  0.0437837  ,  2.26513    ,  0.179991   ,  0.27403    ,  0.324922   ,  0.511237   ,  2.20648    ,  0.991606   ,  1.56716    ])
720     , -11325.7    , array([ 1.17082    ,  0.543398   ,  1.78267    ,  0.489667   ,  1.06418    ,  0.124069   ,  0.0441066  ,  3.26513    ,  0.179991   ,  0.27403    ,  0.324922   ,  0.511237   ,  2.20648    ,  0.991606   ,  1.56716    ])
735     , -11221.7    , array([ 1.17082    ,  0.543398   ,  1.78267    ,  0.489667   ,  1.06418    ,  0.124069   ,  0.0441066  ,  2.2264     ,  0.561957   ,  0.27403    ,  0.324922   ,  0.511237   ,  2.20648    ,  0.991606   ,  1.56716    ])
750     , -11189.9    , array([ 1.17082    ,  0.543398   ,  1.78267    ,  0.489667   ,  1.06418    ,  0.124069   ,  0.0441066  ,  2.2264     ,  0.207716   ,  0.251734   ,  0.324922   ,  0.511237   ,  2.20648    ,  0.991606   ,  1.56716    ])
780     , -11189.8    , array([ 1.17082    ,  0.543398   ,  1.78267    ,  0.489667   ,  1.06418    ,  0.124069   ,  0.0441066  ,  2.2264     ,  0.207716   ,  0.251734   ,  0.339687   ,  0.510325   ,  2.20648    ,  0.991606   ,  1.56716    ])
795     , -11391.9    , array([ 1.17082    ,  0.543398   ,  1.78267    ,  0.489667   ,  1.06418    ,  0.124069   ,  0.0441066  ,  2.2264     ,  0.207716   ,  0.251734   ,  0.339687   ,  0.51034    ,  2.20648    ,  0.373572   ,  1.73593    ])
810     , -11189.3    , array([ 1.17122    ,  0.539796   ,  1.77677    ,  0.487347   ,  1.06895    ,  0.123122   ,  0.0443123  ,  2.1866     ,  0.220992   ,  0.255175   ,  0.362284   ,  0.504627   ,  2.33139    ,  0.989549   ,  1.73362    ])
825     , -16249.3    , array([ 1.18819    ,  1.53976    ,  1.77671    ,  0.487324   ,  1.06899    ,  0.123112   ,  0.0443144  ,  2.1862     ,  0.221126   ,  0.255209   ,  0.362512   ,  0.504569   ,  2.33265    ,  0.989451   ,  1.73359    ])
840     , -34129.7    , array([ 1.18819    ,  0.540498   ,  0.158679   ,  0.487324   ,  1.06899    ,  0.123112   ,  0.0443144  ,  2.1862     ,  0.221126   ,  0.255209   ,  0.362512   ,  0.504569   ,  2.33265    ,  0.989451   ,  1.73359    ])
870     , -11315.5    , array([ 1.18819    ,  0.540498   ,  1.76157    ,  0.489783   ,  1.45096    ,  0.123112   ,  0.0443144  ,  2.1862     ,  0.221126   ,  0.255209   ,  0.362512   ,  0.504569   ,  2.33265    ,  0.989451   ,  1.73359    ])
915     , -11188.2    , array([ 1.18819    ,  0.540498   ,  1.76157    ,  0.489783   ,  1.05476    ,  0.123398   ,  0.0446125  ,  2.1862     ,  0.221126   ,  0.255209   ,  0.362512   ,  0.504569   ,  2.33265    ,  0.989451   ,  1.73359    ])
930     , -11188.1    , array([ 1.18819    ,  0.540498   ,  1.76157    ,  0.489783   ,  1.05476    ,  0.123398   ,  0.0446095  ,  2.15659    ,  0.221126   ,  0.255209   ,  0.362512   ,  0.504569   ,  2.33265    ,  0.989451   ,  1.73359    ])
945     , -11197.2    , array([ 1.18819    ,  0.540498   ,  1.76157    ,  0.489783   ,  1.05476    ,  0.123398   ,  0.0446095  ,  2.15659    ,  0.238234   ,  0.446192   ,  0.362512   ,  0.504569   ,  2.33265    ,  0.989451   ,  1.73359    ])
960     , -11188      , array([ 1.18819    ,  0.540498   ,  1.76157    ,  0.489783   ,  1.05476    ,  0.123398   ,  0.0446095  ,  2.15659    ,  0.238234   ,  0.245618   ,  0.373346   ,  0.504569   ,  2.33265    ,  0.989451   ,  1.73359    ])
975     , -11188      , array([ 1.18819    ,  0.540498   ,  1.76157    ,  0.489783   ,  1.05476    ,  0.123398   ,  0.0446095  ,  2.15659    ,  0.238234   ,  0.245618   ,  0.373346   ,  0.502306   ,  2.33265    ,  0.989451   ,  1.73359    ])
990     , -11187.7    , array([ 1.18819    ,  0.540498   ,  1.76157    ,  0.489783   ,  1.05476    ,  0.123398   ,  0.0446095  ,  2.15659    ,  0.238234   ,  0.245618   ,  0.373346   ,  0.502332   ,  2.33265    ,  0.989451   ,  1.86978    ])
1005    , -11187.6    , array([ 1.18864    ,  0.536442   ,  1.75493    ,  0.487171   ,  1.06013    ,  0.122331   ,  0.0448411  ,  2.11178    ,  0.253184   ,  0.249493   ,  0.398792   ,  0.495898   ,  2.47331    ,  0.982166   ,  1.86717    ])
1020    , -11183.7    , array([ 1.27675    ,  0.519652   ,  1.64471    ,  0.4864     ,  1.01525    ,  0.11838    ,  0.0475065  ,  1.7352     ,  0.415393   ,  0.220566   ,  0.582362   ,  0.452025   ,  3.18501    ,  0.945305   ,  2.54307    ])
1035    , -11183.7    , array([ 1.27679    ,  0.51931    ,  1.64415    ,  0.48618    ,  1.01571    ,  0.11829    ,  0.0475259  ,  1.73143    ,  0.416651   ,  0.220892   ,  0.584504   ,  0.451483   ,  3.19685    ,  0.944386   ,  2.54286    ])
1050    , -11183.6    , array([ 1.27679    ,  0.521716   ,  1.64416    ,  0.486185   ,  1.01569    ,  0.118292   ,  0.0475255  ,  1.73152    ,  0.41662    ,  0.220884   ,  0.584451   ,  0.451496   ,  3.19656    ,  0.944409   ,  2.54286    ])
1125    , -11183.4    , array([ 1.27679    ,  0.521692   ,  1.65106    ,  0.485665   ,  1.01399    ,  0.118168   ,  0.0478075  ,  1.73152    ,  0.41662    ,  0.220884   ,  0.584451   ,  0.451496   ,  3.19656    ,  0.944409   ,  2.54286    ])
1155    , -11190.5    , array([ 1.27679    ,  0.521692   ,  1.65106    ,  0.485665   ,  1.01399    ,  0.118168   ,  0.0478075  ,  1.72243    ,  0.40679    ,  0.411867   ,  0.584451   ,  0.451496   ,  3.19656    ,  0.944409   ,  2.54286    ])
1170    , -11183.3    , array([ 1.27679    ,  0.521692   ,  1.65106    ,  0.485665   ,  1.01399    ,  0.118168   ,  0.0478075  ,  1.72243    ,  0.40679    ,  0.242414   ,  0.579479   ,  0.451496   ,  3.19656    ,  0.944409   ,  2.54286    ])
1185    , -11224.6    , array([ 1.27679    ,  0.521692   ,  1.65106    ,  0.485665   ,  1.01399    ,  0.118168   ,  0.0478075  ,  1.72243    ,  0.40679    ,  0.242414   ,  0.579429   ,  0.454644   ,  3.19656    ,  0.944409   ,  0.924827   ])
1200    , -11183.9    , array([ 1.27679    ,  0.521692   ,  1.65106    ,  0.485665   ,  1.01399    ,  0.118168   ,  0.0478075  ,  1.72243    ,  0.40679    ,  0.242414   ,  0.579429   ,  0.454644   ,  3.19656    ,  0.982266   ,  2.55378    ])
1215    , -11183.3    , array([ 1.27679    ,  0.521692   ,  1.65106    ,  0.485665   ,  1.01399    ,  0.118168   ,  0.0478075  ,  1.72243    ,  0.40679    ,  0.242414   ,  0.579429   ,  0.454644   ,  3.19656    ,  0.94417    ,  2.55378    ])
