784     , -2525.96    , array([ 1.08087    ,  1.1151     ,  0.0479931  ,  0.0392218  ])
788     , -1694.65    , array([ 0.462839   ,  1.1151     ,  0.0479931  ,  0.0392218  ])
792     , -423.937    , array([ 0.153817   ,  1.1151     ,  0.0479931  ,  0.0392218  ])
796     , -102.15     , array([ 0.083442   ,  1.1151     ,  0.0479931  ,  0.0392218  ])
800     , -101.403    , array([ 0.0810952  ,  1.1151     ,  0.0479931  ,  0.0392218  ])
804     , -101.403    , array([ 0.0810975  ,  1.1151     ,  0.0479931  ,  0.0392218  ])
808     , -101.64     , array([ 0.0810975  ,  1.07228    ,  0.0479931  ,  0.0392218  ])
812     , -101.403    , array([ 0.0810975  ,  1.11458    ,  0.0479931  ,  0.0392218  ])
816     , -15289.3    , array([ 0.0810975  ,  1.11457    ,  1.04799    ,  0.0392218  ])
820     , -14107.2    , array([ 0.0810975  ,  1.11457    ,  0.429959   ,  0.0392218  ])
824     , -1288.55    , array([ 0.0810975  ,  1.11457    ,  0.120899   ,  0.0392218  ])
828     , -101.396    , array([ 0.0810975  ,  1.11457    ,  0.0478385  ,  0.0392218  ])
832     , -101.396    , array([ 0.0810975  ,  1.11457    ,  0.0478419  ,  0.0392218  ])
844     , -215.623    , array([ 0.0810975  ,  1.11457    ,  0.0478419  ,  0.0260661  ])
848     , -101.395    , array([ 0.0810975  ,  1.11457    ,  0.0478419  ,  0.0392487  ])
852     , -101.395    , array([ 0.0810975  ,  1.11457    ,  0.0478419  ,  0.0392492  ])
860     , -1056.09    , array([ 0.272068   ,  1.11457    ,  0.0478419  ,  0.0392489  ])
864     , -457.682    , array([ 0.0466556  ,  1.11457    ,  0.0478419  ,  0.0392489  ])
868     , -101.402    , array([ 0.0811918  ,  1.11457    ,  0.0478419  ,  0.0392489  ])
872     , -101.389    , array([ 0.0808795  ,  1.11457    ,  0.0478419  ,  0.0392489  ])
876     , -101.389    , array([ 0.0808817  ,  1.11457    ,  0.0478419  ,  0.0392489  ])
880     , -101.624    , array([ 0.0808817  ,  1.07218    ,  0.0478419  ,  0.0392489  ])
884     , -101.389    , array([ 0.0808817  ,  1.11431    ,  0.0478419  ,  0.0392489  ])
888     , -101.389    , array([ 0.0808817  ,  1.11194    ,  0.0478419  ,  0.0392489  ])
892     , -101.389    , array([ 0.0808817  ,  1.11424    ,  0.0478419  ,  0.0392489  ])
896     , -101.389    , array([ 0.0808817  ,  1.11426    ,  0.0478419  ,  0.0392489  ])
904     , -7423.73    , array([ 0.0808817  ,  1.11427    ,  0.238711   ,  0.0392489  ])
908     , -121.043    , array([ 0.0808817  ,  1.11427    ,  0.0403065  ,  0.0392489  ])
912     , -101.381    , array([ 0.0808817  ,  1.11427    ,  0.0476912  ,  0.0392489  ])
916     , -4301.6     , array([ 0.0808817  ,  1.11427    ,  0.0476912  ,  1.03925    ])
920     , -3884.12    , array([ 0.0808817  ,  1.11427    ,  0.0476912  ,  0.421215   ])
924     , -1046.47    , array([ 0.0808817  ,  1.11427    ,  0.0476912  ,  0.112186   ])
928     , -106.071    , array([ 0.0808817  ,  1.11427    ,  0.0476912  ,  0.0424597  ])
932     , -101.381    , array([ 0.0808817  ,  1.11427    ,  0.0476912  ,  0.0392791  ])
936     , -101.381    , array([ 0.0808817  ,  1.11427    ,  0.0476912  ,  0.0392791  ])
940     , -101.344    , array([ 0.0803167  ,  1.11347    ,  0.0472968  ,  0.039358   ])
944     , -100.479    , array([ 0.0617147  ,  1.08709    ,  0.0343094  ,  0.0419573  ])
948     , -100.478    , array([ 0.0611564  ,  1.08629    ,  0.0339196  ,  0.0420353  ])
960     , -152.042    , array([ 0.0480007  ,  1.08629    ,  0.0339196  ,  0.0420353  ])
964     , -100.298    , array([ 0.0603011  ,  1.08629    ,  0.0339196  ,  0.0420353  ])
968     , -153.099    , array([ 0.0603011  ,  2.08629    ,  0.0339196  ,  0.0420353  ])
972     , -113.955    , array([ 0.0603011  ,  1.46826    ,  0.0339196  ,  0.0420353  ])
976     , -100.297    , array([ 0.0603011  ,  1.08507    ,  0.0339196  ,  0.0420353  ])
980     , -100.298    , array([ 0.0603011  ,  1.08232    ,  0.0339196  ,  0.0420353  ])
984     , -100.297    , array([ 0.0603011  ,  1.08487    ,  0.0339196  ,  0.0420353  ])
992     , -2474.88    , array([ 0.0603011  ,  1.08491    ,  0.0339196  ,  0.232989   ])
996     , -1455.51    , array([ 0.0603011  ,  1.08491    ,  0.0339196  ,  0.00759348 ])
1000    , -100.339    , array([ 0.0603011  ,  1.08491    ,  0.0339196  ,  0.0425827  ])
1004    , -100.281    , array([ 0.0603011  ,  1.08491    ,  0.0339196  ,  0.0422266  ])
1008    , -100.281    , array([ 0.0603011  ,  1.08491    ,  0.0339196  ,  0.0422247  ])
1012    , -100.133    , array([ 0.0555881  ,  1.07822    ,  0.030629   ,  0.0428833  ])
1016    , -100.132    , array([ 0.0550647  ,  1.07748    ,  0.0302636  ,  0.0429565  ])
1024    , -1304.56    , array([ 0.246085   ,  1.07755    ,  0.0302998  ,  0.0429492  ])
1028    , -1798.4     , array([ 0.0206747  ,  1.07755    ,  0.0302998  ,  0.0429492  ])
1032    , -100.208    , array([ 0.0553241  ,  1.07755    ,  0.0302998  ,  0.0429492  ])
1036    , -100.054    , array([ 0.0546192  ,  1.07755    ,  0.0302998  ,  0.0429492  ])
1040    , -100.054    , array([ 0.0546142  ,  1.07755    ,  0.0302998  ,  0.0429492  ])
1044    , -100.424    , array([ 0.0546142  ,  1.02471    ,  0.0302998  ,  0.0429492  ])
1048    , -100.049    , array([ 0.0546142  ,  1.07199    ,  0.0302998  ,  0.0429492  ])
1056    , -2429.31    , array([ 0.0546142  ,  1.07193    ,  0.0302998  ,  0.233903   ])
1060    , -1401.28    , array([ 0.0546142  ,  1.07193    ,  0.0302998  ,  0.00850736 ])
1064    , -100.091    , array([ 0.0546142  ,  1.07193    ,  0.0302998  ,  0.0434661  ])
1068    , -100.037    , array([ 0.0546142  ,  1.07193    ,  0.0302998  ,  0.0431177  ])
1072    , -100.037    , array([ 0.0546142  ,  1.07193    ,  0.0302998  ,  0.043116   ])
1076    , -99.9726    , array([ 0.0523119  ,  1.06866    ,  0.0286924  ,  0.0434377  ])
1080    , -99.9693    , array([ 0.0517141  ,  1.06782    ,  0.028275   ,  0.0435213  ])
1084    , -99.8307    , array([ 0.0483117  ,  1.05808    ,  0.0262503  ,  0.0440933  ])
1088    , -99.583     , array([ 0.0377495  ,  1.02786    ,  0.0199648  ,  0.0458692  ])
1092    , -99.5831    , array([ 0.0380325  ,  1.02867    ,  0.0201332  ,  0.0458217  ])
1096    , -99.583     , array([ 0.0378943  ,  1.02827    ,  0.0200509  ,  0.0458449  ])
1100    , -99.5232    , array([ 0.0388206  ,  1.02959    ,  0.0206976  ,  0.0457155  ])
1104    , -99.5138    , array([ 0.0394147  ,  1.03043    ,  0.0211124  ,  0.0456325  ])
1108    , -99.5138    , array([ 0.0393996  ,  1.03041    ,  0.0211019  ,  0.0456346  ])
1112    , -99.8934    , array([ 0.0393996  ,  0.987829   ,  0.0211019  ,  0.0456346  ])
1116    , -99.5136    , array([ 0.0393996  ,  1.03132    ,  0.0211019  ,  0.0456346  ])
1124    , -2299.32    , array([ 0.0393996  ,  1.03132    ,  0.0211019  ,  0.23659    ])
1128    , -1244.37    , array([ 0.0393996  ,  1.03132    ,  0.0211019  ,  0.0111927  ])
1132    , -99.559     , array([ 0.0393996  ,  1.03132    ,  0.0211019  ,  0.0459153  ])
1136    , -99.5123    , array([ 0.0393996  ,  1.03132    ,  0.0211019  ,  0.0455765  ])
1140    , -99.5123    , array([ 0.0393996  ,  1.03132    ,  0.0211019  ,  0.0455771  ])
1144    , -99.4519    , array([ 0.0355025  ,  1.02017    ,  0.0187827  ,  0.0462323  ])
1148    , -104.637    , array([ 0.0184982  ,  0.970259   ,  0.00881866 ,  0.0490766  ])
1152    , -99.4511    , array([ 0.0351062  ,  1.01904    ,  0.0185468  ,  0.046299   ])
1156    , -99.5214    , array([ 0.0344528  ,  1.01811    ,  0.0180907  ,  0.0463903  ])
1160    , -99.4176    , array([ 0.0360237  ,  1.02034    ,  0.0191875  ,  0.0461707  ])
1168    , -102.501    , array([ 0.0360237  ,  1.16051    ,  0.0191875  ,  0.0461707  ])
1172    , -99.4162    , array([ 0.0360237  ,  1.02298    ,  0.0191875  ,  0.0461707  ])
1180    , -2275.57    , array([ 0.0360237  ,  1.02298    ,  0.0191875  ,  0.237127   ])
1184    , -1219.37    , array([ 0.0360237  ,  1.02298    ,  0.0191875  ,  0.0117289  ])
1188    , -99.4587    , array([ 0.0360237  ,  1.02298    ,  0.0191875  ,  0.0464219  ])
1192    , -99.4134    , array([ 0.0360237  ,  1.02298    ,  0.0191875  ,  0.0460855  ])
1196    , -99.4134    , array([ 0.0360237  ,  1.02298    ,  0.0191875  ,  0.0460863  ])
1200    , -99.3809    , array([ 0.0335235  ,  1.01582    ,  0.0176996  ,  0.0465067  ])
1204    , -99.3803    , array([ 0.0332331  ,  1.01499    ,  0.0175268  ,  0.0465555  ])
1208    , -99.3192    , array([ 0.0313037  ,  1.01079    ,  0.0164731  ,  0.0468216  ])
1212    , -99.13      , array([ 0.0177856  ,  0.981461   ,  0.00910102 ,  0.0486797  ])
1216    , -99.1121    , array([ 0.0200165  ,  0.986301   ,  0.0103177  ,  0.048373   ])
1220    , -100.373    , array([ 0.0421989  ,  1.0499     ,  0.0235273  ,  0.0446379  ])
1224    , -99.2056    , array([ 0.0232287  ,  0.995616   ,  0.0122381  ,  0.0478275  ])
1228    , -99.089     , array([ 0.0207015  ,  0.988385   ,  0.0107342  ,  0.0482524  ])
1232    , -99.089     , array([ 0.0207275  ,  0.988459   ,  0.0107497  ,  0.048248   ])
1236    , -403.932    , array([ 0.0207275  ,  0.370425   ,  0.0107497  ,  0.048248   ])
1240    , -99.0636    , array([ 0.0207275  ,  1.00417    ,  0.0107497  ,  0.048248   ])
1244    , -99.0597    , array([ 0.0207275  ,  0.999946   ,  0.0107497  ,  0.048248   ])
1256    , -185.109    , array([ 0.0207275  ,  0.999946   ,  0.0107497  ,  0.0350924  ])
1260    , -99.0588    , array([ 0.0207275  ,  0.999946   ,  0.0107497  ,  0.0482     ])
1268    , -99.0216    , array([ 0.0156218  ,  0.98887    ,  0.00796527 ,  0.0489018  ])
1272    , -99.0103    , array([ 0.0170757  ,  0.992024   ,  0.00875815 ,  0.0487019  ])
1276    , -99.0102    , array([ 0.0168362  ,  0.991504   ,  0.0086275  ,  0.0487349  ])
1280    , -101.002    , array([ 0.0392356  ,  1.05557    ,  0.0219554  ,  0.0449699  ])
1284    , -99.2657    , array([ 0.0201972  ,  1.00109    ,  0.0106257  ,  0.0481709  ])
1288    , -99.0015    , array([ 0.0173072  ,  0.992825   ,  0.00890592 ,  0.0486568  ])
1292    , -99.0015    , array([ 0.0172897  ,  0.992775   ,  0.00889551 ,  0.0486598  ])
1296    , -396.524    , array([ 0.0172897  ,  0.374741   ,  0.00889551 ,  0.0486598  ])
1300    , -98.9988    , array([ 0.0172897  ,  1.00273    ,  0.00889551 ,  0.0486598  ])
1304    , -98.9945    , array([ 0.0172897  ,  0.998326   ,  0.00889551 ,  0.0486598  ])
1316    , -184.609    , array([ 0.0172897  ,  0.998326   ,  0.00889551 ,  0.0355042  ])
1320    , -98.9944    , array([ 0.0172897  ,  0.998326   ,  0.00889551 ,  0.0486417  ])
1328    , -99.1566    , array([ 0.012184   ,  0.987249   ,  0.00611111 ,  0.0493435  ])
1332    , -98.978     , array([ 0.0156147  ,  0.994692   ,  0.00798202 ,  0.048872   ])
1336    , -98.9557    , array([ 0.0143547  ,  0.997797   ,  0.00731554 ,  0.0490143  ])
1340    , -98.9421    , array([ 0.0123466  ,  1.00274    ,  0.0062533  ,  0.0492413  ])
1344    , -98.942     , array([ 0.0125092  ,  1.00234    ,  0.00633931 ,  0.0492229  ])
1356    , -98.941     , array([ 0.0125234  ,  1.00238    ,  0.00634777 ,  0.0492205  ])
1360    , -98.9326    , array([ 0.0127856  ,  1.00313    ,  0.00650379 ,  0.0491764  ])
1364    , -178.48     , array([ 0.0127856  ,  2.00313    ,  0.00650379 ,  0.0491764  ])
1368    , -119.889    , array([ 0.0127856  ,  1.3851     ,  0.00650379 ,  0.0491764  ])
1372    , -98.926     , array([ 0.0127856  ,  0.99804    ,  0.00650379 ,  0.0491764  ])
1376    , -98.926     , array([ 0.0127856  ,  0.997628   ,  0.00650379 ,  0.0491764  ])
1380    , -98.926     , array([ 0.0127856  ,  0.997683   ,  0.00650379 ,  0.0491764  ])
1388    , -231.255    , array([ 0.0127856  ,  0.997683   ,  0.00650379 ,  0.0715717  ])
1392    , -98.9257    , array([ 0.0127856  ,  0.997683   ,  0.00650379 ,  0.0491964  ])
1396    , -98.9257    , array([ 0.0127856  ,  0.997683   ,  0.00650379 ,  0.0492032  ])
1400    , -98.9553    , array([ 0.0147049  ,  0.992954   ,  0.00751904 ,  0.0489863  ])
1404    , -98.9188    , array([ 0.0115216  ,  1.0008     ,  0.0058352  ,  0.049346   ])
1416    , -99.0114    , array([ 0.0109459  ,  0.99915    ,  0.00549257 ,  0.0494428  ])
1420    , -98.9142    , array([ 0.0116901  ,  1.00128    ,  0.00593548 ,  0.0493177  ])
1428    , -102.706    , array([ 0.0116935  ,  1.1386     ,  0.0059375  ,  0.0493171  ])
1432    , -98.9887    , array([ 0.0116935  ,  0.977785   ,  0.0059375  ,  0.0493171  ])
1436    , -98.9087    , array([ 0.0116935  ,  0.996302   ,  0.0059375  ,  0.0493171  ])
1448    , -183.875    , array([ 0.0116935  ,  0.996302   ,  0.0059375  ,  0.0361615  ])
1452    , -98.9083    , array([ 0.0116935  ,  0.996302   ,  0.0059375  ,  0.0493479  ])
1460    , -98.9048    , array([ 0.0105073  ,  0.999225   ,  0.00531004 ,  0.0494819  ])
1464    , -98.9042    , array([ 0.0108191  ,  0.998457   ,  0.00547494 ,  0.0494467  ])
1468    , -98.8911    , array([ 0.0100988  ,  0.99616    ,  0.00510534 ,  0.0495493  ])
1472    , -98.896     , array([ 0.0103706  ,  0.997046   ,  0.00524473 ,  0.0495105  ])
1480    , -98.8896    , array([ 0.0100102  ,  0.995871   ,  0.00505986 ,  0.049562   ])
1484    , -102.287    , array([ 0.0185513  ,  1.02031    ,  0.0101426  ,  0.0481259  ])
1488    , -99.2246    , array([ 0.0116414  ,  1.00054    ,  0.00603059 ,  0.0492877  ])
1492    , -98.8855    , array([ 0.0101579  ,  0.996294   ,  0.00514777 ,  0.0495371  ])
1496    , -98.8855    , array([ 0.010147   ,  0.996263   ,  0.00514127 ,  0.049539   ])
1500    , -98.9117    , array([ 0.0120663  ,  0.991534   ,  0.00615653 ,  0.0493221  ])
1504    , -98.8888    , array([ 0.0105136  ,  0.99536    ,  0.00533517 ,  0.0494975  ])
1508    , -98.8848    , array([ 0.01004    ,  0.996526   ,  0.0050847  ,  0.0495511  ])
1512    , -98.8846    , array([ 0.0100088  ,  0.996603   ,  0.00506819 ,  0.0495546  ])
1516    , -98.8846    , array([ 0.0100014  ,  0.996621   ,  0.00506427 ,  0.0495554  ])
1528    , -182.831    , array([ 0.0100014  ,  0.996621   ,  0.00506427 ,  0.0363998  ])
1532    , -98.8843    , array([ 0.0100014  ,  0.996621   ,  0.00506427 ,  0.0495303  ])
1552    , -98.8843    , array([ 0.0100005  ,  0.996618   ,  0.00506379 ,  0.0495307  ])
1556    , -98.8843    , array([ 0.0100001  ,  0.996617   ,  0.0050636  ,  0.0495308  ])
1560    , -98.8843    , array([ 0.01       ,  0.996617   ,  0.00506354 ,  0.0495308  ])
