565     , -1312.55    , array([ 0.997006   ,  0.0991733  ,  5.09227    ,  2.2344     ,  0.0484792  ])
570     , -3253.32    , array([ 0.378972   ,  0.0991733  ,  5.09227    ,  2.2344     ,  0.0484792  ])
575     , -1312.54    , array([ 0.994746   ,  0.0991733  ,  5.09227    ,  2.2344     ,  0.0484792  ])
580     , -40477.8    , array([ 0.994047   ,  1.09917    ,  5.09227    ,  2.2344     ,  0.0484792  ])
585     , -14089.6    , array([ 0.994047   ,  0.289967   ,  5.09227    ,  2.2344     ,  0.0484792  ])
590     , -1577.64    , array([ 0.994047   ,  0.114206   ,  5.09227    ,  2.2344     ,  0.0484792  ])
595     , -1312.46    , array([ 0.994047   ,  0.0994157  ,  5.09227    ,  2.2344     ,  0.0484792  ])
600     , -1312.46    , array([ 0.994047   ,  0.0994133  ,  5.09227    ,  2.2344     ,  0.0484792  ])
605     , -1312.39    , array([ 0.994047   ,  0.0994133  ,  5.04521    ,  2.2344     ,  0.0484792  ])
610     , -1312.39    , array([ 0.994047   ,  0.0994133  ,  5.04521    ,  2.2344     ,  0.0484792  ])
615     , -1312.12    , array([ 0.994047   ,  0.0994133  ,  5.04521    ,  2.29586    ,  0.0484792  ])
620     , -1312.12    , array([ 0.994047   ,  0.0994133  ,  5.04521    ,  2.29586    ,  0.0484792  ])
630     , -1378.37    , array([ 0.994047   ,  0.0994133  ,  5.04521    ,  2.29586    ,  0.0537908  ])
635     , -1311.85    , array([ 0.994047   ,  0.0994133  ,  5.04521    ,  2.29586    ,  0.0487758  ])
640     , -1311.48    , array([ 0.991088   ,  0.0996533  ,  4.99816    ,  2.35732    ,  0.0490785  ])
645     , -1311.43    , array([ 0.989471   ,  0.0997844  ,  4.97245    ,  2.39089    ,  0.0492422  ])
650     , -3423.69    , array([ 0.371391   ,  0.0997881  ,  4.97172    ,  2.39185    ,  0.0492469  ])
655     , -1311.22    , array([ 1.00305    ,  0.0997881  ,  4.97172    ,  2.39185    ,  0.0492469  ])
670     , -1321.57    , array([ 1.00332    ,  0.102485   ,  4.97172    ,  2.39185    ,  0.0492469  ])
675     , -1311.21    , array([ 1.00332    ,  0.0997306  ,  4.97172    ,  2.39185    ,  0.0492469  ])
680     , -1324.2     , array([ 1.00332    ,  0.09973    ,  4.35368    ,  2.39185    ,  0.0492469  ])
685     , -1311.21    , array([ 1.00332    ,  0.09973    ,  4.98675    ,  2.39185    ,  0.0492469  ])
690     , -1341.7     , array([ 1.00332    ,  0.09973    ,  4.98691    ,  1.77382    ,  0.0492469  ])
695     , -1311.19    , array([ 1.00332    ,  0.09973    ,  4.98691    ,  2.40816    ,  0.0492469  ])
700     , -1311.54    , array([ 1.00618    ,  0.0994983  ,  5.03233    ,  2.349      ,  0.0489576  ])
705     , -1311.72    , array([ 1.00923    ,  0.10032    ,  4.87499    ,  2.5908     ,  0.0500563  ])
710     , -3255.54    , array([ 0.383603   ,  0.0998667  ,  4.9601     ,  2.44333    ,  0.0494175  ])
715     , -1311.12    , array([ 1.00417    ,  0.0998667  ,  4.9601     ,  2.44333    ,  0.0494175  ])
720     , -40435.4    , array([ 1.00383    ,  1.09987    ,  4.9601     ,  2.44333    ,  0.0494175  ])
725     , -14040.8    , array([ 1.00383    ,  0.290661   ,  4.9601     ,  2.44333    ,  0.0494175  ])
730     , -1567.66    , array([ 1.00383    ,  0.114277   ,  4.9601     ,  2.44333    ,  0.0494175  ])
735     , -1311.06    , array([ 1.00383    ,  0.0996541  ,  4.9601     ,  2.44333    ,  0.0494175  ])
740     , -1324.3     , array([ 1.00383    ,  0.0996562  ,  4.34207    ,  2.44333    ,  0.0494175  ])
745     , -1311.05    , array([ 1.00383    ,  0.0996562  ,  4.97997    ,  2.44333    ,  0.0494175  ])
750     , -1340.51    , array([ 1.00383    ,  0.0996562  ,  4.98017    ,  1.8253     ,  0.0494175  ])
755     , -1311.05    , array([ 1.00383    ,  0.0996562  ,  4.98017    ,  2.44963    ,  0.0494175  ])
760     , -1311.33    , array([ 1.00669    ,  0.0994245  ,  5.0256     ,  2.39024    ,  0.0491283  ])
