5       , -1311.41    , array([ 0.997164   ,  0.0976059  ,  0.0490175  ,  5.00591    ,  2.65518    ])
10      , -1311.49    , array([ 1.007      ,  0.0976059  ,  0.0490175  ,  5.00591    ,  2.65518    ])
15      , -1311.41    , array([ 0.998285   ,  0.0976059  ,  0.0490175  ,  5.00591    ,  2.65518    ])
25      , -5223.19    , array([ 0.998272   ,  0.170482   ,  0.0490175  ,  5.00591    ,  2.65518    ])
30      , -1311.37    , array([ 0.998272   ,  0.0977747  ,  0.0490175  ,  5.00591    ,  2.65518    ])
35      , -13287.2    , array([ 0.998272   ,  0.0977681  ,  1.04902    ,  5.00591    ,  2.65518    ])
40      , -8920.24    , array([ 0.998272   ,  0.0977681  ,  0.23992    ,  5.00591    ,  2.65518    ])
45      , -2460.78    , array([ 0.998272   ,  0.0977681  ,  0.0768698  ,  5.00591    ,  2.65518    ])
50      , -1311.36    , array([ 0.998272   ,  0.0977681  ,  0.0490791  ,  5.00591    ,  2.65518    ])
55      , -1397.98    , array([ 0.998272   ,  0.0977681  ,  0.0490779  ,  3.38788    ,  2.65518    ])
60      , -1311.35    , array([ 0.998272   ,  0.0977681  ,  0.0490779  ,  4.99501    ,  2.65518    ])
65      , -1519.5     , array([ 0.998272   ,  0.0977681  ,  0.0490779  ,  4.99518    ,  1.03715    ])
70      , -1311.35    , array([ 0.998272   ,  0.0977681  ,  0.0490779  ,  4.99518    ,  2.64722    ])
