155     , -1311.32    , array([ 1.00689    ,  0.102322   ,  0.0512533  ,  4.97247    ,  2.42297    ])
160     , -1311.4     , array([ 1.01226    ,  0.102322   ,  0.0512533  ,  4.97247    ,  2.42297    ])
165     , -1311.3     , array([ 1.00314    ,  0.102322   ,  0.0512533  ,  4.97247    ,  2.42297    ])
170     , -24185.4    , array([ 1.00314    ,  0.484288   ,  0.0512533  ,  4.97247    ,  2.42297    ])
175     , -3791.34    , array([ 1.00314    ,  0.0678804  ,  0.0512533  ,  4.97247    ,  2.42297    ])
180     , -1311.3     , array([ 1.00314    ,  0.102363   ,  0.0512533  ,  4.97247    ,  2.42297    ])
195     , -1954.83    , array([ 1.00314    ,  0.102363   ,  0.0380977  ,  4.97247    ,  2.42297    ])
200     , -1311.29    , array([ 1.00314    ,  0.102363   ,  0.051183   ,  4.97247    ,  2.42297    ])
205     , -1311.29    , array([ 1.00314    ,  0.102363   ,  0.0511823  ,  4.97247    ,  2.42297    ])
210     , -1311.26    , array([ 1.00314    ,  0.102363   ,  0.0511823  ,  5.00101    ,  2.42297    ])
215     , -1311.26    , array([ 1.00314    ,  0.102363   ,  0.0511823  ,  5.00101    ,  2.42297    ])
220     , -1311.26    , array([ 1.00314    ,  0.102363   ,  0.0511823  ,  5.00101    ,  2.41656    ])
