824     , -2570.41    , array([ 1.06613    ,  100        ,  0.163979   ,  0.00353941 ])
828     , -807.049    , array([ 0.448093   ,  100        ,  0.163979   ,  0.00353941 ])
832     , -618.871    , array([ 0.139074   ,  100        ,  0.163979   ,  0.00353941 ])
836     , -201.992    , array([ 0.0737931  ,  100        ,  0.163979   ,  0.00353941 ])
840     , -164.674    , array([ 0.0662041  ,  100        ,  0.163979   ,  0.00353941 ])
884     , -164.674    , array([ 0.0662041  ,  100        ,  0.163979   ,  0.00353941 ])
888     , -164.674    , array([ 0.0662041  ,  100        ,  0.163979   ,  0.00353941 ])
896     , -1764.14    , array([ 0.0662041  ,  100        ,  0.0738086  ,  0.00353941 ])
900     , -164.673    , array([ 0.0662041  ,  100        ,  0.164016   ,  0.00353941 ])
904     , -71320.3    , array([ 0.0662041  ,  100        ,  0.164016   ,  1.00354    ])
908     , -51209.4    , array([ 0.0662041  ,  100        ,  0.164016   ,  0.385505   ])
912     , -18071.9    , array([ 0.0662041  ,  100        ,  0.164016   ,  0.0763308  ])
916     , -1927.05    , array([ 0.0662041  ,  100        ,  0.164016   ,  0.0141595  ])
920     , -166.494    , array([ 0.0662041  ,  100        ,  0.164016   ,  0.00379536 ])
924     , -164.674    , array([ 0.0662041  ,  100        ,  0.164016   ,  0.00354567 ])
928     , -164.673    , array([ 0.0662041  ,  100        ,  0.164016   ,  0.00353964 ])
932     , -164.673    , array([ 0.0662041  ,  100        ,  0.164016   ,  0.00353961 ])
