824     , -90.5012    , array([ 0.0918545  ,  1.23915    ,  0.0545791  ,  0.0368875  ])
828     , -1068.01    , array([ 0.0758406  ,  1.01992    ,  0.0587681  ,  0.0972828  ])
832     , -1069.96    , array([ 0.0758406  ,  1.01992    ,  0.0588269  ,  0.0972828  ])
836     , -90.4505    , array([ 0.0918377  ,  1.23643    ,  0.054604   ,  0.0371091  ])
840     , -90.4141    , array([ 0.0919384  ,  1.22717    ,  0.0542689  ,  0.0373962  ])
844     , -90.4104    , array([ 0.0919384  ,  1.22717    ,  0.0543232  ,  0.0373962  ])
848     , -90.356     , array([ 0.0915836  ,  1.21331    ,  0.0540324  ,  0.0375522  ])
852     , -90.2457    , array([ 0.0895214  ,  1.20584    ,  0.0526008  ,  0.0378859  ])
856     , -90.2422    , array([ 0.0895214  ,  1.20584    ,  0.0526535  ,  0.0378859  ])
860     , -89.9208    , array([ 0.0821359  ,  1.17638    ,  0.0472441  ,  0.0392508  ])
864     , -89.4722    , array([ 0.0699828  ,  1.10676    ,  0.03916    ,  0.0417516  ])
868     , -89.4635    , array([ 0.0699828  ,  1.10676    ,  0.0391992  ,  0.0417516  ])
872     , -89.2569    , array([ 0.0562733  ,  1.04684    ,  0.030581   ,  0.0444287  ])
876     , -89.0089    , array([ 0.0508245  ,  1.03842    ,  0.0274942  ,  0.0449887  ])
880     , -89.006     , array([ 0.0508245  ,  1.03842    ,  0.0275218  ,  0.0449887  ])
884     , -88.8886    , array([ 0.0434297  ,  1.03716    ,  0.0230552  ,  0.0459882  ])
888     , -88.7897    , array([ 0.0397374  ,  1.03279    ,  0.0209781  ,  0.0463694  ])
892     , -88.7861    , array([ 0.0397374  ,  1.03279    ,  0.0209991  ,  0.0463694  ])
896     , -88.7621    , array([ 0.036655   ,  1.02873    ,  0.0192021  ,  0.0468049  ])
900     , -88.7348    , array([ 0.0355417  ,  1.02787    ,  0.0186021  ,  0.0469225  ])
904     , -88.731     , array([ 0.0355417  ,  1.02787    ,  0.0186207  ,  0.0469225  ])
908     , -88.6872    , array([ 0.031574   ,  1.0244     ,  0.0163837  ,  0.0473959  ])
912     , -88.6693    , array([ 0.0291853  ,  1.02033    ,  0.0150818  ,  0.0477549  ])
916     , -88.6653    , array([ 0.0291853  ,  1.02033    ,  0.0150969  ,  0.0477549  ])
920     , -88.7831    , array([ 0.0214129  ,  1.00422    ,  0.0108296  ,  0.0492182  ])
924     , -88.6686    , array([ 0.0274032  ,  1.01704    ,  0.014102   ,  0.0480481  ])
928     , -88.6636    , array([ 0.0274032  ,  1.01704    ,  0.0141162  ,  0.0480481  ])
932     , -88.6721    , array([ 0.0271013  ,  1.0168     ,  0.0139247  ,  0.0480841  ])
936     , -88.6498    , array([ 0.025797   ,  1.01584    ,  0.0132374  ,  0.0482284  ])
940     , -88.6452    , array([ 0.025797   ,  1.01584    ,  0.0132507  ,  0.0482284  ])
944     , -88.6319    , array([ 0.0212843  ,  1.01201    ,  0.0108112  ,  0.0488099  ])
948     , -88.6223    , array([ 0.0202236  ,  1.01036    ,  0.010261   ,  0.0489601  ])
952     , -88.6172    , array([ 0.0202236  ,  1.01036    ,  0.0102712  ,  0.0489601  ])
956     , -88.6505    , array([ 0.0165666  ,  1.00381    ,  0.00832616 ,  0.0495654  ])
960     , -88.6224    , array([ 0.0194008  ,  1.009      ,  0.00982617 ,  0.0490849  ])
964     , -88.617     , array([ 0.0194008  ,  1.009      ,  0.009836   ,  0.0490849  ])
968     , -88.6298    , array([ 0.0200657  ,  1.01007    ,  0.0101668  ,  0.0489866  ])
972     , -88.6222    , array([ 0.0196176  ,  1.00937    ,  0.00994069 ,  0.0490515  ])
976     , -88.6169    , array([ 0.0196176  ,  1.00937    ,  0.00995064 ,  0.0490515  ])
980     , -88.6298    , array([ 0.019974   ,  1.00992    ,  0.0101184  ,  0.0490004  ])
984     , -88.6222    , array([ 0.0197314  ,  1.00955    ,  0.0100008  ,  0.0490341  ])
988     , -88.6169    , array([ 0.0197314  ,  1.00955    ,  0.0100108  ,  0.0490341  ])
992     , -88.6298    , array([ 0.0199266  ,  1.00984    ,  0.0100934  ,  0.0490075  ])
996     , -88.6222    , array([ 0.0197908  ,  1.00965    ,  0.0100322  ,  0.0490251  ])
1000    , -88.6169    , array([ 0.0197908  ,  1.00965    ,  0.0100422  ,  0.0490251  ])
1004    , -88.6298    , array([ 0.0199021  ,  1.0098     ,  0.0100804  ,  0.0490112  ])
1008    , -88.6221    , array([ 0.0198218  ,  1.0097     ,  0.0100486  ,  0.0490204  ])
1012    , -88.6169    , array([ 0.0198218  ,  1.0097     ,  0.0100586  ,  0.0490204  ])
1016    , -88.6299    , array([ 0.0198893  ,  1.00978    ,  0.0100737  ,  0.0490132  ])
1020    , -88.6221    , array([ 0.019838   ,  1.00973    ,  0.0100571  ,  0.0490179  ])
1024    , -88.6169    , array([ 0.019838   ,  1.00973    ,  0.0100672  ,  0.0490179  ])
1028    , -88.6299    , array([ 0.0198826  ,  1.00977    ,  0.0100702  ,  0.0490142  ])
1032    , -88.6221    , array([ 0.019868   ,  1.00978    ,  0.010073   ,  0.0490134  ])
1036    , -88.6169    , array([ 0.019868   ,  1.00978    ,  0.010083   ,  0.0490134  ])
1040    , -88.6299    , array([ 0.0198844  ,  1.00978    ,  0.0100711  ,  0.0490139  ])
1044    , -88.6221    , array([ 0.0198673  ,  1.00978    ,  0.0100726  ,  0.0490135  ])
1048    , -88.6169    , array([ 0.0198673  ,  1.00978    ,  0.0100827  ,  0.0490135  ])
1052    , -88.6299    , array([ 0.0198877  ,  1.00978    ,  0.0100729  ,  0.0490134  ])
1056    , -88.6221    , array([ 0.019868   ,  1.00978    ,  0.0100729  ,  0.0490134  ])
1060    , -88.6169    , array([ 0.019868   ,  1.00978    ,  0.010083   ,  0.0490134  ])
1064    , -88.6299    , array([ 0.0198878  ,  1.00978    ,  0.0100729  ,  0.0490134  ])
1068    , -88.6221    , array([ 0.019868   ,  1.00978    ,  0.0100729  ,  0.0490134  ])
1072    , -88.6169    , array([ 0.019868   ,  1.00978    ,  0.010083   ,  0.0490134  ])
1076    , -88.6299    , array([ 0.0198878  ,  1.00978    ,  0.0100729  ,  0.0490134  ])
1080    , -88.6221    , array([ 0.019868   ,  1.00978    ,  0.0100729  ,  0.0490134  ])
1084    , -88.6169    , array([ 0.019868   ,  1.00978    ,  0.010083   ,  0.0490134  ])
1088    , -88.6299    , array([ 0.0198878  ,  1.00978    ,  0.0100729  ,  0.0490134  ])
1092    , -88.6221    , array([ 0.019868   ,  1.00978    ,  0.0100729  ,  0.0490134  ])
1096    , -88.6169    , array([ 0.019868   ,  1.00978    ,  0.010083   ,  0.0490134  ])
1100    , -88.6299    , array([ 0.0198878  ,  1.00978    ,  0.0100729  ,  0.0490134  ])
1104    , -88.6221    , array([ 0.019868   ,  1.00978    ,  0.0100729  ,  0.0490134  ])
1108    , -88.6169    , array([ 0.019868   ,  1.00978    ,  0.010083   ,  0.0490134  ])
1112    , -88.6299    , array([ 0.0198878  ,  1.00978    ,  0.0100729  ,  0.0490134  ])
1116    , -88.6221    , array([ 0.019868   ,  1.00978    ,  0.0100729  ,  0.0490134  ])
1120    , -88.6169    , array([ 0.019868   ,  1.00978    ,  0.010083   ,  0.0490134  ])
1124    , -88.6299    , array([ 0.0198878  ,  1.00978    ,  0.0100729  ,  0.0490134  ])
1128    , -88.6221    , array([ 0.019868   ,  1.00978    ,  0.0100729  ,  0.0490134  ])
1132    , -88.6169    , array([ 0.019868   ,  1.00978    ,  0.010083   ,  0.0490134  ])
1136    , -88.6299    , array([ 0.0198878  ,  1.00978    ,  0.0100729  ,  0.0490134  ])
1140    , -88.6221    , array([ 0.019868   ,  1.00978    ,  0.0100729  ,  0.0490134  ])
1144    , -88.6169    , array([ 0.019868   ,  1.00978    ,  0.010083   ,  0.0490134  ])
1148    , -88.6299    , array([ 0.0198878  ,  1.00978    ,  0.0100729  ,  0.0490134  ])
1152    , -88.6221    , array([ 0.019868   ,  1.00978    ,  0.0100729  ,  0.0490134  ])
1156    , -88.6169    , array([ 0.019868   ,  1.00978    ,  0.010083   ,  0.0490134  ])
1160    , -88.6299    , array([ 0.0198878  ,  1.00978    ,  0.0100729  ,  0.0490134  ])
1164    , -88.6221    , array([ 0.019868   ,  1.00978    ,  0.0100729  ,  0.0490134  ])
1168    , -88.6169    , array([ 0.019868   ,  1.00978    ,  0.010083   ,  0.0490134  ])
1172    , -88.6299    , array([ 0.0198878  ,  1.00978    ,  0.0100729  ,  0.0490134  ])
1176    , -88.6221    , array([ 0.019868   ,  1.00978    ,  0.0100729  ,  0.0490134  ])
1180    , -88.6169    , array([ 0.019868   ,  1.00978    ,  0.010083   ,  0.0490134  ])
1184    , -88.6299    , array([ 0.0198878  ,  1.00978    ,  0.0100729  ,  0.0490134  ])
1188    , -88.6223    , array([ 0.0202236  ,  1.01036    ,  0.010261   ,  0.0489601  ])
1192    , -88.6172    , array([ 0.0202236  ,  1.01036    ,  0.0102712  ,  0.0489601  ])
1196    , -88.6307    , array([ 0.0192543  ,  1.00872    ,  0.00973873 ,  0.0491107  ])
1200    , -88.6316    , array([ 0.0174006  ,  1.00544    ,  0.00877265 ,  0.0494134  ])
1204    , -88.6228    , array([ 0.0191679  ,  1.00861    ,  0.0097033  ,  0.0491213  ])
1208    , -88.6227    , array([ 0.0192329  ,  1.00872    ,  0.00973758 ,  0.0491111  ])
