988     , -413.517    , array([ 54.8437    ,  0.348413   ,  5          ,  1.07409    ])
992     , -413.517    , array([ 54.8437    ,  0.348413   ,  5          ,  1.07409    ])
996     , -413.517    , array([ 55.0115    ,  0.348413   ,  5          ,  1.07409    ])
1004    , -702.172    , array([ 55.0115    ,  0.539392   ,  5          ,  1.07409    ])
1008    , -449.836    , array([ 55.0115    ,  0.313971   ,  5          ,  1.07409    ])
1012    , -413.516    , array([ 55.0115    ,  0.34825    ,  5          ,  1.07409    ])
1028    , -413.516    , array([ 55.0115    ,  0.34825    ,  4.99958    ,  1.07409    ])
1032    , -413.516    , array([ 55.0115    ,  0.34825    ,  4.99994    ,  1.07409    ])
1036    , -413.516    , array([ 55.0115    ,  0.34825    ,  4.99999    ,  1.07409    ])
1040    , -413.516    , array([ 55.0115    ,  0.34825    ,  5          ,  1.07409    ])
1044    , -413.516    , array([ 55.0115    ,  0.34825    ,  5          ,  1.07409    ])
1048    , -413.516    , array([ 55.0115    ,  0.34825    ,  5          ,  1.07409    ])
1052    , -413.516    , array([ 55.0115    ,  0.34825    ,  5          ,  1.07409    ])
1056    , -413.516    , array([ 55.0115    ,  0.34825    ,  5          ,  1.07409    ])
1060    , -413.516    , array([ 55.0115    ,  0.34825    ,  5          ,  1.07409    ])
1064    , -413.516    , array([ 55.0115    ,  0.34825    ,  5          ,  1.07409    ])
1072    , -416.52     , array([ 55.0115    ,  0.34825    ,  5          ,  1.09598    ])
1076    , -413.516    , array([ 55.0115    ,  0.34825    ,  5          ,  1.07386    ])
