252     , -23892.8    , array([ 0.001      ,  7.2501     ,  0.00302172 ,  0.012064   ])
256     , -23892.8    , array([ 0.001      ,  7.2501     ,  0.00302172 ,  0.012064   ])
264     , -36264.9    , array([ 0.0288534  ,  7.2501     ,  0.00302172 ,  0.012064   ])
268     , -37732.3    , array([ 0.00506375 ,  7.2501     ,  0.00302172 ,  0.012064   ])
272     , -28152.7    , array([ 0.00159289 ,  7.2501     ,  0.00302172 ,  0.012064   ])
276     , -24107.9    , array([ 0.0010865  ,  7.2501     ,  0.00302172 ,  0.012064   ])
280     , -23897.8    , array([ 0.00101262 ,  7.2501     ,  0.00302172 ,  0.012064   ])
284     , -23892.8    , array([ 0.00100039 ,  7.2501     ,  0.00302172 ,  0.012064   ])
288     , -23892.9    , array([ 0.00100039 ,  8.2501     ,  0.00302172 ,  0.012064   ])
292     , -23892.8    , array([ 0.00100039 ,  7.63206    ,  0.00302172 ,  0.012064   ])
296     , -23892.8    , array([ 0.00100039 ,  7.3328     ,  0.00302172 ,  0.012064   ])
304     , -73690.4    , array([ 0.00100039 ,  7.33364    ,  0.193602   ,  0.012064   ])
316     , -23895.6    , array([ 0.00100039 ,  7.33364    ,  0.00299291 ,  0.012064   ])
320     , -23892.8    , array([ 0.00100039 ,  7.33364    ,  0.00302051 ,  0.012064   ])
324     , -23892.8    , array([ 0.00100039 ,  7.33364    ,  0.00302052 ,  0.012064   ])
332     , -28938      , array([ 0.00100039 ,  7.33364    ,  0.00302052 ,  0.0398936  ])
336     , -23994.3    , array([ 0.00100039 ,  7.33364    ,  0.00302052 ,  0.0142353  ])
340     , -23892.8    , array([ 0.00100039 ,  7.33364    ,  0.00302052 ,  0.012064   ])
