545     , -1312.58    , array([ 0.999676   ,  0.100771   ,  4.93682    ,  2.20116    ,  0.0489147  ])
550     , -1398.72    , array([ 1.38164    ,  0.100771   ,  4.93682    ,  2.20116    ,  0.0489147  ])
555     , -1312.51    , array([ 1.00793    ,  0.100771   ,  4.93682    ,  2.20116    ,  0.0489147  ])
560     , -1312.51    , array([ 1.00785    ,  0.100771   ,  4.93682    ,  2.20116    ,  0.0489147  ])
565     , -80208.6    , array([ 1.00785    ,  0.0106006  ,  4.93682    ,  2.20116    ,  0.0489147  ])
570     , -1312.55    , array([ 1.00785    ,  0.100323   ,  4.93682    ,  2.20116    ,  0.0489147  ])
575     , -1339.73    , array([ 1.00785    ,  0.100576   ,  5.93682    ,  2.20116    ,  0.0489147  ])
580     , -1312.4     , array([ 1.00785    ,  0.100576   ,  4.98632    ,  2.20116    ,  0.0489147  ])
585     , -1373.05    , array([ 1.00785    ,  0.100576   ,  4.98111    ,  3.20116    ,  0.0489147  ])
590     , -1312.27    , array([ 1.00785    ,  0.100576   ,  4.98111    ,  2.25398    ,  0.0489147  ])
595     , -15377.1    , array([ 1.00785    ,  0.100576   ,  4.98111    ,  2.24404    ,  1.04891    ])
600     , -10114.8    , array([ 1.00785    ,  0.100576   ,  4.98111    ,  2.24404    ,  0.239803   ])
605     , -2540.14    , array([ 1.00785    ,  0.100576   ,  4.98111    ,  2.24404    ,  0.076765   ])
610     , -1311.96    , array([ 1.00785    ,  0.100576   ,  4.98111    ,  2.24404    ,  0.0492376  ])
615     , -1633.92    , array([ 2.00785    ,  0.100576   ,  4.98111    ,  2.24404    ,  0.0492341  ])
620     , -1333.03    , array([ 1.16179    ,  0.100576   ,  4.98111    ,  2.24404    ,  0.0492341  ])
625     , -1311.94    , array([ 1.00371    ,  0.100576   ,  4.98111    ,  2.24404    ,  0.0492341  ])
630     , -1311.94    , array([ 1.00371    ,  0.100576   ,  4.98111    ,  2.24404    ,  0.0492341  ])
635     , -80859.4    , array([ 1.00371    ,  0.0104059  ,  4.98111    ,  2.24404    ,  0.0492341  ])
640     , -1312       , array([ 1.00371    ,  0.100433   ,  4.98111    ,  2.24404    ,  0.0492341  ])
645     , -1311.93    , array([ 1.00371    ,  0.100657   ,  4.98111    ,  2.24404    ,  0.0492341  ])
650     , -1315.96    , array([ 1.00371    ,  0.100657   ,  5.36308    ,  2.24404    ,  0.0492341  ])
655     , -1311.92    , array([ 1.00371    ,  0.100657   ,  5.00178    ,  2.24404    ,  0.0492341  ])
660     , -1320.01    , array([ 1.00371    ,  0.100657   ,  5.00178    ,  2.62601    ,  0.0492341  ])
665     , -1311.8     , array([ 1.00371    ,  0.100657   ,  5.00178    ,  2.28441    ,  0.0492341  ])
670     , -12719.4    , array([ 1.00371    ,  0.100657   ,  5.00178    ,  2.28441    ,  0.4312     ])
675     , -13590.4    , array([ 1.00371    ,  0.100657   ,  5.00178    ,  2.28441    ,  0.0147923  ])
680     , -1311.6     , array([ 1.00371    ,  0.100657   ,  5.00178    ,  2.28441    ,  0.0494649  ])
685     , -1311.6     , array([ 1.00371    ,  0.100657   ,  5.00178    ,  2.28441    ,  0.0494959  ])
690     , -1311.1     , array([ 0.990448   ,  0.100917   ,  5.06785    ,  2.41343    ,  0.0503327  ])
695     , -1311.1     , array([ 0.990583   ,  0.100915   ,  5.06718    ,  2.41211    ,  0.0503241  ])
700     , -1404.09    , array([ 1.37255    ,  0.100915   ,  5.06718    ,  2.41211    ,  0.0503241  ])
705     , -1311.08    , array([ 0.99498    ,  0.100915   ,  5.06718    ,  2.41211    ,  0.0503241  ])
720     , -1320.77    , array([ 0.994936   ,  0.103573   ,  5.06718    ,  2.41211    ,  0.0503241  ])
725     , -1311.07    , array([ 0.994936   ,  0.100877   ,  5.06718    ,  2.41211    ,  0.0503241  ])
730     , -1322.65    , array([ 0.994936   ,  0.100877   ,  4.44914    ,  2.41211    ,  0.0503241  ])
735     , -1311.05    , array([ 0.994936   ,  0.100877   ,  5.04033    ,  2.41211    ,  0.0503241  ])
740     , -1342.87    , array([ 0.994936   ,  0.100877   ,  5.04006    ,  1.79408    ,  0.0503241  ])
745     , -1311.02    , array([ 0.994936   ,  0.100877   ,  5.04006    ,  2.43243    ,  0.0503241  ])
750     , -1311.22    , array([ 1.00305    ,  0.100718   ,  4.99965    ,  2.35371    ,  0.0498123  ])
755     , -1311.02    , array([ 0.994837   ,  0.100879   ,  5.04055    ,  2.43359    ,  0.0503303  ])
