3904    , -103.04     , array([ 0.101933   ,  1.19302    ,  0.0632604  ,  0.0357616  ])
3908    , -103.04     , array([ 0.101933   ,  1.19302    ,  0.0632604  ,  0.0357616  ])
3916    , -121.368    , array([ 0.117021   ,  1.19302    ,  0.0632604  ,  0.0357616  ])
3920    , -103.021    , array([ 0.101477   ,  1.19302    ,  0.0632604  ,  0.0357616  ])
3928    , -104.409    , array([ 0.101472   ,  1.32104    ,  0.0632604  ,  0.0357616  ])
3932    , -103.017    , array([ 0.101472   ,  1.18613    ,  0.0632604  ,  0.0357616  ])
3936    , -12176.5    , array([ 0.101472   ,  1.18613    ,  1.06326    ,  0.0357616  ])
3940    , -10199.9    , array([ 0.101472   ,  1.18613    ,  0.445226   ,  0.0357616  ])
3944    , -782.225    , array([ 0.101472   ,  1.18613    ,  0.136178   ,  0.0357616  ])
3948    , -103.003    , array([ 0.101472   ,  1.18613    ,  0.0629757  ,  0.0357616  ])
3952    , -4668.17    , array([ 0.101472   ,  1.18613    ,  0.0629757  ,  1.03576    ])
3956    , -4221.4     , array([ 0.101472   ,  1.18613    ,  0.0629757  ,  0.417728   ])
3960    , -1143.41    , array([ 0.101472   ,  1.18613    ,  0.0629757  ,  0.108698   ])
3964    , -108.999    , array([ 0.101472   ,  1.18613    ,  0.0629757  ,  0.0392424  ])
3968    , -102.999    , array([ 0.101472   ,  1.18613    ,  0.0629757  ,  0.0358422  ])
3972    , -102.961    , array([ 0.101011   ,  1.17924    ,  0.0626911  ,  0.0359228  ])
3976    , -102.809    , array([ 0.0963565  ,  1.10966    ,  0.0598182  ,  0.0367362  ])
3980    , -102.801    , array([ 0.0971731  ,  1.12187    ,  0.0603222  ,  0.0365935  ])
3988    , -2684.42    , array([ 0.0971296  ,  1.12122    ,  0.0602954  ,  0.227553   ])
3992    , -1804.74    , array([ 0.0971296  ,  1.12122    ,  0.0602954  ,  0.00215926 ])
3996    , -102.852    , array([ 0.0971296  ,  1.12122    ,  0.0602954  ,  0.0373001  ])
4000    , -102.76     , array([ 0.0971296  ,  1.12122    ,  0.0602954  ,  0.036881   ])
4004    , -242.469    , array([ 0.0971296  ,  0.503182   ,  0.0602954  ,  0.036881   ])
4008    , -102.731    , array([ 0.0971296  ,  1.14148    ,  0.0602954  ,  0.036881   ])
4012    , -102.73     , array([ 0.0971296  ,  1.13787    ,  0.0602954  ,  0.036881   ])
4024    , -102.662    , array([ 0.0971296  ,  1.13787    ,  0.0597399  ,  0.036881   ])
4028    , -102.662    , array([ 0.0971296  ,  1.13787    ,  0.0597062  ,  0.036881   ])
4032    , -102.87     , array([ 0.0998135  ,  1.17799    ,  0.0613628  ,  0.0364119  ])
4036    , -102.603    , array([ 0.0949585  ,  1.10542    ,  0.0583661  ,  0.0372604  ])
4040    , -4305.19    , array([ 0.0949365  ,  1.10509    ,  0.0583526  ,  1.03726    ])
4044    , -3915.56    , array([ 0.0949365  ,  1.10509    ,  0.0583526  ,  0.41923    ])
4048    , -1065.11    , array([ 0.0949365  ,  1.10509    ,  0.0583526  ,  0.110201   ])
4052    , -107.958    , array([ 0.0949365  ,  1.10509    ,  0.0583526  ,  0.0407837  ])
4056    , -102.588    , array([ 0.0949365  ,  1.10509    ,  0.0583526  ,  0.0374328  ])
4064    , -104.002    , array([ 0.0949365  ,  1.25055    ,  0.0583526  ,  0.0374345  ])
4068    , -102.531    , array([ 0.0949365  ,  1.12693    ,  0.0583526  ,  0.0374345  ])
4072    , -13096.9    , array([ 0.0949365  ,  1.12725    ,  1.05835    ,  0.0374345  ])
4076    , -11354.7    , array([ 0.0949365  ,  1.12725    ,  0.440319   ,  0.0374345  ])
4080    , -914.399    , array([ 0.0949365  ,  1.12725    ,  0.131267   ,  0.0374345  ])
4084    , -102.494    , array([ 0.0949365  ,  1.12725    ,  0.0579322  ,  0.0374345  ])
4088    , -102.496    , array([ 0.090594   ,  1.06234    ,  0.055256   ,  0.0381935  ])
4092    , -102.434    , array([ 0.0932778  ,  1.10246    ,  0.0569126  ,  0.0377244  ])
4096    , -102.429    , array([ 0.0926692  ,  1.09336    ,  0.0565369  ,  0.0378308  ])
4100    , -102.122    , array([ 0.0868144  ,  1.06386    ,  0.0518335  ,  0.0392999  ])
4104    , -102.233    , array([ 0.0787654  ,  1.023      ,  0.0453731  ,  0.0413172  ])
4108    , -102.07     , array([ 0.0836504  ,  1.0478     ,  0.049294   ,  0.0400929  ])
4112    , -102.07     , array([ 0.0836504  ,  1.0478     ,  0.049294   ,  0.0400929  ])
4120    , -277.882    , array([ 0.0836504  ,  1.0478     ,  0.049294   ,  0.0638667  ])
4124    , -102.05     , array([ 0.0836504  ,  1.0478     ,  0.049294   ,  0.0398635  ])
4128    , -102.049    , array([ 0.0836504  ,  1.0478     ,  0.049294   ,  0.0398823  ])
4132    , -312.546    , array([ 0.0836504  ,  0.429765   ,  0.049294   ,  0.0398823  ])
4136    , -101.839    , array([ 0.0836504  ,  1.09002    ,  0.049294   ,  0.0398823  ])
4140    , -101.837    , array([ 0.0836504  ,  1.08615    ,  0.049294   ,  0.0398823  ])
4152    , -101.834    , array([ 0.0836504  ,  1.08615    ,  0.0495129  ,  0.0398823  ])
4156    , -101.832    , array([ 0.0836504  ,  1.08615    ,  0.0494255  ,  0.0398823  ])
4160    , -102.079    , array([ 0.0892382  ,  1.11451    ,  0.0539105  ,  0.0384818  ])
4164    , -101.796    , array([ 0.0810143  ,  1.07276    ,  0.0473097  ,  0.040543   ])
4168    , -101.796    , array([ 0.0810143  ,  1.07276    ,  0.0473097  ,  0.040543   ])
4180    , -198.19     , array([ 0.0810143  ,  1.07276    ,  0.0473097  ,  0.0273873  ])
4184    , -101.63     , array([ 0.0810143  ,  1.07276    ,  0.0473097  ,  0.0399422  ])
4188    , -147.226    , array([ 0.0810143  ,  2.07276    ,  0.0473097  ,  0.0399422  ])
4192    , -112.421    , array([ 0.0810143  ,  1.45473    ,  0.0473097  ,  0.0399422  ])
4196    , -101.835    , array([ 0.0810143  ,  1.14766    ,  0.0473097  ,  0.0399422  ])
4200    , -101.538    , array([ 0.0810143  ,  1.09878    ,  0.0473097  ,  0.0399422  ])
4212    , -101.52     , array([ 0.0810143  ,  1.09878    ,  0.0476695  ,  0.0399422  ])
4216    , -101.516    , array([ 0.0810143  ,  1.09878    ,  0.0475628  ,  0.0399422  ])
4220    , -101.822    , array([ 0.0866021  ,  1.12715    ,  0.0520478  ,  0.0385417  ])
4224    , -101.472    , array([ 0.07925    ,  1.08983    ,  0.0461468  ,  0.0403844  ])
4228    , -101.204    , array([ 0.0751694  ,  1.09513    ,  0.0431247  ,  0.0408064  ])
4232    , -100.943    , array([ 0.0675158  ,  1.12442    ,  0.0376445  ,  0.0411513  ])
4236    , -100.936    , array([ 0.068633   ,  1.12014    ,  0.0384445  ,  0.0411009  ])
4240    , -103.461    , array([ 0.0594335  ,  1.07485    ,  0.0310743  ,  0.0433741  ])
4244    , -101.318    , array([ 0.0650212  ,  1.10322    ,  0.0355593  ,  0.0419736  ])
4248    , -100.903    , array([ 0.0700115  ,  1.12855    ,  0.0395646  ,  0.0407229  ])
4256    , -102.909    , array([ 0.0700115  ,  1.2586     ,  0.0395646  ,  0.0407229  ])
4260    , -100.896    , array([ 0.0700115  ,  1.12121    ,  0.0395646  ,  0.0407229  ])
4264    , -17562.3    , array([ 0.0700115  ,  1.12121    ,  1.03956    ,  0.0407229  ])
4268    , -16831.9    , array([ 0.0700115  ,  1.12121    ,  0.421531   ,  0.0407229  ])
4272    , -1784.54    , array([ 0.0700115  ,  1.12121    ,  0.112462   ,  0.0407229  ])
4276    , -100.785    , array([ 0.0700115  ,  1.12121    ,  0.0400542  ,  0.0407229  ])
4280    , -100.965    , array([ 0.0603943  ,  1.15801    ,  0.0331632  ,  0.0411563  ])
4284    , -100.715    , array([ 0.0663381  ,  1.13527    ,  0.0374191  ,  0.0408885  ])
4288    , -101.438    , array([ 0.0545843  ,  1.18659    ,  0.029621   ,  0.0411022  ])
4292    , -100.715    , array([ 0.0663381  ,  1.13527    ,  0.0374191  ,  0.0408885  ])
4296    , -100.689    , array([ 0.0651441  ,  1.12921    ,  0.0364608  ,  0.0411877  ])
4300    , -100.688    , array([ 0.0650615  ,  1.12879    ,  0.0363945  ,  0.0412084  ])
4304    , -243.154    , array([ 0.0650615  ,  0.510755   ,  0.0363945  ,  0.0412084  ])
4308    , -100.679    , array([ 0.0650615  ,  1.12348    ,  0.0363945  ,  0.0412084  ])
4312    , -100.677    , array([ 0.0650615  ,  1.11933    ,  0.0363945  ,  0.0412084  ])
4316    , -100.677    , array([ 0.0650615  ,  1.11943    ,  0.0363945  ,  0.0412084  ])
4324    , -115.486    , array([ 0.0650615  ,  1.11943    ,  0.0422022  ,  0.0412084  ])
4328    , -100.573    , array([ 0.0650615  ,  1.11943    ,  0.0368209  ,  0.0412084  ])
4332    , -100.573    , array([ 0.0650615  ,  1.11943    ,  0.0368209  ,  0.0412084  ])
4336    , -100.557    , array([ 0.0634942  ,  1.12542    ,  0.0356987  ,  0.041279   ])
4340    , -100.418    , array([ 0.0605189  ,  1.11608    ,  0.0338842  ,  0.0416755  ])
4344    , -100.323    , array([ 0.0323944  ,  1.02332    ,  0.0167997  ,  0.0454797  ])
4348    , -99.9192    , array([ 0.0366058  ,  1.03721    ,  0.019358   ,  0.04491    ])
4352    , -99.833     , array([ 0.0407342  ,  1.05083    ,  0.0218658  ,  0.0443516  ])
4356    , -106.523    , array([ 0.0553632  ,  1.12509    ,  0.0336075  ,  0.0406851  ])
4360    , -99.8689    , array([ 0.041718   ,  1.05582    ,  0.0226554  ,  0.044105   ])
4364    , -99.8275    , array([ 0.0409881  ,  1.05212    ,  0.0220695  ,  0.044288   ])
4372    , -101.969    , array([ 0.0409881  ,  1.19663    ,  0.0220695  ,  0.044288   ])
4376    , -99.7701    , array([ 0.0409881  ,  1.07068    ,  0.0220695  ,  0.044288   ])
4380    , -101.885    , array([ 0.056549   ,  1.01113    ,  0.0332115  ,  0.0435867  ])
4384    , -99.7816    , array([ 0.0423003  ,  1.06565    ,  0.0230092  ,  0.0442289  ])
4388    , -99.7648    , array([ 0.0414498  ,  1.06891    ,  0.0224002  ,  0.0442672  ])
4392    , -101.622    , array([ 0.0781654  ,  1.19003    ,  0.0447029  ,  0.0393006  ])
4396    , -99.7021    , array([ 0.0388136  ,  1.06025    ,  0.0207983  ,  0.0446233  ])
4400    , -99.686     , array([ 0.0369922  ,  1.05424    ,  0.0196918  ,  0.0448697  ])
4404    , -202.828    , array([ 0.0104668  ,  0.982513   ,  0.00367791 ,  0.0484695  ])
4408    , -99.686     , array([ 0.0369476  ,  1.05409    ,  0.0196648  ,  0.0448757  ])
4412    , -99.6834    , array([ 0.0372027  ,  1.05539    ,  0.0198695  ,  0.0448118  ])
4416    , -99.6826    , array([ 0.0371171  ,  1.05495    ,  0.0198008  ,  0.0448333  ])
4420    , -99.6826    , array([ 0.0371188  ,  1.05496    ,  0.0198022  ,  0.0448328  ])
4424    , -99.8756    , array([ 0.0371188  ,  1.03052    ,  0.0198022  ,  0.0448328  ])
4428    , -99.6652    , array([ 0.0371188  ,  1.06519    ,  0.0198022  ,  0.0448328  ])
4432    , -99.6652    , array([ 0.0371188  ,  1.06509    ,  0.0198022  ,  0.0448328  ])
4436    , -99.6557    , array([ 0.0375586  ,  1.06341    ,  0.0201171  ,  0.044813   ])
4440    , -99.6555    , array([ 0.0376261  ,  1.06315    ,  0.0201654  ,  0.04481    ])
4444    , -99.6555    , array([ 0.0376334  ,  1.06312    ,  0.0201706  ,  0.0448096  ])
4448    , -99.6159    , array([ 0.0359343  ,  1.05752    ,  0.0191385  ,  0.0450395  ])
4452    , -99.605     , array([ 0.0346226  ,  1.05319    ,  0.0183417  ,  0.0452169  ])
4456    , -99.5368    , array([ 0.0322975  ,  1.05229    ,  0.0170185  ,  0.045558   ])
4460    , -99.5383    , array([ 0.0228394  ,  1.04863    ,  0.0116363  ,  0.0469458  ])
4464    , -99.4433    , array([ 0.0267074  ,  1.05013    ,  0.0138374  ,  0.0463782  ])
4468    , -179.44     , array([ 0.0175105  ,  1.00417    ,  0.0064921  ,  0.0486671  ])
4472    , -105.546    , array([ 0.0230983  ,  1.03254    ,  0.010977   ,  0.0472666  ])
4476    , -99.4039    , array([ 0.0269184  ,  1.05193    ,  0.0140431  ,  0.0463092  ])
4480    , -164.994    , array([ 0.026922   ,  2.05195    ,  0.0140461  ,  0.0463083  ])
4484    , -116.484    , array([ 0.026922   ,  1.43391    ,  0.0140461  ,  0.0463083  ])
4488    , -99.4008    , array([ 0.026922   ,  1.04807    ,  0.0140461  ,  0.0463083  ])
4492    , -99.4008    , array([ 0.026922   ,  1.04787    ,  0.0140461  ,  0.0463083  ])
4496    , -99.4008    , array([ 0.026922   ,  1.04783    ,  0.0140461  ,  0.0463083  ])
4500    , -99.3925    , array([ 0.0270511  ,  1.04734    ,  0.0141385  ,  0.0463024  ])
4504    , -99.3863    , array([ 0.0273016  ,  1.04638    ,  0.0143178  ,  0.0462912  ])
4508    , -99.3863    , array([ 0.0272978  ,  1.04639    ,  0.0143151  ,  0.0462913  ])
4512    , -99.3139    , array([ 0.0228242  ,  1.04466    ,  0.0117694  ,  0.0469477  ])
4516    , -102.799    , array([ 0.0112769  ,  1.03623    ,  0.00533992 ,  0.0486417  ])
4520    , -99.3138    , array([ 0.0229497  ,  1.04471    ,  0.0118408  ,  0.0469293  ])
4524    , -99.3575    , array([ 0.0227522  ,  1.04371    ,  0.0116823  ,  0.0469788  ])
4528    , -99.3032    , array([ 0.0231105  ,  1.04553    ,  0.0119698  ,  0.046889   ])
4532    , -99.3032    , array([ 0.0231089  ,  1.04552    ,  0.0119685  ,  0.0468894  ])
4536    , -99.7528    , array([ 0.0231089  ,  0.992458   ,  0.0119685  ,  0.0468894  ])
4540    , -99.2973    , array([ 0.0231089  ,  1.03991    ,  0.0119685  ,  0.0468894  ])
4544    , -107.88     , array([ 0.0386698  ,  0.980313   ,  0.0231105  ,  0.0461881  ])
4548    , -99.506     , array([ 0.0246632  ,  1.03391    ,  0.0130815  ,  0.0468194  ])
4552    , -99.2854    , array([ 0.0233811  ,  1.03881    ,  0.0121634  ,  0.0468772  ])
4556    , -99.6731    , array([ 0.0364399  ,  1.04387    ,  0.0195948  ,  0.0449611  ])
4560    , -99.2613    , array([ 0.020065   ,  1.03753    ,  0.0102764  ,  0.0473637  ])
4564    , -99.2513    , array([ 0.0210725  ,  1.03792    ,  0.0108497  ,  0.0472159  ])
4568    , -99.2513    , array([ 0.0210494  ,  1.03791    ,  0.0108366  ,  0.0472193  ])
4572    , -99.1305    , array([ 0.0160744  ,  1.02012    ,  0.00820754 ,  0.0479784  ])
4576    , -99.1079    , array([ 0.0136894  ,  1.01158    ,  0.00694718 ,  0.0483423  ])
4584    , -137.123    , array([ 0.010236   ,  0.994054   ,  0.00417534 ,  0.0492078  ])
4588    , -99.0736    , array([ 0.0138488  ,  1.01239    ,  0.00707509 ,  0.0483024  ])
4592    , -99.0736    , array([ 0.0138456  ,  1.01238    ,  0.00707254 ,  0.0483032  ])
4596    , -99.0736    , array([ 0.0138472  ,  1.01239    ,  0.00707381 ,  0.0483028  ])
4600    , -99.4065    , array([ 0.0138472  ,  0.978802   ,  0.00707381 ,  0.0483028  ])
4604    , -99.0669    , array([ 0.0138472  ,  1.01795    ,  0.00707381 ,  0.0483028  ])
4608    , -99.0669    , array([ 0.0138472  ,  1.01801    ,  0.00707381 ,  0.0483028  ])
4612    , -101.71     , array([ 0.0120795  ,  1.02477    ,  0.00580809 ,  0.0483824  ])
4616    , -99.0669    , array([ 0.0138418  ,  1.01803    ,  0.00706997 ,  0.048303   ])
4620    , -99.0669    , array([ 0.0138385  ,  1.01804    ,  0.00706761 ,  0.0483032  ])
4624    , -99.0669    , array([ 0.0138416  ,  1.01803    ,  0.00706979 ,  0.048303   ])
4632    , -99.0282    , array([ 0.0110302  ,  1.00797    ,  0.0055841  ,  0.048732   ])
4636    , -99.0291    , array([ 0.0107588  ,  1.007      ,  0.00544066 ,  0.0487734  ])
4644    , -99.0281    , array([ 0.0110864  ,  1.00817    ,  0.00561378 ,  0.0487234  ])
4652    , -99.0172    , array([ 0.011156   ,  1.00853    ,  0.00566967 ,  0.048706   ])
4656    , -174.121    , array([ 0.011157   ,  2.00853    ,  0.00567048 ,  0.0487057  ])
4660    , -118.144    , array([ 0.011157   ,  1.3905     ,  0.00567048 ,  0.0487057  ])
4664    , -99.0124    , array([ 0.011157   ,  1.01324    ,  0.00567048 ,  0.0487057  ])
4676    , -99.3172    , array([ 0.0106311  ,  1.01525    ,  0.00529394 ,  0.0487294  ])
4680    , -99.0124    , array([ 0.0111501  ,  1.01326    ,  0.00566557 ,  0.048706   ])
4684    , -99.0124    , array([ 0.0111505  ,  1.01326    ,  0.00566581 ,  0.048706   ])
4688    , -99.3484    , array([ 0.023059   ,  1.05586    ,  0.0119588  ,  0.0468889  ])
4692    , -99.0728    , array([ 0.0134246  ,  1.0214     ,  0.00686751 ,  0.048359   ])
4700    , -98.997     , array([ 0.0101362  ,  1.00963    ,  0.00512978 ,  0.0488607  ])
4708    , -98.9962    , array([ 0.0100179  ,  1.00921    ,  0.00506723 ,  0.0488788  ])
4716    , -98.9978    , array([ 0.0100108  ,  1.00918    ,  0.00506154 ,  0.0488806  ])
4720    , -98.9924    , array([ 0.0100549  ,  1.0094     ,  0.00509699 ,  0.0488695  ])
4728    , -102.364    , array([ 0.0100546  ,  1.149      ,  0.0050967  ,  0.0488696  ])
4732    , -98.9912    , array([ 0.0100546  ,  1.01182    ,  0.0050967  ,  0.0488696  ])
4736    , -98.9912    , array([ 0.0100546  ,  1.01167    ,  0.0050967  ,  0.0488696  ])
4752    , -98.9912    , array([ 0.0100511  ,  1.01181    ,  0.00509421 ,  0.0488698  ])
4756    , -98.9912    , array([ 0.0100596  ,  1.01178    ,  0.00510031 ,  0.0488694  ])
4760    , -98.9911    , array([ 0.0100596  ,  1.01178    ,  0.00510028 ,  0.0488694  ])
4764    , -99.1314    , array([ 0.0146083  ,  1.02805    ,  0.00750407 ,  0.0481753  ])
4768    , -99.0134    , array([ 0.0109283  ,  1.01489    ,  0.00555936 ,  0.0487368  ])
4772    , -98.9939    , array([ 0.0101863  ,  1.01223    ,  0.00516726 ,  0.04885    ])
4776    , -98.9904    , array([ 0.0100226  ,  1.01165    ,  0.00508073 ,  0.048875   ])
4780    , -98.99      , array([ 0.0100031  ,  1.01158    ,  0.00507042 ,  0.048878   ])
