480     , -1346.57    , array([ 0.333475   ,  1.12807    ,  0.0662216  ,  0.214726   ,  6.6905     ,  3.51145    ])
492     , -1346.51    , array([ 0.331292   ,  1.12709    ,  0.0662216  ,  0.214726   ,  6.6905     ,  3.51145    ])
498     , -31124.9    , array([ 0.331292   ,  1.12382    ,  1.06622    ,  0.214726   ,  6.6905     ,  3.51145    ])
510     , -1346.72    , array([ 0.331292   ,  1.12382    ,  0.0657633  ,  0.214726   ,  6.6905     ,  3.51145    ])
516     , -1346.5     , array([ 0.331292   ,  1.12382    ,  0.0662536  ,  0.214726   ,  6.6905     ,  3.51145    ])
522     , -4200.29    , array([ 0.331292   ,  1.12382    ,  0.0662539  ,  0.596692   ,  6.6905     ,  3.51145    ])
528     , -1347.09    , array([ 0.331292   ,  1.12382    ,  0.0662539  ,  0.2125     ,  6.6905     ,  3.51145    ])
534     , -1346.5     , array([ 0.331292   ,  1.12382    ,  0.0662539  ,  0.214799   ,  6.6905     ,  3.51145    ])
540     , -1374.47    , array([ 0.331292   ,  1.12382    ,  0.0662539  ,  0.214795   ,  6.07247    ,  3.51145    ])
546     , -1346.46    , array([ 0.331292   ,  1.12382    ,  0.0662539  ,  0.214795   ,  6.71185    ,  3.51145    ])
552     , -1362.49    , array([ 0.331292   ,  1.12382    ,  0.0662539  ,  0.214795   ,  6.71163    ,  3.89342    ])
