892     , -393.287    , array([ 80.8521    ,  0.235701   ,  5          ,  0.832253   ])
896     , -393.286    , array([ 78.8521    ,  0.235701   ,  5          ,  0.832253   ])
900     , -393.286    , array([ 79.1169    ,  0.235701   ,  5          ,  0.832253   ])
908     , -1430.75    , array([ 79.1169    ,  0.145531   ,  5          ,  0.832253   ])
912     , -393.391    , array([ 79.1169    ,  0.236788   ,  5          ,  0.832253   ])
916     , -393.286    , array([ 79.1169    ,  0.235674   ,  5          ,  0.832253   ])
920     , -393.286    , array([ 79.1169    ,  0.235673   ,  5          ,  0.832253   ])
924     , -393.289    , array([ 79.1169    ,  0.235673   ,  4.99152    ,  0.832253   ])
928     , -393.286    , array([ 79.1169    ,  0.235673   ,  4.99876    ,  0.832253   ])
932     , -393.286    , array([ 79.1169    ,  0.235673   ,  4.99982    ,  0.832253   ])
936     , -393.286    , array([ 79.1169    ,  0.235673   ,  4.99997    ,  0.832253   ])
940     , -393.286    , array([ 79.1169    ,  0.235673   ,  5          ,  0.832253   ])
944     , -393.286    , array([ 79.1169    ,  0.235673   ,  5          ,  0.832253   ])
948     , -393.286    , array([ 79.1169    ,  0.235673   ,  5          ,  0.832253   ])
952     , -393.286    , array([ 79.1169    ,  0.235673   ,  5          ,  0.832253   ])
956     , -393.286    , array([ 79.1169    ,  0.235673   ,  5          ,  0.832253   ])
960     , -393.286    , array([ 79.1169    ,  0.235673   ,  5          ,  0.832253   ])
964     , -393.286    , array([ 79.1169    ,  0.235673   ,  5          ,  0.832253   ])
968     , -2247.62    , array([ 79.1169    ,  0.235673   ,  5          ,  1.83225    ])
972     , -1382.42    , array([ 79.1169    ,  0.235673   ,  5          ,  1.21422    ])
976     , -393.286    , array([ 79.1169    ,  0.235673   ,  5          ,  0.832206   ])
