348     , -393.008    , array([ 3.18076    ,  0.0736743  ,  4.9494     ,  0.291456   ])
352     , -393.008    , array([ 3.18076    ,  0.0736743  ,  4.9494     ,  0.291456   ])
356     , -393.007    , array([ 3.18276    ,  0.0736743  ,  4.9494     ,  0.291456   ])
360     , -393.007    , array([ 3.18672    ,  0.0736743  ,  4.9494     ,  0.291456   ])
372     , -655.191    , array([ 3.18672    ,  0.0605187  ,  4.9494     ,  0.291456   ])
376     , -393.007    , array([ 3.18672    ,  0.073672   ,  4.9494     ,  0.291456   ])
380     , -393.007    , array([ 3.18672    ,  0.0736719  ,  4.9494     ,  0.291456   ])
384     , -394.124    , array([ 3.18672    ,  0.0736719  ,  4.33136    ,  0.291456   ])
388     , -393.007    , array([ 3.18672    ,  0.0736719  ,  4.95045    ,  0.291456   ])
392     , -393.007    , array([ 3.18672    ,  0.0736719  ,  4.95221    ,  0.291456   ])
400     , -1784.07    , array([ 3.18672    ,  0.0736719  ,  4.95221    ,  0.201286   ])
404     , -393.007    , array([ 3.18672    ,  0.0736719  ,  4.95221    ,  0.291477   ])
