280     , -1310.97    , array([ 1.00021    ,  0.100824   ,  5.00253    ,  2.46913    ,  0.0504584  ])
285     , -1404.69    , array([ 1.38218    ,  0.100824   ,  5.00253    ,  2.46913    ,  0.0504584  ])
290     , -1310.97    , array([ 1.00005    ,  0.100824   ,  5.00253    ,  2.46913    ,  0.0504584  ])
295     , -40184.3    , array([ 1.00005    ,  1.10082    ,  5.00253    ,  2.46913    ,  0.0504584  ])
300     , -13853      , array([ 1.00005    ,  0.29162    ,  5.00253    ,  2.46913    ,  0.0504584  ])
305     , -1557.97    , array([ 1.00005    ,  0.115318   ,  5.00253    ,  2.46913    ,  0.0504584  ])
310     , -1310.97    , array([ 1.00005    ,  0.100817   ,  5.00253    ,  2.46913    ,  0.0504584  ])
315     , -1310.97    , array([ 1.00005    ,  0.100817   ,  5.00253    ,  2.46913    ,  0.0504584  ])
320     , -1310.97    , array([ 1.00005    ,  0.100817   ,  5.00785    ,  2.46913    ,  0.0504584  ])
325     , -1310.97    , array([ 1.00005    ,  0.100817   ,  5.00779    ,  2.46913    ,  0.0504584  ])
330     , -1310.97    , array([ 1.00005    ,  0.100817   ,  5.00779    ,  2.47169    ,  0.0504584  ])
345     , -1983.82    , array([ 1.00005    ,  0.100817   ,  5.00779    ,  2.47169    ,  0.0373028  ])
350     , -1310.97    , array([ 1.00005    ,  0.100817   ,  5.00779    ,  2.47169    ,  0.0504513  ])
