8       , -11198.9    , array([ 1.60532    ,  0.498267   ,  0.996817   ,  0.495197   ,  0.993223   ,  3.08343    ,  0.0993503  ,  0.0503407  ])
16      , -21928.5    , array([ 1.49899    ,  1.49827    ,  0.996817   ,  0.495197   ,  0.993223   ,  3.08343    ,  0.0993503  ,  0.0503407  ])
24      , -11182.9    , array([ 1.49899    ,  0.489035   ,  0.996817   ,  0.495197   ,  0.993223   ,  3.08343    ,  0.0993503  ,  0.0503407  ])
40      , -11178.3    , array([ 1.49899    ,  0.498199   ,  0.996184   ,  0.495197   ,  0.993223   ,  3.08343    ,  0.0993503  ,  0.0503407  ])
48      , -11320.9    , array([ 1.49899    ,  0.498199   ,  0.996191   ,  0.877163   ,  0.993223   ,  3.08343    ,  0.0993503  ,  0.0503407  ])
56      , -11885.1    , array([ 1.49899    ,  0.498199   ,  0.996191   ,  0.496619   ,  1.99322    ,  3.08343    ,  0.0993503  ,  0.0503407  ])
64      , -11178.3    , array([ 1.49899    ,  0.498199   ,  0.996191   ,  0.496619   ,  0.99278    ,  3.08343    ,  0.0993503  ,  0.0503407  ])
72      , -11178.3    , array([ 1.49899    ,  0.498199   ,  0.996191   ,  0.496619   ,  0.99278    ,  3.09582    ,  0.0993503  ,  0.0503407  ])
80      , -11178.3    , array([ 1.49899    ,  0.498199   ,  0.996191   ,  0.496619   ,  0.99278    ,  3.08438    ,  0.0993503  ,  0.0503407  ])
88      , -11242.3    , array([ 1.49899    ,  0.498199   ,  0.996191   ,  0.496619   ,  0.99278    ,  3.08438    ,  0.108035   ,  0.0503407  ])
104     , -15366.6    , array([ 1.49899    ,  0.498199   ,  0.996191   ,  0.496619   ,  0.99278    ,  3.08438    ,  0.0994356  ,  0.0158988  ])
112     , -11178.3    , array([ 1.49899    ,  0.498199   ,  0.996191   ,  0.496619   ,  0.99278    ,  3.08438    ,  0.0994356  ,  0.0503409  ])
