5       , -1311.33    , array([ 0.998305   ,  0.100436   ,  4.99266    ,  2.63066    ,  0.0509296  ])
10      , -1311.41    , array([ 1.00814    ,  0.100436   ,  4.99266    ,  2.63066    ,  0.0509296  ])
15      , -1311.33    , array([ 0.999581   ,  0.100436   ,  4.99266    ,  2.63066    ,  0.0509296  ])
20      , -24494.6    , array([ 0.999581   ,  0.482402   ,  4.99266    ,  2.63066    ,  0.0509296  ])
25      , -3880.41    , array([ 0.999581   ,  0.0659945  ,  4.99266    ,  2.63066    ,  0.0509296  ])
30      , -1311.33    , array([ 0.999581   ,  0.100394   ,  4.99266    ,  2.63066    ,  0.0509296  ])
35      , -1404.98    , array([ 0.999581   ,  0.100394   ,  3.37462    ,  2.63066    ,  0.0509296  ])
40      , -1311.33    , array([ 0.999581   ,  0.100394   ,  4.99607    ,  2.63066    ,  0.0509296  ])
45      , -1528.89    , array([ 0.999581   ,  0.100394   ,  4.9961     ,  1.01263    ,  0.0509296  ])
50      , -1311.28    , array([ 0.999581   ,  0.100394   ,  4.9961     ,  2.60504    ,  0.0509296  ])
55      , -13047.5    , array([ 0.999581   ,  0.100394   ,  4.9961     ,  2.60573    ,  1.05093    ])
60      , -8645.67    , array([ 0.999581   ,  0.100394   ,  4.9961     ,  2.60573    ,  0.241834   ])
65      , -2396.85    , array([ 0.999581   ,  0.100394   ,  4.9961     ,  2.60573    ,  0.0787822  ])
70      , -1311.2     , array([ 0.999581   ,  0.100394   ,  4.9961     ,  2.60573    ,  0.050748   ])
75      , -1311.1     , array([ 1.00086    ,  0.100352   ,  4.99955    ,  2.58081    ,  0.05057    ])
80      , -1311.03    , array([ 1.00363    ,  0.100261   ,  5.00703    ,  2.52673    ,  0.0501799  ])
85      , -1642.55    , array([ 2.00332    ,  0.100271   ,  5.00621    ,  2.53272    ,  0.0502231  ])
90      , -1332.81    , array([ 1.15751    ,  0.100271   ,  5.00621    ,  2.53272    ,  0.0502231  ])
95      , -1311.01    , array([ 0.999209   ,  0.100271   ,  5.00621    ,  2.53272    ,  0.0502231  ])
100     , -1311.01    , array([ 0.999209   ,  0.100271   ,  5.00621    ,  2.53272    ,  0.0502231  ])
105     , -79520      , array([ 0.999209   ,  0.0101013  ,  5.00621    ,  2.53272    ,  0.0502231  ])
110     , -1311.05    , array([ 0.999209   ,  0.0998181  ,  5.00621    ,  2.53272    ,  0.0502231  ])
115     , -1341.76    , array([ 0.999209   ,  0.100073   ,  6.00621    ,  2.53272    ,  0.0502231  ])
120     , -1310.96    , array([ 0.999209   ,  0.100073   ,  5.00861    ,  2.53272    ,  0.0502231  ])
125     , -1310.96    , array([ 0.999209   ,  0.100073   ,  5.0027     ,  2.53272    ,  0.0502231  ])
130     , -1321.38    , array([ 0.999209   ,  0.100073   ,  5.0027     ,  2.91468    ,  0.0502231  ])
135     , -1310.95    , array([ 0.999209   ,  0.100073   ,  5.0027     ,  2.52758    ,  0.0502231  ])
140     , -1311.09    , array([ 0.996898   ,  0.100149   ,  4.99646    ,  2.57276    ,  0.0505486  ])
