4       , -29795.9    , array([ 98.382     ,  100        ,  0.0513269  ,  0.0993619  ])
8       , -29795.8    , array([ 99.691     ,  100        ,  0.0513269  ,  0.0993619  ])
12      , -29795.8    , array([ 99.9549    ,  100        ,  0.0513269  ,  0.0993619  ])
16      , -29795.8    , array([ 99.9934    ,  100        ,  0.0513269  ,  0.0993619  ])
20      , -29795.8    , array([ 99.999     ,  100        ,  0.0513269  ,  0.0993619  ])
24      , -29795.8    , array([ 99.9999    ,  100        ,  0.0513269  ,  0.0993619  ])
28      , -29795.8    , array([ 100        ,  100        ,  0.0513269  ,  0.0993619  ])
32      , -29795.8    , array([ 100        ,  100        ,  0.0513269  ,  0.0993619  ])
36      , -29795.8    , array([ 100        ,  100        ,  0.0513269  ,  0.0993619  ])
40      , -29795.8    , array([ 100        ,  100        ,  0.0513269  ,  0.0993619  ])
44      , -29795.8    , array([ 100        ,  100        ,  0.0513269  ,  0.0993619  ])
48      , -29795.8    , array([ 100        ,  100        ,  0.0513269  ,  0.0993619  ])
52      , -29795.8    , array([ 100        ,  100        ,  0.0513269  ,  0.0993619  ])
56      , -29795.8    , array([ 100        ,  100        ,  0.0513269  ,  0.0993619  ])
60      , -29796.5    , array([ 100        ,  98.382     ,  0.0513269  ,  0.0993619  ])
64      , -29795.9    , array([ 100        ,  99.691     ,  0.0513269  ,  0.0993619  ])
68      , -29795.8    , array([ 100        ,  99.9549    ,  0.0513269  ,  0.0993619  ])
72      , -29795.8    , array([ 100        ,  99.9934    ,  0.0513269  ,  0.0993619  ])
76      , -29795.8    , array([ 100        ,  99.999     ,  0.0513269  ,  0.0993619  ])
80      , -29795.8    , array([ 100        ,  99.9999    ,  0.0513269  ,  0.0993619  ])
84      , -29795.8    , array([ 100        ,  100        ,  0.0513269  ,  0.0993619  ])
88      , -29795.8    , array([ 100        ,  100        ,  0.0513269  ,  0.0993619  ])
92      , -29795.8    , array([ 100        ,  100        ,  0.0513269  ,  0.0993619  ])
96      , -29795.8    , array([ 100        ,  100        ,  0.0513269  ,  0.0993619  ])
100     , -29795.8    , array([ 100        ,  100        ,  0.0513269  ,  0.0993619  ])
104     , -29795.8    , array([ 100        ,  100        ,  0.0513269  ,  0.0993619  ])
108     , -29795.8    , array([ 100        ,  100        ,  0.0513269  ,  0.0993619  ])
112     , -29795.8    , array([ 100        ,  100        ,  0.0513269  ,  0.0993619  ])
116     , -39371.9    , array([ 100        ,  100        ,  1.05133    ,  0.0993619  ])
120     , -33282.4    , array([ 100        ,  100        ,  0.433293   ,  0.0993619  ])
128     , -29795.8    , array([ 100        ,  100        ,  0.0520014  ,  0.0993619  ])
132     , -29795.8    , array([ 100        ,  100        ,  0.0517033  ,  0.0993619  ])
144     , -29795.8    , array([ 100        ,  100        ,  0.0517033  ,  0.0989354  ])
148     , -29795.8    , array([ 100        ,  100        ,  0.0517033  ,  0.0993609  ])
