1036    , -92.4921    , array([ 0.0612076  ,  2.8591     ,  0.203331   ,  0.0560625  ])
1048    , -93.9127    , array([ 0.0663843  ,  2.8591     ,  0.203331   ,  0.0560625  ])
1052    , -92.4738    , array([ 0.0617143  ,  2.8591     ,  0.203331   ,  0.0560625  ])
1056    , -97.9869    , array([ 0.0617143  ,  3.8591     ,  0.203331   ,  0.0560625  ])
1060    , -93.2895    , array([ 0.0617143  ,  3.24107    ,  0.203331   ,  0.0560625  ])
1064    , -92.4677    , array([ 0.0617143  ,  2.8871     ,  0.203331   ,  0.0560625  ])
1072    , -302.599    , array([ 0.0617143  ,  2.8871     ,  0.394307   ,  0.0560625  ])
1076    , -92.4321    , array([ 0.0617143  ,  2.8871     ,  0.201091   ,  0.0560625  ])
1080    , -18404.1    , array([ 0.0617143  ,  2.8871     ,  0.201091   ,  1.05606    ])
1084    , -12263.6    , array([ 0.0617143  ,  2.8871     ,  0.201091   ,  0.438029   ])
1088    , -1228.58    , array([ 0.0617143  ,  2.8871     ,  0.201091   ,  0.128974   ])
1092    , -92.4355    , array([ 0.0617143  ,  2.8871     ,  0.201091   ,  0.0559908  ])
1096    , -92.4317    , array([ 0.0617143  ,  2.8871     ,  0.201091   ,  0.0560992  ])
1104    , -740.514    , array([ 0.252687   ,  2.8871     ,  0.201091   ,  0.0560988  ])
1108    , -258.283    , array([ 0.0272724  ,  2.8871     ,  0.201091   ,  0.0560988  ])
1112    , -92.41      , array([ 0.0611707  ,  2.8871     ,  0.201091   ,  0.0560988  ])
1116    , -92.41      , array([ 0.0611594  ,  2.8871     ,  0.201091   ,  0.0560988  ])
1120    , -96.7793    , array([ 0.0611594  ,  2.26907    ,  0.201091   ,  0.0560988  ])
1124    , -92.4037    , array([ 0.0611594  ,  2.91617    ,  0.201091   ,  0.0560988  ])
1128    , -4629.01    , array([ 0.0611594  ,  2.91581    ,  1.20109    ,  0.0560988  ])
1132    , -884.905    , array([ 0.0611594  ,  2.91581    ,  0.583057   ,  0.0560988  ])
1136    , -92.3742    , array([ 0.0611594  ,  2.91581    ,  0.19912    ,  0.0560988  ])
1140    , -92.3742    , array([ 0.0611594  ,  2.91581    ,  0.199068   ,  0.0560988  ])
1152    , -94.018     , array([ 0.0611594  ,  2.91581    ,  0.199068   ,  0.0584216  ])
1156    , -92.3734    , array([ 0.0611594  ,  2.91581    ,  0.199068   ,  0.0561495  ])
1160    , -92.3196    , array([ 0.0606046  ,  2.94453    ,  0.197045   ,  0.0562012  ])
1164    , -92.0562    , array([ 0.0540487  ,  3.28379    ,  0.173145   ,  0.0568057  ])
1168    , -92.0783    , array([ 0.0553844  ,  3.21467    ,  0.178014   ,  0.0566826  ])
1172    , -92.024     , array([ 0.0555793  ,  3.20459    ,  0.178725   ,  0.0566646  ])
1176    , -2981.74    , array([ 1.05558    ,  3.20459    ,  0.178725   ,  0.0566646  ])
1180    , -1489.88    , array([ 0.437545   ,  3.20459    ,  0.178725   ,  0.0566646  ])
1184    , -302.601    , array([ 0.128524   ,  3.20459    ,  0.178725   ,  0.0566646  ])
1188    , -92.5156    , array([ 0.0580424  ,  3.20459    ,  0.178725   ,  0.0566646  ])
1192    , -92.0235    , array([ 0.055651   ,  3.20459    ,  0.178725   ,  0.0566646  ])
1196    , -129.194    , array([ 0.055651   ,  1.58655    ,  0.178725   ,  0.0566646  ])
1200    , -92.0226    , array([ 0.055651   ,  3.19991    ,  0.178725   ,  0.0566646  ])
1204    , -92.0212    , array([ 0.055651   ,  3.18477    ,  0.178725   ,  0.0566646  ])
1212    , -5692.08    , array([ 0.055651   ,  3.18457    ,  0.178725   ,  0.24754    ])
1216    , -928.399    , array([ 0.055651   ,  3.18457    ,  0.178725   ,  0.0155861  ])
1220    , -92.0128    , array([ 0.055651   ,  3.18457    ,  0.178725   ,  0.056824   ])
1224    , -92.0978    , array([ 0.0500708  ,  3.47334    ,  0.158381   ,  0.057337   ])
1228    , -92.0459    , array([ 0.0535195  ,  3.29487    ,  0.170954   ,  0.0570189  ])
1232    , -92.0189    , array([ 0.0558432  ,  3.17462    ,  0.179425   ,  0.0568046  ])
1236    , -92.0069    , array([ 0.0554477  ,  3.19509    ,  0.177984   ,  0.0568411  ])
1240    , -92.0065    , array([ 0.0554329  ,  3.19585    ,  0.17793    ,  0.0568425  ])
1244    , -92.0063    , array([ 0.0554272  ,  3.19615    ,  0.177909   ,  0.056843   ])
1256    , -115.044    , array([ 0.041408   ,  3.19615    ,  0.177909   ,  0.056843   ])
1260    , -92.0053    , array([ 0.0555306  ,  3.19615    ,  0.177909   ,  0.056843   ])
1264    , -96.9931    , array([ 0.0555306  ,  4.19615    ,  0.177909   ,  0.056843   ])
1268    , -93.1892    , array([ 0.0555306  ,  3.57812    ,  0.177909   ,  0.056843   ])
1272    , -91.9987    , array([ 0.0555306  ,  3.16292    ,  0.177909   ,  0.056843   ])
1280    , -5689.67    , array([ 0.0555306  ,  3.16292    ,  0.177909   ,  0.247718   ])
1284    , -911.377    , array([ 0.0555306  ,  3.16292    ,  0.177909   ,  0.0159667  ])
1288    , -91.9924    , array([ 0.0555306  ,  3.16292    ,  0.177909   ,  0.0569812  ])
1292    , -92.0665    , array([ 0.0499504  ,  3.45169    ,  0.157565   ,  0.0574944  ])
1296    , -92.0212    , array([ 0.0533992  ,  3.27322    ,  0.170138   ,  0.0571764  ])
1300    , -91.9861    , array([ 0.0553316  ,  3.17322    ,  0.177183   ,  0.0569982  ])
1304    , -91.9816    , array([ 0.0551795  ,  3.18109    ,  0.176629   ,  0.0570122  ])
1308    , -92.0537    , array([ 0.0551685  ,  3.18166    ,  0.176589   ,  0.0570132  ])
1312    , -91.9188    , array([ 0.0545064  ,  3.14293    ,  0.173188   ,  0.0574575  ])
1316    , -91.6423    , array([ 0.0477959  ,  2.75511    ,  0.138784   ,  0.0619355  ])
1320    , -91.6243    , array([ 0.0485201  ,  2.79697    ,  0.142497   ,  0.0614522  ])
1328    , -870.751    , array([ 0.239939   ,  2.82283    ,  0.144792   ,  0.0611536  ])
1332    , -618.004    , array([ 0.0145259  ,  2.82283    ,  0.144792   ,  0.0611536  ])
1336    , -91.6009    , array([ 0.0498896  ,  2.82283    ,  0.144792   ,  0.0611536  ])
1340    , -91.5846    , array([ 0.0495205  ,  2.82283    ,  0.144792   ,  0.0611536  ])
1344    , -97.3294    , array([ 0.0495205  ,  2.2048     ,  0.144792   ,  0.0611536  ])
1348    , -91.611     , array([ 0.0495205  ,  2.85598    ,  0.144792   ,  0.0611536  ])
1352    , -91.5476    , array([ 0.0495205  ,  2.85114    ,  0.144792   ,  0.0611536  ])
1356    , -91.5434    , array([ 0.0495205  ,  2.85527    ,  0.144792   ,  0.0611536  ])
1364    , -5940.14    , array([ 0.0495205  ,  2.8556     ,  0.144792   ,  0.252023   ])
1368    , -534.427    , array([ 0.0495205  ,  2.8556     ,  0.144792   ,  0.0277203  ])
1372    , -91.531     , array([ 0.0495205  ,  2.8556     ,  0.144792   ,  0.0613497  ])
1376    , -91.9556    , array([ 0.0433155  ,  2.49699    ,  0.11298    ,  0.0654904  ])
1380    , -91.5318    , array([ 0.0471504  ,  2.71862    ,  0.132641   ,  0.0629313  ])
1384    , -91.5257    , array([ 0.0476151  ,  2.74548    ,  0.135024   ,  0.0626212  ])
1388    , -92.4481    , array([ 0.0407269  ,  2.3482     ,  0.0968752  ,  0.0677828  ])
1392    , -91.4983    , array([ 0.0479498  ,  2.76482    ,  0.13674    ,  0.0623978  ])
1400    , -152.785    , array([ 0.0754672  ,  2.76482    ,  0.13674    ,  0.0623978  ])
1404    , -91.4884    , array([ 0.0482217  ,  2.76482    ,  0.13674    ,  0.0623978  ])
1408    , -91.4884    , array([ 0.0482247  ,  2.76482    ,  0.13674    ,  0.0623978  ])
1412    , -97.394     , array([ 0.0482247  ,  2.14679    ,  0.13674    ,  0.0623978  ])
1416    , -91.4934    , array([ 0.0482247  ,  2.76094    ,  0.13674    ,  0.0623978  ])
1420    , -91.4777    , array([ 0.0482247  ,  2.77395    ,  0.13674    ,  0.0623978  ])
1424    , -91.5716    , array([ 0.0482247  ,  2.78153    ,  0.13674    ,  0.0623978  ])
1428    , -91.4708    , array([ 0.0482247  ,  2.78079    ,  0.13674    ,  0.0623978  ])
1440    , -91.5513    , array([ 0.0482247  ,  2.78079    ,  0.13674    ,  0.0630056  ])
1444    , -91.4683    , array([ 0.0482247  ,  2.78079    ,  0.13674    ,  0.0624878  ])
1448    , -91.4683    , array([ 0.0482247  ,  2.78079    ,  0.13674    ,  0.062487   ])
1452    , -91.4888    , array([ 0.0475791  ,  2.74348    ,  0.13343    ,  0.0629178  ])
1456    , -91.4596    , array([ 0.047636   ,  2.74677    ,  0.133721   ,  0.0628798  ])
1460    , -91.4656    , array([ 0.0472893  ,  2.72681    ,  0.130534   ,  0.0633838  ])
1464    , -91.4595    , array([ 0.0476195  ,  2.74581    ,  0.133637   ,  0.0628908  ])
1472    , -155.797    , array([ 0.0753902  ,  2.74581    ,  0.133637   ,  0.0628908  ])
1476    , -91.4574    , array([ 0.0477317  ,  2.74581    ,  0.133637   ,  0.0628908  ])
1480    , -91.4574    , array([ 0.0477446  ,  2.74581    ,  0.133637   ,  0.0628908  ])
1484    , -97.3506    , array([ 0.0477446  ,  2.12778    ,  0.133637   ,  0.0628908  ])
1488    , -91.4946    , array([ 0.0477446  ,  2.71775    ,  0.133637   ,  0.0628908  ])
1492    , -91.4523    , array([ 0.0477446  ,  2.75091    ,  0.133637   ,  0.0628908  ])
1496    , -91.5671    , array([ 0.0477446  ,  2.75341    ,  0.133637   ,  0.0628908  ])
1500    , -91.4504    , array([ 0.0477446  ,  2.75304    ,  0.133637   ,  0.0628908  ])
1504    , -91.4503    , array([ 0.0477446  ,  2.75311    ,  0.133637   ,  0.0628908  ])
1512    , -101.227    , array([ 0.0477446  ,  2.75311    ,  0.133637   ,  0.0686506  ])
1516    , -91.4498    , array([ 0.0477446  ,  2.75311    ,  0.133637   ,  0.0629288  ])
1520    , -92.4745    , array([ 0.0577844  ,  3.33335    ,  0.185109   ,  0.0562294  ])
1524    , -91.475     , array([ 0.0473062  ,  2.72778    ,  0.13139    ,  0.0632217  ])
1528    , -91.4786    , array([ 0.0475771  ,  2.74344    ,  0.132778   ,  0.0630409  ])
1532    , -91.4485    , array([ 0.0476562  ,  2.74801    ,  0.133184   ,  0.0629882  ])
1536    , -91.448     , array([ 0.0476202  ,  2.74593    ,  0.132999   ,  0.0630122  ])
1540    , -91.4407    , array([ 0.0476209  ,  2.74604    ,  0.132362   ,  0.0631335  ])
1544    , -91.443     , array([ 0.0476206  ,  2.746      ,  0.132605   ,  0.0630871  ])
1548    , -91.44      , array([ 0.047621   ,  2.74606    ,  0.132269   ,  0.0631512  ])
1552    , -91.4395    , array([ 0.0476211  ,  2.74607    ,  0.132189   ,  0.0631663  ])
1556    , -91.4395    , array([ 0.0476211  ,  2.74607    ,  0.132189   ,  0.0631663  ])
1564    , -157.124    , array([ 0.0753196  ,  2.74607    ,  0.132189   ,  0.0631663  ])
1568    , -91.6163    , array([ 0.0475186  ,  2.74607    ,  0.132189   ,  0.0631663  ])
1572    , -91.6183    , array([ 0.0475899  ,  2.74607    ,  0.132189   ,  0.0631663  ])
1576    , -91.6194    , array([ 0.0476166  ,  2.74607    ,  0.132189   ,  0.0631663  ])
1580    , -91.5795    , array([ 0.0476204  ,  2.74607    ,  0.132189   ,  0.0631663  ])
1584    , -91.5795    , array([ 0.047621   ,  2.74607    ,  0.132189   ,  0.0631663  ])
1588    , -91.5796    , array([ 0.0476211  ,  2.74607    ,  0.132189   ,  0.0631663  ])
1592    , -91.4395    , array([ 0.0476211  ,  2.74607    ,  0.132189   ,  0.0631663  ])
1596    , -91.5796    , array([ 0.0476211  ,  2.74607    ,  0.132189   ,  0.0631663  ])
1600    , -92.1967    , array([ 0.0414161  ,  2.38747    ,  0.100378   ,  0.067307   ])
1604    , -91.5012    , array([ 0.045251   ,  2.6091     ,  0.120038   ,  0.0647479  ])
1608    , -91.4673    , array([ 0.0473963  ,  2.73308    ,  0.131037   ,  0.0633163  ])
1612    , -91.4721    , array([ 0.0475883  ,  2.74418    ,  0.132021   ,  0.0631882  ])
1616    , -91.4729    , array([ 0.0476163  ,  2.7458     ,  0.132165   ,  0.0631695  ])
1620    , -91.4394    , array([ 0.04762    ,  2.74601    ,  0.132184   ,  0.0631671  ])
1624    , -91.473     , array([ 0.047619   ,  2.74595    ,  0.132179   ,  0.0631677  ])
1628    , -91.4394    , array([ 0.0476191  ,  2.74595    ,  0.132179   ,  0.0631677  ])
1640    , -91.5064    , array([ 0.0476191  ,  2.74595    ,  0.132179   ,  0.0636046  ])
1644    , -91.4391    , array([ 0.0476191  ,  2.74595    ,  0.132179   ,  0.0631349  ])
1648    , -91.4391    , array([ 0.0476191  ,  2.74595    ,  0.132179   ,  0.0631352  ])
1652    , -91.5749    , array([ 0.0476192  ,  2.74598    ,  0.132061   ,  0.0631577  ])
1656    , -91.5733    , array([ 0.0476191  ,  2.74596    ,  0.132162   ,  0.0631385  ])
1660    , -91.5731    , array([ 0.0476191  ,  2.74596    ,  0.132176   ,  0.0631357  ])
1664    , -91.4391    , array([ 0.0476191  ,  2.74596    ,  0.132177   ,  0.0631355  ])
1668    , -91.4391    , array([ 0.0476191  ,  2.74596    ,  0.132177   ,  0.0631356  ])
