370     , -1310.96    , array([ 0.998226   ,  0.100337   ,  0.0502208  ,  5.01791    ,  2.50297    ])
375     , -1404.34    , array([ 1.38019    ,  0.100337   ,  0.0502208  ,  5.01791    ,  2.50297    ])
380     , -1310.96    , array([ 0.998489   ,  0.100337   ,  0.0502208  ,  5.01791    ,  2.50297    ])
395     , -1320.92    , array([ 0.998492   ,  0.103056   ,  0.0502208  ,  5.01791    ,  2.50297    ])
400     , -1310.96    , array([ 0.998492   ,  0.100336   ,  0.0502208  ,  5.01791    ,  2.50297    ])
405     , -13678.1    , array([ 0.998492   ,  0.100336   ,  1.05022    ,  5.01791    ,  2.50297    ])
410     , -9061.7     , array([ 0.998492   ,  0.100336   ,  0.241121   ,  5.01791    ,  2.50297    ])
415     , -2440.63    , array([ 0.998492   ,  0.100336   ,  0.0780728  ,  5.01791    ,  2.50297    ])
420     , -1310.96    , array([ 0.998492   ,  0.100336   ,  0.0502183  ,  5.01791    ,  2.50297    ])
425     , -1310.96    , array([ 0.998492   ,  0.100336   ,  0.0502178  ,  5.01791    ,  2.50297    ])
430     , -1315.63    , array([ 0.998492   ,  0.100336   ,  0.0502178  ,  5.39988    ,  2.50297    ])
435     , -1310.96    , array([ 0.998492   ,  0.100336   ,  0.0502178  ,  5.01486    ,  2.50297    ])
440     , -1340.43    , array([ 0.998492   ,  0.100336   ,  0.0502178  ,  5.01486    ,  1.88493    ])
445     , -1310.96    , array([ 0.998492   ,  0.100336   ,  0.0502178  ,  5.01486    ,  2.50434    ])
