684     , -2344.86    , array([ 1.0149     ,  1.00674    ,  0.00751399 ,  0.0494077  ])
688     , -2158.05    , array([ 0.39687    ,  1.00674    ,  0.00751399 ,  0.0494077  ])
692     , -1358.69    , array([ 0.0878465  ,  1.00674    ,  0.00751399 ,  0.0494077  ])
696     , -296.784    , array([ 0.0255461  ,  1.00674    ,  0.00751399 ,  0.0494077  ])
700     , -88.5813    , array([ 0.0148545  ,  1.00674    ,  0.00751399 ,  0.0494077  ])
704     , -88.5632    , array([ 0.0149213  ,  1.00674    ,  0.00751399 ,  0.0494077  ])
708     , -88.5632    , array([ 0.0149215  ,  1.00674    ,  0.00751399 ,  0.0494077  ])
712     , -89.049     , array([ 0.0149215  ,  0.960354   ,  0.00751399 ,  0.0494077  ])
716     , -88.563     , array([ 0.0149215  ,  1.00568    ,  0.00751399 ,  0.0494077  ])
724     , -46773      , array([ 0.0149215  ,  1.00567    ,  0.19812    ,  0.0494077  ])
732     , -95.6317    , array([ 0.0149215  ,  1.00567    ,  0.00822144 ,  0.0494077  ])
736     , -88.5629    , array([ 0.0149215  ,  1.00567    ,  0.00751594 ,  0.0494077  ])
740     , -3660.84    , array([ 0.0149215  ,  1.00567    ,  0.00751594 ,  1.04941    ])
744     , -3243.85    , array([ 0.0149215  ,  1.00567    ,  0.00751594 ,  0.431374   ])
748     , -846.281    , array([ 0.0149215  ,  1.00567    ,  0.00751594 ,  0.122347   ])
752     , -91.1076    , array([ 0.0149215  ,  1.00567    ,  0.00751594 ,  0.0521285  ])
756     , -88.5621    , array([ 0.0149215  ,  1.00567    ,  0.00751594 ,  0.0494527  ])
