235     , -1310.98    , array([ 1.00129    ,  0.0997923  ,  0.049889   ,  5.00473    ,  2.52196    ])
240     , -3259.22    , array([ 0.383256   ,  0.0997923  ,  0.049889   ,  5.00473    ,  2.52196    ])
245     , -1310.97    , array([ 1.00004    ,  0.0997923  ,  0.049889   ,  5.00473    ,  2.52196    ])
250     , -40400.2    , array([ 0.999451   ,  1.09979    ,  0.049889   ,  5.00473    ,  2.52196    ])
255     , -14006.8    , array([ 0.999451   ,  0.290586   ,  0.049889   ,  5.00473    ,  2.52196    ])
260     , -1567.73    , array([ 0.999451   ,  0.114436   ,  0.049889   ,  5.00473    ,  2.52196    ])
265     , -1310.97    , array([ 0.999451   ,  0.0997915  ,  0.049889   ,  5.00473    ,  2.52196    ])
270     , -1310.97    , array([ 0.999451   ,  0.099792   ,  0.049889   ,  5.00473    ,  2.52196    ])
275     , -1310.97    , array([ 0.999451   ,  0.099792   ,  0.049889   ,  5.00473    ,  2.52196    ])
280     , -11538      , array([ 0.999451   ,  0.099792   ,  0.431855   ,  5.00473    ,  2.52196    ])
285     , -12636.8    , array([ 0.999451   ,  0.099792   ,  0.0154471  ,  5.00473    ,  2.52196    ])
290     , -1310.98    , array([ 0.999451   ,  0.099792   ,  0.0498513  ,  5.00473    ,  2.52196    ])
295     , -1310.97    , array([ 0.999451   ,  0.099792   ,  0.049904   ,  5.00473    ,  2.52196    ])
300     , -1315.47    , array([ 0.999451   ,  0.099792   ,  0.049904   ,  5.38669    ,  2.52196    ])
305     , -1310.97    , array([ 0.999451   ,  0.099792   ,  0.049904   ,  5.00895    ,  2.52196    ])
310     , -1310.97    , array([ 0.999451   ,  0.099792   ,  0.049904   ,  5.00676    ,  2.52196    ])
315     , -1340.01    , array([ 0.999451   ,  0.099792   ,  0.049904   ,  5.00674    ,  1.90393    ])
320     , -1310.97    , array([ 0.999451   ,  0.099792   ,  0.049904   ,  5.00674    ,  2.52282    ])
