990     , -1310.96    , array([ 1.00157    ,  0.0993981  ,  4.98597    ,  2.5422     ,  0.0497765  ])
995     , -3252.56    , array([ 0.383531   ,  0.0993981  ,  4.98597    ,  2.5422     ,  0.0497765  ])
1000    , -1310.96    , array([ 1.00137    ,  0.0993981  ,  4.98597    ,  2.5422     ,  0.0497765  ])
1005    , -40447.4    , array([ 1.00086    ,  1.0994     ,  4.98597    ,  2.5422     ,  0.0497765  ])
1010    , -14032.1    , array([ 1.00086    ,  0.290192   ,  4.98597    ,  2.5422     ,  0.0497765  ])
1015    , -1570.23    , array([ 1.00086    ,  0.114144   ,  4.98597    ,  2.5422     ,  0.0497765  ])
1020    , -1310.96    , array([ 1.00086    ,  0.0994536  ,  4.98597    ,  2.5422     ,  0.0497765  ])
1025    , -1310.96    , array([ 1.00086    ,  0.0994531  ,  4.98597    ,  2.5422     ,  0.0497765  ])
1030    , -1310.96    , array([ 1.00086    ,  0.0994531  ,  4.98845    ,  2.5422     ,  0.0497765  ])
1035    , -1310.96    , array([ 1.00086    ,  0.0994531  ,  4.98845    ,  2.5422     ,  0.0497765  ])
1040    , -1310.95    , array([ 1.00086    ,  0.0994531  ,  4.98845    ,  2.5352     ,  0.0497765  ])
1055    , -2005.45    , array([ 1.00086    ,  0.0994531  ,  4.98845    ,  2.5352     ,  0.0366208  ])
1060    , -1310.95    , array([ 1.00086    ,  0.0994531  ,  4.98845    ,  2.5352     ,  0.0497592  ])
