8       , -11199.2    , array([ 1.60905    ,  0.50544    ,  1.01003    ,  0.504925   ,  1.01531    ,  2.73997    ,  0.101423   ,  0.0489844  ])
16      , -21839.8    , array([ 1.50252    ,  1.50544    ,  1.01003    ,  0.504925   ,  1.01531    ,  2.73997    ,  0.101423   ,  0.0489844  ])
24      , -11182.8    , array([ 1.50252    ,  0.495881   ,  1.01003    ,  0.504925   ,  1.01531    ,  2.73997    ,  0.101423   ,  0.0489844  ])
32      , -11178.5    , array([ 1.50252    ,  0.504929   ,  1.01003    ,  0.504925   ,  1.01531    ,  2.73997    ,  0.101423   ,  0.0489844  ])
40      , -11178.5    , array([ 1.50252    ,  0.504929   ,  1.01135    ,  0.504925   ,  1.01531    ,  2.73997    ,  0.101423   ,  0.0489844  ])
48      , -11216.1    , array([ 1.50252    ,  0.504929   ,  1.01136    ,  0.695907   ,  1.01531    ,  2.73997    ,  0.101423   ,  0.0489844  ])
64      , -11178.5    , array([ 1.50252    ,  0.504929   ,  1.01136    ,  0.505076   ,  1.01446    ,  2.73997    ,  0.101423   ,  0.0489844  ])
72      , -11178.5    , array([ 1.50252    ,  0.504929   ,  1.01136    ,  0.505076   ,  1.01447    ,  2.74993    ,  0.101423   ,  0.0489844  ])
80      , -39929.5    , array([ 1.50252    ,  0.504929   ,  1.01136    ,  0.505076   ,  1.01447    ,  2.74993    ,  0.483389   ,  0.0489844  ])
88      , -11178.5    , array([ 1.50252    ,  0.504929   ,  1.01136    ,  0.505076   ,  1.01447    ,  2.74993    ,  0.101291   ,  0.0489844  ])
104     , -11558.3    , array([ 1.50252    ,  0.504929   ,  1.01136    ,  0.505076   ,  1.01447    ,  2.74993    ,  0.101329   ,  0.0358288  ])
