5       , -1311.49    , array([ 0.999078   ,  0.102469   ,  5.00042    ,  2.48814    ,  0.0518301  ])
10      , -1311.57    , array([ 1.00856    ,  0.102469   ,  5.00042    ,  2.48814    ,  0.0518301  ])
15      , -1311.49    , array([ 1.00003    ,  0.102469   ,  5.00042    ,  2.48814    ,  0.0518301  ])
20      , -24113.1    , array([ 1.00003    ,  0.484435   ,  5.00042    ,  2.48814    ,  0.0518301  ])
25      , -3772.92    , array([ 1.00003    ,  0.0680276  ,  5.00042    ,  2.48814    ,  0.0518301  ])
30      , -1311.48    , array([ 1.00003    ,  0.102525   ,  5.00042    ,  2.48814    ,  0.0518301  ])
35      , -1409.77    , array([ 1.00003    ,  0.102525   ,  3.38239    ,  2.48814    ,  0.0518301  ])
40      , -1311.47    , array([ 1.00003    ,  0.102525   ,  5.01796    ,  2.48814    ,  0.0518301  ])
45      , -1546.1     , array([ 1.00003    ,  0.102525   ,  5.01778    ,  0.870109   ,  0.0518301  ])
50      , -1311.47    , array([ 1.00003    ,  0.102525   ,  5.01778    ,  2.48069    ,  0.0518301  ])
55      , -13387      , array([ 1.00003    ,  0.102525   ,  5.01778    ,  2.48103    ,  1.05183    ])
60      , -8761.99    , array([ 1.00003    ,  0.102525   ,  5.01778    ,  2.48103    ,  0.242733   ])
65      , -2376.37    , array([ 1.00003    ,  0.102525   ,  5.01778    ,  2.48103    ,  0.0796824  ])
70      , -1311.43    , array([ 1.00003    ,  0.102525   ,  5.01778    ,  2.48103    ,  0.0517037  ])
