1000    , -413.027    , array([ 45.307     ,  0.239696   ,  5          ,  0.830833   ])
1004    , -413.026    , array([ 44.689     ,  0.239696   ,  5          ,  0.830833   ])
1008    , -413.026    , array([ 44.417     ,  0.239696   ,  5          ,  0.830833   ])
1012    , -413.026    , array([ 44.4181    ,  0.239696   ,  5          ,  0.830833   ])
1020    , -420.79     , array([ 44.4181    ,  0.250013   ,  5          ,  0.830833   ])
1024    , -413.025    , array([ 44.4181    ,  0.239662   ,  5          ,  0.830833   ])
1028    , -480.821    , array([ 44.4181    ,  0.239662   ,  3.38197    ,  0.830833   ])
1032    , -415.114    , array([ 44.4181    ,  0.239662   ,  4.69098    ,  0.830833   ])
1076    , -413.025    , array([ 44.4181    ,  0.239662   ,  5          ,  0.830833   ])
1080    , -413.025    , array([ 44.4181    ,  0.239662   ,  5          ,  0.830833   ])
1084    , -413.47     , array([ 44.4181    ,  0.239662   ,  5          ,  0.836566   ])
1088    , -413.025    , array([ 44.4181    ,  0.239662   ,  5          ,  0.83078    ])
