5       , -1319.74    , array([ 1.02679    ,  0.0947177  ,  4.69369    ,  2.24006    ,  0.0442966  ])
10      , -1319.8     , array([ 1.03417    ,  0.0947177  ,  4.69369    ,  2.24006    ,  0.0442966  ])
15      , -1319.74    , array([ 1.02563    ,  0.0947177  ,  4.69369    ,  2.24006    ,  0.0442966  ])
20      , -25981      , array([ 1.02563    ,  0.476684   ,  4.69369    ,  2.24006    ,  0.0442966  ])
25      , -4252.27    , array([ 1.02563    ,  0.0602758  ,  4.69369    ,  2.24006    ,  0.0442966  ])
30      , -1318.83    , array([ 1.02563    ,  0.0939636  ,  4.69369    ,  2.24006    ,  0.0442966  ])
35      , -1318.83    , array([ 1.02563    ,  0.0939636  ,  4.69369    ,  2.24006    ,  0.0442966  ])
40      , -1318.47    , array([ 1.02563    ,  0.0939636  ,  4.8079     ,  2.24006    ,  0.0442966  ])
45      , -1318.47    , array([ 1.02563    ,  0.0939636  ,  4.8079     ,  2.24006    ,  0.0442966  ])
50      , -1318.39    , array([ 1.02563    ,  0.0939636  ,  4.8079     ,  2.27577    ,  0.0442966  ])
55      , -1318.39    , array([ 1.02563    ,  0.0939636  ,  4.8079     ,  2.27577    ,  0.0442966  ])
65      , -1412.09    , array([ 1.02563    ,  0.0939636  ,  4.8079     ,  2.27577    ,  0.050199   ])
70      , -1317.26    , array([ 1.02563    ,  0.0939636  ,  4.8079     ,  2.27577    ,  0.0448313  ])
75      , -1317.26    , array([ 1.02563    ,  0.0939636  ,  4.8079     ,  2.27577    ,  0.0448367  ])
80      , -1317.28    , array([ 1.02642    ,  0.0939636  ,  4.8079     ,  2.27577    ,  0.0448367  ])
85      , -1317.19    , array([ 1.01653    ,  0.0939636  ,  4.8079     ,  2.27577    ,  0.0448367  ])
95      , -5452.08    , array([ 1.01644    ,  0.166837   ,  4.8079     ,  2.27577    ,  0.0448367  ])
100     , -1316.93    , array([ 1.01644    ,  0.0943804  ,  4.8079     ,  2.27577    ,  0.0448367  ])
105     , -1340.34    , array([ 1.01644    ,  0.0943683  ,  5.8079     ,  2.27577    ,  0.0448367  ])
110     , -1316.84    , array([ 1.01644    ,  0.0943683  ,  4.86967    ,  2.27577    ,  0.0448367  ])
115     , -1369.54    , array([ 1.01644    ,  0.0943683  ,  4.86486    ,  3.27577    ,  0.0448367  ])
120     , -1316.73    , array([ 1.01644    ,  0.0943683  ,  4.86486    ,  2.32733    ,  0.0448367  ])
125     , -16268.3    , array([ 1.01644    ,  0.0943683  ,  4.86486    ,  2.31809    ,  1.04484    ])
130     , -11062.6    , array([ 1.01644    ,  0.0943683  ,  4.86486    ,  2.31809    ,  0.235717   ])
135     , -2764.63    , array([ 1.01644    ,  0.0943683  ,  4.86486    ,  2.31809    ,  0.0726858  ])
140     , -1315.85    , array([ 1.01644    ,  0.0943683  ,  4.86486    ,  2.31809    ,  0.0453266  ])
145     , -1314.68    , array([ 1.00726    ,  0.0947731  ,  4.92181    ,  2.3604     ,  0.045804   ])
150     , -1313.26    , array([ 0.956781   ,  0.0969967  ,  5.23476    ,  2.59289    ,  0.0484616  ])
155     , -1312.71    , array([ 0.973705   ,  0.0962511  ,  5.12983    ,  2.51494    ,  0.0475706  ])
160     , -1396.81    , array([ 1.35567    ,  0.0962511  ,  5.12983    ,  2.51494    ,  0.0475706  ])
165     , -1312.46    , array([ 0.98862    ,  0.0962511  ,  5.12983    ,  2.51494    ,  0.0475706  ])
180     , -1325.04    , array([ 0.98847    ,  0.0992513  ,  5.12983    ,  2.51494    ,  0.0475706  ])
185     , -1312.45    , array([ 0.98847    ,  0.0963139  ,  5.12983    ,  2.51494    ,  0.0475706  ])
190     , -1320.36    , array([ 0.98847    ,  0.0963145  ,  4.5118     ,  2.51494    ,  0.0475706  ])
195     , -1312.17    , array([ 0.98847    ,  0.0963145  ,  5.03255    ,  2.51494    ,  0.0475706  ])
200     , -1341.6     , array([ 0.98847    ,  0.0963145  ,  5.03157    ,  1.89691    ,  0.0475706  ])
205     , -1312.11    , array([ 0.98847    ,  0.0963145  ,  5.03157    ,  2.54454    ,  0.0475706  ])
210     , -1313.85    , array([ 1.01488    ,  0.0951509  ,  4.86781    ,  2.42318    ,  0.0461799  ])
215     , -1312.06    , array([ 0.982959   ,  0.0965573  ,  5.06574    ,  2.57023    ,  0.0478608  ])
220     , -1312.06    , array([ 0.983013   ,  0.0965549  ,  5.06541    ,  2.56998    ,  0.0478579  ])
225     , -1312       , array([ 1.00143    ,  0.0965549  ,  5.06541    ,  2.56998    ,  0.0478579  ])
230     , -41021.6    , array([ 0.993548   ,  1.09655    ,  5.06541    ,  2.56998    ,  0.0478579  ])
235     , -14479.7    , array([ 0.993548   ,  0.287344   ,  5.06541    ,  2.56998    ,  0.0478579  ])
240     , -1600.86    , array([ 0.993548   ,  0.111601   ,  5.06541    ,  2.56998    ,  0.0478579  ])
245     , -1311.93    , array([ 0.993548   ,  0.096504   ,  5.06541    ,  2.56998    ,  0.0478579  ])
250     , -1311.93    , array([ 0.993548   ,  0.0965045  ,  5.06541    ,  2.56998    ,  0.0478579  ])
255     , -1311.81    , array([ 0.993548   ,  0.0965045  ,  5.00195    ,  2.56998    ,  0.0478579  ])
260     , -1311.81    , array([ 0.993548   ,  0.0965045  ,  5.00195    ,  2.56998    ,  0.0478579  ])
265     , -1311.8     , array([ 0.993548   ,  0.0965045  ,  5.00195    ,  2.58085    ,  0.0478579  ])
270     , -1311.8     , array([ 0.993548   ,  0.0965045  ,  5.00195    ,  2.58096    ,  0.0478579  ])
275     , -1311.75    , array([ 0.988221   ,  0.0967392  ,  5.03497    ,  2.60549    ,  0.0481383  ])
280     , -1311.51    , array([ 1.00186    ,  0.0972216  ,  4.95531    ,  2.69845    ,  0.0488726  ])
285     , -1311.5     , array([ 0.999082   ,  0.0971235  ,  4.97152    ,  2.67954    ,  0.0487232  ])
290     , -1311.5     , array([ 0.998974   ,  0.0971197  ,  4.97214    ,  2.67881    ,  0.0487174  ])
295     , -1311.5     , array([ 0.998939   ,  0.0971212  ,  4.97237    ,  2.67897    ,  0.0487193  ])
310     , -1323.25    , array([ 0.998939   ,  0.100067   ,  4.97237    ,  2.67897    ,  0.0487193  ])
315     , -1311.49    , array([ 0.998939   ,  0.0971931  ,  4.97237    ,  2.67897    ,  0.0487193  ])
320     , -1323.36    , array([ 0.998939   ,  0.0971938  ,  4.35433    ,  2.67897    ,  0.0487193  ])
325     , -1311.49    , array([ 0.998939   ,  0.0971938  ,  4.9678     ,  2.67897    ,  0.0487193  ])
330     , -1311.49    , array([ 0.998939   ,  0.0971938  ,  4.96775    ,  2.67897    ,  0.0487193  ])
335     , -1311.45    , array([ 0.998939   ,  0.0971938  ,  4.96775    ,  2.65418    ,  0.0487193  ])
340     , -1312.14    , array([ 0.98154    ,  0.0965782  ,  5.06941    ,  2.53555    ,  0.0477824  ])
345     , -1311.45    , array([ 0.999329   ,  0.0972076  ,  4.96547    ,  2.65684    ,  0.0487403  ])
