230     , -1310.97    , array([ 0.998755   ,  0.100513   ,  0.0504138  ,  5.0188     ,  2.51072    ])
235     , -1405.03    , array([ 1.38072    ,  0.100513   ,  0.0504138  ,  5.0188     ,  2.51072    ])
240     , -1310.97    , array([ 0.998353   ,  0.100513   ,  0.0504138  ,  5.0188     ,  2.51072    ])
255     , -1320.8     , array([ 0.998353   ,  0.103251   ,  0.0504138  ,  5.0188     ,  2.51072    ])
260     , -1310.97    , array([ 0.998353   ,  0.100543   ,  0.0504138  ,  5.0188     ,  2.51072    ])
270     , -5051.11    , array([ 0.998353   ,  0.100543   ,  0.123331   ,  5.0188     ,  2.51072    ])
275     , -1312.6     , array([ 0.998353   ,  0.100543   ,  0.0511884  ,  5.0188     ,  2.51072    ])
280     , -1310.97    , array([ 0.998353   ,  0.100543   ,  0.0503981  ,  5.0188     ,  2.51072    ])
285     , -1323.51    , array([ 0.998353   ,  0.100543   ,  0.050398   ,  4.40077    ,  2.51072    ])
290     , -1310.97    , array([ 0.998353   ,  0.100543   ,  0.050398   ,  5.015      ,  2.51072    ])
295     , -1310.97    , array([ 0.998353   ,  0.100543   ,  0.050398   ,  5.01504    ,  2.51072    ])
300     , -1340.23    , array([ 0.998353   ,  0.100543   ,  0.050398   ,  5.015      ,  1.89269    ])
305     , -1310.97    , array([ 0.998353   ,  0.100543   ,  0.050398   ,  5.015      ,  2.50841    ])
