104     , -29473.7    , array([ 3.20265    ,  1.79463    ,  1.12901    ,  1.19366e-13,  0.421664   ,  9.3465     ,  0.533863   ,  2.31268    ])
112     , -29157.7    , array([ 3.78974    ,  1.79463    ,  1.12901    ,  1.19366e-13,  0.421664   ,  9.3465     ,  0.533863   ,  2.31268    ])
120     , -28575.1    , array([ 3.78974    ,  1.24332    ,  1.12901    ,  1.19366e-13,  0.421664   ,  9.3465     ,  0.533863   ,  2.31268    ])
128     , -28479.6    , array([ 3.78974    ,  1.24332    ,  1.30271    ,  1.19366e-13,  0.421664   ,  9.3465     ,  0.533863   ,  2.31268    ])
136     , -28227.9    , array([ 3.78974    ,  1.24332    ,  1.29899    ,  1          ,  0.421664   ,  9.3465     ,  0.533863   ,  2.31268    ])
144     , -23428.3    , array([ 3.78974    ,  1.24332    ,  1.29899    ,  0.352652   ,  0.421664   ,  9.3465     ,  0.533863   ,  2.31268    ])
152     , -24899.5    , array([ 3.78974    ,  1.24332    ,  1.29899    ,  0.352652   ,  0.80363    ,  9.3465     ,  0.533863   ,  2.31268    ])
168     , -19906.3    , array([ 3.78974    ,  1.24332    ,  1.29899    ,  0.352652   ,  0.470553   ,  3.43386    ,  0.533863   ,  2.31268    ])
176     , -14945.6    , array([ 3.78974    ,  1.24332    ,  1.29899    ,  0.352652   ,  0.470553   ,  3.21459    ,  4.95104    ,  2.31268    ])
184     , -14945.4    , array([ 3.78974    ,  1.24332    ,  1.29899    ,  0.352652   ,  0.470553   ,  3.21459    ,  4.99521    ,  2.31268    ])
192     , -14901.4    , array([ 3.78974    ,  1.24332    ,  1.29899    ,  0.352652   ,  0.470553   ,  3.21459    ,  4.99521    ,  2.7227     ])
200     , -14900.9    , array([ 3.78974    ,  1.24332    ,  1.29899    ,  0.352652   ,  0.470553   ,  3.21459    ,  4.99521    ,  2.70491    ])
208     , -14868.5    , array([ 3.56196    ,  1.24332    ,  1.29899    ,  0.352652   ,  0.470553   ,  3.21459    ,  4.99521    ,  2.70491    ])
216     , -14504      , array([ 3.56196    ,  0.996632   ,  1.29899    ,  0.352652   ,  0.470553   ,  3.21459    ,  4.99521    ,  2.70491    ])
224     , -14503.4    , array([ 3.56196    ,  1.00462    ,  1.29899    ,  0.352652   ,  0.470553   ,  3.21459    ,  4.99521    ,  2.70491    ])
232     , -24308.5    , array([ 3.56196    ,  1.00462    ,  1.68478    ,  1.35265    ,  0.470553   ,  3.21459    ,  4.99521    ,  2.70491    ])
240     , -14074.8    , array([ 3.56196    ,  1.00462    ,  1.68478    ,  0.311833   ,  0.470553   ,  3.21459    ,  4.99521    ,  2.70491    ])
248     , -14073.6    , array([ 3.56196    ,  1.00462    ,  1.68478    ,  0.305058   ,  0.470553   ,  3.21459    ,  4.99521    ,  2.70491    ])
256     , -14072.9    , array([ 3.56196    ,  1.00462    ,  1.68478    ,  0.305058   ,  0.465152   ,  3.21459    ,  4.99521    ,  2.70491    ])
264     , -14072.7    , array([ 3.56196    ,  1.00462    ,  1.68478    ,  0.305058   ,  0.465152   ,  3.2949     ,  4.99521    ,  2.70491    ])
272     , -14072      , array([ 3.56196    ,  1.00462    ,  1.68478    ,  0.305058   ,  0.465152   ,  3.25359    ,  4.99521    ,  2.70491    ])
288     , -19443.1    , array([ 3.56196    ,  1.00462    ,  1.68478    ,  0.305058   ,  0.465152   ,  3.2532     ,  4.78213    ,  1.08688    ])
296     , -14064.9    , array([ 3.56196    ,  1.00462    ,  1.68478    ,  0.305058   ,  0.465152   ,  3.2532     ,  4.78213    ,  2.70937    ])
304     , -14064.8    , array([ 3.56196    ,  1.00462    ,  1.68478    ,  0.305058   ,  0.465152   ,  3.2532     ,  4.78213    ,  2.70505    ])
312     , -14821.5    , array([ 3.33418    ,  0.765922   ,  2.07057    ,  0.257464   ,  0.45975    ,  3.29181    ,  4.56906    ,  2.70514    ])
320     , -14062.5    , array([ 3.62123    ,  1.00462    ,  1.68478    ,  0.305058   ,  0.465152   ,  3.2532     ,  4.78213    ,  2.70503    ])
328     , -23065.7    , array([ 3.61921    ,  0.386585   ,  1.68478    ,  0.305058   ,  0.465152   ,  3.2532     ,  4.78213    ,  2.70503    ])
336     , -14056.7    , array([ 3.61921    ,  0.979061   ,  1.68478    ,  0.305058   ,  0.465152   ,  3.2532     ,  4.78213    ,  2.70503    ])
344     , -14047.9    , array([ 3.61921    ,  0.979314   ,  1.76155    ,  0.305058   ,  0.465152   ,  3.2532     ,  4.78213    ,  2.70503    ])
352     , -14047.9    , array([ 3.61921    ,  0.979314   ,  1.7578     ,  0.305058   ,  0.465152   ,  3.2532     ,  4.78213    ,  2.70503    ])
360     , -14047.1    , array([ 3.61921    ,  0.979314   ,  1.7578     ,  0.310337   ,  0.465152   ,  3.2532     ,  4.78213    ,  2.70503    ])
368     , -14823.7    , array([ 3.61921    ,  0.979314   ,  1.7578     ,  0.310337   ,  0.656116   ,  3.2532     ,  4.78213    ,  2.70503    ])
376     , -14043.3    , array([ 3.61921    ,  0.979314   ,  1.7578     ,  0.310337   ,  0.45275    ,  3.2532     ,  4.78213    ,  2.70503    ])
384     , -14042.9    , array([ 3.61921    ,  0.979314   ,  1.7578     ,  0.310337   ,  0.45275    ,  3.28434    ,  4.78213    ,  2.70503    ])
392     , -14042.8    , array([ 3.61921    ,  0.979314   ,  1.7578     ,  0.310337   ,  0.45275    ,  3.29013    ,  4.78213    ,  2.70503    ])
400     , -14042.3    , array([ 3.61921    ,  0.979314   ,  1.7578     ,  0.310337   ,  0.45275    ,  3.29013    ,  4.82497    ,  2.70503    ])
408     , -14042.3    , array([ 3.61921    ,  0.979314   ,  1.7578     ,  0.310337   ,  0.45275    ,  3.29013    ,  4.84159    ,  2.70503    ])
416     , -14041.5    , array([ 3.61921    ,  0.979314   ,  1.7578     ,  0.310337   ,  0.45275    ,  3.29013    ,  4.84159    ,  2.76597    ])
424     , -14031.7    , array([ 3.71183    ,  0.938369   ,  1.87595    ,  0.318879   ,  0.432683   ,  3.34987    ,  4.93778    ,  2.86459    ])
432     , -14498.5    , array([ 4.69405    ,  0.94623    ,  1.85327    ,  0.317239   ,  0.436535   ,  3.3384     ,  4.91931    ,  2.84565    ])
440     , -14031      , array([ 3.70156    ,  0.94623    ,  1.85327    ,  0.317239   ,  0.436535   ,  3.3384     ,  4.91931    ,  2.84565    ])
448     , -14170.3    , array([ 3.70156    ,  1.08233    ,  1.85327    ,  0.317239   ,  0.436535   ,  3.3384     ,  4.91931    ,  2.84565    ])
456     , -17975.5    , array([ 3.70156    ,  0.955198   ,  1.85327    ,  0.317239   ,  0.436535   ,  3.3384     ,  4.91931    ,  1.22762    ])
464     , -14030.4    , array([ 3.70156    ,  0.955198   ,  1.85327    ,  0.317239   ,  0.436535   ,  3.3384     ,  4.91931    ,  2.85758    ])
472     , -14030.1    , array([ 3.70156    ,  0.955198   ,  1.85327    ,  0.317239   ,  0.436535   ,  3.3384     ,  4.91931    ,  2.84591    ])
480     , -14030.1    , array([ 3.70156    ,  0.955198   ,  1.85327    ,  0.317239   ,  0.436535   ,  3.3384     ,  4.91931    ,  2.84567    ])
488     , -14029.6    , array([ 3.70156    ,  0.955198   ,  1.85327    ,  0.335492   ,  0.436535   ,  3.3384     ,  4.91931    ,  2.84567    ])
504     , -14022.2    , array([ 3.70156    ,  0.955198   ,  1.85327    ,  0.326853   ,  0.422171   ,  3.3384     ,  4.91931    ,  2.84567    ])
512     , -14022.2    , array([ 3.70156    ,  0.955198   ,  1.85327    ,  0.326853   ,  0.422171   ,  3.33598    ,  4.91931    ,  2.84567    ])
520     , -14021.3    , array([ 3.70156    ,  0.955198   ,  1.85327    ,  0.326853   ,  0.422171   ,  3.30289    ,  4.91931    ,  2.84567    ])
528     , -14496      , array([ 3.70156    ,  0.955198   ,  1.85327    ,  0.326853   ,  0.422171   ,  3.30289    ,  3.30128    ,  2.84567    ])
536     , -14021.3    , array([ 3.70156    ,  0.955198   ,  1.85327    ,  0.326853   ,  0.422171   ,  3.30289    ,  4.90462    ,  2.84567    ])
544     , -14020.1    , array([ 3.72618    ,  0.944312   ,  1.88468    ,  0.329124   ,  0.416836   ,  3.31877    ,  4.93035    ,  2.87189    ])
560     , -14020.1    , array([ 3.72293    ,  0.94605    ,  1.87967    ,  0.328761   ,  0.417688   ,  3.31624    ,  4.92626    ,  2.86771    ])
568     , -26284.8    , array([ 3.72515    ,  0.328016   ,  1.87967    ,  0.328761   ,  0.417688   ,  3.31624    ,  4.92626    ,  2.86771    ])
576     , -14019.5    , array([ 3.72515    ,  0.953617   ,  1.87967    ,  0.328761   ,  0.417688   ,  3.31624    ,  4.92626    ,  2.86771    ])
584     , -14019.5    , array([ 3.72515    ,  0.953617   ,  1.87967    ,  0.328761   ,  0.417688   ,  3.31624    ,  4.92626    ,  2.86294    ])
592     , -14019.4    , array([ 3.72515    ,  0.953617   ,  1.87967    ,  0.328761   ,  0.417688   ,  3.31624    ,  4.92626    ,  2.86473    ])
600     , -14100.3    , array([ 3.72515    ,  0.953617   ,  1.87967    ,  0.287114   ,  0.417688   ,  3.31624    ,  4.92626    ,  2.86469    ])
608     , -14016.1    , array([ 3.72515    ,  0.953617   ,  1.87967    ,  0.339616   ,  0.417688   ,  3.31624    ,  4.92626    ,  2.86469    ])
616     , -14012.3    , array([ 3.72515    ,  0.953617   ,  1.87967    ,  0.339616   ,  0.405496   ,  3.31624    ,  4.92626    ,  2.86469    ])
624     , -14077.5    , array([ 3.72515    ,  0.953617   ,  1.87967    ,  0.339616   ,  0.405659   ,  3.6982     ,  4.92626    ,  2.86469    ])
632     , -14011.5    , array([ 3.72515    ,  0.953617   ,  1.87967    ,  0.339616   ,  0.405659   ,  3.28027    ,  4.92626    ,  2.86469    ])
640     , -14011.4    , array([ 3.72515    ,  0.953617   ,  1.87967    ,  0.339616   ,  0.405659   ,  3.28134    ,  4.92626    ,  2.86469    ])
648     , -14011.4    , array([ 3.72515    ,  0.953617   ,  1.87967    ,  0.339616   ,  0.405659   ,  3.28134    ,  4.93696    ,  2.86469    ])
656     , -14009.7    , array([ 3.7546     ,  0.940598   ,  1.91723    ,  0.342332   ,  0.399279   ,  3.30033    ,  4.96744    ,  2.89605    ])
664     , -14009.6    , array([ 3.76198    ,  0.937337   ,  1.92664    ,  0.343013   ,  0.39768    ,  3.30509    ,  4.97511    ,  2.9039     ])
672     , -14092.9    , array([ 4.14439    ,  0.937139   ,  1.92722    ,  0.343054   ,  0.397583   ,  3.30538    ,  4.97557    ,  2.90438    ])
688     , -14008.4    , array([ 3.75565    ,  0.947804   ,  1.92722    ,  0.343054   ,  0.397583   ,  3.30538    ,  4.97557    ,  2.90438    ])
696     , -14010.1    , array([ 3.75565    ,  0.947804   ,  1.92722    ,  0.343054   ,  0.397583   ,  3.30538    ,  4.97557    ,  2.9862     ])
704     , -14008.4    , array([ 3.75565    ,  0.947804   ,  1.92722    ,  0.343054   ,  0.397583   ,  3.30538    ,  4.97557    ,  2.90328    ])
712     , -14008.4    , array([ 3.75565    ,  0.947804   ,  1.92722    ,  0.343054   ,  0.397583   ,  3.30538    ,  4.97557    ,  2.90436    ])
720     , -14008.4    , array([ 3.75565    ,  0.947804   ,  1.92722    ,  0.343054   ,  0.397583   ,  3.30538    ,  4.97557    ,  2.90436    ])
728     , -14005.7    , array([ 3.75565    ,  0.947804   ,  1.92722    ,  0.352681   ,  0.397583   ,  3.30538    ,  4.97557    ,  2.90436    ])
736     , -14243.9    , array([ 3.75565    ,  0.947804   ,  1.92722    ,  0.352778   ,  0.299977   ,  3.30538    ,  4.97557    ,  2.90436    ])
744     , -14328.7    , array([ 3.75565    ,  0.947804   ,  1.92722    ,  0.352778   ,  0.386463   ,  4.30538    ,  4.97557    ,  2.90436    ])
752     , -14003.5    , array([ 3.75565    ,  0.947804   ,  1.92722    ,  0.352778   ,  0.386463   ,  3.18777    ,  4.97557    ,  2.90436    ])
760     , -14001.5    , array([ 3.75565    ,  0.947804   ,  1.92722    ,  0.352778   ,  0.386463   ,  3.27088    ,  4.97557    ,  2.90436    ])
768     , -14062.8    , array([ 3.75565    ,  0.947804   ,  1.92722    ,  0.352778   ,  0.386463   ,  3.27088    ,  4.35754    ,  2.90436    ])
776     , -14001.5    , array([ 3.75565    ,  0.947804   ,  1.92722    ,  0.352778   ,  0.386463   ,  3.27088    ,  4.97777    ,  2.90436    ])
784     , -14000.3    , array([ 3.77567    ,  0.938959   ,  1.95274    ,  0.354624   ,  0.382127   ,  3.28378    ,  4.99855    ,  2.92566    ])
800     , -14079.4    , array([ 4.15888    ,  0.938405   ,  1.95434    ,  0.354739   ,  0.381856   ,  3.28459    ,  4.99985    ,  2.92699    ])
816     , -13999.8    , array([ 3.77852    ,  0.945006   ,  1.95434    ,  0.354739   ,  0.381856   ,  3.28459    ,  4.99985    ,  2.92699    ])
824     , -14001.4    , array([ 3.77852    ,  0.945006   ,  1.95434    ,  0.354739   ,  0.381856   ,  3.28459    ,  4.99985    ,  3.00842    ])
832     , -13999.8    , array([ 3.77852    ,  0.945006   ,  1.95434    ,  0.354739   ,  0.381856   ,  3.28459    ,  4.99985    ,  2.92324    ])
848     , -13997.8    , array([ 3.77852    ,  0.945006   ,  1.95434    ,  0.360283   ,  0.381856   ,  3.28459    ,  4.99985    ,  2.92272    ])
856     , -14829.4    , array([ 3.77852    ,  0.945006   ,  1.95434    ,  0.363709   ,  0.572819   ,  3.28459    ,  4.99985    ,  2.92272    ])
864     , -14318.7    , array([ 3.77852    ,  0.945006   ,  1.95434    ,  0.363709   ,  0.372307   ,  4.28459    ,  4.99985    ,  2.92272    ])
872     , -13994.3    , array([ 3.77852    ,  0.945006   ,  1.95434    ,  0.363709   ,  0.372307   ,  3.24638    ,  4.99985    ,  2.92272    ])
880     , -13994.3    , array([ 3.77852    ,  0.945006   ,  1.95434    ,  0.363709   ,  0.372307   ,  3.24992    ,  4.99985    ,  2.92272    ])
888     , -13994.3    , array([ 3.77852    ,  0.945006   ,  1.95434    ,  0.363709   ,  0.372307   ,  3.25027    ,  4.99567    ,  2.92272    ])
896     , -13994.3    , array([ 3.77852    ,  0.945006   ,  1.95434    ,  0.363709   ,  0.372307   ,  3.25027    ,  4.99999    ,  2.92272    ])
904     , -13994.3    , array([ 3.77852    ,  0.945006   ,  1.95434    ,  0.363709   ,  0.372307   ,  3.25027    ,  5          ,  2.92272    ])
912     , -13997.7    , array([ 3.75539    ,  0.955229   ,  1.92484    ,  0.361576   ,  0.377318   ,  3.23535    ,  4.97598    ,  2.89809    ])
920     , -13994.3    , array([ 3.77803    ,  0.945223   ,  1.95371    ,  0.363664   ,  0.372414   ,  3.24995    ,  4.99949    ,  2.92219    ])
928     , -13994.3    , array([ 3.77851    ,  0.94501    ,  1.95432    ,  0.363708   ,  0.372309   ,  3.25026    ,  4.99999    ,  2.92271    ])
936     , -13994.3    , array([ 3.77852    ,  0.945005   ,  1.95434    ,  0.363709   ,  0.372307   ,  3.25027    ,  5          ,  2.92272    ])
944     , -17089.9    , array([ 2.16049    ,  0.945005   ,  1.95434    ,  0.363709   ,  0.372307   ,  3.25027    ,  5          ,  2.92272    ])
952     , -13994.2    , array([ 3.78376    ,  0.945005   ,  1.95434    ,  0.363709   ,  0.372307   ,  3.25027    ,  5          ,  2.92272    ])
960     , -14008      , array([ 3.78381    ,  0.909837   ,  1.95434    ,  0.363709   ,  0.372307   ,  3.25027    ,  5          ,  2.92272    ])
968     , -17462.3    , array([ 3.78381    ,  0.945393   ,  1.95434    ,  0.363709   ,  0.372307   ,  3.25027    ,  5          ,  1.30468    ])
976     , -13994.4    , array([ 3.78381    ,  0.945393   ,  1.95434    ,  0.363709   ,  0.372307   ,  3.25027    ,  5          ,  2.93567    ])
984     , -13994.2    , array([ 3.78381    ,  0.945393   ,  1.95434    ,  0.363709   ,  0.372307   ,  3.25027    ,  5          ,  2.92284    ])
992     , -13994.2    , array([ 3.78381    ,  0.945393   ,  1.95434    ,  0.363709   ,  0.372307   ,  3.25027    ,  5          ,  2.92284    ])
1000    , -13992.4    , array([ 3.78381    ,  0.945393   ,  1.95434    ,  0.371545   ,  0.372307   ,  3.25027    ,  5          ,  2.92284    ])
1008    , -14218.5    , array([ 3.78381    ,  0.945393   ,  1.95434    ,  0.371624   ,  0.281631   ,  3.25027    ,  5          ,  2.92284    ])
1016    , -16349      , array([ 3.78381    ,  0.945393   ,  1.95434    ,  0.371624   ,  0.364676   ,  1.63223    ,  5          ,  2.92284    ])
1024    , -13990.9    , array([ 3.78381    ,  0.945393   ,  1.95434    ,  0.371624   ,  0.364676   ,  3.25483    ,  5          ,  2.92284    ])
1032    , -13990.8    , array([ 3.78381    ,  0.945393   ,  1.95434    ,  0.371624   ,  0.364676   ,  3.25036    ,  5          ,  2.92284    ])
1040    , -13990.8    , array([ 3.78381    ,  0.945393   ,  1.95434    ,  0.371624   ,  0.364676   ,  3.25027    ,  5          ,  2.92284    ])
1048    , -13990.8    , array([ 3.78381    ,  0.945393   ,  1.95434    ,  0.371624   ,  0.364676   ,  3.25027    ,  5          ,  2.92284    ])
1056    , -13990.8    , array([ 3.78381    ,  0.945393   ,  1.95434    ,  0.371624   ,  0.364676   ,  3.25027    ,  5          ,  2.92284    ])
1064    , -13990.8    , array([ 3.78381    ,  0.945393   ,  1.95434    ,  0.371624   ,  0.364676   ,  3.25027    ,  4.99836    ,  2.92284    ])
1072    , -13990.8    , array([ 3.78381    ,  0.945393   ,  1.95434    ,  0.371624   ,  0.364676   ,  3.25027    ,  4.99991    ,  2.92284    ])
1080    , -13990.8    , array([ 3.78381    ,  0.945393   ,  1.95434    ,  0.371624   ,  0.364676   ,  3.25027    ,  5          ,  2.92284    ])
1088    , -13990.8    , array([ 3.78381    ,  0.945393   ,  1.95434    ,  0.371624   ,  0.364676   ,  3.25027    ,  5          ,  2.92284    ])
1096    , -13990.8    , array([ 3.78381    ,  0.945393   ,  1.95434    ,  0.371624   ,  0.364676   ,  3.25027    ,  5          ,  2.92284    ])
1104    , -14035.3    , array([ 3.66271    ,  0.998923   ,  1.79987    ,  0.360457   ,  0.390911   ,  3.17216    ,  4.87423    ,  2.79391    ])
1112    , -13991.4    , array([ 3.78044    ,  0.946884   ,  1.95004    ,  0.371313   ,  0.365407   ,  3.24809    ,  4.9965     ,  2.91924    ])
1120    , -13990.8    , array([ 3.78374    ,  0.945424   ,  1.95425    ,  0.371617   ,  0.364692   ,  3.25022    ,  4.99993    ,  2.92276    ])
1128    , -13990.8    , array([ 3.78381    ,  0.945393   ,  1.95434    ,  0.371624   ,  0.364676   ,  3.25027    ,  5          ,  2.92284    ])
1136    , -13990.8    , array([ 3.78381    ,  0.945393   ,  1.95434    ,  0.371624   ,  0.364676   ,  3.25027    ,  5          ,  2.92284    ])
1144    , -13990.8    , array([ 3.78381    ,  0.945393   ,  1.95434    ,  0.371624   ,  0.364676   ,  3.25027    ,  5          ,  2.92284    ])
1152    , -13990.8    , array([ 3.78381    ,  0.945393   ,  1.95434    ,  0.371624   ,  0.364676   ,  3.25027    ,  5          ,  2.92284    ])
1160    , -17061.6    , array([ 2.16578    ,  0.945393   ,  1.95434    ,  0.371624   ,  0.364676   ,  3.25027    ,  5          ,  2.92284    ])
1168    , -13990.8    , array([ 3.78471    ,  0.945393   ,  1.95434    ,  0.371624   ,  0.364676   ,  3.25027    ,  5          ,  2.92284    ])
1176    , -14152.5    , array([ 3.7847     ,  1.0764     ,  1.95434    ,  0.371624   ,  0.364676   ,  3.25027    ,  5          ,  2.92284    ])
1184    , -14075.1    , array([ 3.7847     ,  0.941904   ,  1.95434    ,  0.371624   ,  0.364676   ,  3.25027    ,  5          ,  3.92284    ])
1192    , -13990.8    , array([ 3.7847     ,  0.941904   ,  1.95434    ,  0.371624   ,  0.364676   ,  3.25027    ,  5          ,  2.91459    ])
1200    , -13990.7    , array([ 3.7847     ,  0.941904   ,  1.95434    ,  0.371624   ,  0.364676   ,  3.25027    ,  5          ,  2.92283    ])
1208    , -13990.7    , array([ 3.7847     ,  0.941904   ,  1.95434    ,  0.371624   ,  0.364676   ,  3.25027    ,  5          ,  2.92284    ])
1216    , -13990.7    , array([ 3.7847     ,  0.941904   ,  1.95434    ,  0.371624   ,  0.364676   ,  3.25027    ,  5          ,  2.92284    ])
1224    , -14085.3    , array([ 3.7847     ,  0.941904   ,  1.95434    ,  0.323421   ,  0.364676   ,  3.25027    ,  5          ,  2.92284    ])
1232    , -13989      , array([ 3.7847     ,  0.941904   ,  1.95434    ,  0.379348   ,  0.364676   ,  3.25027    ,  5          ,  2.92284    ])
1240    , -13988      , array([ 3.7847     ,  0.941904   ,  1.95434    ,  0.379348   ,  0.358565   ,  3.25027    ,  5          ,  2.92284    ])
1248    , -13988.7    , array([ 3.7847     ,  0.941904   ,  1.95434    ,  0.379348   ,  0.358565   ,  3.2851     ,  5          ,  2.92284    ])
1256    , -13988      , array([ 3.7847     ,  0.941904   ,  1.95434    ,  0.379348   ,  0.358565   ,  3.24984    ,  5          ,  2.92284    ])
1264    , -13988      , array([ 3.7847     ,  0.941904   ,  1.95434    ,  0.379348   ,  0.358565   ,  3.25026    ,  5          ,  2.92284    ])
1272    , -13988      , array([ 3.7847     ,  0.941904   ,  1.95434    ,  0.379348   ,  0.358565   ,  3.25027    ,  5          ,  2.92284    ])
1280    , -13988      , array([ 3.7847     ,  0.941904   ,  1.95434    ,  0.379348   ,  0.358565   ,  3.25027    ,  5          ,  2.92284    ])
1288    , -13988      , array([ 3.7847     ,  0.941904   ,  1.95434    ,  0.379348   ,  0.358565   ,  3.25027    ,  5          ,  2.92284    ])
1296    , -13988      , array([ 3.7847     ,  0.941904   ,  1.95434    ,  0.379348   ,  0.358565   ,  3.25027    ,  5          ,  2.92284    ])
1304    , -13988      , array([ 3.7847     ,  0.941904   ,  1.95434    ,  0.379348   ,  0.358565   ,  3.25027    ,  4.99945    ,  2.92284    ])
1312    , -13988      , array([ 3.7847     ,  0.941904   ,  1.95434    ,  0.379348   ,  0.358565   ,  3.25027    ,  5          ,  2.92284    ])
1320    , -13988      , array([ 3.7847     ,  0.941904   ,  1.95434    ,  0.379348   ,  0.358565   ,  3.25027    ,  5          ,  2.92284    ])
1328    , -13988      , array([ 3.7847     ,  0.941904   ,  1.95434    ,  0.379348   ,  0.358565   ,  3.25027    ,  5          ,  2.92284    ])
1336    , -13988      , array([ 3.7847     ,  0.941904   ,  1.95434    ,  0.379348   ,  0.358565   ,  3.25027    ,  5          ,  2.92284    ])
1344    , -13999.3    , array([ 3.73845    ,  0.962351   ,  1.89534    ,  0.375082   ,  0.368586   ,  3.22043    ,  4.95196    ,  2.87359    ])
1352    , -13988.2    , array([ 3.78342    ,  0.942474   ,  1.9527     ,  0.379229   ,  0.358845   ,  3.24944    ,  4.99866    ,  2.92146    ])
1360    , -13988      , array([ 3.78468    ,  0.941917   ,  1.95431    ,  0.379345   ,  0.358571   ,  3.25025    ,  4.99997    ,  2.92281    ])
1368    , -13988      , array([ 3.7847     ,  0.941905   ,  1.95434    ,  0.379348   ,  0.358565   ,  3.25027    ,  5          ,  2.92284    ])
1376    , -13988      , array([ 3.7847     ,  0.941904   ,  1.95434    ,  0.379348   ,  0.358565   ,  3.25027    ,  5          ,  2.92284    ])
1384    , -13988      , array([ 3.7847     ,  0.941904   ,  1.95434    ,  0.379348   ,  0.358565   ,  3.25027    ,  5          ,  2.92284    ])
1392    , -13988      , array([ 3.7847     ,  0.941904   ,  1.95434    ,  0.379348   ,  0.358565   ,  3.25027    ,  5          ,  2.92284    ])
1400    , -13985.6    , array([ 3.7856     ,  0.938416   ,  1.95434    ,  0.387071   ,  0.352454   ,  3.25027    ,  5          ,  2.92284    ])
1408    , -13984.1    , array([ 3.78633    ,  0.935557   ,  1.95434    ,  0.393402   ,  0.347446   ,  3.25027    ,  5          ,  2.92284    ])
1416    , -13984      , array([ 3.77066    ,  0.935557   ,  1.95434    ,  0.393402   ,  0.347446   ,  3.25027    ,  5          ,  2.92284    ])
1424    , -26585.1    , array([ 3.77405    ,  0.317523   ,  1.95434    ,  0.393402   ,  0.347446   ,  3.25027    ,  5          ,  2.92284    ])
1432    , -13983.7    , array([ 3.77405    ,  0.930075   ,  1.95434    ,  0.393402   ,  0.347446   ,  3.25027    ,  5          ,  2.92284    ])
1440    , -13983.9    , array([ 3.77405    ,  0.930129   ,  1.95434    ,  0.393402   ,  0.347446   ,  3.25027    ,  5          ,  2.87752    ])
1448    , -13983.7    , array([ 3.77405    ,  0.930129   ,  1.95434    ,  0.393402   ,  0.347446   ,  3.25027    ,  5          ,  2.92271    ])
1456    , -13983.7    , array([ 3.77405    ,  0.930129   ,  1.95434    ,  0.393402   ,  0.347446   ,  3.25027    ,  5          ,  2.92284    ])
1464    , -13983.7    , array([ 3.77405    ,  0.930129   ,  1.95434    ,  0.393402   ,  0.347446   ,  3.25027    ,  5          ,  2.92284    ])
1528    , -13983.7    , array([ 3.77405    ,  0.930129   ,  1.95434    ,  0.393402   ,  0.347446   ,  3.25027    ,  5          ,  2.92284    ])
1536    , -13987.5    , array([ 3.77405    ,  0.930129   ,  1.95434    ,  0.393402   ,  0.360957   ,  3.25027    ,  5          ,  2.92284    ])
1544    , -13983.6    , array([ 3.77405    ,  0.930129   ,  1.95434    ,  0.393402   ,  0.349119   ,  3.25027    ,  5          ,  2.92284    ])
1552    , -13983.6    , array([ 3.77405    ,  0.930129   ,  1.95434    ,  0.393402   ,  0.349119   ,  3.25835    ,  5          ,  2.92284    ])
1568    , -13980.3    , array([ 3.7783     ,  0.913512   ,  1.95434    ,  0.430197   ,  0.320007   ,  3.25835    ,  4.96215    ,  2.92284    ])
1576    , -13980      , array([ 3.7773     ,  0.91742    ,  1.95434    ,  0.421545   ,  0.326853   ,  3.25835    ,  4.96215    ,  2.92284    ])
1584    , -13979.5    , array([ 3.74878    ,  0.91742    ,  1.95434    ,  0.421545   ,  0.326853   ,  3.25835    ,  4.96215    ,  2.92284    ])
1592    , -15068.6    , array([ 3.74878    ,  1.29939    ,  1.95434    ,  0.421545   ,  0.326853   ,  3.25835    ,  4.96215    ,  2.92284    ])
1600    , -13979.2    , array([ 3.74878    ,  0.912243   ,  1.95434    ,  0.421545   ,  0.326853   ,  3.25835    ,  4.96215    ,  2.92284    ])
1608    , -13979      , array([ 3.74878    ,  0.912243   ,  1.95434    ,  0.421545   ,  0.326853   ,  3.25835    ,  4.96215    ,  2.88885    ])
1616    , -14033.2    , array([ 3.62768    ,  0.965773   ,  1.79987    ,  0.410377   ,  0.353088   ,  3.18024    ,  4.83638    ,  2.75855    ])
1624    , -13974.9    , array([ 3.78146    ,  0.897794   ,  1.99603    ,  0.424559   ,  0.319771   ,  3.27943    ,  4.99609    ,  2.92227    ])
1632    , -13974.7    , array([ 3.78497    ,  0.896246   ,  2.0005     ,  0.424882   ,  0.319013   ,  3.28169    ,  4.99973    ,  2.926      ])
1640    , -13974.2    , array([ 3.78497    ,  0.896246   ,  2.0005     ,  0.424882   ,  0.323298   ,  3.28169    ,  4.99973    ,  2.926      ])
1648    , -13973.9    , array([ 3.78497    ,  0.896246   ,  2.0005     ,  0.424882   ,  0.323298   ,  3.36274    ,  4.99973    ,  2.926      ])
1656    , -13973.3    , array([ 3.78497    ,  0.896246   ,  2.0005     ,  0.424882   ,  0.323298   ,  3.32366    ,  4.99973    ,  2.926      ])
1664    , -13972.4    , array([ 3.78497    ,  0.896246   ,  2.0005     ,  0.424882   ,  0.323298   ,  3.32366    ,  4.91875    ,  2.926      ])
1672    , -13971.4    , array([ 3.78597    ,  0.892324   ,  2.0005     ,  0.433568   ,  0.316425   ,  3.32366    ,  4.91777    ,  2.926      ])
1680    , -13967.5    , array([ 3.79675    ,  0.85898    ,  2.04666    ,  0.463855   ,  0.291548   ,  3.38898    ,  4.87339    ,  2.92916    ])
1688    , -13967.5    , array([ 3.79754    ,  0.856604   ,  2.05041    ,  0.465574   ,  0.290113   ,  3.39429    ,  4.86979    ,  2.92941    ])
1696    , -13963.1    , array([ 3.71344    ,  0.856604   ,  2.05041    ,  0.465574   ,  0.290113   ,  3.39429    ,  4.86979    ,  2.92941    ])
1704    , -15093.1    , array([ 3.71344    ,  1.23857    ,  2.05041    ,  0.465574   ,  0.290113   ,  3.39429    ,  4.86979    ,  2.92941    ])
1712    , -14046.4    , array([ 3.71344    ,  0.86599    ,  2.05041    ,  0.465574   ,  0.290113   ,  3.39429    ,  4.86979    ,  3.92941    ])
1720    , -13961.8    , array([ 3.71344    ,  0.86599    ,  2.05041    ,  0.465574   ,  0.290113   ,  3.39429    ,  4.86979    ,  2.89258    ])
1728    , -13961.8    , array([ 3.71344    ,  0.86599    ,  2.05041    ,  0.465574   ,  0.290113   ,  3.39429    ,  4.86979    ,  2.89411    ])
1744    , -13961      , array([ 3.71403    ,  0.86368    ,  2.05041    ,  0.470689   ,  0.290976   ,  3.39429    ,  4.86979    ,  2.89411    ])
1752    , -14010.8    , array([ 3.71403    ,  0.86368    ,  2.05041    ,  0.470689   ,  0.290926   ,  3.77625    ,  4.86979    ,  2.89411    ])
1760    , -13961      , array([ 3.71403    ,  0.86368    ,  2.05041    ,  0.470689   ,  0.290926   ,  3.39455    ,  4.86979    ,  2.89411    ])
1768    , -13960.7    , array([ 3.71403    ,  0.86368    ,  2.05041    ,  0.470689   ,  0.290926   ,  3.39455    ,  4.82414    ,  2.89411    ])
1776    , -13958.5    , array([ 3.72053    ,  0.844153   ,  2.08126    ,  0.484826   ,  0.27913    ,  3.4382     ,  4.7939     ,  2.89622    ])
1784    , -13958.5    , array([ 3.72198    ,  0.839812   ,  2.08812    ,  0.487969   ,  0.276507   ,  3.4479     ,  4.78731    ,  2.89669    ])
1792    , -13992.7    , array([ 3.45712    ,  0.839812   ,  2.08812    ,  0.487969   ,  0.276507   ,  3.4479     ,  4.78731    ,  2.89669    ])
1800    , -34359.2    , array([ 3.68149    ,  0.221778   ,  2.08812    ,  0.487969   ,  0.276507   ,  3.4479     ,  4.78731    ,  2.89669    ])
1808    , -13957.2    , array([ 3.68149    ,  0.843519   ,  2.08812    ,  0.487969   ,  0.276507   ,  3.4479     ,  4.78731    ,  2.89669    ])
1816    , -13957.2    , array([ 3.68149    ,  0.843519   ,  2.08812    ,  0.487969   ,  0.276507   ,  3.4479     ,  4.78731    ,  2.87195    ])
1824    , -13957.3    , array([ 3.68311    ,  0.837172   ,  2.08812    ,  0.502023   ,  0.265388   ,  3.4479     ,  4.78731    ,  2.87991    ])
1832    , -13957      , array([ 3.68214    ,  0.840962   ,  2.08812    ,  0.493633   ,  0.272026   ,  3.4479     ,  4.78731    ,  2.87991    ])
1840    , -13960.7    , array([ 3.68214    ,  0.840962   ,  2.08812    ,  0.493633   ,  0.286923   ,  3.4479     ,  4.78731    ,  2.87991    ])
1848    , -13956.7    , array([ 3.68214    ,  0.840962   ,  2.08812    ,  0.493633   ,  0.27502    ,  3.4479     ,  4.78731    ,  2.87991    ])
1856    , -13956.7    , array([ 3.68214    ,  0.840962   ,  2.08812    ,  0.493633   ,  0.27502    ,  3.44973    ,  4.78731    ,  2.87991    ])
1864    , -13970.1    , array([ 3.68214    ,  0.840962   ,  2.08812    ,  0.493633   ,  0.27502    ,  3.44973    ,  4.47829    ,  2.87991    ])
1872    , -13956.7    , array([ 3.68214    ,  0.840962   ,  2.08812    ,  0.493633   ,  0.27502    ,  3.44973    ,  4.76919    ,  2.87991    ])
1880    , -13955      , array([ 3.65142    ,  0.81472    ,  2.13139    ,  0.519127   ,  0.256985   ,  3.51279    ,  4.70948    ,  2.8661     ])
1888    , -13954.9    , array([ 3.64099    ,  0.811013   ,  2.13778    ,  0.52373    ,  0.254101   ,  3.52237    ,  4.69798    ,  2.86158    ])
1896    , -13954.8    , array([ 3.63917    ,  0.81495    ,  2.13158    ,  0.520966   ,  0.256451   ,  3.51363    ,  4.7037     ,  2.86093    ])
1904    , -13954.8    , array([ 3.63908    ,  0.815226   ,  2.13115    ,  0.520765   ,  0.256618   ,  3.51301    ,  4.70412    ,  2.8609     ])
1912    , -13954.8    , array([ 3.63908    ,  0.815577   ,  2.13115    ,  0.520765   ,  0.256618   ,  3.51301    ,  4.70412    ,  2.8609     ])
1920    , -13956.3    , array([ 3.63908    ,  0.815581   ,  2.13115    ,  0.520765   ,  0.256618   ,  3.51301    ,  4.70412    ,  2.94922    ])
1928    , -13954.8    , array([ 3.63908    ,  0.815581   ,  2.13115    ,  0.520765   ,  0.256618   ,  3.51301    ,  4.70412    ,  2.85629    ])
1936    , -13954.9    , array([ 3.6397     ,  0.813157   ,  2.13115    ,  0.526134   ,  0.252371   ,  3.51301    ,  4.70412    ,  2.85634    ])
1944    , -13954.8    , array([ 3.63906    ,  0.815624   ,  2.13115    ,  0.52067    ,  0.256694   ,  3.51301    ,  4.70412    ,  2.85634    ])
1952    , -13954.8    , array([ 3.63906    ,  0.815624   ,  2.13115    ,  0.52067    ,  0.257113   ,  3.51301    ,  4.70412    ,  2.85634    ])
1960    , -13955.4    , array([ 3.63906    ,  0.815624   ,  2.13115    ,  0.52067    ,  0.257113   ,  3.55801    ,  4.70412    ,  2.85634    ])
1968    , -13954.8    , array([ 3.63906    ,  0.815624   ,  2.13115    ,  0.52067    ,  0.257113   ,  3.51671    ,  4.70412    ,  2.85634    ])
1976    , -13954.8    , array([ 3.63906    ,  0.815624   ,  2.13115    ,  0.52067    ,  0.257113   ,  3.51671    ,  4.70238    ,  2.85634    ])
1984    , -13955.4    , array([ 3.6676     ,  0.82577    ,  2.11365    ,  0.50807    ,  0.265007   ,  3.49047    ,  4.734      ,  2.86871    ])
