132     , -1348.28    , array([ 0.0240294  ,  0.980164   ,  0.0663045  ,  0.325259   ,  7.13076    ,  3.35005    ])
138     , -1347.84    , array([ 0.0287295  ,  0.980164   ,  0.0663045  ,  0.325259   ,  7.13076    ,  3.35005    ])
144     , -5402.65    , array([ 0.02867    ,  0.36213    ,  0.0663045  ,  0.325259   ,  7.13076    ,  3.35005    ])
150     , -1347.82    , array([ 0.02867    ,  0.978096   ,  0.0663045  ,  0.325259   ,  7.13076    ,  3.35005    ])
168     , -1347.69    , array([ 0.02867    ,  0.978096   ,  0.0666952  ,  0.325259   ,  7.13076    ,  3.35005    ])
180     , -1792.92    , array([ 0.02867    ,  0.978096   ,  0.0666744  ,  0.235089   ,  7.13076    ,  3.35005    ])
186     , -1347.59    , array([ 0.02867    ,  0.978096   ,  0.0666744  ,  0.323998   ,  7.13076    ,  3.35005    ])
192     , -1347.59    , array([ 0.02867    ,  0.978096   ,  0.0666744  ,  0.324011   ,  7.13076    ,  3.35005    ])
198     , -1347.48    , array([ 0.02867    ,  0.978096   ,  0.0666744  ,  0.324011   ,  7.10036    ,  3.35005    ])
204     , -1398.08    , array([ 0.02867    ,  0.978096   ,  0.0666744  ,  0.324011   ,  7.10036    ,  2.73202    ])
210     , -1347.48    , array([ 0.02867    ,  0.978096   ,  0.0666744  ,  0.324011   ,  7.10036    ,  3.34463    ])
216     , -1347.14    , array([ 0.044255   ,  0.972681   ,  0.0676426  ,  0.320743   ,  7.02076    ,  3.33044    ])
222     , -1347.08    , array([ 0.0361784  ,  0.975487   ,  0.0671408  ,  0.322437   ,  7.06201    ,  3.33779    ])
228     , -1347.04    , array([ 0.0348659  ,  0.975943   ,  0.0670593  ,  0.322712   ,  7.06871    ,  3.33899    ])
234     , -1347.04    , array([ 0.0348659  ,  0.975943   ,  0.0670593  ,  0.322712   ,  7.06871    ,  3.34198    ])
240     , -1347.04    , array([ 0.0348659  ,  0.975943   ,  0.0670593  ,  0.322712   ,  7.06871    ,  3.34195    ])
246     , -1346.81    , array([ 0.0348659  ,  0.984672   ,  0.0670593  ,  0.322712   ,  7.06871    ,  3.34195    ])
252     , -1346.81    , array([ 0.0348659  ,  0.984791   ,  0.0670593  ,  0.322712   ,  7.06871    ,  3.34195    ])
258     , -3871.28    , array([ 0.0348659  ,  0.984791   ,  0.139957   ,  0.322712   ,  7.06871    ,  3.34195    ])
264     , -1346.79    , array([ 0.0348659  ,  0.984791   ,  0.0669499  ,  0.322712   ,  7.06871    ,  3.34195    ])
270     , -1346.79    , array([ 0.0348659  ,  0.984791   ,  0.0669488  ,  0.322712   ,  7.06871    ,  3.34195    ])
276     , -1389.3     , array([ 0.0348659  ,  0.984791   ,  0.0669488  ,  0.356789   ,  7.06871    ,  3.34195    ])
282     , -1346.77    , array([ 0.0348659  ,  0.984791   ,  0.0669488  ,  0.322171   ,  7.06871    ,  3.34195    ])
288     , -1371.08    , array([ 0.0348659  ,  0.984791   ,  0.0669488  ,  0.322171   ,  6.45068    ,  3.34195    ])
294     , -1346.76    , array([ 0.0348659  ,  0.984791   ,  0.0669488  ,  0.322171   ,  7.0526     ,  3.34195    ])
300     , -1346.64    , array([ 0.044891   ,  0.981308   ,  0.0675716  ,  0.320069   ,  7.00578    ,  3.33282    ])
306     , -1346.46    , array([ 0.0414028  ,  0.98252    ,  0.0673549  ,  0.320801   ,  7.0236     ,  3.33599    ])
312     , -1346.73    , array([ 0.0560813  ,  0.98762    ,  0.0681394  ,  0.3171     ,  6.93511    ,  3.32604    ])
318     , -1346.29    , array([ 0.0504737  ,  0.985672   ,  0.0678397  ,  0.318514   ,  6.96892    ,  3.32984    ])
324     , -1362.16    , array([ 0.0505653  ,  0.985704   ,  0.0678446  ,  0.318491   ,  6.96836    ,  3.71174    ])
330     , -1346.27    , array([ 0.0505653  ,  0.985704   ,  0.0678446  ,  0.318491   ,  6.96836    ,  3.34125    ])
336     , -1392.56    , array([ 0.0505653  ,  1.12917    ,  0.0678446  ,  0.318491   ,  6.96836    ,  3.34125    ])
342     , -1346.83    , array([ 0.0505653  ,  0.992796   ,  0.0678446  ,  0.318491   ,  6.96836    ,  3.34125    ])
348     , -1346.12    , array([ 0.0505653  ,  0.992667   ,  0.0678446  ,  0.318491   ,  6.96836    ,  3.34125    ])
354     , -17852.4    , array([ 0.0505653  ,  0.992667   ,  0.449811   ,  0.318491   ,  6.96836    ,  3.34125    ])
360     , -1570.03    , array([ 0.0505653  ,  0.992667   ,  0.0845479  ,  0.318491   ,  6.96836    ,  3.34125    ])
366     , -1346.08    , array([ 0.0505653  ,  0.992667   ,  0.0676216  ,  0.318491   ,  6.96836    ,  3.34125    ])
372     , -3200.69    , array([ 0.0505653  ,  0.992667   ,  0.0676193  ,  0.700457   ,  6.96836    ,  3.34125    ])
378     , -1346.36    , array([ 0.0505653  ,  0.992667   ,  0.0676193  ,  0.31523    ,  6.96836    ,  3.34125    ])
384     , -1346.75    , array([ 0.0505653  ,  0.992667   ,  0.0676193  ,  0.318369   ,  6.96836    ,  3.34125    ])
390     , -1346.07    , array([ 0.0505653  ,  0.992667   ,  0.0676193  ,  0.318455   ,  6.96836    ,  3.34125    ])
396     , -1346.78    , array([ 0.0505653  ,  0.992667   ,  0.0676193  ,  0.318451   ,  6.96836    ,  3.34125    ])
402     , -1356.32    , array([ 0.0505653  ,  0.992667   ,  0.0676193  ,  0.318451   ,  7.35033    ,  3.34125    ])
408     , -1346.09    , array([ 0.0505653  ,  0.992667   ,  0.0676193  ,  0.318451   ,  6.97354    ,  3.34125    ])
414     , -1346.78    , array([ 0.0505653  ,  0.992667   ,  0.0676193  ,  0.318451   ,  6.96829    ,  3.34125    ])
420     , -1346.78    , array([ 0.0505653  ,  0.992667   ,  0.0676193  ,  0.318451   ,  6.96836    ,  3.34125    ])
426     , -1346.07    , array([ 0.0505653  ,  0.992667   ,  0.0676193  ,  0.318451   ,  6.96836    ,  3.34125    ])
432     , -1346.96    , array([ 0.0597278  ,  0.995851   ,  0.068109   ,  0.316141   ,  6.91312    ,  3.33503    ])
438     , -1346.09    , array([ 0.0519021  ,  0.993132   ,  0.0676908  ,  0.318114   ,  6.9603     ,  3.34034    ])
444     , -1346.07    , array([ 0.0506971  ,  0.992713   ,  0.0676264  ,  0.318418   ,  6.96757    ,  3.34116    ])
450     , -1401.7     , array([ 0.0506993  ,  0.992714   ,  0.0676265  ,  0.318417   ,  6.96755    ,  2.72313    ])
456     , -1346.02    , array([ 0.0506993  ,  0.992714   ,  0.0676265  ,  0.318417   ,  6.96755    ,  3.36149    ])
462     , -1394.62    , array([ 0.0506993  ,  1.13293    ,  0.0676265  ,  0.318417   ,  6.96755    ,  3.36149    ])
468     , -1346.02    , array([ 0.0506993  ,  0.992897   ,  0.0676265  ,  0.318417   ,  6.96755    ,  3.36149    ])
474     , -32907.2    , array([ 0.0506993  ,  0.992897   ,  1.06763    ,  0.318417   ,  6.96755    ,  3.36149    ])
486     , -1346.2     , array([ 0.0506993  ,  0.992897   ,  0.0669221  ,  0.318417   ,  6.96755    ,  3.36149    ])
492     , -6172.96    , array([ 0.0506993  ,  0.992897   ,  0.0674054  ,  1.31842    ,  6.96755    ,  3.36149    ])
498     , -9104.95    , array([ 0.0506993  ,  0.992897   ,  0.0674054  ,  0.0823493  ,  6.96755    ,  3.36149    ])
504     , -1345.94    , array([ 0.0506993  ,  0.992897   ,  0.0674054  ,  0.317639   ,  6.96755    ,  3.36149    ])
510     , -1406.99    , array([ 0.0506993  ,  0.992897   ,  0.0674054  ,  0.317686   ,  7.96755    ,  3.36149    ])
516     , -1345.94    , array([ 0.0506993  ,  0.992897   ,  0.0674054  ,  0.317686   ,  6.96247    ,  3.36149    ])
522     , -1346.64    , array([ 0.0598618  ,  0.99608    ,  0.0678951  ,  0.315376   ,  6.90926    ,  3.35527    ])
528     , -1346.01    , array([ 0.0520361  ,  0.993361   ,  0.0674768  ,  0.317349   ,  6.95643    ,  3.36058    ])
534     , -1345.94    , array([ 0.0507278  ,  0.992907   ,  0.0674069  ,  0.317678   ,  6.96432    ,  3.36147    ])
540     , -1345.94    , array([ 0.050661   ,  0.992884   ,  0.0674033  ,  0.317695   ,  6.96472    ,  3.36151    ])
