Model	Replicate	log-likelihood	AIC	chi-squared	theta	optimized_params( )
our_model	Round_1_Replicate_1	-396.83	801.66	604.13	17577.64	2.4403,0.421,30.0,0.8111
our_model	Round_1_Replicate_2	-393.19	794.38	597.31	8558.71	29.7464,0.8693,29.9019,2.9758
our_model	Round_1_Replicate_3	-395.62	799.24	600.97	46964.29	2.4869,0.1585,0.3457,0.3567
our_model	Round_1_Replicate_4	-395.4	798.8	600.47	31501.45	1.6497,0.2364,29.9996,0.5118
our_model	Round_1_Replicate_5	-393.32	794.64	597.55	7103.51	28.7145,1.0472,30.0,3.3638
our_model	Round_1_Replicate_6	-396.88	801.76	604.21	7347.14	5.8592,1.0072,30.0,1.9386
our_model	Round_1_Replicate_7	-394.49	796.98	599.76	5808.65	29.9126,1.2781,17.6838,3.397
our_model	Round_1_Replicate_8	-396.59	801.18	603.69	8892.81	4.9477,0.8324,30.0,1.6277
our_model	Round_1_Replicate_9	-394.0	796.0	598.84	78583.81	0.6131,0.0945,0.3725,0.2281
our_model	Round_1_Replicate_10	-393.05	794.1	597.04	61480.45	3.2469,0.121,29.9999,0.4388
our_model	Round_2_Replicate_1	-394.78	797.56	599.48	17745.2	3.2763,0.4197,30.0,0.963
our_model	Round_2_Replicate_2	-394.45	796.9	598.8	119749.34	0.5302,0.0622,26.4443,0.1491
our_model	Round_2_Replicate_3	-397.69	803.38	605.7	4609.97	30.0,1.6038,13.9544,3.5348
our_model	Round_2_Replicate_4	-392.95	793.9	596.85	118591.91	10.9145,0.0628,9.6915,0.3171
our_model	Round_2_Replicate_5	-393.0	794.0	596.94	21376.88	16.4232,0.3482,29.7236,1.4047
our_model	Round_2_Replicate_6	-394.64	797.28	600.04	12130.9	4.8642,0.6119,30.0,1.4096
our_model	Round_2_Replicate_7	-395.33	798.66	600.63	44724.79	1.1633,0.1663,29.3247,0.3599
our_model	Round_2_Replicate_8	-399.74	807.48	609.46	11388.1	30.0,0.6479,3.911,1.3893
our_model	Round_2_Replicate_9	-393.57	795.14	598.03	7713.4	13.6734,0.9639,30.0,2.7308
our_model	Round_2_Replicate_10	-394.91	797.82	600.55	6102.26	30.0,1.2158,14.8466,3.1339
our_model	Round_3_Replicate_1	-393.19	794.38	597.31	203453.14	0.6661,0.0366,28.4188,0.1177
our_model	Round_3_Replicate_2	-393.41	794.82	597.73	17023.77	6.0261,0.4369,30.0,1.2735
our_model	Round_3_Replicate_3	-392.95	793.9	596.85	41044.82	28.0807,0.1814,30.0,0.9071
our_model	Round_3_Replicate_4	-392.95	793.9	596.84	77459.14	30.0,0.0961,20.3573,0.5221
our_model	Round_3_Replicate_5	-393.5	795.0	597.89	83742.8	1.1321,0.0888,29.342,0.2518
our_model	Round_3_Replicate_6	-393.85	795.7	598.56	39071.13	2.0118,0.1902,6.4693,0.4959
our_model	Round_3_Replicate_7	-392.95	793.9	596.85	106831.76	29.9766,0.0697,9.7906,0.3646
our_model	Round_3_Replicate_8	-395.44	798.88	600.71	38951.97	1.3171,0.191,29.9583,0.4104
our_model	Round_3_Replicate_9	-392.96	793.92	596.87	28658.14	29.7537,0.2597,29.7874,1.2106
our_model	Round_3_Replicate_10	-392.97	793.94	596.88	143583.52	2.6923,0.0518,30.0,0.2231
our_model	Round_4_Replicate_1	-393.17	794.34	597.27	73151.64	2.5234,0.1017,3.2244,0.3408
our_model	Round_4_Replicate_2	-393.05	794.1	597.04	63109.5	5.525,0.1179,5.1232,0.4477
our_model	Round_4_Replicate_3	-399.61	807.22	609.22	11998.43	30.0,0.615,3.6699,1.3232
our_model	Round_4_Replicate_4	-394.67	797.34	600.11	39660.63	1.4718,0.1871,29.9949,0.4292
our_model	Round_4_Replicate_5	-398.43	804.86	607.07	36004.68	30.0,0.2052,0.2372,0.4023
our_model	Round_4_Replicate_6	-392.94	793.88	596.83	172932.59	30.0,0.043,25.2015,0.2742
our_model	Round_4_Replicate_7	-392.95	793.9	596.84	56728.67	29.9843,0.1312,25.1578,0.6894
our_model	Round_4_Replicate_8	-392.97	793.94	596.88	60005.69	7.6867,0.124,15.9125,0.5414
our_model	Round_4_Replicate_9	-392.96	793.92	596.86	44179.31	29.9173,0.1685,20.3848,0.8203
our_model	Round_4_Replicate_10	-394.79	797.58	600.33	45116.77	1.2604,0.1645,29.939,0.3722
our_model	Round_5_Replicate_1	-392.94	793.88	596.83	248781.21	29.9999,0.0299,29.1952,0.204
our_model	Round_5_Replicate_2	-392.94	793.88	596.83	142943.53	30.0,0.0521,29.6738,0.3268
our_model	Round_5_Replicate_3	-392.95	793.9	596.84	92887.29	29.9995,0.0801,12.7756,0.424
our_model	Round_5_Replicate_4	-393.06	794.12	597.06	99360.61	1.9353,0.0749,20.3971,0.2686
our_model	Round_5_Replicate_5	-393.01	794.02	596.96	118914.9	2.1205,0.0626,16.5012,0.242
our_model	Round_5_Replicate_6	-392.95	793.9	596.84	92254.85	11.6542,0.0807,29.7032,0.4246
our_model	Round_5_Replicate_7	-392.94	793.88	596.83	133983.93	29.9959,0.0556,28.2233,0.3435
our_model	Round_5_Replicate_8	-392.94	793.88	596.83	269531.43	18.4994,0.0276,29.7001,0.1839
our_model	Round_5_Replicate_9	-393.06	794.12	597.05	190496.34	1.023,0.0391,26.7402,0.1406
our_model	Round_5_Replicate_10	-392.94	793.88	596.83	176738.68	30.0,0.0421,27.7485,0.2716
our_model	Round_5_Replicate_11	-392.94	793.88	596.83	161872.24	29.9835,0.046,30.0,0.2946
our_model	Round_5_Replicate_12	-392.94	793.88	596.83	179584.06	30.0,0.0414,16.0047,0.2534
our_model	Round_5_Replicate_13	-393.03	794.06	596.99	175202.12	1.2924,0.0425,28.8459,0.1595
our_model	Round_5_Replicate_14	-393.74	795.48	598.35	120537.72	0.6662,0.0617,3.365,0.1639
our_model	Round_5_Replicate_15	-393.54	795.08	597.98	137230.8	0.6661,0.0542,28.113,0.1515
our_model	Round_5_Replicate_16	-392.99	793.98	596.93	96611.7	2.9861,0.077,30.0,0.3085
our_model	Round_5_Replicate_17	-394.12	796.24	599.08	101296.74	0.6665,0.0733,2.8155,0.181
our_model	Round_5_Replicate_18	-392.97	793.94	596.88	109233.37	3.5375,0.0681,23.7521,0.2932
our_model	Round_5_Replicate_19	-394.12	796.24	599.71	138230.11	0.4932,0.0536,2.3151,0.1328
our_model	Round_5_Replicate_20	-392.94	793.88	596.83	89817.87	29.9774,0.0829,29.0312,0.4805
