8       , -829.656    , array([ 0.304987   ,  1.25612    ,  0.0726169  ,  0.0339401  ])
12      , -225.498    , array([ 0.0795741  ,  1.25612    ,  0.0726169  ,  0.0339401  ])
16      , -91.7278    , array([ 0.114425   ,  1.25612    ,  0.0726169  ,  0.0339401  ])
20      , -117.533    , array([ 0.114418   ,  2.25612    ,  0.0726169  ,  0.0339401  ])
24      , -98.0741    , array([ 0.114418   ,  1.63809    ,  0.0726169  ,  0.0339401  ])
28      , -91.7246    , array([ 0.114418   ,  1.26281    ,  0.0726169  ,  0.0339401  ])
32      , -10760.2    , array([ 0.114418   ,  1.26289    ,  1.07262    ,  0.0339401  ])
36      , -8377.05    , array([ 0.114418   ,  1.26289    ,  0.454583   ,  0.0339401  ])
40      , -596.435    , array([ 0.114418   ,  1.26289    ,  0.14554    ,  0.0339401  ])
44      , -91.7026    , array([ 0.114418   ,  1.26289    ,  0.0721988  ,  0.0339401  ])
48      , -4962.2     , array([ 0.114418   ,  1.26289    ,  0.0721988  ,  1.03394    ])
52      , -4459.3     , array([ 0.114418   ,  1.26289    ,  0.0721988  ,  0.415906   ])
56      , -1196.4     , array([ 0.114418   ,  1.26289    ,  0.0721988  ,  0.106876   ])
60      , -208.197    , array([ 0.114418   ,  1.26289    ,  0.0721988  ,  0.0219164  ])
64      , -91.6891    , array([ 0.114418   ,  1.26289    ,  0.0721988  ,  0.0340908  ])
68      , -91.6891    , array([ 0.114418   ,  1.26289    ,  0.0721988  ,  0.0340892  ])
76      , -11147.5    , array([ 0.0242485  ,  1.26289    ,  0.0721988  ,  0.0340892  ])
80      , -92.0849    , array([ 0.116504   ,  1.26289    ,  0.0721988  ,  0.0340892  ])
84      , -91.6815    , array([ 0.114095   ,  1.26289    ,  0.0721988  ,  0.0340892  ])
88      , -91.6815    , array([ 0.114092   ,  1.26289    ,  0.0721988  ,  0.0340892  ])
92      , -91.7968    , array([ 0.114092   ,  1.21838    ,  0.0721988  ,  0.0340892  ])
96      , -91.6799    , array([ 0.114092   ,  1.25818    ,  0.0721988  ,  0.0340892  ])
104     , -3376.6     , array([ 0.114092   ,  1.25818    ,  0.263114   ,  0.0340892  ])
108     , -93.2549    , array([ 0.114092   ,  1.25818    ,  0.0684139  ,  0.0340892  ])
112     , -91.6653    , array([ 0.114092   ,  1.25818    ,  0.0718649  ,  0.0340892  ])
120     , -2971.21    , array([ 0.114092   ,  1.25818    ,  0.0718615  ,  0.225037   ])
128     , -98.802     , array([ 0.114092   ,  1.25818    ,  0.0718615  ,  0.0377904  ])
132     , -91.6593    , array([ 0.114092   ,  1.25818    ,  0.0718615  ,  0.0341899  ])
136     , -91.6313    , array([ 0.113765   ,  1.25347    ,  0.0715242  ,  0.0342906  ])
140     , -91.4946    , array([ 0.109335   ,  1.18955    ,  0.0669479  ,  0.0356562  ])
144     , -91.478     , array([ 0.110359   ,  1.20433    ,  0.068006   ,  0.0353405  ])
152     , -865.252    , array([ 0.30133    ,  1.20433    ,  0.068006   ,  0.0353405  ])
156     , -224.054    , array([ 0.0759173  ,  1.20433    ,  0.068006   ,  0.0353405  ])
160     , -91.2921    , array([ 0.108787   ,  1.20433    ,  0.068006   ,  0.0353405  ])
164     , -122.367    , array([ 0.108805   ,  2.20433    ,  0.068006   ,  0.0353405  ])
168     , -99.1135    , array([ 0.108805   ,  1.58629    ,  0.068006   ,  0.0353405  ])
172     , -91.2914    , array([ 0.108805   ,  1.20719    ,  0.068006   ,  0.0353405  ])
176     , -91.2915    , array([ 0.108805   ,  1.20673    ,  0.068006   ,  0.0353405  ])
180     , -91.2914    , array([ 0.108805   ,  1.20714    ,  0.068006   ,  0.0353405  ])
192     , -220.313    , array([ 0.108805   ,  1.20714    ,  0.068006   ,  0.0221848  ])
196     , -91.2841    , array([ 0.108805   ,  1.20714    ,  0.068006   ,  0.0352257  ])
200     , -91.1797    , array([ 0.105072   ,  1.15329    ,  0.0641505  ,  0.0363763  ])
204     , -91.1638    , array([ 0.106498   ,  1.17386    ,  0.0656231  ,  0.0359368  ])
208     , -91.3799    , array([ 0.0980525  ,  1.07725    ,  0.0585053  ,  0.0379462  ])
212     , -91.1603    , array([ 0.106072   ,  1.16771    ,  0.0651834  ,  0.036068   ])
220     , -106.511    , array([ 0.119804   ,  1.16771    ,  0.0651834  ,  0.036068   ])
224     , -91.077     , array([ 0.105067   ,  1.16771    ,  0.0651834  ,  0.036068   ])
232     , -92.286     , array([ 0.105067   ,  1.30695    ,  0.0651834  ,  0.036068   ])
236     , -91.0562    , array([ 0.105067   ,  1.18256    ,  0.0651834  ,  0.036068   ])
244     , -2784.29    , array([ 0.105067   ,  1.18256    ,  0.0651834  ,  0.227018   ])
248     , -1799.39    , array([ 0.105067   ,  1.18256    ,  0.0651834  ,  0.00162618 ])
252     , -91.1486    , array([ 0.105067   ,  1.18256    ,  0.0651834  ,  0.0363543  ])
256     , -91.0432    , array([ 0.105067   ,  1.18256    ,  0.0651834  ,  0.0359119  ])
260     , -91.0024    , array([ 0.101334   ,  1.12871    ,  0.0613279  ,  0.037064   ])
264     , -90.9479    , array([ 0.102847   ,  1.15054    ,  0.0628908  ,  0.0365976  ])
268     , -90.9479    , array([ 0.102847   ,  1.15054    ,  0.0628908  ,  0.0365976  ])
272     , -93.5664    , array([ 0.0611051  ,  0.928169   ,  0.0332131  ,  0.0434529  ])
276     , -90.3449    , array([ 0.0846182  ,  1.05343    ,  0.0499302  ,  0.0395914  ])
280     , -2441.72    , array([ 1.08481    ,  1.05445    ,  0.0500675  ,  0.0395597  ])
284     , -1614.78    , array([ 0.466777   ,  1.05445    ,  0.0500675  ,  0.0395597  ])
288     , -391.148    , array([ 0.157756   ,  1.05445    ,  0.0500675  ,  0.0395597  ])
292     , -90.4144    , array([ 0.0835796  ,  1.05445    ,  0.0500675  ,  0.0395597  ])
296     , -90.3253    , array([ 0.0844224  ,  1.05445    ,  0.0500675  ,  0.0395597  ])
300     , -90.3253    , array([ 0.0844184  ,  1.05445    ,  0.0500675  ,  0.0395597  ])
304     , -90.0134    , array([ 0.0844184  ,  1.09233    ,  0.0500675  ,  0.0395597  ])
308     , -89.9994    , array([ 0.0844184  ,  1.10193    ,  0.0500675  ,  0.0395597  ])
312     , -89.9994    , array([ 0.0844184  ,  1.10241    ,  0.0500675  ,  0.0395597  ])
320     , -276.383    , array([ 0.0844184  ,  1.10241    ,  0.0500675  ,  0.0634688  ])
324     , -89.9838    , array([ 0.0844184  ,  1.10241    ,  0.0500675  ,  0.0393603  ])
328     , -89.9836    , array([ 0.0844184  ,  1.10241    ,  0.0500675  ,  0.0393786  ])
332     , -90.4774    , array([ 0.0955655  ,  1.16179    ,  0.0579927  ,  0.037548   ])
336     , -89.7576    , array([ 0.074559   ,  1.04989    ,  0.0430578  ,  0.0409978  ])
340     , -89.7576    , array([ 0.0744605  ,  1.04936    ,  0.0429877  ,  0.041014   ])
352     , -125.899    , array([ 0.0613048  ,  1.04936    ,  0.0429877  ,  0.041014   ])
356     , -89.7576    , array([ 0.0744714  ,  1.04936    ,  0.0429877  ,  0.041014   ])
360     , -89.7576    , array([ 0.074488   ,  1.04936    ,  0.0429877  ,  0.041014   ])
364     , -89.7576    , array([ 0.0744719  ,  1.04936    ,  0.0429877  ,  0.041014   ])
368     , -138.003    , array([ 0.0744722  ,  2.04936    ,  0.0429877  ,  0.041014   ])
372     , -100.62     , array([ 0.0744722  ,  1.43133    ,  0.0429877  ,  0.041014   ])
376     , -89.5362    , array([ 0.0744722  ,  1.08736    ,  0.0429877  ,  0.041014   ])
380     , -4111.35    , array([ 0.0744722  ,  1.08774    ,  0.0429877  ,  1.04101    ])
384     , -3705.63    , array([ 0.0744722  ,  1.08774    ,  0.0429877  ,  0.42298    ])
388     , -990.446    , array([ 0.0744722  ,  1.08774    ,  0.0429877  ,  0.113952   ])
392     , -93.6069    , array([ 0.0744722  ,  1.08774    ,  0.0429877  ,  0.04395    ])
396     , -89.5302    , array([ 0.0744722  ,  1.08774    ,  0.0429877  ,  0.0409016  ])
400     , -91.0714    , array([ 0.103656   ,  1.24321    ,  0.0637361  ,  0.0361078  ])
404     , -89.4395    , array([ 0.0660178  ,  1.0427     ,  0.0369768  ,  0.042289   ])
408     , -89.3977    , array([ 0.0685947  ,  1.05643    ,  0.0388089  ,  0.0418658  ])
412     , -89.8483    , array([ 0.0534484  ,  1.07606    ,  0.0280184  ,  0.0440611  ])
416     , -89.1866    , array([ 0.0618596  ,  1.06537    ,  0.0340106  ,  0.0428413  ])
420     , -89.1864    , array([ 0.0616493  ,  1.06564    ,  0.0338608  ,  0.0428718  ])
432     , -140.741    , array([ 0.0484937  ,  1.06564    ,  0.0338608  ,  0.0428718  ])
436     , -89.0797    , array([ 0.0609819  ,  1.06564    ,  0.0338608  ,  0.0428718  ])
440     , -96.8105    , array([ 0.0429456  ,  0.969558   ,  0.0210375  ,  0.0458339  ])
444     , -89.5525    , array([ 0.0540926  ,  1.02894    ,  0.0289628  ,  0.0440032  ])
448     , -89.0723    , array([ 0.0600784  ,  1.06083    ,  0.0332185  ,  0.0430202  ])
452     , -3953.73    , array([ 0.0600874  ,  1.06088    ,  0.0332249  ,  1.04302    ])
456     , -3542.95    , array([ 0.0600874  ,  1.06088    ,  0.0332249  ,  0.424985   ])
460     , -935.804    , array([ 0.0600874  ,  1.06088    ,  0.0332249  ,  0.115957   ])
464     , -92.7364    , array([ 0.0600874  ,  1.06088    ,  0.0332249  ,  0.0462343  ])
468     , -89.0525    , array([ 0.0600874  ,  1.06088    ,  0.0332249  ,  0.0432353  ])
472     , -89.0525    , array([ 0.0600874  ,  1.06088    ,  0.0332249  ,  0.0432331  ])
476     , -89.014     , array([ 0.0576511  ,  1.06397    ,  0.0314892  ,  0.0435864  ])
480     , -89.6819    , array([ 0.0465276  ,  1.07135    ,  0.0240414  ,  0.0453343  ])
484     , -89.014     , array([ 0.0575902  ,  1.06405    ,  0.0314458  ,  0.0435953  ])
492     , -219.197    , array([ 0.0854522  ,  1.06405    ,  0.0314458  ,  0.0435953  ])
496     , -88.9776    , array([ 0.0571711  ,  1.06405    ,  0.0314458  ,  0.0435953  ])
500     , -88.9768    , array([ 0.0572256  ,  1.06405    ,  0.0314458  ,  0.0435953  ])
504     , -89.9992    , array([ 0.0683726  ,  1.12343    ,  0.039371   ,  0.0417646  ])
508     , -88.965     , array([ 0.0561543  ,  1.05834    ,  0.0306842  ,  0.0437712  ])
512     , -88.9649    , array([ 0.0562544  ,  1.05887    ,  0.0307553  ,  0.0437548  ])
524     , -186.162    , array([ 0.0562544  ,  1.05887    ,  0.0307553  ,  0.0305991  ])
528     , -88.9647    , array([ 0.0562544  ,  1.05887    ,  0.0307553  ,  0.0437755  ])
532     , -89.4403    , array([ 0.0492508  ,  1.06777    ,  0.0257659  ,  0.0447911  ])
536     , -88.988     , array([ 0.0535792  ,  1.06227    ,  0.0288495  ,  0.0441634  ])
540     , -88.9582    , array([ 0.0553495  ,  1.06002    ,  0.0301107  ,  0.0439067  ])
544     , -88.9099    , array([ 0.0531088  ,  1.056      ,  0.0287755  ,  0.0442181  ])
548     , -88.7918    , array([ 0.0449414  ,  1.04133    ,  0.023909   ,  0.0453533  ])
552     , -88.783     , array([ 0.0426456  ,  1.03721    ,  0.022541   ,  0.0456723  ])
556     , -89.8457    , array([ 0.0539776  ,  1.02281    ,  0.0306141  ,  0.044029   ])
560     , -88.7614    , array([ 0.0440914  ,  1.03537    ,  0.0235711  ,  0.0454627  ])
564     , -88.7577    , array([ 0.0436632  ,  1.03592    ,  0.023266   ,  0.0455248  ])
568     , -94.2767    , array([ 0.0728567  ,  1.19137    ,  0.0440218  ,  0.0407306  ])
572     , -88.92      , array([ 0.0464106  ,  1.05048    ,  0.0252193  ,  0.0450738  ])
576     , -88.7551    , array([ 0.0439582  ,  1.03742    ,  0.0234758  ,  0.0454765  ])
580     , -3829.85    , array([ 0.0439582  ,  1.03742    ,  0.0234758  ,  1.04548    ])
584     , -3418.64    , array([ 0.0439582  ,  1.03742    ,  0.0234758  ,  0.427443   ])
588     , -899.831    , array([ 0.0439582  ,  1.03742    ,  0.0234758  ,  0.118415   ])
592     , -91.8977    , array([ 0.0439582  ,  1.03742    ,  0.0234758  ,  0.0483905  ])
596     , -88.7535    , array([ 0.0439582  ,  1.03742    ,  0.0234758  ,  0.0455395  ])
600     , -89.1991    , array([ 0.0645136  ,  1.07434    ,  0.0357238  ,  0.0426832  ])
604     , -88.7572    , array([ 0.0359897  ,  1.02311    ,  0.0187277  ,  0.0466476  ])
608     , -88.718     , array([ 0.0394329  ,  1.02929    ,  0.0207793  ,  0.0461691  ])
612     , -92.0878    , array([ 0.0323836  ,  1.03811    ,  0.0157626  ,  0.047191   ])
616     , -89.1121    , array([ 0.0367121  ,  1.03261    ,  0.0188463  ,  0.0465634  ])
620     , -88.7107    , array([ 0.0398603  ,  1.02861    ,  0.0210891  ,  0.0461068  ])
624     , -160.266    , array([ 0.0218241  ,  0.932529   ,  0.00826587 ,  0.0490689  ])
628     , -92.3587    , array([ 0.0329711  ,  0.99191    ,  0.0161911  ,  0.0472382  ])
632     , -88.709     , array([ 0.0400579  ,  1.02966    ,  0.0212296  ,  0.0460744  ])
636     , -3792.85    , array([ 0.0400612  ,  1.02968    ,  0.021232   ,  1.04607    ])
640     , -3382.84    , array([ 0.0400612  ,  1.02968    ,  0.021232   ,  0.42804    ])
644     , -889.789    , array([ 0.0400612  ,  1.02968    ,  0.021232   ,  0.119013   ])
648     , -91.7402    , array([ 0.0400612  ,  1.02968    ,  0.021232   ,  0.0489389  ])
652     , -88.7082    , array([ 0.0400612  ,  1.02968    ,  0.021232   ,  0.0461183  ])
656     , -89.0677    , array([ 0.0606166  ,  1.0666     ,  0.03348    ,  0.0432619  ])
660     , -88.6932    , array([ 0.0379713  ,  1.02593    ,  0.0199867  ,  0.0464092  ])
664     , -88.6926    , array([ 0.037489   ,  1.02506    ,  0.0196993  ,  0.0464763  ])
668     , -88.6926    , array([ 0.037489   ,  1.02506    ,  0.0196993  ,  0.0464763  ])
672     , -88.8558    , array([ 0.0209482  ,  0.988899   ,  0.0105255  ,  0.0490979  ])
676     , -88.6388    , array([ 0.0289614  ,  1.00642    ,  0.0149698  ,  0.0478278  ])
680     , -99.0882    , array([ 0.0219578  ,  1.01532    ,  0.0099803  ,  0.0488435  ])
684     , -89.6507    , array([ 0.0262863  ,  1.00982    ,  0.013064   ,  0.0482158  ])
688     , -88.6329    , array([ 0.0292187  ,  1.00609    ,  0.0151531  ,  0.0477905  ])
692     , -541.507    , array([ 0.0111825  ,  0.910009   ,  0.00232982 ,  0.0507526  ])
696     , -99.0613    , array([ 0.0223295  ,  0.969391   ,  0.010255   ,  0.0489219  ])
700     , -88.632     , array([ 0.0293323  ,  1.0067     ,  0.0152338  ,  0.0477719  ])
704     , -88.632     , array([ 0.0293107  ,  1.00658    ,  0.0152185  ,  0.0477754  ])
716     , -174.39     , array([ 0.0293107  ,  1.00658    ,  0.0152185  ,  0.0346198  ])
720     , -88.6316    , array([ 0.0293107  ,  1.00658    ,  0.0152185  ,  0.0477442  ])
724     , -88.7496    , array([ 0.0207831  ,  0.987937   ,  0.0104889  ,  0.0490958  ])
728     , -88.6269    , array([ 0.0260535  ,  0.99946    ,  0.0134119  ,  0.0482605  ])
732     , -88.626     , array([ 0.0268381  ,  1.00118    ,  0.0138471  ,  0.0481361  ])
736     , -88.626     , array([ 0.0268632  ,  1.00123    ,  0.0138611  ,  0.0481322  ])
740     , -89.9305    , array([ 0.0311917  ,  0.995731   ,  0.0169447  ,  0.0475045  ])
744     , -88.6254    , array([ 0.0269336  ,  1.00114    ,  0.0139112  ,  0.0481219  ])
748     , -978.864    , array([ 0.00889738 ,  0.905059   ,  0.00108795 ,  0.051084   ])
752     , -102.348    , array([ 0.0200444  ,  0.964441   ,  0.00901316 ,  0.0492534  ])
756     , -88.6248    , array([ 0.0269649  ,  1.00131    ,  0.0139334  ,  0.0481168  ])
760     , -88.6244    , array([ 0.0270178  ,  1.00159    ,  0.0139711  ,  0.0481081  ])
764     , -88.6244    , array([ 0.0270187  ,  1.00159    ,  0.0139717  ,  0.048108   ])
772     , -222.57     , array([ 0.0270187  ,  1.00159    ,  0.0139717  ,  0.0706054  ])
776     , -88.6243    , array([ 0.0270187  ,  1.00159    ,  0.0139717  ,  0.0480811  ])
780     , -88.6243    , array([ 0.0270187  ,  1.00159    ,  0.0139717  ,  0.0480897  ])
784     , -88.6493    , array([ 0.032289   ,  1.01312    ,  0.0168947  ,  0.0472544  ])
788     , -88.623     , array([ 0.0251545  ,  0.997518   ,  0.0129378  ,  0.0483851  ])
792     , -88.6224    , array([ 0.0257462  ,  0.998812   ,  0.013266   ,  0.0482913  ])
