1076    , -100.705    , array([ 0.0363709  ,  1.50799    ,  0.0651183  ,  0.0496902  ])
1080    , -100.705    , array([ 0.0363709  ,  1.50799    ,  0.0651183  ,  0.0496902  ])
1088    , -241.512    , array([ 0.064233   ,  1.50799    ,  0.0651183  ,  0.0496902  ])
1092    , -100.714    , array([ 0.0362794  ,  1.50799    ,  0.0651183  ,  0.0496902  ])
1096    , -100.703    , array([ 0.0364501  ,  1.50799    ,  0.0651183  ,  0.0496902  ])
1100    , -100.703    , array([ 0.0364509  ,  1.50799    ,  0.0651183  ,  0.0496902  ])
1104    , -100.717    , array([ 0.0364509  ,  1.49902    ,  0.0651183  ,  0.0496902  ])
1108    , -100.7      , array([ 0.0364509  ,  1.51449    ,  0.0651183  ,  0.0496902  ])
1112    , -100.7      , array([ 0.0364509  ,  1.51456    ,  0.0651183  ,  0.0496902  ])
1116    , -235.384    , array([ 0.0364509  ,  1.51456    ,  0.0374122  ,  0.0496902  ])
1120    , -100.696    , array([ 0.0364509  ,  1.51456    ,  0.0649628  ,  0.0496902  ])
1124    , -10919.7    , array([ 0.0364509  ,  1.51456    ,  0.0649628  ,  1.04969    ])
1128    , -7139.01    , array([ 0.0364509  ,  1.51456    ,  0.0649628  ,  0.431656   ])
1132    , -1066.61    , array([ 0.0364509  ,  1.51456    ,  0.0649628  ,  0.122617   ])
1136    , -100.811    , array([ 0.0364509  ,  1.51456    ,  0.0649628  ,  0.0490954  ])
1140    , -100.696    , array([ 0.0364509  ,  1.51456    ,  0.0649628  ,  0.0496473  ])
