248     , -393.673    , array([ 0.00104964 ,  0.0885626  ,  2.54164e-06,  0.238999   ])
252     , -2448.24    , array([ 0.00104984 ,  0.0610242  ,  2.54114e-06,  0.0934324  ])
256     , -2448.23    , array([ 0.00104984 ,  0.0610242  ,  2.54369e-06,  0.0934324  ])
260     , -393.672    , array([ 0.00105069 ,  0.0884376  ,  2.54164e-06,  0.23875    ])
264     , -393.67     , array([ 0.00104964 ,  0.0884659  ,  2.54164e-06,  0.238943   ])
268     , -393.67     , array([ 0.00104964 ,  0.0884659  ,  2.54418e-06,  0.238943   ])
272     , -393.67     , array([ 0.00105069 ,  0.0884599  ,  2.54164e-06,  0.238933   ])
276     , -393.669    , array([ 0.00104964 ,  0.0884356  ,  2.54164e-06,  0.238895   ])
280     , -393.669    , array([ 0.00104964 ,  0.0884356  ,  2.54418e-06,  0.238895   ])
284     , -393.667    , array([ 0.00105069 ,  0.0883384  ,  2.54164e-06,  0.23874    ])
288     , -393.66     , array([ 0.00104964 ,  0.0879507  ,  2.54165e-06,  0.238121   ])
292     , -393.66     , array([ 0.00104964 ,  0.0879507  ,  2.54419e-06,  0.238121   ])
296     , -393.632    , array([ 0.00105068 ,  0.0864172  ,  2.54167e-06,  0.235662   ])
300     , -393.535    , array([ 0.00104959 ,  0.0805456  ,  2.54175e-06,  0.226075   ])
304     , -393.535    , array([ 0.00104959 ,  0.0805456  ,  2.5443e-06 ,  0.226075   ])
308     , -394.584    , array([ 0.0010505  ,  0.0607866  ,  2.5421e-06 ,  0.191475   ])
312     , -393.493    , array([ 0.00104956 ,  0.075962   ,  2.54183e-06,  0.218391   ])
316     , -393.493    , array([ 0.00104956 ,  0.075962   ,  2.54437e-06,  0.218391   ])
320     , -393.853    , array([ 0.00105054 ,  0.0655717  ,  2.54201e-06,  0.200232   ])
324     , -393.497    , array([ 0.00104955 ,  0.0739689  ,  2.54186e-06,  0.214991   ])
328     , -393.497    , array([ 0.00104955 ,  0.0739689  ,  2.5444e-06 ,  0.214991   ])
332     , -393.525    , array([ 0.00104966 ,  0.0700713  ,  2.54412e-06,  0.208092   ])
336     , -393.497    , array([ 0.00104936 ,  0.0731715  ,  2.54231e-06,  0.213592   ])
340     , -393.497    , array([ 0.00104936 ,  0.0731715  ,  2.54485e-06,  0.213592   ])
344     , -393.496    , array([ 0.00105056 ,  0.0737999  ,  2.54195e-06,  0.214695   ])
348     , -393.497    , array([ 0.00104941 ,  0.0733846  ,  2.54219e-06,  0.213966   ])
352     , -393.497    , array([ 0.00104941 ,  0.0733846  ,  2.54473e-06,  0.213966   ])
356     , -393.496    , array([ 0.00105054 ,  0.0737122  ,  2.542e-06  ,  0.214541   ])
360     , -393.497    , array([ 0.00104944 ,  0.0734958  ,  2.54213e-06,  0.214162   ])
364     , -393.497    , array([ 0.00104944 ,  0.0734958  ,  2.54467e-06,  0.214162   ])
368     , -393.496    , array([ 0.00105053 ,  0.0736667  ,  2.54203e-06,  0.214461   ])
372     , -393.496    , array([ 0.00104949 ,  0.0737026  ,  2.54201e-06,  0.214524   ])
376     , -393.497    , array([ 0.00104949 ,  0.0737026  ,  2.54455e-06,  0.214524   ])
380     , -393.496    , array([ 0.00105054 ,  0.0737102  ,  2.542e-06  ,  0.214538   ])
384     , -393.496    , array([ 0.00104949 ,  0.0737118  ,  2.542e-06  ,  0.214541   ])
388     , -393.497    , array([ 0.00104949 ,  0.0737118  ,  2.54455e-06,  0.214541   ])
392     , -393.496    , array([ 0.00105054 ,  0.0737122  ,  2.542e-06  ,  0.214541   ])
396     , -393.496    , array([ 0.00104949 ,  0.0737122  ,  2.542e-06  ,  0.214541   ])
400     , -393.497    , array([ 0.00104949 ,  0.0737122  ,  2.54455e-06,  0.214541   ])
404     , -393.496    , array([ 0.00105054 ,  0.0737122  ,  2.542e-06  ,  0.214541   ])
408     , -393.496    , array([ 0.00104949 ,  0.0737122  ,  2.542e-06  ,  0.214541   ])
412     , -393.497    , array([ 0.00104949 ,  0.0737122  ,  2.54455e-06,  0.214541   ])
416     , -393.496    , array([ 0.00105054 ,  0.0737122  ,  2.542e-06  ,  0.214541   ])
420     , -393.496    , array([ 0.00104949 ,  0.0737122  ,  2.542e-06  ,  0.214541   ])
424     , -393.497    , array([ 0.00104949 ,  0.0737122  ,  2.54455e-06,  0.214541   ])
428     , -393.496    , array([ 0.00105054 ,  0.0737122  ,  2.542e-06  ,  0.214541   ])
432     , -393.496    , array([ 0.00104949 ,  0.0737122  ,  2.542e-06  ,  0.214541   ])
436     , -393.497    , array([ 0.00104949 ,  0.0737122  ,  2.54455e-06,  0.214541   ])
440     , -393.496    , array([ 0.00105054 ,  0.0737122  ,  2.542e-06  ,  0.214541   ])
444     , -393.496    , array([ 0.00104949 ,  0.0737122  ,  2.542e-06  ,  0.214541   ])
448     , -393.497    , array([ 0.00104949 ,  0.0737122  ,  2.54455e-06,  0.214541   ])
452     , -393.496    , array([ 0.00105054 ,  0.0737122  ,  2.542e-06  ,  0.214541   ])
456     , -393.496    , array([ 0.00104949 ,  0.0737122  ,  2.542e-06  ,  0.214541   ])
460     , -393.497    , array([ 0.00104949 ,  0.0737122  ,  2.54455e-06,  0.214541   ])
464     , -393.496    , array([ 0.00105054 ,  0.0737122  ,  2.542e-06  ,  0.214541   ])
468     , -393.496    , array([ 0.00104949 ,  0.0737122  ,  2.542e-06  ,  0.214541   ])
472     , -393.497    , array([ 0.00104949 ,  0.0737122  ,  2.54455e-06,  0.214541   ])
476     , -393.496    , array([ 0.00105054 ,  0.0737122  ,  2.542e-06  ,  0.214541   ])
480     , -393.496    , array([ 0.00104949 ,  0.0737122  ,  2.542e-06  ,  0.214541   ])
484     , -393.497    , array([ 0.00104949 ,  0.0737122  ,  2.54455e-06,  0.214541   ])
488     , -393.496    , array([ 0.00105054 ,  0.0737122  ,  2.542e-06  ,  0.214541   ])
492     , -393.496    , array([ 0.00104949 ,  0.0737122  ,  2.542e-06  ,  0.214541   ])
496     , -393.497    , array([ 0.00104949 ,  0.0737122  ,  2.54455e-06,  0.214541   ])
500     , -393.497    , array([ 0.00104937 ,  0.0732022  ,  2.54229e-06,  0.213646   ])
504     , -393.473    , array([ 0.00104947 ,  0.0737082  ,  2.54205e-06,  0.214405   ])
508     , -393.497    , array([ 0.00104945 ,  0.0735324  ,  2.5421e-06 ,  0.214226   ])
512     , -393.496    , array([ 0.00104947 ,  0.0736309  ,  2.54205e-06,  0.214399   ])
