4       , -88.7445    , array([ 0.0393746  ,  1.05024    ,  0.0209152  ,  0.0456392  ])
8       , -836.04     , array([ 0.058477   ,  0.970291   ,  0.0112483  ,  0.0908479  ])
12      , -836.601    , array([ 0.058477   ,  0.970291   ,  0.0112483  ,  0.0909388  ])
16      , -88.7309    , array([ 0.0394164  ,  1.05107    ,  0.0208596  ,  0.0457236  ])
20      , -88.7487    , array([ 0.0392736  ,  1.04874    ,  0.0208387  ,  0.0460109  ])
24      , -88.7574    , array([ 0.0392736  ,  1.04874    ,  0.0208387  ,  0.0460569  ])
28      , -88.729     , array([ 0.0393774  ,  1.05072    ,  0.0208539  ,  0.0458018  ])
32      , -88.7244    , array([ 0.0393036  ,  1.0475     ,  0.0208173  ,  0.0458378  ])
36      , -88.7251    , array([ 0.0393036  ,  1.0475     ,  0.0208173  ,  0.0458837  ])
40      , -88.7244    , array([ 0.0391924  ,  1.04836    ,  0.0207537  ,  0.045854   ])
44      , -88.7179    , array([ 0.0387508  ,  1.04656    ,  0.0205009  ,  0.045919   ])
48      , -88.7186    , array([ 0.0387508  ,  1.04656    ,  0.0205009  ,  0.0459649  ])
52      , -88.6997    , array([ 0.0370335  ,  1.04461    ,  0.0195202  ,  0.0461797  ])
56      , -88.6488    , array([ 0.0308922  ,  1.03167    ,  0.0160448  ,  0.0472374  ])
60      , -88.6545    , array([ 0.0308922  ,  1.03167    ,  0.0160448  ,  0.0472846  ])
64      , -88.6434    , array([ 0.0284483  ,  1.02771    ,  0.0146884  ,  0.0476662  ])
68      , -88.8326    , array([ 0.0204589  ,  1.00697    ,  0.0103167  ,  0.0494206  ])
72      , -88.8552    , array([ 0.0204589  ,  1.00697    ,  0.0103167  ,  0.04947    ])
76      , -88.6479    , array([ 0.0267486  ,  1.02399    ,  0.01375    ,  0.0479892  ])
80      , -88.6453    , array([ 0.0266452  ,  1.02277    ,  0.0136937  ,  0.0480061  ])
84      , -88.6549    , array([ 0.0266452  ,  1.02277    ,  0.0136937  ,  0.0480541  ])
88      , -88.6474    , array([ 0.0262355  ,  1.023      ,  0.0134706  ,  0.0480738  ])
92      , -88.6477    , array([ 0.0246585  ,  1.01883    ,  0.0126141  ,  0.0483456  ])
96      , -88.6587    , array([ 0.0246585  ,  1.01883    ,  0.0126141  ,  0.0483939  ])
100     , -88.6474    , array([ 0.0258973  ,  1.02234    ,  0.0132867  ,  0.0481306  ])
104     , -88.6449    , array([ 0.0261633  ,  1.02184    ,  0.0134314  ,  0.0480859  ])
108     , -88.6548    , array([ 0.0261633  ,  1.02184    ,  0.0134314  ,  0.048134   ])
112     , -88.6473    , array([ 0.0259874  ,  1.02252    ,  0.0133357  ,  0.0481154  ])
116     , -88.645     , array([ 0.0259279  ,  1.02138    ,  0.0133033  ,  0.0481254  ])
120     , -88.6549    , array([ 0.0259279  ,  1.02138    ,  0.0133033  ,  0.0481735  ])
124     , -88.6473    , array([ 0.0259749  ,  1.02249    ,  0.0133289  ,  0.0481175  ])
128     , -88.6449    , array([ 0.0259848  ,  1.02149    ,  0.0133343  ,  0.0481158  ])
132     , -88.6549    , array([ 0.0259848  ,  1.02149    ,  0.0133343  ,  0.0481639  ])
136     , -88.6473    , array([ 0.0259869  ,  1.02252    ,  0.0133354  ,  0.0481154  ])
140     , -88.6449    , array([ 0.0259873  ,  1.0215     ,  0.0133356  ,  0.0481154  ])
144     , -88.6549    , array([ 0.0259873  ,  1.0215     ,  0.0133356  ,  0.0481635  ])
148     , -88.6473    , array([ 0.0259874  ,  1.02252    ,  0.0133357  ,  0.0481154  ])
152     , -88.6449    , array([ 0.0259874  ,  1.0215     ,  0.0133357  ,  0.0481154  ])
156     , -88.6549    , array([ 0.0259874  ,  1.0215     ,  0.0133357  ,  0.0481635  ])
160     , -88.6473    , array([ 0.0259874  ,  1.02252    ,  0.0133357  ,  0.0481154  ])
164     , -88.6449    , array([ 0.0259874  ,  1.0215     ,  0.0133357  ,  0.0481154  ])
168     , -88.6549    , array([ 0.0259874  ,  1.0215     ,  0.0133357  ,  0.0481635  ])
172     , -88.6473    , array([ 0.0259874  ,  1.02252    ,  0.0133357  ,  0.0481154  ])
176     , -88.6449    , array([ 0.0259874  ,  1.0215     ,  0.0133357  ,  0.0481154  ])
180     , -88.6549    , array([ 0.0259874  ,  1.0215     ,  0.0133357  ,  0.0481635  ])
184     , -88.6473    , array([ 0.0259874  ,  1.02252    ,  0.0133357  ,  0.0481154  ])
188     , -88.6449    , array([ 0.0259874  ,  1.0215     ,  0.0133357  ,  0.0481154  ])
192     , -88.6549    , array([ 0.0259874  ,  1.0215     ,  0.0133357  ,  0.0481635  ])
196     , -88.6473    , array([ 0.0259874  ,  1.02252    ,  0.0133357  ,  0.0481154  ])
200     , -88.6449    , array([ 0.0259874  ,  1.0215     ,  0.0133357  ,  0.0481154  ])
204     , -88.6549    , array([ 0.0259874  ,  1.0215     ,  0.0133357  ,  0.0481635  ])
208     , -88.6473    , array([ 0.0259874  ,  1.02252    ,  0.0133357  ,  0.0481154  ])
212     , -88.6449    , array([ 0.0259874  ,  1.0215     ,  0.0133357  ,  0.0481154  ])
216     , -88.6549    , array([ 0.0259874  ,  1.0215     ,  0.0133357  ,  0.0481635  ])
220     , -88.6473    , array([ 0.0259874  ,  1.02252    ,  0.0133357  ,  0.0481154  ])
224     , -88.6449    , array([ 0.0259874  ,  1.0215     ,  0.0133357  ,  0.0481154  ])
228     , -88.6549    , array([ 0.0259874  ,  1.0215     ,  0.0133357  ,  0.0481635  ])
232     , -88.6473    , array([ 0.0259874  ,  1.02252    ,  0.0133357  ,  0.0481154  ])
236     , -88.6449    , array([ 0.0259874  ,  1.0215     ,  0.0133357  ,  0.0481154  ])
240     , -88.6549    , array([ 0.0259874  ,  1.0215     ,  0.0133357  ,  0.0481635  ])
244     , -88.6473    , array([ 0.0259874  ,  1.02252    ,  0.0133357  ,  0.0481154  ])
248     , -88.6453    , array([ 0.0266452  ,  1.02277    ,  0.0136937  ,  0.0480061  ])
252     , -88.6549    , array([ 0.0266452  ,  1.02277    ,  0.0136937  ,  0.0480541  ])
256     , -88.6476    , array([ 0.0265422  ,  1.0236     ,  0.0136376  ,  0.048023   ])
260     , -88.645     , array([ 0.0263373  ,  1.02218    ,  0.013526   ,  0.0480569  ])
264     , -88.6548    , array([ 0.0263373  ,  1.02218    ,  0.013526   ,  0.048105   ])
268     , -88.6474    , array([ 0.0259323  ,  1.02241    ,  0.0133057  ,  0.0481246  ])
272     , -88.6453    , array([ 0.025542   ,  1.02062    ,  0.0130936  ,  0.0481911  ])
276     , -88.645     , array([ 0.0259191  ,  1.02136    ,  0.0132985  ,  0.0481269  ])
280     , -88.645     , array([ 0.0259318  ,  1.02139    ,  0.0133055  ,  0.0481247  ])
