5       , -1312.29    , array([ 1.01231    ,  0.104324   ,  4.91348    ,  2.35387    ,  0.052203   ])
10      , -1312.37    , array([ 1.01773    ,  0.104324   ,  4.91348    ,  2.35387    ,  0.052203   ])
15      , -1312.28    , array([ 1.0089     ,  0.104324   ,  4.91348    ,  2.35387    ,  0.052203   ])
20      , -23855.4    , array([ 1.0089     ,  0.48629    ,  4.91348    ,  2.35387    ,  0.052203   ])
25      , -3646.06    , array([ 1.0089     ,  0.0698817  ,  4.91348    ,  2.35387    ,  0.052203   ])
30      , -1312.24    , array([ 1.0089     ,  0.104158   ,  4.91348    ,  2.35387    ,  0.052203   ])
35      , -1312.24    , array([ 1.0089     ,  0.104158   ,  4.91348    ,  2.35387    ,  0.052203   ])
40      , -1312.03    , array([ 1.0089     ,  0.104158   ,  4.99105    ,  2.35387    ,  0.052203   ])
45      , -1312.03    , array([ 1.0089     ,  0.104158   ,  4.99105    ,  2.35387    ,  0.052203   ])
50      , -1312.03    , array([ 1.0089     ,  0.104158   ,  4.99105    ,  2.35329    ,  0.052203   ])
65      , -1929.68    , array([ 1.0089     ,  0.104158   ,  4.99105    ,  2.35329    ,  0.0390474  ])
70      , -1312.03    , array([ 1.0089     ,  0.104158   ,  4.99105    ,  2.35329    ,  0.0521837  ])
75      , -1312.56    , array([ 0.999983   ,  0.103724   ,  5.19412    ,  2.35177    ,  0.052133   ])
80      , -1312       , array([ 1.00717    ,  0.104074   ,  5.03051    ,  2.353      ,  0.0521738  ])
85      , -1312       , array([ 1.00719    ,  0.104074   ,  5.03012    ,  2.353      ,  0.0521739  ])
90      , -1312.03    , array([ 1.00857    ,  0.104074   ,  5.03012    ,  2.353      ,  0.0521739  ])
95      , -1311.92    , array([ 0.998717   ,  0.104074   ,  5.03012    ,  2.353      ,  0.0521739  ])
105     , -4918.29    , array([ 0.998632   ,  0.176954   ,  5.03012    ,  2.353      ,  0.0521739  ])
110     , -1311.86    , array([ 0.998632   ,  0.103861   ,  5.03012    ,  2.353      ,  0.0521739  ])
125     , -1920.45    , array([ 0.998632   ,  0.103861   ,  5.03012    ,  2.353      ,  0.0390183  ])
130     , -1311.81    , array([ 0.998632   ,  0.103861   ,  5.03012    ,  2.353      ,  0.0520434  ])
135     , -1311.81    , array([ 0.998632   ,  0.103861   ,  5.03012    ,  2.353      ,  0.0520421  ])
140     , -1311.81    , array([ 0.998632   ,  0.103861   ,  5.03012    ,  2.35228    ,  0.0520421  ])
145     , -1311.95    , array([ 0.994139   ,  0.103642   ,  5.13241    ,  2.35151    ,  0.0520166  ])
150     , -1311.81    , array([ 0.997742   ,  0.103817   ,  5.05038    ,  2.35213    ,  0.052037   ])
160     , -1317.41    , array([ 0.93175    ,  0.103818   ,  5.05018    ,  2.35213    ,  0.0520371  ])
165     , -1311.81    , array([ 0.996912   ,  0.103818   ,  5.05018    ,  2.35213    ,  0.0520371  ])
175     , -4928.18    , array([ 0.996903   ,  0.176697   ,  5.05018    ,  2.35213    ,  0.0520371  ])
180     , -1311.76    , array([ 0.996903   ,  0.103639   ,  5.05018    ,  2.35213    ,  0.0520371  ])
195     , -1925.79    , array([ 0.996903   ,  0.103639   ,  5.05018    ,  2.35213    ,  0.0388815  ])
200     , -1311.73    , array([ 0.996903   ,  0.103639   ,  5.05018    ,  2.35213    ,  0.0519187  ])
205     , -1311.73    , array([ 0.996903   ,  0.103639   ,  5.05018    ,  2.35213    ,  0.0519175  ])
210     , -1311.73    , array([ 0.996903   ,  0.103639   ,  5.05018    ,  2.35292    ,  0.0519175  ])
215     , -1311.81    , array([ 0.99968    ,  0.103774   ,  4.98696    ,  2.3534     ,  0.0519333  ])
220     , -1311.73    , array([ 0.996882   ,  0.103638   ,  5.05067    ,  2.35292    ,  0.0519174  ])
