508     , -413.439    , array([ 27.4025    ,  0.330084   ,  5          ,  1.01827    ])
512     , -413.439    , array([ 27.4025    ,  0.330084   ,  5          ,  1.01827    ])
516     , -413.439    , array([ 27.3183    ,  0.330084   ,  5          ,  1.01827    ])
520     , -1204.81    , array([ 27.3198    ,  1.33008    ,  5          ,  1.01827    ])
524     , -811.013    , array([ 27.3198    ,  0.71205    ,  5          ,  1.01827    ])
528     , -476.94     , array([ 27.3198    ,  0.386703   ,  5          ,  1.01827    ])
532     , -413.439    , array([ 27.3198    ,  0.329922   ,  5          ,  1.01827    ])
536     , -413.439    , array([ 27.3198    ,  0.329938   ,  5          ,  1.01827    ])
540     , -421.821    , array([ 27.3198    ,  0.329938   ,  4.38197    ,  1.01827    ])
548     , -413.439    , array([ 27.3198    ,  0.329938   ,  4.9994     ,  1.01827    ])
552     , -413.439    , array([ 27.3198    ,  0.329938   ,  4.99991    ,  1.01827    ])
556     , -413.439    , array([ 27.3198    ,  0.329938   ,  4.99999    ,  1.01827    ])
560     , -413.439    , array([ 27.3198    ,  0.329938   ,  5          ,  1.01827    ])
564     , -413.439    , array([ 27.3198    ,  0.329938   ,  5          ,  1.01827    ])
568     , -413.439    , array([ 27.3198    ,  0.329938   ,  5          ,  1.01827    ])
572     , -413.439    , array([ 27.3198    ,  0.329938   ,  5          ,  1.01827    ])
576     , -413.439    , array([ 27.3198    ,  0.329938   ,  5          ,  1.01827    ])
580     , -413.439    , array([ 27.3198    ,  0.329938   ,  5          ,  1.01827    ])
584     , -413.439    , array([ 27.3198    ,  0.329938   ,  5          ,  1.01827    ])
592     , -416.046    , array([ 27.3198    ,  0.329938   ,  5          ,  1.03757    ])
596     , -413.438    , array([ 27.3198    ,  0.329938   ,  5          ,  1.01808    ])
