8       , -455.98     , array([ 0.335116   ,  5.90711    ,  0.490588   ,  0.0136708  ])
12      , -119.954    , array([ 0.152539   ,  5.90711    ,  0.490588   ,  0.0136708  ])
16      , -119.338    , array([ 0.146529   ,  5.90711    ,  0.490588   ,  0.0136708  ])
20      , -119.313    , array([ 0.146553   ,  8.52514    ,  0.490588   ,  0.0136708  ])
24      , -119.289    , array([ 0.146553   ,  7.22316    ,  0.490588   ,  0.0136708  ])
28      , -2356.22    , array([ 0.146553   ,  7.21       ,  1.49059    ,  0.0136708  ])
32      , -665.173    , array([ 0.146553   ,  7.21       ,  0.872554   ,  0.0136708  ])
36      , -118.542    , array([ 0.146553   ,  7.21       ,  0.475849   ,  0.0136708  ])
44      , -11371.9    , array([ 0.146553   ,  7.21       ,  0.475995   ,  0.204511   ])
52      , -119.32     , array([ 0.146553   ,  7.21       ,  0.475995   ,  0.014973   ])
56      , -117.751    , array([ 0.146553   ,  7.21       ,  0.475995   ,  0.0142062  ])
60      , -114.067    , array([ 0.15287    ,  10.621     ,  0.437788   ,  0.0156079  ])
64      , -113.804    , array([ 0.161486   ,  15.274     ,  0.385669   ,  0.0175199  ])
68      , -112.865    , array([ 0.157927   ,  13.3519    ,  0.4072     ,  0.01673    ])
72      , -112.864    , array([ 0.157814   ,  13.291     ,  0.407881   ,  0.0167051  ])
80      , -112.514    , array([ 0.156525   ,  13.291     ,  0.407881   ,  0.0167051  ])
84      , -111.788    , array([ 0.150686   ,  13.291     ,  0.407881   ,  0.0167051  ])
88      , -111.85     , array([ 0.150686   ,  14.291     ,  0.407881   ,  0.0167051  ])
92      , -111.488    , array([ 0.150686   ,  9.05498    ,  0.407881   ,  0.0167051  ])
96      , -111.392    , array([ 0.150686   ,  6.97783    ,  0.407881   ,  0.0167051  ])
104     , -251.075    , array([ 0.150686   ,  6.91406    ,  0.598859   ,  0.0167051  ])
108     , -111.314    , array([ 0.150686   ,  6.91406    ,  0.403185   ,  0.0167051  ])
112     , -111.314    , array([ 0.150686   ,  6.91406    ,  0.403232   ,  0.0167051  ])
116     , -110.846    , array([ 0.153303   ,  8.32742    ,  0.387401   ,  0.0172858  ])
120     , -110.845    , array([ 0.153377   ,  8.36771    ,  0.386949   ,  0.0173024  ])
128     , -723.879    , array([ 0.0632075  ,  8.36771    ,  0.386949   ,  0.0173024  ])
132     , -110.108    , array([ 0.148819   ,  8.36771    ,  0.386949   ,  0.0173024  ])
136     , -110.066    , array([ 0.147501   ,  8.36771    ,  0.386949   ,  0.0173024  ])
140     , -110.014    , array([ 0.147442   ,  6.74968    ,  0.386949   ,  0.0173024  ])
144     , -110.013    , array([ 0.147442   ,  6.98575    ,  0.386949   ,  0.0173024  ])
148     , -110.013    , array([ 0.147442   ,  6.92375    ,  0.386949   ,  0.0173024  ])
156     , -110.012    , array([ 0.147442   ,  6.92375    ,  0.386451   ,  0.0173024  ])
160     , -110.012    , array([ 0.147442   ,  6.92375    ,  0.386456   ,  0.0173024  ])
164     , -114.998    , array([ 0.140482   ,  3.16545    ,  0.428553   ,  0.015758   ])
168     , -109.561    , array([ 0.149944   ,  8.27479    ,  0.371323   ,  0.0178576  ])
172     , -108.628    , array([ 0.14651    ,  8.18186    ,  0.355697   ,  0.0184127  ])
176     , -107.64     , array([ 0.138022   ,  7.95216    ,  0.317069   ,  0.0197851  ])
180     , -107.636    , array([ 0.137296   ,  7.9325     ,  0.313764   ,  0.0199025  ])
188     , -107.737    , array([ 0.13626    ,  7.30883    ,  0.321357   ,  0.0196246  ])
192     , -107.625    , array([ 0.137158   ,  7.79375    ,  0.315926   ,  0.0198239  ])
196     , -107.651    , array([ 0.137155   ,  4.9353     ,  0.315942   ,  0.0198233  ])
200     , -107.486    , array([ 0.137155   ,  6.1551     ,  0.315942   ,  0.0198233  ])
204     , -107.486    , array([ 0.137155   ,  6.11816    ,  0.315942   ,  0.0198233  ])
212     , -106.962    , array([ 0.137155   ,  6.11816    ,  0.326575   ,  0.0198233  ])
216     , -106.961    , array([ 0.137155   ,  6.11816    ,  0.326311   ,  0.0198233  ])
220     , -108.112    , array([ 0.144895   ,  6.32762    ,  0.361532   ,  0.0185719  ])
224     , -106.826    , array([ 0.133313   ,  6.01418    ,  0.308826   ,  0.0204445  ])
232     , -106.819    , array([ 0.133391   ,  6.03697    ,  0.308755   ,  0.0204473  ])
236     , -106.768    , array([ 0.133975   ,  6.35243    ,  0.305222   ,  0.0205769  ])
240     , -107.101    , array([ 0.133975   ,  7.35243    ,  0.305222   ,  0.0205769  ])
244     , -106.494    , array([ 0.133975   ,  5.35243    ,  0.305222   ,  0.0205769  ])
248     , -106.423    , array([ 0.133975   ,  4.75057    ,  0.305222   ,  0.0205769  ])
252     , -106.423    , array([ 0.133975   ,  4.73439    ,  0.305222   ,  0.0205769  ])
256     , -105.953    , array([ 0.133975   ,  4.73439    ,  0.313464   ,  0.0205769  ])
260     , -105.944    , array([ 0.133975   ,  4.73439    ,  0.3147     ,  0.0205769  ])
264     , -105.944    , array([ 0.133975   ,  4.73439    ,  0.314796   ,  0.0205769  ])
268     , -105.83     , array([ 0.13054    ,  4.64141    ,  0.29916    ,  0.0211325  ])
272     , -104.758    , array([ 0.127728   ,  3.26761    ,  0.289321   ,  0.0218265  ])
276     , -105.107    , array([ 0.128802   ,  3.79235    ,  0.29308    ,  0.0215614  ])
280     , -104.702    , array([ 0.127273   ,  3.04515    ,  0.287728   ,  0.0219389  ])
288     , -105.189    , array([ 0.129391   ,  4.19041    ,  0.274604   ,  0.0224243  ])
292     , -104.537    , array([ 0.127902   ,  3.38647    ,  0.283609   ,  0.022094   ])
296     , -104.537    , array([ 0.127909   ,  3.39008    ,  0.283569   ,  0.0220954  ])
300     , -104.535    , array([ 0.127909   ,  3.43986    ,  0.283569   ,  0.0220954  ])
304     , -109.105    , array([ 0.115386   ,  3.10095    ,  0.226579   ,  0.0241202  ])
308     , -105.245    , array([ 0.123125   ,  3.31041    ,  0.261801   ,  0.0228688  ])
312     , -104.473    , array([ 0.12997    ,  3.49566    ,  0.292952   ,  0.0217621  ])
316     , -106.566    , array([ 0.135309   ,  6.10454    ,  0.311636   ,  0.020444   ])
320     , -104.377    , array([ 0.128358   ,  2.70792    ,  0.28731    ,  0.0221601  ])
324     , -104.257    , array([ 0.128955   ,  2.99929    ,  0.289397   ,  0.0220129  ])
332     , -105.18     , array([ 0.131095   ,  4.15565    ,  0.276353   ,  0.0224926  ])
336     , -104.19     , array([ 0.129348   ,  3.21222    ,  0.28692    ,  0.0221049  ])
340     , -115.908    , array([ 0.129344   ,  1.59203    ,  0.286944   ,  0.0221041  ])
344     , -104.173    , array([ 0.129344   ,  3.36878    ,  0.286944   ,  0.0221041  ])
348     , -104.172    , array([ 0.129344   ,  3.34248    ,  0.286944   ,  0.0221041  ])
352     , -104.172    , array([ 0.129344   ,  3.34117    ,  0.286944   ,  0.0221041  ])
356     , -104.156    , array([ 0.13042    ,  3.3703     ,  0.291843   ,  0.02193    ])
360     , -104.156    , array([ 0.130379   ,  3.36918    ,  0.291653   ,  0.0219368  ])
364     , -105.045    , array([ 0.132418   ,  4.36568    ,  0.29879    ,  0.0214333  ])
368     , -103.995    , array([ 0.129537   ,  2.95775    ,  0.288706   ,  0.0221446  ])
372     , -103.995    , array([ 0.129537   ,  2.95775    ,  0.288706   ,  0.0221446  ])
376     , -103.709    , array([ 0.134048   ,  2.67958    ,  0.283721   ,  0.0231289  ])
380     , -103.461    , array([ 0.132245   ,  2.79075    ,  0.285713   ,  0.0227355  ])
388     , -106.204    , array([ 0.134369   ,  3.95378    ,  0.272734   ,  0.0232069  ])
392     , -103.475    , array([ 0.131779   ,  2.55534    ,  0.288398   ,  0.0226323  ])
396     , -103.43     , array([ 0.132016   ,  2.68302    ,  0.286968   ,  0.0226847  ])
400     , -103.43     , array([ 0.132014   ,  2.68191    ,  0.28698    ,  0.0226843  ])
404     , -103.262    , array([ 0.132014   ,  2.98143    ,  0.28698    ,  0.0226843  ])
408     , -108.064    , array([ 0.119491   ,  2.63903    ,  0.229991   ,  0.024709   ])
412     , -103.804    , array([ 0.12723    ,  2.84849    ,  0.265212   ,  0.0234577  ])
416     , -103.262    , array([ 0.132031   ,  2.9784     ,  0.287059   ,  0.0226815  ])
420     , -103.262    , array([ 0.132032   ,  2.97843    ,  0.287063   ,  0.0226813  ])
424     , -103.666    , array([ 0.134714   ,  2.81308    ,  0.2841     ,  0.0232664  ])
428     , -103.294    , array([ 0.133056   ,  2.91527    ,  0.285931   ,  0.0229048  ])
432     , -103.75     , array([ 0.135123   ,  2.96235    ,  0.284762   ,  0.0233481  ])
436     , -103.255    , array([ 0.13233    ,  2.96005    ,  0.286734   ,  0.0227464  ])
440     , -103.627    , array([ 0.131049   ,  2.26806    ,  0.294485   ,  0.022462   ])
444     , -103.09     , array([ 0.131816   ,  2.68238    ,  0.289844   ,  0.0226323  ])
448     , -103.729    , array([ 0.131816   ,  3.68238    ,  0.289844   ,  0.0226323  ])
452     , -103.056    , array([ 0.131816   ,  3.06435    ,  0.289844   ,  0.0226323  ])
456     , -103.005    , array([ 0.131816   ,  2.88842    ,  0.289844   ,  0.0226323  ])
460     , -103.005    , array([ 0.131816   ,  2.88638    ,  0.289844   ,  0.0226323  ])
464     , -102.992    , array([ 0.131082   ,  2.86651    ,  0.286504   ,  0.0227509  ])
468     , -102.992    , array([ 0.131023   ,  2.86492    ,  0.286237   ,  0.0227604  ])
472     , -103.369    , array([ 0.129366   ,  2.96712    ,  0.288068   ,  0.0223988  ])
476     , -102.954    , array([ 0.131744   ,  2.82049    ,  0.28544    ,  0.0229176  ])
480     , -102.272    , array([ 0.130235   ,  2.45351    ,  0.282024   ,  0.0233718  ])
484     , -102.601    , array([ 0.127682   ,  1.83622    ,  0.276285   ,  0.024134   ])
488     , -102.021    , array([ 0.129002   ,  2.15529    ,  0.279251   ,  0.02374    ])
492     , -102.021    , array([ 0.129029   ,  2.16187    ,  0.279313   ,  0.0237319  ])
496     , -101.993    , array([ 0.128458   ,  2.19707    ,  0.279943   ,  0.0236073  ])
500     , -243.007    , array([ 0.128458   ,  0.579037   ,  0.279943   ,  0.0236073  ])
504     , -101.642    , array([ 0.128458   ,  2.43841    ,  0.279943   ,  0.0236073  ])
508     , -101.633    , array([ 0.128458   ,  2.48499    ,  0.279943   ,  0.0236073  ])
512     , -101.632    , array([ 0.128458   ,  2.4879     ,  0.279943   ,  0.0236073  ])
516     , -101.626    , array([ 0.127994   ,  2.47535    ,  0.277834   ,  0.0236823  ])
520     , -101.626    , array([ 0.127924   ,  2.47345    ,  0.277513   ,  0.0236937  ])
524     , -101.626    , array([ 0.127929   ,  2.47359    ,  0.277537   ,  0.0236928  ])
528     , -101.196    , array([ 0.126264   ,  2.07108    ,  0.273795   ,  0.0241898  ])
532     , -101.194    , array([ 0.126338   ,  2.08898    ,  0.273961   ,  0.0241677  ])
536     , -102.754    , array([ 0.122015   ,  2.36033    ,  0.278792   ,  0.0232163  ])
540     , -101.193    , array([ 0.126241   ,  2.09976    ,  0.274122   ,  0.0241383  ])
544     , -101.193    , array([ 0.126249   ,  2.09927    ,  0.274113   ,  0.02414    ])
548     , -101.193    , array([ 0.126248   ,  2.09933    ,  0.274114   ,  0.0241398  ])
552     , -100.912    , array([ 0.126248   ,  2.34002    ,  0.274114   ,  0.0241398  ])
556     , -100.911    , array([ 0.126248   ,  2.32732    ,  0.274114   ,  0.0241398  ])
560     , -102.39     , array([ 0.133987   ,  2.53677    ,  0.309336   ,  0.0228885  ])
564     , -100.907    , array([ 0.125832   ,  2.31607    ,  0.272223   ,  0.024207   ])
568     , -101.779    , array([ 0.123115   ,  1.65803    ,  0.266125   ,  0.0250189  ])
572     , -100.628    , array([ 0.124797   ,  2.0648     ,  0.269907   ,  0.0245166  ])
576     , -100.651    , array([ 0.124408   ,  1.97054    ,  0.269031   ,  0.024633   ])
580     , -100.1      , array([ 0.12303    ,  1.98582    ,  0.265343   ,  0.0249333  ])
584     , -98.3443    , array([ 0.100144   ,  1.24947    ,  0.205774   ,  0.0302358  ])
588     , -97         , array([ 0.107858   ,  1.49768    ,  0.225853   ,  0.0284485  ])
592     , -96.9654    , array([ 0.106366   ,  1.44966    ,  0.221969   ,  0.0287942  ])
596     , -96.9645    , array([ 0.106547   ,  1.4555     ,  0.222441   ,  0.0287522  ])
600     , -96.7565    , array([ 0.105611   ,  1.51321    ,  0.223476   ,  0.028548   ])
604     , -96.7564    , array([ 0.105621   ,  1.51263    ,  0.223465   ,  0.0285501  ])
608     , -97.6397    , array([ 0.107303   ,  1.9194     ,  0.227247   ,  0.0280478  ])
612     , -96.5421    , array([ 0.106068   ,  1.62074    ,  0.22447    ,  0.0284166  ])
616     , -96.5418    , array([ 0.106052   ,  1.61695    ,  0.224435   ,  0.0284213  ])
620     , -99.9588    , array([ 0.113792   ,  1.8264     ,  0.259657   ,  0.0271699  ])
624     , -96.5397    , array([ 0.106218   ,  1.62144    ,  0.225189   ,  0.0283945  ])
628     , -103.858    , array([ 0.0880728  ,  1.03763    ,  0.177961   ,  0.0325985  ])
632     , -95.8888    , array([ 0.099287   ,  1.39844    ,  0.20715    ,  0.0300003  ])
636     , -95.8748    , array([ 0.0999875  ,  1.42098    ,  0.208973   ,  0.029838   ])
640     , -98.6439    , array([ 0.102669   ,  1.25563    ,  0.206009   ,  0.030423   ])
644     , -96.3401    , array([ 0.101012   ,  1.35782    ,  0.207841   ,  0.0300614  ])
648     , -95.8601    , array([ 0.0997637  ,  1.43478    ,  0.20922    ,  0.0297891  ])
652     , -95.8601    , array([ 0.0997659  ,  1.43465    ,  0.209218   ,  0.0297896  ])
656     , -95.6235    , array([ 0.100215   ,  1.54323    ,  0.210228   ,  0.0296555  ])
660     , -95.6192    , array([ 0.100164   ,  1.53078    ,  0.210112   ,  0.0296709  ])
664     , -95.6191    , array([ 0.10016    ,  1.52983    ,  0.210103   ,  0.0296721  ])
668     , -95.6195    , array([ 0.100209   ,  1.53116    ,  0.210328   ,  0.0296641  ])
672     , -95.6707    , array([ 0.099452   ,  1.51068    ,  0.206883   ,  0.0297865  ])
676     , -95.6192    , array([ 0.100133   ,  1.52912    ,  0.209984   ,  0.0296763  ])
680     , -95.6191    , array([ 0.100147   ,  1.52949    ,  0.210046   ,  0.0296741  ])
684     , -95.6191    , array([ 0.100146   ,  1.52947    ,  0.210042   ,  0.0296742  ])
688     , -97.9078    , array([ 0.11136    ,  1.89028    ,  0.239232   ,  0.027076   ])
692     , -95.283     , array([ 0.0962835  ,  1.40518    ,  0.199988   ,  0.0305692  ])
696     , -94.7711    , array([ 0.0924475  ,  1.38514    ,  0.19066    ,  0.0313311  ])
700     , -94.0997    , array([ 0.0630054  ,  1.24519    ,  0.11915    ,  0.0371614  ])
704     , -93.1899    , array([ 0.0705002  ,  1.28081    ,  0.137353   ,  0.0356772  ])
708     , -99.6658    , array([ 0.0750306  ,  1.12425    ,  0.13888    ,  0.0358962  ])
712     , -94.431     , array([ 0.0733733  ,  1.22644    ,  0.140712   ,  0.0355346  ])
716     , -93.0496    , array([ 0.0719192  ,  1.3161     ,  0.142319   ,  0.0352174  ])
720     , -93.0495    , array([ 0.0719148  ,  1.31637    ,  0.142323   ,  0.0352164  ])
724     , -92.9906    , array([ 0.0720241  ,  1.3428     ,  0.142569   ,  0.0351838  ])
728     , -92.9879    , array([ 0.072052   ,  1.34955    ,  0.142632   ,  0.0351754  ])
732     , -92.9879    , array([ 0.0720534  ,  1.34988    ,  0.142635   ,  0.035175   ])
736     , -92.9559    , array([ 0.0724275  ,  1.36       ,  0.144337   ,  0.0351146  ])
740     , -92.9551    , array([ 0.0723789  ,  1.35869    ,  0.144116   ,  0.0351224  ])
744     , -94.29      , array([ 0.0871304  ,  1.42881    ,  0.179945   ,  0.0322012  ])
748     , -92.701     , array([ 0.0662244  ,  1.32943    ,  0.129168   ,  0.0363412  ])
752     , -92.701     , array([ 0.066286   ,  1.32973    ,  0.129318   ,  0.036329   ])
756     , -94.6027    , array([ 0.0646287  ,  1.43192    ,  0.131149   ,  0.0359674  ])
760     , -92.7009    , array([ 0.0662954  ,  1.32915    ,  0.129307   ,  0.036331   ])
764     , -92.7009    , array([ 0.0662931  ,  1.32929    ,  0.12931    ,  0.0363305  ])
768     , -92.7009    , array([ 0.0662939  ,  1.32924    ,  0.129309   ,  0.0363307  ])
772     , -114.393    , array([ 0.0706987  ,  2.39418    ,  0.139211   ,  0.0350158  ])
776     , -92.9367    , array([ 0.0665923  ,  1.40135    ,  0.129979   ,  0.0362417  ])
780     , -92.6995    , array([ 0.0663156  ,  1.33445    ,  0.129357   ,  0.0363243  ])
784     , -162.357    , array([ 0.0865775  ,  1.88271    ,  0.221567   ,  0.0330483  ])
788     , -92.8325    , array([ 0.0676818  ,  1.37134    ,  0.135576   ,  0.0361034  ])
792     , -92.5839    , array([ 0.0668549  ,  1.34896    ,  0.131813   ,  0.0362371  ])
796     , -92.5838    , array([ 0.0668604  ,  1.34911    ,  0.131838   ,  0.0362362  ])
800     , -92.4927    , array([ 0.0642983  ,  1.33693    ,  0.125615   ,  0.0367436  ])
804     , -92.4874    , array([ 0.0635726  ,  1.33348    ,  0.123852   ,  0.0368873  ])
808     , -92.3504    , array([ 0.0608592  ,  1.33723    ,  0.118387   ,  0.0374457  ])
812     , -92.2888    , array([ 0.0584506  ,  1.34056    ,  0.113535   ,  0.0379413  ])
816     , -92.2777    , array([ 0.0568959  ,  1.34271    ,  0.110403   ,  0.0382612  ])
820     , -95.557     , array([ 0.0552385  ,  1.4449     ,  0.112235   ,  0.0378996  ])
824     , -92.2014    , array([ 0.0571906  ,  1.32453    ,  0.110078   ,  0.0383255  ])
828     , -92.2014    , array([ 0.0571877  ,  1.32471    ,  0.110081   ,  0.0383249  ])
832     , -92.1288    , array([ 0.0570918  ,  1.30153    ,  0.109865   ,  0.0383535  ])
836     , -92.1193    , array([ 0.0570438  ,  1.28994    ,  0.109758   ,  0.0383678  ])
840     , -95.1328    , array([ 0.0956639  ,  1.47352    ,  0.203559   ,  0.03072    ])
844     , -92.0541    , array([ 0.0630486  ,  1.31848    ,  0.124342   ,  0.0371787  ])
848     , -91.9628    , array([ 0.0602024  ,  1.30495    ,  0.117429   ,  0.0377423  ])
852     , -91.8461    , array([ 0.0535257  ,  1.31418    ,  0.103981   ,  0.0391162  ])
856     , -91.8434    , array([ 0.056076   ,  1.31066    ,  0.109117   ,  0.0385914  ])
860     , -91.6196    , array([ 0.0462545  ,  1.29105    ,  0.0897001  ,  0.040774   ])
864     , -91.6196    , array([ 0.0462545  ,  1.29105    ,  0.0897001  ,  0.040774   ])
868     , -91.6192    , array([ 0.0466142  ,  1.29193    ,  0.0904095  ,  0.0406932  ])
872     , -99.8632    , array([ 0.0492958  ,  1.12658    ,  0.0874458  ,  0.0412783  ])
876     , -92.5779    , array([ 0.0476385  ,  1.22878    ,  0.0892775  ,  0.0409167  ])
880     , -91.5912    , array([ 0.0467618  ,  1.28284    ,  0.0902465  ,  0.0407254  ])
884     , -102.875    , array([ 0.0484442  ,  1.68961    ,  0.0940287  ,  0.0402232  ])
888     , -91.7812    , array([ 0.0462534  ,  1.15993    ,  0.0891037  ,  0.0408772  ])
892     , -91.3271    , array([ 0.0465351  ,  1.22803    ,  0.0897369  ,  0.0407931  ])
896     , -91.3271    , array([ 0.0465328  ,  1.22748    ,  0.0897317  ,  0.0407938  ])
900     , -91.2804    , array([ 0.0491472  ,  1.22386    ,  0.0949978  ,  0.0402558  ])
904     , -91.3907    , array([ 0.0408076  ,  1.20359    ,  0.0785502  ,  0.0421267  ])
908     , -91.2205    , array([ 0.0459369  ,  1.21615    ,  0.0886653  ,  0.0409755  ])
912     , -91.2203    , array([ 0.0458137  ,  1.21585    ,  0.0884222  ,  0.0410032  ])
916     , -113.665    , array([ 0.0414415  ,  1.48331    ,  0.0931521  ,  0.040064   ])
920     , -91.0448    , array([ 0.0454266  ,  1.23759    ,  0.0887477  ,  0.0409334  ])
924     , -203.315    , array([ 0.0427044  ,  0.579411   ,  0.0826279  ,  0.0417461  ])
928     , -97.6337    , array([ 0.0443868  ,  0.986186   ,  0.0864101  ,  0.0412438  ])
932     , -90.9708    , array([ 0.0453098  ,  1.20935    ,  0.0884852  ,  0.0409683  ])
936     , -91.3488    , array([ 0.0386342  ,  1.21886    ,  0.0750391  ,  0.0423418  ])
940     , -91.0267    , array([ 0.0427607  ,  1.21316    ,  0.0833509  ,  0.0414927  ])
944     , -90.97      , array([ 0.0456671  ,  1.20914    ,  0.0892051  ,  0.0408947  ])
948     , -90.97      , array([ 0.0456671  ,  1.20914    ,  0.0892051  ,  0.0408947  ])
952     , -91.2486    , array([ 0.0507963  ,  1.22171    ,  0.0993202  ,  0.0397435  ])
956     , -90.9037    , array([ 0.042064   ,  1.20032    ,  0.0820997  ,  0.0417033  ])
960     , -90.6338    , array([ 0.038419   ,  1.18504    ,  0.0759835  ,  0.04238    ])
964     , -90.2459    , array([ 0.0287862  ,  1.14482    ,  0.0597924  ,  0.0441718  ])
968     , -90.2459    , array([ 0.0289193  ,  1.14538    ,  0.0600162  ,  0.044147   ])
972     , -90.2111    , array([ 0.02062    ,  1.12504    ,  0.0436497  ,  0.0460096  ])
976     , -90.1189    , array([ 0.0240552  ,  1.13346    ,  0.0504239  ,  0.0452387  ])
980     , -281.078    , array([ 0.0213816  ,  0.475404   ,  0.0444001  ,  0.0460404  ])
984     , -101.654    , array([ 0.023064   ,  0.882179   ,  0.0481823  ,  0.0455382  ])
988     , -90.0838    , array([ 0.024039   ,  1.11793    ,  0.0503743  ,  0.0452471  ])
992     , -91.0247    , array([ 0.0173623  ,  1.12715    ,  0.0369256  ,  0.046621   ])
996     , -90.1687    , array([ 0.0307158  ,  1.1087     ,  0.0638229  ,  0.0438732  ])
1000    , -90.0388    , array([ 0.0263028  ,  1.1148     ,  0.054934   ,  0.0447813  ])
1004    , -91.6701    , array([ 0.0476291  ,  1.20383    ,  0.0907797  ,  0.0408143  ])
1008    , -90.0307    , array([ 0.0259502  ,  1.11332    ,  0.0543413  ,  0.0448469  ])
1012    , -90.0169    , array([ 0.024708   ,  1.10814    ,  0.0522535  ,  0.0450779  ])
1016    , -90.0169    , array([ 0.0246816  ,  1.10803    ,  0.0522091  ,  0.0450828  ])
1020    , -90.3063    , array([ 0.0298109  ,  1.12059    ,  0.0623242  ,  0.0439317  ])
1024    , -89.9386    , array([ 0.0208505  ,  1.09864    ,  0.0446539  ,  0.0459426  ])
1028    , -151.871    , array([ 0.0252931  ,  2.16369    ,  0.0546307  ,  0.0446192  ])
1032    , -90.6169    , array([ 0.0211843  ,  1.17027    ,  0.0453939  ,  0.0458458  ])
1036    , -89.937     , array([ 0.0209014  ,  1.10189    ,  0.0447581  ,  0.0459302  ])
1040    , -90.677     , array([ 0.0142246  ,  1.11108    ,  0.0313091  ,  0.0473042  ])
1044    , -90.0818    , array([ 0.018351   ,  1.10538    ,  0.0396208  ,  0.046455   ])
1048    , -89.9135    , array([ 0.0225434  ,  1.09959    ,  0.0480653  ,  0.0455924  ])
1052    , -91.5145    , array([ 0.0438863  ,  1.1886     ,  0.0839444  ,  0.041622   ])
1056    , -89.9544    , array([ 0.0240433  ,  1.10576    ,  0.0505919  ,  0.045313   ])
1060    , -89.9093    , array([ 0.0219671  ,  1.09709    ,  0.0471022  ,  0.0456992  ])
1064    , -89.9094    , array([ 0.0220666  ,  1.0975     ,  0.0472695  ,  0.0456807  ])
1068    , -89.8211    , array([ 0.0192948  ,  1.08632    ,  0.0420663  ,  0.0463078  ])
1072    , -89.9494    , array([ 0.0110221  ,  1.05299    ,  0.0264896  ,  0.0481891  ])
1076    , -89.7296    , array([ 0.0146979  ,  1.0678     ,  0.0334108  ,  0.0473532  ])
1080    , -89.7293    , array([ 0.0144875  ,  1.06695    ,  0.0330146  ,  0.047401   ])
1084    , -90.544     , array([ 0.0226334  ,  1.10096    ,  0.0467064  ,  0.0458858  ])
1088    , -89.7125    , array([ 0.0156125  ,  1.07165    ,  0.0349055  ,  0.0471917  ])
1092    , -89.7053    , array([ 0.0151797  ,  1.06984    ,  0.034178   ,  0.0472723  ])
1096    , -159.983    , array([ 0.0195913  ,  2.13482    ,  0.0440918  ,  0.0459561  ])
1100    , -90.4877    , array([ 0.0154815  ,  1.14117    ,  0.0348527  ,  0.0471829  ])
1104    , -89.7042    , array([ 0.0151966  ,  1.07228    ,  0.0342122  ,  0.047268   ])
1108    , -89.9802    , array([ 0.00851986 ,  1.08151    ,  0.0207635  ,  0.0486419  ])
1112    , -89.7733    , array([ 0.0126463  ,  1.0758     ,  0.0290752  ,  0.0477928  ])
1116    , -89.705     , array([ 0.0174577  ,  1.06915    ,  0.0387666  ,  0.0468027  ])
1120    , -89.6968    , array([ 0.0163294  ,  1.07071    ,  0.0364939  ,  0.0470349  ])
1124    , -90.1385    , array([ 0.0284524  ,  1.11963    ,  0.0593185  ,  0.0442778  ])
1128    , -89.6786    , array([ 0.0145035  ,  1.06343    ,  0.0330542  ,  0.0474498  ])
1132    , -89.6786    , array([ 0.0145216  ,  1.0635     ,  0.0330883  ,  0.0474457  ])
1136    , -91.7525    , array([ 0.0358479  ,  1.15254    ,  0.068934   ,  0.0434787  ])
1140    , -89.8667    , array([ 0.0179407  ,  1.07777    ,  0.0388352  ,  0.0468097  ])
1144    , -89.6562    , array([ 0.0152239  ,  1.06643    ,  0.0342687  ,  0.047315   ])
1148    , -89.6562    , array([ 0.0151987  ,  1.06633    ,  0.0342264  ,  0.0473197  ])
1152    , -108.03     , array([ 0.0168812  ,  1.4731     ,  0.0380086  ,  0.0468175  ])
1156    , -89.6535    , array([ 0.0152136  ,  1.06991    ,  0.0342597  ,  0.0473153  ])
1160    , -89.6535    , array([ 0.0152143  ,  1.0701     ,  0.0342614  ,  0.0473151  ])
1164    , -89.6535    , array([ 0.0152145  ,  1.07014    ,  0.0342618  ,  0.047315   ])
1168    , -89.6473    , array([ 0.0162292  ,  1.06873    ,  0.0363056  ,  0.0471062  ])
1172    , -90.8795    , array([ 0.00871828 ,  1.03852    ,  0.022162   ,  0.048814   ])
1176    , -89.6453    , array([ 0.013354   ,  1.0572     ,  0.0308906  ,  0.0477598  ])
1180    , -89.633     , array([ 0.0141109  ,  1.06025    ,  0.0323158  ,  0.0475877  ])
1184    , -89.5853    , array([ 0.0145595  ,  1.06047    ,  0.0331614  ,  0.0475343  ])
1188    , -88.5802    , array([ 0.0153615  ,  0.996331   ,  0.0347085  ,  0.0494094  ])
1192    , -88.7405    , array([ 0.0150669  ,  1.01989    ,  0.0341402  ,  0.0487206  ])
1196    , -88.5761    , array([ 0.0154192  ,  0.99171    ,  0.0348199  ,  0.0495444  ])
1200    , -88.58      , array([ 0.020055   ,  1.01039    ,  0.0435485  ,  0.0484902  ])
1204    , -88.5751    , array([ 0.0166283  ,  0.996582   ,  0.0370965  ,  0.0492695  ])
1208    , -88.5751    , array([ 0.0164459  ,  0.995847   ,  0.036753   ,  0.049311   ])
1212    , -476.193    , array([ 0.0137237  ,  0.337671   ,  0.0306333  ,  0.0501236  ])
1216    , -111.476    , array([ 0.0154061  ,  0.744446   ,  0.0344155  ,  0.0496214  ])
1220    , -88.5656    , array([ 0.016472   ,  1.00216    ,  0.0368117  ,  0.0493032  ])
1224    , -88.7582    , array([ 0.00979558 ,  1.01146    ,  0.0233638  ,  0.050677   ])
1228    , -88.6176    , array([ 0.013922   ,  1.00576    ,  0.0316755  ,  0.0498279  ])
1232    , -88.5624    , array([ 0.0172526  ,  1.00116    ,  0.038384   ,  0.0491425  ])
1236    , -91.4476    , array([ 0.0158387  ,  1.11485    ,  0.0356572  ,  0.0458168  ])
1240    , -88.562     , array([ 0.0172814  ,  0.999471   ,  0.0384403  ,  0.0491899  ])
1244    , -89.5145    , array([ 0.0200153  ,  0.937506   ,  0.0437425  ,  0.0508737  ])
1248    , -88.562     , array([ 0.0172779  ,  0.999745   ,  0.0384337  ,  0.0491818  ])
1252    , -88.5618    , array([ 0.0176593  ,  1.00128    ,  0.0391517  ,  0.0490951  ])
1256    , -88.5618    , array([ 0.0176799  ,  1.00136    ,  0.0391905  ,  0.0490904  ])
1260    , -88.5618    , array([ 0.0176759  ,  1.00135    ,  0.039183   ,  0.0490913  ])
1264    , -88.5935    , array([ 0.0177281  ,  1.01397    ,  0.0393003  ,  0.0490758  ])
1268    , -88.5617    , array([ 0.0176789  ,  1.00207    ,  0.0391897  ,  0.0490904  ])
1272    , -88.5617    , array([ 0.0176789  ,  1.00208    ,  0.0391898  ,  0.0490904  ])
1276    , -88.5616    , array([ 0.0177797  ,  1.00194    ,  0.0393928  ,  0.0490697  ])
1280    , -89.5211    , array([ 0.0186573  ,  0.931669   ,  0.0410858  ,  0.0511243  ])
1284    , -88.7012    , array([ 0.0181143  ,  0.975101   ,  0.0400382  ,  0.0498546  ])
1288    , -88.5616    , array([ 0.0177827  ,  1.00163    ,  0.0393984  ,  0.0490792  ])
