8       , -16217.1    , array([ 0.877383   ,  0.355476   ,  0.796562   ,  2.14631    ,  1.31808    ,  8.82686    ,  0.181134   ,  0.315564   ])
16      , -16111.4    , array([ 0.982813   ,  0.355476   ,  0.796562   ,  2.14631    ,  1.31808    ,  8.82686    ,  0.181134   ,  0.315564   ])
24      , -15187.8    , array([ 0.982813   ,  0.266966   ,  0.796562   ,  2.14631    ,  1.31808    ,  8.82686    ,  0.181134   ,  0.315564   ])
32      , -23147.1    , array([ 0.982813   ,  0.260611   ,  0.178528   ,  2.14631    ,  1.31808    ,  8.82686    ,  0.181134   ,  0.315564   ])
40      , -14491.3    , array([ 0.982813   ,  0.260611   ,  0.511672   ,  2.14631    ,  1.31808    ,  8.82686    ,  0.181134   ,  0.315564   ])
48      , -14506.3    , array([ 0.982813   ,  0.260611   ,  0.535358   ,  1.14631    ,  1.31808    ,  8.82686    ,  0.181134   ,  0.315564   ])
56      , -14025.3    , array([ 0.982813   ,  0.260611   ,  0.535358   ,  1.60912    ,  1.31808    ,  8.82686    ,  0.181134   ,  0.315564   ])
64      , -14025.2    , array([ 0.982813   ,  0.260611   ,  0.535358   ,  1.60912    ,  1.32654    ,  8.82686    ,  0.181134   ,  0.315564   ])
72      , -13768.1    , array([ 0.982813   ,  0.260611   ,  0.535358   ,  1.60912    ,  1.32654    ,  9.91703    ,  0.181134   ,  0.315564   ])
80      , -13757.1    , array([ 0.982813   ,  0.260611   ,  0.535358   ,  1.60912    ,  1.32654    ,  9.98591    ,  0.181134   ,  0.315564   ])
88      , -13168.1    , array([ 0.982813   ,  0.260611   ,  0.535358   ,  1.60912    ,  1.32654    ,  9.98591    ,  0.0539313  ,  0.315564   ])
96      , -13880.6    , array([ 0.982813   ,  0.260611   ,  0.535358   ,  1.60912    ,  1.32654    ,  9.98591    ,  0.0522621  ,  0.69753    ])
104     , -12682.6    , array([ 0.982813   ,  0.260611   ,  0.535358   ,  1.60912    ,  1.32654    ,  9.98591    ,  0.0522621  ,  0.102297   ])
112     , -21209.7    , array([ 0.364779   ,  0.260611   ,  0.535358   ,  1.60912    ,  1.32654    ,  9.98591    ,  0.0522621  ,  0.0986865  ])
120     , -12665.2    , array([ 1.04045    ,  0.260611   ,  0.535358   ,  1.60912    ,  1.32654    ,  9.98591    ,  0.0522621  ,  0.0986865  ])
128     , -15148      , array([ 1.04045    ,  0.170441   ,  0.535358   ,  1.60912    ,  1.32654    ,  9.98591    ,  0.0522621  ,  0.0986865  ])
136     , -12651.3    , array([ 1.04045    ,  0.270223   ,  0.535358   ,  1.60912    ,  1.32654    ,  9.98591    ,  0.0522621  ,  0.0986865  ])
144     , -12625.3    , array([ 1.04045    ,  0.270223   ,  0.598499   ,  1.60912    ,  1.32654    ,  9.98591    ,  0.0522621  ,  0.0986865  ])
160     , -12119.5    , array([ 1.04045    ,  0.270223   ,  0.58635    ,  0.865543   ,  1.32654    ,  9.98591    ,  0.0522621  ,  0.0986865  ])
168     , -12084.6    , array([ 1.04045    ,  0.270223   ,  0.58635    ,  0.865543   ,  1.14321    ,  9.98591    ,  0.0522621  ,  0.0986865  ])
184     , -12083.8    , array([ 1.04045    ,  0.270223   ,  0.58635    ,  0.865543   ,  1.14504    ,  9.99404    ,  0.0522621  ,  0.0986865  ])
192     , -12083.2    , array([ 1.04045    ,  0.270223   ,  0.58635    ,  0.865543   ,  1.14504    ,  9.99998    ,  0.0522621  ,  0.0986865  ])
208     , -12050.4    , array([ 1.04045    ,  0.270223   ,  0.58635    ,  0.865543   ,  1.14504    ,  9.99998    ,  0.0468472  ,  0.0986865  ])
216     , -13013.9    , array([ 1.04045    ,  0.270223   ,  0.58635    ,  0.865543   ,  1.14504    ,  9.99998    ,  0.0468472  ,  0.289655   ])
224     , -12050.4    , array([ 1.04045    ,  0.270223   ,  0.58635    ,  0.865543   ,  1.14504    ,  9.99998    ,  0.0468472  ,  0.0982058  ])
232     , -19971.4    , array([ 0.422414   ,  0.270223   ,  0.58635    ,  0.865543   ,  1.14504    ,  9.99998    ,  0.0468472  ,  0.0982106  ])
240     , -11952.9    , array([ 1.19365    ,  0.270223   ,  0.58635    ,  0.865543   ,  1.14504    ,  9.99998    ,  0.0468472  ,  0.0982106  ])
248     , -11961.6    , array([ 1.19365    ,  0.336828   ,  0.58635    ,  0.865543   ,  1.14504    ,  9.99998    ,  0.0468472  ,  0.0982106  ])
256     , -13626.4    , array([ 1.19365    ,  0.300591   ,  1.58635    ,  0.865543   ,  1.14504    ,  9.99998    ,  0.0468472  ,  0.0982106  ])
264     , -11827.9    , array([ 1.19365    ,  0.300591   ,  0.600004   ,  0.865543   ,  1.14504    ,  9.99998    ,  0.0468472  ,  0.0982106  ])
272     , -11827.9    , array([ 1.19365    ,  0.300591   ,  0.598291   ,  0.865543   ,  1.14504    ,  9.99998    ,  0.0468472  ,  0.0982106  ])
280     , -11698.8    , array([ 1.19365    ,  0.300591   ,  0.598291   ,  0.533307   ,  1.14504    ,  9.99998    ,  0.0468472  ,  0.0982106  ])
288     , -11673.3    , array([ 1.19365    ,  0.300591   ,  0.598291   ,  0.533307   ,  0.995695   ,  9.99998    ,  0.0468472  ,  0.0982106  ])
320     , -11673.3    , array([ 1.19365    ,  0.300591   ,  0.598291   ,  0.533307   ,  0.995695   ,  9.99999    ,  0.0468472  ,  0.0982106  ])
328     , -84812.5    , array([ 1.19365    ,  0.300591   ,  0.598291   ,  0.533307   ,  0.995695   ,  10         ,  1.04685    ,  0.0982106  ])
336     , -15594      , array([ 1.19365    ,  0.300591   ,  0.598291   ,  0.533307   ,  0.995695   ,  10         ,  0.1197     ,  0.0982106  ])
344     , -11671.4    , array([ 1.19365    ,  0.300591   ,  0.598291   ,  0.533307   ,  0.995695   ,  10         ,  0.0456428  ,  0.0982106  ])
352     , -21234.8    , array([ 1.19365    ,  0.300591   ,  0.598291   ,  0.533307   ,  0.995695   ,  10         ,  0.0456428  ,  0.0080407  ])
360     , -11671.4    , array([ 1.19365    ,  0.300591   ,  0.598291   ,  0.533307   ,  0.995695   ,  10         ,  0.0456428  ,  0.0984436  ])
368     , -11642.8    , array([ 1.36477    ,  0.300591   ,  0.598291   ,  0.533307   ,  0.995695   ,  10         ,  0.0456428  ,  0.098446   ])
384     , -11576.5    , array([ 1.30429    ,  0.325264   ,  0.598291   ,  0.533307   ,  0.995695   ,  10         ,  0.0456428  ,  0.098446   ])
400     , -11573.9    , array([ 1.30429    ,  0.323222   ,  0.614019   ,  0.533307   ,  0.995695   ,  10         ,  0.0456428  ,  0.098446   ])
408     , -11687.2    , array([ 1.30429    ,  0.323222   ,  0.614178   ,  0.724287   ,  0.995695   ,  10         ,  0.0456428  ,  0.098446   ])
424     , -11536.2    , array([ 1.30429    ,  0.323222   ,  0.614178   ,  0.398448   ,  0.894588   ,  10         ,  0.0456428  ,  0.098446   ])
432     , -11534.5    , array([ 1.30429    ,  0.323222   ,  0.614178   ,  0.398448   ,  0.895589   ,  9.79876    ,  0.0456428  ,  0.098446   ])
448     , -11539.4    , array([ 1.30429    ,  0.323222   ,  0.614178   ,  0.398448   ,  0.895589   ,  9.79454    ,  0.0486603  ,  0.098446   ])
456     , -11533.5    , array([ 1.30429    ,  0.323222   ,  0.614178   ,  0.398448   ,  0.895589   ,  9.79454    ,  0.0465245  ,  0.098446   ])
464     , -11557.1    , array([ 1.30429    ,  0.323222   ,  0.614178   ,  0.398448   ,  0.895589   ,  9.79454    ,  0.0465245  ,  0.109422   ])
472     , -11487.5    , array([ 1.41494    ,  0.345852   ,  0.630064   ,  0.263589   ,  0.795484   ,  9.58909    ,  0.0474062  ,  0.0969739  ])
480     , -11487.4    , array([ 1.41846    ,  0.346573   ,  0.630571   ,  0.25929    ,  0.792293   ,  9.58254    ,  0.0474343  ,  0.0969504  ])
488     , -11485.9    , array([ 1.44637    ,  0.346573   ,  0.630571   ,  0.25929    ,  0.792293   ,  9.58254    ,  0.0474343  ,  0.0969504  ])
504     , -11486.5    , array([ 1.44462    ,  0.346573   ,  0.630571   ,  0.25929    ,  0.792293   ,  9.58254    ,  0.0474343  ,  0.0979151  ])
512     , -11485.8    , array([ 1.44462    ,  0.346573   ,  0.630571   ,  0.25929    ,  0.792293   ,  9.58254    ,  0.0474343  ,  0.0961587  ])
520     , -11478      , array([ 1.44462    ,  0.346573   ,  0.663348   ,  0.25929    ,  0.792293   ,  9.58254    ,  0.0474343  ,  0.0961587  ])
528     , -11586.3    , array([ 1.44462    ,  0.346573   ,  0.662899   ,  0.641256   ,  0.792293   ,  9.58254    ,  0.0474343  ,  0.0961587  ])
536     , -12616.6    , array([ 1.44462    ,  0.346573   ,  0.662899   ,  0.34912    ,  1.79229    ,  9.58254    ,  0.0474343  ,  0.0961587  ])
544     , -11461.5    , array([ 1.44462    ,  0.346573   ,  0.662899   ,  0.34912    ,  0.743689   ,  9.58254    ,  0.0474343  ,  0.0961587  ])
552     , -11459.7    , array([ 1.44462    ,  0.346573   ,  0.662899   ,  0.34912    ,  0.744175   ,  8.58254    ,  0.0474343  ,  0.0961587  ])
560     , -11448.9    , array([ 1.44462    ,  0.346573   ,  0.662899   ,  0.34912    ,  0.744175   ,  9.0478     ,  0.0474343  ,  0.0961587  ])
568     , -13973      , array([ 1.44462    ,  0.346573   ,  0.662899   ,  0.34912    ,  0.744175   ,  9.0478     ,  0.0146938  ,  0.0961587  ])
576     , -11472.6    , array([ 1.55879    ,  0.369925   ,  0.679293   ,  0.209962   ,  0.640878   ,  8.83579    ,  0.0506831  ,  0.0953992  ])
584     , -11459.1    , array([ 1.61831    ,  0.37675    ,  0.716413   ,  0.259118   ,  0.562568   ,  8.23908    ,  0.0532879  ,  0.0943854  ])
592     , -11442      , array([ 1.42469    ,  0.349986   ,  0.665295   ,  0.328783   ,  0.729079   ,  9.01681    ,  0.0499062  ,  0.0960477  ])
600     , -11440.2    , array([ 1.45305    ,  0.349986   ,  0.665295   ,  0.328783   ,  0.729079   ,  9.01681    ,  0.0499062  ,  0.0960477  ])
608     , -11465.3    , array([ 1.45305    ,  0.349986   ,  0.665295   ,  0.328783   ,  0.729079   ,  9.01681    ,  0.0499062  ,  0.104731   ])
624     , -11432.4    , array([ 1.45305    ,  0.349986   ,  0.695628   ,  0.328783   ,  0.729079   ,  9.01681    ,  0.0499062  ,  0.0934313  ])
640     , -12578.4    , array([ 1.45305    ,  0.349986   ,  0.69629    ,  0.402907   ,  1.72908    ,  9.01681    ,  0.0499062  ,  0.0934313  ])
648     , -11421.5    , array([ 1.45305    ,  0.349986   ,  0.69629    ,  0.402907   ,  0.689935   ,  9.01681    ,  0.0499062  ,  0.0934313  ])
656     , -11436.3    , array([ 1.45305    ,  0.349986   ,  0.69629    ,  0.402907   ,  0.690326   ,  9.39878    ,  0.0499062  ,  0.0934313  ])
680     , -11411.7    , array([ 1.45305    ,  0.349986   ,  0.69629    ,  0.402907   ,  0.690326   ,  8.7727     ,  0.0521398  ,  0.0934313  ])
688     , -11410.9    , array([ 1.46864    ,  0.353174   ,  0.698528   ,  0.383905   ,  0.676221   ,  8.74375    ,  0.052264   ,  0.0933275  ])
696     , -11368.2    , array([ 1.49787    ,  0.366046   ,  0.834242   ,  0.610154   ,  0.460899   ,  7.62917    ,  0.0618943  ,  0.0822154  ])
704     , -11366.2    , array([ 1.4929     ,  0.363862   ,  0.811272   ,  0.5719     ,  0.497359   ,  7.81783    ,  0.0602645  ,  0.084096   ])
712     , -11365.5    , array([ 1.47477    ,  0.363862   ,  0.811272   ,  0.5719     ,  0.497359   ,  7.81783    ,  0.0602645  ,  0.084096   ])
728     , -11362.4    , array([ 1.47494    ,  0.363862   ,  0.811272   ,  0.5719     ,  0.497359   ,  7.81783    ,  0.0602645  ,  0.0804815  ])
736     , -11592.6    , array([ 1.47494    ,  0.363862   ,  1.19324    ,  0.5719     ,  0.497359   ,  7.81783    ,  0.0602645  ,  0.0805465  ])
744     , -11359.7    , array([ 1.47494    ,  0.363862   ,  0.839297   ,  0.5719     ,  0.497359   ,  7.81783    ,  0.0602645  ,  0.0805465  ])
752     , -11359.7    , array([ 1.47529    ,  0.363933   ,  0.839347   ,  0.57148    ,  0.497047   ,  7.81719    ,  0.0602672  ,  0.0805442  ])
760     , -11470.4    , array([ 1.47529    ,  0.363933   ,  0.839347   ,  0.57148    ,  0.879013   ,  7.81719    ,  0.0602672  ,  0.0805442  ])
768     , -11479      , array([ 1.47529    ,  0.363933   ,  0.839347   ,  0.57148    ,  0.575784   ,  6.19915    ,  0.0602672  ,  0.0805442  ])
776     , -11349.4    , array([ 1.47529    ,  0.363933   ,  0.839347   ,  0.57148    ,  0.575784   ,  7.66872    ,  0.0602672  ,  0.0805442  ])
792     , -11344.9    , array([ 1.47529    ,  0.363933   ,  0.839347   ,  0.57148    ,  0.575784   ,  7.67019    ,  0.0620639  ,  0.0805442  ])
800     , -11343.6    , array([ 1.47926    ,  0.365676   ,  0.857677   ,  0.602008   ,  0.546687   ,  7.51964    ,  0.0633646  ,  0.0790434  ])
816     , -11342.1    , array([ 1.45262    ,  0.36575    ,  0.858455   ,  0.603304   ,  0.545451   ,  7.51324    ,  0.0634198  ,  0.0789797  ])
824     , -15206.2    , array([ 1.45262    ,  0.36575    ,  0.858455   ,  0.603304   ,  0.545451   ,  7.51324    ,  0.0634198  ,  0.460946   ])
832     , -11341.5    , array([ 1.45262    ,  0.36575    ,  0.858455   ,  0.603304   ,  0.545451   ,  7.51324    ,  0.0634198  ,  0.0762264  ])
840     , -18138.9    , array([ 1.45262    ,  0.36575    ,  0.240421   ,  0.603304   ,  0.545451   ,  7.51324    ,  0.0634198  ,  0.0772197  ])
848     , -11341.3    , array([ 1.45262    ,  0.36575    ,  0.855851   ,  0.603304   ,  0.545451   ,  7.51324    ,  0.0634198  ,  0.0772197  ])
856     , -11338.6    , array([ 1.48277    ,  0.371917   ,  0.860154   ,  0.566554   ,  0.518171   ,  7.45725    ,  0.0636601  ,  0.0770191  ])
864     , -11344.7    , array([ 1.48247    ,  0.371856   ,  0.860111   ,  0.566918   ,  0.709424   ,  7.45781    ,  0.0636577  ,  0.0770211  ])
872     , -11328.7    , array([ 1.48247    ,  0.371856   ,  0.860111   ,  0.566918   ,  0.600363   ,  7.45781    ,  0.0636577  ,  0.0770211  ])
880     , -11328.2    , array([ 1.48247    ,  0.371856   ,  0.860111   ,  0.566918   ,  0.600363   ,  7.35301    ,  0.0636577  ,  0.0770211  ])
896     , -11325.3    , array([ 1.48247    ,  0.371856   ,  0.860111   ,  0.566918   ,  0.600363   ,  7.35301    ,  0.0651026  ,  0.0770211  ])
904     , -11324.5    , array([ 1.4855     ,  0.373186   ,  0.874107   ,  0.590228   ,  0.578146   ,  7.23805    ,  0.0661103  ,  0.0758751  ])
912     , -11296.7    , array([ 1.53464    ,  0.432713   ,  1.00219    ,  0.491946   ,  0.832866   ,  5.01883    ,  0.0877748  ,  0.0508768  ])
920     , -12209.4    , array([ 2.51874    ,  0.413424   ,  0.960783   ,  0.524024   ,  0.750074   ,  5.73737    ,  0.0807591  ,  0.0589721  ])
928     , -11260.7    , array([ 1.4656     ,  0.413424   ,  0.960783   ,  0.524024   ,  0.750074   ,  5.73737    ,  0.0807591  ,  0.0589721  ])
944     , -11615.1    , array([ 1.46418    ,  0.413424   ,  0.960783   ,  0.524024   ,  0.750074   ,  5.73737    ,  0.0807591  ,  0.0419267  ])
960     , -11250.8    , array([ 1.46418    ,  0.413424   ,  0.926857   ,  0.524024   ,  0.750074   ,  5.73737    ,  0.0807591  ,  0.0627061  ])
968     , -11249.1    , array([ 1.50779    ,  0.422343   ,  0.933769   ,  0.47087    ,  0.710618   ,  5.65639    ,  0.0811066  ,  0.062416   ])
976     , -11260.6    , array([ 1.47737    ,  0.412582   ,  0.861874   ,  0.37349    ,  0.835121   ,  6.25729    ,  0.0760391  ,  0.068224   ])
984     , -11295.4    , array([ 1.4892     ,  0.417775   ,  0.91651    ,  0.464484   ,  0.748393   ,  6.80854    ,  0.079916   ,  0.0637508  ])
992     , -11247.3    , array([ 1.4892     ,  0.417775   ,  0.91651    ,  0.464484   ,  0.748393   ,  5.79683    ,  0.079916   ,  0.0637508  ])
1000    , -44002.7    , array([ 1.4892     ,  0.417775   ,  0.91651    ,  0.464484   ,  0.748393   ,  5.79683    ,  0.461882   ,  0.0637508  ])
1008    , -11241.3    , array([ 1.4892     ,  0.417775   ,  0.91651    ,  0.464484   ,  0.748393   ,  5.79683    ,  0.0774294  ,  0.0637508  ])
1016    , -11285.3    , array([ 1.46871    ,  0.39293    ,  0.863182   ,  0.505801   ,  0.641754   ,  6.72233    ,  0.068623   ,  0.0741777  ])
1024    , -11231.2    , array([ 1.50112    ,  0.432229   ,  0.947534   ,  0.440447   ,  0.810431   ,  5.25842    ,  0.0829163  ,  0.0576849  ])
1032    , -11229.9    , array([ 1.47597    ,  0.432229   ,  0.947534   ,  0.440447   ,  0.810431   ,  5.25842    ,  0.0829163  ,  0.0576849  ])
1040    , -11229.9    , array([ 1.47472    ,  0.432229   ,  0.947534   ,  0.440447   ,  0.810431   ,  5.25842    ,  0.0829163  ,  0.0576849  ])
1048    , -11463.6    , array([ 1.47472    ,  0.432229   ,  0.947534   ,  0.440447   ,  0.810431   ,  5.25842    ,  0.0829163  ,  0.0852047  ])
1056    , -11226.3    , array([ 1.47472    ,  0.432229   ,  0.947534   ,  0.440447   ,  0.810431   ,  5.25842    ,  0.0829163  ,  0.0600248  ])
1064    , -11225.3    , array([ 1.47472    ,  0.432229   ,  0.936429   ,  0.440447   ,  0.810431   ,  5.25842    ,  0.0829163  ,  0.0600248  ])
1072    , -11224.7    , array([ 1.47472    ,  0.432229   ,  0.920702   ,  0.440447   ,  0.810431   ,  5.25842    ,  0.0829163  ,  0.0600248  ])
1080    , -11306.6    , array([ 1.50532    ,  0.444215   ,  1.03436    ,  0.62071    ,  0.625829   ,  4.32072    ,  0.0909673  ,  0.050751   ])
1088    , -11224.4    , array([ 1.48237    ,  0.434138   ,  0.92835    ,  0.44416    ,  0.794102   ,  5.19141    ,  0.0834452  ,  0.0594302  ])
1096    , -11224.4    , array([ 1.48239    ,  0.434144   ,  0.928418   ,  0.444274   ,  0.793993   ,  5.20663    ,  0.0834501  ,  0.0594246  ])
1104    , -11224.4    , array([ 1.48239    ,  0.434144   ,  0.928418   ,  0.444274   ,  0.793993   ,  5.19508    ,  0.0834501  ,  0.0594246  ])
1112    , -11343.7    , array([ 1.48239    ,  0.434144   ,  0.928418   ,  0.444274   ,  0.793993   ,  5.19508    ,  0.0924423  ,  0.0594246  ])
1120    , -11357.2    , array([ 1.51554    ,  0.474345   ,  1.0147     ,  0.377422   ,  0.966539   ,  3.69759    ,  0.0963176  ,  0.0425535  ])
1128    , -11217.5    , array([ 1.48858    ,  0.441648   ,  0.944524   ,  0.431795   ,  0.826201   ,  4.91556    ,  0.0844256  ,  0.0562755  ])
1136    , -11201.7    , array([ 1.45399    ,  0.467624   ,  0.936224   ,  0.407935   ,  0.869692   ,  3.96999    ,  0.0885881  ,  0.0523885  ])
1144    , -11201.7    , array([ 1.45326    ,  0.46817    ,  0.936049   ,  0.407433   ,  0.870606   ,  3.9501     ,  0.0886756  ,  0.0523067  ])
1152    , -11199.9    , array([ 1.48202    ,  0.46817    ,  0.936049   ,  0.407433   ,  0.870606   ,  3.9501     ,  0.0886756  ,  0.0523067  ])
1160    , -11200      , array([ 1.48215    ,  0.467966   ,  0.93561    ,  0.407773   ,  0.869728   ,  3.95773    ,  0.0886012  ,  0.0523926  ])
1168    , -11199.9    , array([ 1.48263    ,  0.468559   ,  0.936883   ,  0.406787   ,  0.872274   ,  3.93563    ,  0.0888169  ,  0.0521437  ])
1176    , -11199      , array([ 1.48263    ,  0.468559   ,  0.958893   ,  0.406787   ,  0.872274   ,  3.93563    ,  0.0888169  ,  0.0521437  ])
1184    , -11197.8    , array([ 1.46209    ,  0.464357   ,  0.955507   ,  0.431828   ,  0.890862   ,  3.97378    ,  0.0886532  ,  0.0522804  ])
1192    , -11236.1    , array([ 1.44658    ,  0.457645   ,  0.885753   ,  0.316273   ,  1.00187    ,  4.547      ,  0.0837045  ,  0.0579892  ])
1200    , -11197.7    , array([ 1.46245    ,  0.464614   ,  0.959065   ,  0.43837    ,  0.885502   ,  3.94485    ,  0.0889066  ,  0.0519869  ])
1208    , -11197.6    , array([ 1.46245    ,  0.464614   ,  0.959065   ,  0.43837    ,  0.885502   ,  3.89828    ,  0.0889066  ,  0.0519869  ])
1216    , -42765.6    , array([ 1.46245    ,  0.464614   ,  0.959065   ,  0.43837    ,  0.885502   ,  3.89828    ,  0.470873   ,  0.0519869  ])
1224    , -11198.5    , array([ 1.46245    ,  0.464614   ,  0.959065   ,  0.43837    ,  0.885502   ,  3.89828    ,  0.0904198  ,  0.0519869  ])
1232    , -11197.4    , array([ 1.46245    ,  0.464614   ,  0.959065   ,  0.43837    ,  0.885502   ,  3.89828    ,  0.0893866  ,  0.0519869  ])
1240    , -12056.3    , array([ 2.45312    ,  0.47162    ,  0.956826   ,  0.431935   ,  0.897231   ,  3.64326    ,  0.0905092  ,  0.0509386  ])
1248    , -11194.9    , array([ 1.47951    ,  0.47162    ,  0.956826   ,  0.431935   ,  0.897231   ,  3.64326    ,  0.0905092  ,  0.0509386  ])
1256    , -11233.8    , array([ 1.49217    ,  0.486975   ,  0.989784   ,  0.4064     ,  0.963138   ,  3.07127    ,  0.096094   ,  0.0444944  ])
1264    , -11729.9    , array([ 1.47938    ,  0.471466   ,  1.9565     ,  0.432191   ,  0.896571   ,  3.64898    ,  0.0904533  ,  0.0510031  ])
1272    , -11194.3    , array([ 1.47938    ,  0.471466   ,  0.97374    ,  0.432191   ,  0.896571   ,  3.64898    ,  0.0904533  ,  0.0510031  ])
1280    , -11203.7    , array([ 1.40882    ,  0.457034   ,  0.963823   ,  0.518195   ,  0.960412   ,  3.78001    ,  0.089891   ,  0.0514725  ])
1288    , -11393      , array([ 1.42949    ,  0.451996   ,  0.790003   ,  0.14098    ,  1.1956     ,  5.16692    ,  0.0774234  ,  0.0660109  ])
1296    , -11193.9    , array([ 1.46945    ,  0.469543   ,  0.974592   ,  0.448404   ,  0.902593   ,  3.65079    ,  0.0905216  ,  0.0508979  ])
1304    , -11193.9    , array([ 1.46945    ,  0.469545   ,  0.974614   ,  0.44844    ,  0.902559   ,  3.63668    ,  0.0905231  ,  0.0508961  ])
1320    , -11195.6    , array([ 1.46945    ,  0.469545   ,  0.974614   ,  0.44844    ,  0.902559   ,  3.63715    ,  0.0924107  ,  0.0508961  ])
1328    , -11193.6    , array([ 1.46945    ,  0.469545   ,  0.974614   ,  0.44844    ,  0.902559   ,  3.63715    ,  0.0910544  ,  0.0508961  ])
1336    , -11190.1    , array([ 1.46843    ,  0.480502   ,  0.988238   ,  0.452974   ,  0.929706   ,  3.15666    ,  0.093688   ,  0.0489036  ])
1344    , -11187.7    , array([ 1.48488    ,  0.490043   ,  1.02198    ,  0.475574   ,  0.964588   ,  2.63399    ,  0.0971025  ,  0.0467176  ])
1352    , -11187.7    , array([ 1.48647    ,  0.488526   ,  1.02193    ,  0.476513   ,  0.961773   ,  2.69176    ,  0.0968319  ,  0.0469557  ])
1360    , -11236.2    , array([ 1.46583    ,  0.463802   ,  0.968563   ,  0.517718   ,  0.855337   ,  3.61286    ,  0.087815   ,  0.0573645  ])
1368    , -11664      , array([ 1.48368    ,  0.485455   ,  2.01504    ,  0.481709   ,  0.948276   ,  2.80626    ,  0.0956904  ,  0.0482771  ])
1376    , -11185.8    , array([ 1.48368    ,  0.485455   ,  1.02174    ,  0.481709   ,  0.948276   ,  2.80626    ,  0.0956904  ,  0.0482771  ])
1384    , -11190.2    , array([ 1.52729    ,  0.494374   ,  1.02794    ,  0.428556   ,  0.90882    ,  2.72528    ,  0.096038   ,  0.047987   ])
1392    , -11185.8    , array([ 1.48582    ,  0.485893   ,  1.02198    ,  0.4791     ,  0.946339   ,  2.80228    ,  0.0957075  ,  0.0482629  ])
1400    , -11185.8    , array([ 1.48576    ,  0.485867   ,  1.02171    ,  0.478644   ,  0.946774   ,  2.80453    ,  0.0956881  ,  0.0482853  ])
1408    , -11185.5    , array([ 1.48576    ,  0.485867   ,  1.02171    ,  0.478644   ,  0.946774   ,  2.87809    ,  0.0956881  ,  0.0482853  ])
1416    , -24519.8    , array([ 1.48576    ,  0.485867   ,  1.02171    ,  0.478644   ,  0.946774   ,  2.87809    ,  0.286424   ,  0.0482853  ])
1424    , -11185.5    , array([ 1.48576    ,  0.485867   ,  1.02171    ,  0.478644   ,  0.946774   ,  2.87809    ,  0.0959615  ,  0.0482853  ])
1432    , -11185.2    , array([ 1.49488    ,  0.491155   ,  1.04041    ,  0.491169   ,  0.966106   ,  2.58841    ,  0.0978512  ,  0.0470738  ])
1440    , -11227.8    , array([ 1.54957    ,  0.44682    ,  1.0491     ,  0.527224   ,  0.889062   ,  4.22838    ,  0.090466   ,  0.0538209  ])
1448    , -11185      , array([ 1.48918    ,  0.49217    ,  1.03461    ,  0.485566   ,  0.964991   ,  2.57757    ,  0.0977331  ,  0.0470348  ])
1456    , -11184      , array([ 1.48718    ,  0.489745   ,  1.0294     ,  0.489599   ,  0.954582   ,  2.6679     ,  0.0968511  ,  0.0480525  ])
1464    , -13590.6    , array([ 1.48727    ,  0.489852   ,  0.411596   ,  0.489421   ,  0.955042   ,  2.66391    ,  0.0968901  ,  0.0480076  ])
1472    , -11184      , array([ 1.48727    ,  0.489852   ,  1.03029    ,  0.489421   ,  0.955042   ,  2.66391    ,  0.0968901  ,  0.0480076  ])
1480    , -11184      , array([ 1.48895    ,  0.490195   ,  1.03052    ,  0.487376   ,  0.953524   ,  2.6608     ,  0.0969035  ,  0.0479964  ])
1488    , -11209.2    , array([ 1.49827    ,  0.49429    ,  1.07359    ,  0.559112   ,  0.885152   ,  2.30702    ,  0.0999598  ,  0.0444699  ])
1496    , -11352.8    , array([ 1.4889     ,  0.490173   ,  1.03028    ,  0.486984   ,  0.953898   ,  1.0447     ,  0.0968867  ,  0.0480157  ])
1504    , -11183.6    , array([ 1.4889     ,  0.490173   ,  1.03028    ,  0.486984   ,  0.953898   ,  2.74644    ,  0.0968867  ,  0.0480157  ])
1512    , -34532.9    , array([ 1.4889     ,  0.490173   ,  1.03028    ,  0.486984   ,  0.953898   ,  2.74644    ,  0.00671681 ,  0.0480157  ])
1520    , -11183.6    , array([ 1.4889     ,  0.490173   ,  1.03028    ,  0.486984   ,  0.953898   ,  2.74644    ,  0.0971008  ,  0.0480157  ])
1528    , -11183.5    , array([ 1.49231    ,  0.492149   ,  1.03728    ,  0.491667   ,  0.961126   ,  2.63815    ,  0.0978105  ,  0.0475628  ])
1536    , -11181.6    , array([ 1.49182    ,  0.50996    ,  1.05185    ,  0.520322   ,  0.963515   ,  2.42115    ,  0.101296   ,  0.0487001  ])
1544    , -11210.3    , array([ 1.54917    ,  0.460009   ,  1.05984    ,  0.548428   ,  0.890759   ,  4.06856    ,  0.0930441  ,  0.0546691  ])
1552    , -11184.2    , array([ 1.52035    ,  0.513419   ,  1.09615    ,  0.544875   ,  1.00762    ,  1.8699     ,  0.104339   ,  0.0455768  ])
1560    , -11180.1    , array([ 1.49627    ,  0.499451   ,  1.04675    ,  0.511789   ,  0.956549   ,  2.63511    ,  0.0993398  ,  0.048777   ])
1568    , -11187.6    , array([ 1.49627    ,  0.499449   ,  0.970639   ,  0.511786   ,  0.956544   ,  2.63518    ,  0.0993394  ,  0.0487773  ])
1576    , -11212.4    , array([ 1.61044    ,  0.522801   ,  1.05395    ,  0.372628   ,  0.853248   ,  2.42317    ,  0.100249   ,  0.0480178  ])
1584    , -11180      , array([ 1.4962     ,  0.499435   ,  1.03755    ,  0.511871   ,  0.956608   ,  2.63531    ,  0.0993388  ,  0.0487777  ])
1592    , -11180.1    , array([ 1.49509    ,  0.498946   ,  1.03241    ,  0.503306   ,  0.964773   ,  2.67755    ,  0.0989738  ,  0.0491988  ])
1600    , -11179.9    , array([ 1.49599    ,  0.499341   ,  1.03656    ,  0.510225   ,  0.958179   ,  2.64343    ,  0.0992686  ,  0.0488587  ])
1608    , -88571.1    , array([ 1.49599    ,  0.499341   ,  1.03656    ,  0.510225   ,  0.958179   ,  2.72276    ,  1.09927    ,  0.0488587  ])
1616    , -13733.7    , array([ 1.49599    ,  0.499341   ,  1.03656    ,  0.510225   ,  0.958179   ,  2.72276    ,  0.163659   ,  0.0488587  ])
1624    , -11179.6    , array([ 1.49599    ,  0.499341   ,  1.03656    ,  0.510225   ,  0.958179   ,  2.72276    ,  0.0994023  ,  0.0488587  ])
1632    , -11179.5    , array([ 1.49593    ,  0.501077   ,  1.03797    ,  0.513015   ,  0.958402   ,  2.70173    ,  0.0997416  ,  0.0489704  ])
