174     , -1314.07    , array([ 0.807523   ,  1.06824    ,  0.0865184  ,  0.0674421  ,  5.65257    ,  2.75342    ])
180     , -2648.16    , array([ 0.498516   ,  1.06824    ,  0.0865184  ,  0.0674421  ,  5.65257    ,  2.75342    ])
186     , -1314.08    , array([ 0.807909   ,  1.06824    ,  0.0865184  ,  0.0674421  ,  5.65257    ,  2.75342    ])
198     , -1314.08    , array([ 0.807653   ,  1.07112    ,  0.0865184  ,  0.0674421  ,  5.65257    ,  2.75342    ])
204     , -1314.07    , array([ 0.807653   ,  1.06849    ,  0.0865184  ,  0.0674421  ,  5.65257    ,  2.75342    ])
210     , -12470      , array([ 0.807653   ,  1.06849    ,  0.468484   ,  0.0674421  ,  5.65257    ,  2.75342    ])
216     , -1518.27    , array([ 0.807653   ,  1.06849    ,  0.104395   ,  0.0674421  ,  5.65257    ,  2.75342    ])
222     , -1314.07    , array([ 0.807653   ,  1.06849    ,  0.0866     ,  0.0674421  ,  5.65257    ,  2.75342    ])
228     , -10040.6    , array([ 0.807653   ,  1.06849    ,  0.0866008  ,  0.449408   ,  5.65257    ,  2.75342    ])
234     , -1791.01    , array([ 0.807653   ,  1.06849    ,  0.0866008  ,  0.0912396  ,  5.65257    ,  2.75342    ])
240     , -1314.07    , array([ 0.807653   ,  1.06849    ,  0.0866008  ,  0.0674122  ,  5.65257    ,  2.75342    ])
246     , -1328.72    , array([ 0.807653   ,  1.06849    ,  0.0866008  ,  0.0674122  ,  5.03453    ,  2.75342    ])
252     , -1314.06    , array([ 0.807653   ,  1.06849    ,  0.0866008  ,  0.0674122  ,  5.64899    ,  2.75342    ])
258     , -1386       , array([ 0.807653   ,  1.06849    ,  0.0866008  ,  0.0674122  ,  5.64678    ,  3.75342    ])
264     , -1314.06    , array([ 0.807653   ,  1.06849    ,  0.0866008  ,  0.0674122  ,  5.64678    ,  2.74723    ])
