312     , -92.5194    , array([ 0.117316   ,  1.9382     ,  0.0713666  ,  0.0372928  ])
316     , -92.5194    , array([ 0.117316   ,  1.9382     ,  0.0713666  ,  0.0372928  ])
324     , -102.189    , array([ 0.130292   ,  1.9382     ,  0.0713666  ,  0.0372928  ])
328     , -92.5187    , array([ 0.117212   ,  1.9382     ,  0.0713666  ,  0.0372928  ])
332     , -684.037    , array([ 0.117212   ,  0.320167   ,  0.0713666  ,  0.0372928  ])
336     , -92.6892    , array([ 0.117212   ,  2.01883    ,  0.0713666  ,  0.0372928  ])
340     , -92.5187    , array([ 0.117212   ,  1.93717    ,  0.0713666  ,  0.0372928  ])
344     , -92.5187    , array([ 0.117212   ,  1.93722    ,  0.0713666  ,  0.0372928  ])
348     , -92.5187    , array([ 0.117212   ,  1.93721    ,  0.0713666  ,  0.0372928  ])
356     , -93.6915    , array([ 0.117212   ,  1.93721    ,  0.0678654  ,  0.0372928  ])
360     , -92.5021    , array([ 0.117212   ,  1.93721    ,  0.070994   ,  0.0372928  ])
368     , -3617.05    , array([ 0.117212   ,  1.93721    ,  0.0709903  ,  0.228224   ])
372     , -1490.88    , array([ 0.117212   ,  1.93721    ,  0.0709903  ,  0.00285092 ])
376     , -92.6421    , array([ 0.117212   ,  1.93721    ,  0.0709903  ,  0.0369038  ])
380     , -92.4905    , array([ 0.117212   ,  1.93721    ,  0.0709903  ,  0.0374401  ])
384     , -92.4855    , array([ 0.11694    ,  1.93461    ,  0.070005   ,  0.0378313  ])
388     , -92.4749    , array([ 0.117062   ,  1.93578    ,  0.0704483  ,  0.037656   ])
392     , -2740.96    , array([ 1.11706    ,  1.93578    ,  0.0704483  ,  0.037656   ])
396     , -1494.38    , array([ 0.499028   ,  1.93578    ,  0.0704483  ,  0.037656   ])
400     , -290.223    , array([ 0.190007   ,  1.93578    ,  0.0704483  ,  0.037656   ])
404     , -92.4443    , array([ 0.116127   ,  1.93578    ,  0.0704483  ,  0.037656   ])
408     , -92.4413    , array([ 0.116345   ,  1.93578    ,  0.0704483  ,  0.037656   ])
412     , -109.249    , array([ 0.116345   ,  1.31774    ,  0.0704483  ,  0.037656   ])
416     , -92.4265    , array([ 0.116345   ,  1.91283    ,  0.0704483  ,  0.037656   ])
420     , -10134.6    , array([ 0.116345   ,  1.91283    ,  0.0704483  ,  1.03766    ])
424     , -6494.36    , array([ 0.116345   ,  1.91283    ,  0.0704483  ,  0.419622   ])
428     , -1224.13    , array([ 0.116345   ,  1.91283    ,  0.0704483  ,  0.110585   ])
432     , -96.7574    , array([ 0.116345   ,  1.91283    ,  0.0704483  ,  0.0406403  ])
436     , -92.4265    , array([ 0.116345   ,  1.91283    ,  0.0704483  ,  0.0376613  ])
440     , -92.4265    , array([ 0.116345   ,  1.91283    ,  0.0704483  ,  0.0376609  ])
444     , -92.3994    , array([ 0.116195   ,  1.9114     ,  0.0699064  ,  0.0378754  ])
448     , -92.4039    , array([ 0.116045   ,  1.90997    ,  0.0693644  ,  0.0380897  ])
452     , -92.3407    , array([ 0.11507    ,  1.88456    ,  0.0684322  ,  0.0384635  ])
456     , -92.3225    , array([ 0.114052   ,  1.85952    ,  0.0672155  ,  0.0389496  ])
460     , -92.3225    , array([ 0.114031   ,  1.859      ,  0.0671905  ,  0.0389595  ])
464     , -92.2618    , array([ 0.114294   ,  1.86183    ,  0.0680924  ,  0.0386027  ])
468     , -92.2605    , array([ 0.114361   ,  1.86247    ,  0.068336   ,  0.0385063  ])
472     , -92.2602    , array([ 0.114341   ,  1.86228    ,  0.0682632  ,  0.0385351  ])
476     , -112.982    , array([ 0.114341   ,  1.24425    ,  0.0682632  ,  0.0385351  ])
480     , -92.2597    , array([ 0.114341   ,  1.8588     ,  0.0682632  ,  0.0385351  ])
484     , -92.2597    , array([ 0.114341   ,  1.85846    ,  0.0682632  ,  0.0385351  ])
496     , -262.555    , array([ 0.114341   ,  1.85846    ,  0.0682632  ,  0.0224924  ])
500     , -92.2561    , array([ 0.114341   ,  1.85846    ,  0.0682632  ,  0.0384504  ])
504     , -92.1952    , array([ 0.112251   ,  1.8071     ,  0.0657675  ,  0.0394466  ])
508     , -92.1995    , array([ 0.113049   ,  1.82672    ,  0.0667208  ,  0.0390658  ])
512     , -92.2238    , array([ 0.108893   ,  1.71638    ,  0.0624589  ,  0.0406869  ])
516     , -92.1545    , array([ 0.112741   ,  1.81577    ,  0.0668955  ,  0.0389992  ])
520     , -92.1545    , array([ 0.112744   ,  1.8158     ,  0.066905   ,  0.0389954  ])
524     , -1138.72    , array([ 0.112744   ,  0.197763   ,  0.066905   ,  0.0389954  ])
528     , -92.3536    , array([ 0.112744   ,  1.91173    ,  0.066905   ,  0.0389954  ])
532     , -92.1468    , array([ 0.112744   ,  1.83094    ,  0.066905   ,  0.0389954  ])
540     , -3476.59    , array([ 0.112744   ,  1.83079    ,  0.066905   ,  0.229928   ])
544     , -1340.9     , array([ 0.112744   ,  1.83079    ,  0.066905   ,  0.00455355 ])
548     , -92.2818    , array([ 0.112744   ,  1.83079    ,  0.066905   ,  0.0383377  ])
552     , -92.1399    , array([ 0.112744   ,  1.83079    ,  0.066905   ,  0.0388784  ])
556     , -92.1066    , array([ 0.110654   ,  1.77943    ,  0.0644092  ,  0.0398742  ])
560     , -92.0983    , array([ 0.111286   ,  1.79495    ,  0.0651636  ,  0.0395729  ])
564     , -92.0095    , array([ 0.110054   ,  1.77627    ,  0.0642421  ,  0.039826   ])
568     , -91.7612    , array([ 0.0958951  ,  1.56152    ,  0.0536486  ,  0.0427363  ])
572     , -91.6332    , array([ 0.100433   ,  1.63035    ,  0.0570439  ,  0.0418035  ])
576     , -91.6647    , array([ 0.100675   ,  1.63266    ,  0.0579208  ,  0.0414567  ])
580     , -91.6297    , array([ 0.100491   ,  1.6309     ,  0.0572528  ,  0.0417209  ])
584     , -111.735    , array([ 0.100491   ,  2.6309     ,  0.0572528  ,  0.0417209  ])
588     , -94.6572    , array([ 0.100491   ,  2.01287    ,  0.0572528  ,  0.0417209  ])
592     , -91.3563    , array([ 0.100491   ,  1.70673    ,  0.0572528  ,  0.0417209  ])
596     , -9740.59    , array([ 0.100491   ,  1.70673    ,  0.0572528  ,  1.04172    ])
600     , -6170.01    , array([ 0.100491   ,  1.70673    ,  0.0572528  ,  0.423687   ])
604     , -1106.89    , array([ 0.100491   ,  1.70673    ,  0.0572528  ,  0.114651   ])
608     , -93.8104    , array([ 0.100491   ,  1.70673    ,  0.0572528  ,  0.0439142  ])
612     , -91.3346    , array([ 0.100491   ,  1.70673    ,  0.0572528  ,  0.0415005  ])
616     , -92.7298    , array([ 0.118051   ,  1.97307    ,  0.0703907  ,  0.037889   ])
620     , -91.2195    , array([ 0.0932374  ,  1.59672    ,  0.0518259  ,  0.0429891  ])
624     , -91.1988    , array([ 0.0950371  ,  1.62401    ,  0.0531723  ,  0.0426192  ])
628     , -91.2663    , array([ 0.0953333  ,  1.62715    ,  0.0540896  ,  0.0422613  ])
632     , -91.1987    , array([ 0.0950974  ,  1.62489    ,  0.0532357  ,  0.042599   ])
636     , -91.1987    , array([ 0.0950968  ,  1.62489    ,  0.0532336  ,  0.0425999  ])
640     , -91.1987    , array([ 0.0950968  ,  1.62489    ,  0.0532334  ,  0.0425999  ])
644     , -91.0246    , array([ 0.0950968  ,  1.68474    ,  0.0532334  ,  0.0425999  ])
648     , -91.0246    , array([ 0.0950968  ,  1.68413    ,  0.0532334  ,  0.0425999  ])
660     , -202.011    , array([ 0.0950968  ,  1.68413    ,  0.0532334  ,  0.0282541  ])
664     , -91.008     , array([ 0.0950968  ,  1.68413    ,  0.0532334  ,  0.0424028  ])
668     , -91.284     , array([ 0.0842443  ,  1.51953    ,  0.0451137  ,  0.0446335  ])
672     , -90.9202    , array([ 0.0909515  ,  1.62126    ,  0.050132   ,  0.0432548  ])
676     , -90.6831    , array([ 0.0869716  ,  1.62011    ,  0.0471707  ,  0.0438687  ])
680     , -90.5644    , array([ 0.0716601  ,  1.61121    ,  0.0357768  ,  0.0462459  ])
684     , -90.3747    , array([ 0.0772811  ,  1.61448    ,  0.0399596  ,  0.0453733  ])
688     , -90.217     , array([ 0.0775233  ,  1.6168     ,  0.0408365  ,  0.0450264  ])
692     , -90.2166    , array([ 0.0775357  ,  1.61691    ,  0.0408813  ,  0.0450087  ])
696     , -91.6326    , array([ 0.0950953  ,  1.88325    ,  0.0540192  ,  0.0413995  ])
700     , -90.2197    , array([ 0.0780725  ,  1.62506    ,  0.0412829  ,  0.0448984  ])
704     , -90.2166    , array([ 0.0774995  ,  1.61637    ,  0.0408542  ,  0.0450161  ])
708     , -90.2166    , array([ 0.0774985  ,  1.61635    ,  0.0408535  ,  0.0450163  ])
712     , -90.2166    , array([ 0.0774985  ,  1.61635    ,  0.0408535  ,  0.0450163  ])
724     , -163.766    , array([ 0.0774985  ,  1.61635    ,  0.0408535  ,  0.0330873  ])
728     , -90.1813    , array([ 0.0774985  ,  1.61635    ,  0.0408535  ,  0.0453121  ])
732     , -91.536     , array([ 0.0997469  ,  1.62928    ,  0.0574094  ,  0.0418579  ])
736     , -90.1485    , array([ 0.0681371  ,  1.61091    ,  0.0338873  ,  0.0467656  ])
740     , -90.0437    , array([ 0.0718536  ,  1.61307    ,  0.0366528  ,  0.0461886  ])
744     , -89.995     , array([ 0.0721517  ,  1.61542    ,  0.0375713  ,  0.045833   ])
748     , -89.9754    , array([ 0.0720968  ,  1.61489    ,  0.0373728  ,  0.0459116  ])
752     , -92.0534    , array([ 0.0612105  ,  1.44997    ,  0.0291305  ,  0.0481907  ])
756     , -90.1261    , array([ 0.0679177  ,  1.5517     ,  0.0341487  ,  0.0468121  ])
760     , -89.9615    , array([ 0.0711625  ,  1.60091    ,  0.0365764  ,  0.0461452  ])
768     , -3240.98    , array([ 0.0711625  ,  1.60091    ,  0.0365764  ,  0.237078   ])
772     , -1036.65    , array([ 0.0711625  ,  1.60091    ,  0.0365764  ,  0.0117033  ])
776     , -89.9589    , array([ 0.0711625  ,  1.60091    ,  0.0365764  ,  0.0464519  ])
780     , -89.951     , array([ 0.0711625  ,  1.60091    ,  0.0365764  ,  0.0463097  ])
784     , -90.382     , array([ 0.0796606  ,  1.60585    ,  0.0429002  ,  0.0449903  ])
788     , -89.9135    , array([ 0.068643   ,  1.59945    ,  0.0347016  ,  0.0467009  ])
792     , -89.8036    , array([ 0.0654953  ,  1.58586    ,  0.0327971  ,  0.0472035  ])
796     , -89.7529    , array([ 0.0464074  ,  1.5048     ,  0.021199   ,  0.0502496  ])
800     , -89.5604    , array([ 0.0529687  ,  1.53266    ,  0.0251857  ,  0.0492025  ])
804     , -104.951    , array([ 0.0392184  ,  1.52467    ,  0.0149536  ,  0.0513374  ])
808     , -91.0326    , array([ 0.0477166  ,  1.52961    ,  0.0212774  ,  0.050018   ])
812     , -89.5106    , array([ 0.054431   ,  1.53351    ,  0.0262739  ,  0.0489755  ])
816     , -97.3932    , array([ 0.0435786  ,  1.36891    ,  0.0181542  ,  0.0512061  ])
820     , -90.3944    , array([ 0.0502858  ,  1.47064    ,  0.0231725  ,  0.0498275  ])
824     , -89.5053    , array([ 0.0548205  ,  1.53942    ,  0.0265653  ,  0.0488955  ])
832     , -3260.93    , array([ 0.0548205  ,  1.53942    ,  0.0265653  ,  0.239827   ])
836     , -941.044    , array([ 0.0548205  ,  1.53942    ,  0.0265653  ,  0.0144536  ])
840     , -89.5055    , array([ 0.0548205  ,  1.53942    ,  0.0265653  ,  0.0489111  ])
844     , -89.5053    , array([ 0.0548205  ,  1.53942    ,  0.0265653  ,  0.0488912  ])
848     , -89.5053    , array([ 0.0548205  ,  1.53942    ,  0.0265653  ,  0.0488912  ])
852     , -89.4423    , array([ 0.0502243  ,  1.5199     ,  0.0237726  ,  0.0496246  ])
856     , -94.5669    , array([ 0.0301842  ,  1.43369    ,  0.0118503  ,  0.0528069  ])
860     , -89.4405    , array([ 0.0494433  ,  1.51658    ,  0.023298   ,  0.0497493  ])
864     , -89.426     , array([ 0.0499232  ,  1.51686    ,  0.0236551  ,  0.0496748  ])
868     , -89.4242    , array([ 0.0501788  ,  1.51701    ,  0.0238454  ,  0.0496351  ])
872     , -89.4242    , array([ 0.0501715  ,  1.51701    ,  0.0238399  ,  0.0496362  ])
876     , -89.4191    , array([ 0.0505602  ,  1.5229     ,  0.0241307  ,  0.0495563  ])
880     , -89.419     , array([ 0.0505094  ,  1.52213    ,  0.0240927  ,  0.0495668  ])
892     , -96.0019    , array([ 0.0505094  ,  1.52213    ,  0.0240927  ,  0.0539444  ])
896     , -89.419     , array([ 0.0505094  ,  1.52213    ,  0.0240927  ,  0.0495613  ])
900     , -89.419     , array([ 0.0505094  ,  1.52213    ,  0.0240927  ,  0.0495613  ])
904     , -89.6495    , array([ 0.0602333  ,  1.56343    ,  0.0300011  ,  0.0480095  ])
908     , -89.3865    , array([ 0.0470972  ,  1.50764    ,  0.0220194  ,  0.0501058  ])
912     , -89.3864    , array([ 0.047228   ,  1.5082     ,  0.0220989  ,  0.050085   ])
916     , -89.2889    , array([ 0.041546   ,  1.48674    ,  0.0190311  ,  0.050945   ])
920     , -89.4136    , array([ 0.0295649  ,  1.44145    ,  0.0125575  ,  0.052759   ])
924     , -89.2454    , array([ 0.0351033  ,  1.46238    ,  0.01555    ,  0.0519204  ])
928     , -98.7892    , array([ 0.0579463  ,  1.47756    ,  0.0324272  ,  0.0483762  ])
932     , -89.5356    , array([ 0.0380035  ,  1.46597    ,  0.017587   ,  0.0514725  ])
936     , -89.2297    , array([ 0.0360856  ,  1.46486    ,  0.0161598  ,  0.0517702  ])
940     , -125.579    , array([ 0.0252332  ,  1.30025    ,  0.0080401  ,  0.0540009  ])
944     , -92.3317    , array([ 0.0319404  ,  1.40198    ,  0.0130583  ,  0.0526223  ])
948     , -89.2244    , array([ 0.0362958  ,  1.46804    ,  0.016317   ,  0.051727   ])
956     , -3378.93    , array([ 0.0362958  ,  1.46804    ,  0.016317   ,  0.242655   ])
960     , -860.822    , array([ 0.0362958  ,  1.46804    ,  0.016317   ,  0.0172852  ])
964     , -89.2244    , array([ 0.0362958  ,  1.46804    ,  0.016317   ,  0.0517425  ])
968     , -89.2244    , array([ 0.0362958  ,  1.46804    ,  0.016317   ,  0.0517291  ])
972     , -89.2244    , array([ 0.0362958  ,  1.46804    ,  0.016317   ,  0.0517295  ])
976     , -89.307     , array([ 0.0434419  ,  1.49505    ,  0.0201781  ,  0.0506475  ])
980     , -89.2006    , array([ 0.0328384  ,  1.45498    ,  0.014449   ,  0.0522529  ])
984     , -93.3988    , array([ 0.0181707  ,  1.40069    ,  0.0066466  ,  0.0544633  ])
988     , -89.2006    , array([ 0.0327156  ,  1.45451    ,  0.0143826  ,  0.0522715  ])
992     , -89.3727    , array([ 0.0317505  ,  1.45395    ,  0.0136645  ,  0.0524214  ])
996     , -89.1986    , array([ 0.0328401  ,  1.45459    ,  0.0144753  ,  0.0522522  ])
1000    , -89.1986    , array([ 0.0328389  ,  1.45459    ,  0.0144744  ,  0.0522524  ])
1004    , -89.1971    , array([ 0.033147   ,  1.45926    ,  0.0147049  ,  0.0521891  ])
1008    , -89.1941    , array([ 0.0330081  ,  1.45715    ,  0.014601   ,  0.0522176  ])
1020    , -94.2094    , array([ 0.0330081  ,  1.45715    ,  0.014601   ,  0.056111   ])
1024    , -89.1941    , array([ 0.0330081  ,  1.45715    ,  0.014601   ,  0.052208   ])
1028    , -89.1941    , array([ 0.0330081  ,  1.45715    ,  0.014601   ,  0.05221    ])
1032    , -89.1941    , array([ 0.0330081  ,  1.45715    ,  0.014601   ,  0.0522087  ])
1036    , -89.2814    , array([ 0.0401542  ,  1.48416    ,  0.0184621  ,  0.0511267  ])
1040    , -89.1861    , array([ 0.0304649  ,  1.44754    ,  0.0132269  ,  0.0525937  ])
1044    , -89.1841    , array([ 0.0311419  ,  1.4501     ,  0.0135927  ,  0.0524912  ])
1048    , -89.1547    , array([ 0.0270888  ,  1.43879    ,  0.0115606  ,  0.0530563  ])
1052    , -89.1536    , array([ 0.024363   ,  1.43117    ,  0.0101935  ,  0.0534364  ])
1056    , -89.1504    , array([ 0.0255015  ,  1.43436    ,  0.0107645  ,  0.0532776  ])
1060    , -97.7756    , array([ 0.0339996  ,  1.43929    ,  0.0170883  ,  0.0519582  ])
1064    , -89.16      , array([ 0.0258657  ,  1.43457    ,  0.0110355  ,  0.0532211  ])
1068    , -89.1454    , array([ 0.0256333  ,  1.43443    ,  0.0108626  ,  0.0532572  ])
1072    , -89.1454    , array([ 0.0256346  ,  1.43443    ,  0.0108636  ,  0.053257   ])
1076    , -89.2167    , array([ 0.025253   ,  1.42865    ,  0.0105781  ,  0.0533354  ])
1080    , -89.1424    , array([ 0.0257344  ,  1.43595    ,  0.0109382  ,  0.0532364  ])
1084    , -89.1424    , array([ 0.0257334  ,  1.43593    ,  0.0109375  ,  0.0532366  ])
1092    , -164.83     , array([ 0.0257334  ,  1.43593    ,  0.0109375  ,  0.0695995  ])
1096    , -89.1422    , array([ 0.0257334  ,  1.43593    ,  0.0109375  ,  0.0532156  ])
1100    , -89.1422    , array([ 0.0257334  ,  1.43593    ,  0.0109375  ,  0.0532162  ])
1104    , -89.1422    , array([ 0.0257334  ,  1.43593    ,  0.0109375  ,  0.053216   ])
1108    , -89.1326    , array([ 0.0237923  ,  1.43051    ,  0.00996394 ,  0.0534867  ])
1112    , -89.1323    , array([ 0.0234659  ,  1.4296     ,  0.00980029 ,  0.0535322  ])
1116    , -113.927    , array([ 0.0457368  ,  1.44259    ,  0.0263675  ,  0.0500748  ])
1120    , -90.8777    , array([ 0.026095   ,  1.43117    ,  0.0117512  ,  0.0531244  ])
1124    , -89.1314    , array([ 0.0235401  ,  1.42969    ,  0.00985005 ,  0.053521   ])
1128    , -89.1315    , array([ 0.0235203  ,  1.42968    ,  0.00983527 ,  0.0535241  ])
1132    , -89.1314    , array([ 0.0235381  ,  1.42969    ,  0.00984852 ,  0.0535213  ])
1136    , -98.3623    , array([ 0.0302453  ,  1.53142    ,  0.0148668  ,  0.0521427  ])
1140    , -89.1298    , array([ 0.0236697  ,  1.43168    ,  0.009947   ,  0.0534943  ])
1144    , -89.1288    , array([ 0.0236202  ,  1.43093    ,  0.00990995 ,  0.0535045  ])
1156    , -93.3253    , array([ 0.0236202  ,  1.43093    ,  0.00990995 ,  0.0570721  ])
1160    , -89.1287    , array([ 0.0236202  ,  1.43093    ,  0.00990995 ,  0.0534868  ])
1164    , -89.1287    , array([ 0.0236202  ,  1.43093    ,  0.00990995 ,  0.0534868  ])
1168    , -89.1597    , array([ 0.0271176  ,  1.44071    ,  0.011664   ,  0.052999   ])
1172    , -89.1237    , array([ 0.0223956  ,  1.42751    ,  0.0092958  ,  0.0536575  ])
