1360    , -96.2943    , array([ 0.150082   ,  1.53519    ,  0.10679    ,  0.027281   ])
1364    , -96.2943    , array([ 0.150082   ,  1.53519    ,  0.10679    ,  0.027281   ])
1372    , -107.579    , array([ 0.167547   ,  1.53519    ,  0.10679    ,  0.027281   ])
1376    , -96.2835    , array([ 0.149554   ,  1.53519    ,  0.10679    ,  0.027281   ])
1380    , -106.507    , array([ 0.149554   ,  2.53519    ,  0.10679    ,  0.027281   ])
1384    , -98.6502    , array([ 0.149554   ,  1.91716    ,  0.10679    ,  0.027281   ])
1388    , -96.2807    , array([ 0.149554   ,  1.5455     ,  0.10679    ,  0.027281   ])
1392    , -96.2807    , array([ 0.149554   ,  1.54582    ,  0.10679    ,  0.027281   ])
1396    , -96.2807    , array([ 0.149554   ,  1.54571    ,  0.10679    ,  0.027281   ])
1404    , -96.1287    , array([ 0.149554   ,  1.54571    ,  0.105132   ,  0.027281   ])
1408    , -6393.98    , array([ 0.149554   ,  1.54571    ,  0.105115   ,  1.02728    ])
1412    , -5645.23    , array([ 0.149554   ,  1.54571    ,  0.105115   ,  0.409247   ])
1416    , -1518.96    , array([ 0.149554   ,  1.54571    ,  0.105115   ,  0.100213   ])
1420    , -282.523    , array([ 0.149554   ,  1.54571    ,  0.105115   ,  0.0145747  ])
1424    , -96.0647    , array([ 0.149554   ,  1.54571    ,  0.105115   ,  0.0275639  ])
1428    , -96.0647    , array([ 0.149554   ,  1.54571    ,  0.105115   ,  0.0275611  ])
1432    , -95.8437    , array([ 0.148374   ,  1.56925    ,  0.101366   ,  0.028188   ])
1436    , -95.8437    , array([ 0.148397   ,  1.56878    ,  0.10144    ,  0.0281755  ])
1440    , -95.8437    , array([ 0.148385   ,  1.56901    ,  0.101403   ,  0.0281817  ])
1448    , -137.209    , array([ 0.117772   ,  1.56901    ,  0.101403   ,  0.0281817  ])
1452    , -95.5115    , array([ 0.14556    ,  1.56901    ,  0.101403   ,  0.0281817  ])
1456    , -107.859    , array([ 0.14556    ,  2.56901    ,  0.101403   ,  0.0281817  ])
1460    , -98.9082    , array([ 0.14556    ,  1.95098    ,  0.101403   ,  0.0281817  ])
1464    , -95.4303    , array([ 0.14556    ,  1.51564    ,  0.101403   ,  0.0281817  ])
1468    , -95.4302    , array([ 0.14556    ,  1.51379    ,  0.101403   ,  0.0281817  ])
1480    , -282.261    , array([ 0.14556    ,  1.51379    ,  0.101403   ,  0.0150261  ])
1484    , -95.4302    , array([ 0.14556    ,  1.51379    ,  0.101403   ,  0.0281759  ])
1488    , -95.4302    , array([ 0.14556    ,  1.51379    ,  0.101403   ,  0.0281758  ])
1492    , -95.2927    , array([ 0.143669   ,  1.5515     ,  0.0953975  ,  0.02918    ])
1496    , -94.9158    , array([ 0.139228   ,  1.52848    ,  0.0902679  ,  0.0300318  ])
1500    , -94.9158    , array([ 0.139228   ,  1.52848    ,  0.0902679  ,  0.0300318  ])
1504    , -94.904     , array([ 0.140034   ,  1.52982    ,  0.0914258  ,  0.0298391  ])
1508    , -94.8394    , array([ 0.141925   ,  1.49212    ,  0.0974316  ,  0.0288349  ])
1512    , -94.7067    , array([ 0.141383   ,  1.50292    ,  0.095711   ,  0.0291226  ])
1516    , -107.66     , array([ 0.141033   ,  2.5099     ,  0.0945988  ,  0.0293086  ])
1520    , -97.9379    , array([ 0.141033   ,  1.89187    ,  0.0945988  ,  0.0293086  ])
1524    , -94.6745    , array([ 0.141033   ,  1.49567    ,  0.0945988  ,  0.0293086  ])
1528    , -94.6745    , array([ 0.141033   ,  1.49423    ,  0.0945988  ,  0.0293086  ])
1532    , -6072.6     , array([ 0.141033   ,  1.49531    ,  0.0945988  ,  1.02931    ])
1536    , -5356.35    , array([ 0.141033   ,  1.49531    ,  0.0945988  ,  0.411275   ])
1540    , -1434.47    , array([ 0.141033   ,  1.49531    ,  0.0945988  ,  0.102241   ])
1544    , -262.373    , array([ 0.141033   ,  1.49531    ,  0.0945988  ,  0.0164192  ])
1548    , -94.6744    , array([ 0.141033   ,  1.49531    ,  0.0945988  ,  0.0293197  ])
1552    , -94.6788    , array([ 0.141033   ,  1.49531    ,  0.0945988  ,  0.0293968  ])
1556    , -94.6744    , array([ 0.141033   ,  1.49531    ,  0.0945988  ,  0.0293215  ])
1560    , -94.6744    , array([ 0.141033   ,  1.49531    ,  0.0945988  ,  0.02932    ])
1564    , -94.456     , array([ 0.136675   ,  1.48804    ,  0.088333   ,  0.0303628  ])
1568    , -94.4482    , array([ 0.137311   ,  1.4891     ,  0.0892478  ,  0.0302105  ])
1572    , -95.3529    , array([ 0.136142   ,  1.51241    ,  0.085536   ,  0.0308312  ])
1576    , -94.2979    , array([ 0.13848    ,  1.4658     ,  0.0929597  ,  0.0295899  ])
1580    , -94.2744    , array([ 0.138155   ,  1.47229    ,  0.0919261  ,  0.0297627  ])
1584    , -125.109    , array([ 0.138155   ,  0.854256   ,  0.0919261  ,  0.0297627  ])
1588    , -94.2745    , array([ 0.138155   ,  1.47546    ,  0.0919261  ,  0.0297627  ])
1592    , -94.2744    , array([ 0.138155   ,  1.47367    ,  0.0919261  ,  0.0297627  ])
1596    , -94.2744    , array([ 0.138155   ,  1.4735     ,  0.0919261  ,  0.0297627  ])
1600    , -94.2744    , array([ 0.138155   ,  1.47351    ,  0.0919261  ,  0.0297627  ])
1608    , -434.637    , array([ 0.138155   ,  1.47351    ,  0.0919261  ,  0.0576207  ])
1612    , -94.4612    , array([ 0.138155   ,  1.47351    ,  0.0919261  ,  0.030314   ])
1616    , -94.2732    , array([ 0.138155   ,  1.47351    ,  0.0919261  ,  0.0298016  ])
1620    , -94.1338    , array([ 0.133797   ,  1.46624    ,  0.0856603  ,  0.0308446  ])
1624    , -94.1021    , array([ 0.135041   ,  1.46832    ,  0.0874495  ,  0.0305469  ])
1628    , -93.7774    , array([ 0.132771   ,  1.44753    ,  0.0856512  ,  0.0308833  ])
1632    , -92.6227    , array([ 0.0984354  ,  1.13311    ,  0.0584497  ,  0.0359712  ])
1636    , -91.8335    , array([ 0.108845   ,  1.22843    ,  0.0666961  ,  0.0344287  ])
1640    , -93.5572    , array([ 0.104749   ,  1.22355    ,  0.0606379  ,  0.0354326  ])
1644    , -92.1771    , array([ 0.107442   ,  1.22805    ,  0.0645103  ,  0.0347882  ])
1648    , -91.7726    , array([ 0.110228   ,  1.2327     ,  0.0685159  ,  0.0341216  ])
1656    , -91.9423    , array([ 0.110239   ,  1.38934    ,  0.0685322  ,  0.0341189  ])
1660    , -91.4748    , array([ 0.110239   ,  1.29783    ,  0.0685322  ,  0.0341189  ])
1664    , -91.4747    , array([ 0.110239   ,  1.29848    ,  0.0685322  ,  0.0341189  ])
1672    , -374.868    , array([ 0.110239   ,  1.29848    ,  0.0685322  ,  0.0619777  ])
1676    , -91.5153    , array([ 0.110239   ,  1.29848    ,  0.0685322  ,  0.0347913  ])
1680    , -91.4256    , array([ 0.110239   ,  1.29848    ,  0.0685322  ,  0.034405   ])
1684    , -93.1707    , array([ 0.126268   ,  1.44526    ,  0.0812302  ,  0.0320299  ])
1688    , -90.8911    , array([ 0.0997994  ,  1.20288    ,  0.0602616  ,  0.0359519  ])
1692    , -90.8909    , array([ 0.0996075  ,  1.20113    ,  0.0601096  ,  0.0359804  ])
1696    , -91.2321    , array([ 0.102301   ,  1.20562    ,  0.063982   ,  0.035336   ])
1700    , -90.8833    , array([ 0.0999352  ,  1.20167    ,  0.0605807  ,  0.035902   ])
1704    , -90.8833    , array([ 0.0999352  ,  1.20167    ,  0.0605807  ,  0.035902   ])
1708    , -194.08     , array([ 0.0999352  ,  0.583639   ,  0.0605807  ,  0.035902   ])
1712    , -90.755     , array([ 0.0999352  ,  1.2444     ,  0.0605807  ,  0.035902   ])
1716    , -90.7541    , array([ 0.0999352  ,  1.24131    ,  0.0605807  ,  0.035902   ])
1728    , -227.855    , array([ 0.0999352  ,  1.24131    ,  0.0605807  ,  0.0227463  ])
1732    , -90.7066    , array([ 0.0999352  ,  1.24131    ,  0.0605807  ,  0.0361933  ])
1736    , -95.9964    , array([ 0.141898   ,  1.62558    ,  0.0938247  ,  0.0299752  ])
1740    , -90.433     , array([ 0.0928272  ,  1.17622    ,  0.0549497  ,  0.0372465  ])
1744    , -90.4286    , array([ 0.0934673  ,  1.18208    ,  0.0554567  ,  0.0371517  ])
1748    , -89.9707    , array([ 0.0776236  ,  1.13435    ,  0.043459   ,  0.0401839  ])
1752    , -89.9299    , array([ 0.0811996  ,  1.14521    ,  0.0461674  ,  0.0395002  ])
1756    , -89.928     , array([ 0.0805167  ,  1.14314    ,  0.0456502  ,  0.0396307  ])
1760    , -90.1123    , array([ 0.0832099  ,  1.14763    ,  0.0495227  ,  0.0389863  ])
1764    , -89.7282    , array([ 0.0816009  ,  1.14495    ,  0.0472092  ,  0.0393713  ])
1768    , -131.124    , array([ 0.0816009  ,  2.14495    ,  0.0472092  ,  0.0393713  ])
1772    , -100.174    , array([ 0.0816009  ,  1.52691    ,  0.0472092  ,  0.0393713  ])
1776    , -89.7267    , array([ 0.0816009  ,  1.14857    ,  0.0472092  ,  0.0393713  ])
1780    , -4364.25    , array([ 0.0816009  ,  1.14857    ,  0.0472092  ,  1.03937    ])
1784    , -3914.58    , array([ 0.0816009  ,  1.14857    ,  0.0472092  ,  0.421337   ])
1788    , -1038.14    , array([ 0.0816009  ,  1.14857    ,  0.0472092  ,  0.112309   ])
1792    , -94.3691    , array([ 0.0816009  ,  1.14857    ,  0.0472092  ,  0.042665   ])
1796    , -89.7186    , array([ 0.0816009  ,  1.14857    ,  0.0472092  ,  0.0394991  ])
1800    , -90.9913    , array([ 0.102659   ,  1.21253    ,  0.0631586  ,  0.0354725  ])
1804    , -89.7262    , array([ 0.0703068  ,  1.11426    ,  0.038655   ,  0.0416587  ])
1808    , -89.5672    , array([ 0.0752005  ,  1.12913    ,  0.0423615  ,  0.0407229  ])
1812    , -89.5672    , array([ 0.0752005  ,  1.12913    ,  0.0423615  ,  0.0407229  ])
1816    , -90.3852    , array([ 0.0778937  ,  1.13362    ,  0.046234   ,  0.0400785  ])
1820    , -89.5045    , array([ 0.0757371  ,  1.13002    ,  0.0431331  ,  0.0405945  ])
1824    , -136.205    , array([ 0.0757371  ,  2.13002    ,  0.0431331  ,  0.0405945  ])
1828    , -101.807    , array([ 0.0757371  ,  1.51199    ,  0.0431331  ,  0.0405945  ])
1832    , -89.4929    , array([ 0.0757371  ,  1.12084    ,  0.0431331  ,  0.0405945  ])
1836    , -89.4928    , array([ 0.0757371  ,  1.12038    ,  0.0431331  ,  0.0405945  ])
1848    , -197.868    , array([ 0.0757371  ,  1.12038    ,  0.0431331  ,  0.0274389  ])
1852    , -89.4928    , array([ 0.0757371  ,  1.12038    ,  0.0431331  ,  0.0406006  ])
1856    , -89.493     , array([ 0.0757371  ,  1.12038    ,  0.0431331  ,  0.0406217  ])
1860    , -89.4928    , array([ 0.0757371  ,  1.12038    ,  0.0431331  ,  0.0406011  ])
1864    , -90.5097    , array([ 0.0627224  ,  1.08085    ,  0.0332758  ,  0.0430892  ])
1868    , -89.4789    , array([ 0.0707659  ,  1.10528    ,  0.039368   ,  0.0415512  ])
1872    , -89.4513    , array([ 0.0728709  ,  1.11168    ,  0.0409622  ,  0.0411487  ])
1876    , -89.2802    , array([ 0.0666671  ,  1.06568    ,  0.0372195  ,  0.0422833  ])
1880    , -89.285     , array([ 0.0633113  ,  1.04072    ,  0.0351974  ,  0.042897   ])
1884    , -89.2725    , array([ 0.0650815  ,  1.05389    ,  0.0362641  ,  0.0425733  ])
1888    , -89.2725    , array([ 0.0651583  ,  1.05446    ,  0.0363104  ,  0.0425592  ])
1892    , -89.2709    , array([ 0.0654319  ,  1.05529    ,  0.0365175  ,  0.0425069  ])
1896    , -89.2706    , array([ 0.0656121  ,  1.05584    ,  0.036654   ,  0.0424725  ])
1900    , -89.2706    , array([ 0.0656167  ,  1.05585    ,  0.0366575  ,  0.0424716  ])
1904    , -89.297     , array([ 0.0656167  ,  1.05248    ,  0.0366575  ,  0.0424716  ])
1908    , -89.1895    , array([ 0.0656167  ,  1.07862    ,  0.0366575  ,  0.0424716  ])
1916    , -2408.4     , array([ 0.0656167  ,  1.07862    ,  0.0366575  ,  0.233426   ])
1920    , -1359.27    , array([ 0.0656167  ,  1.07862    ,  0.0366575  ,  0.00802976 ])
1924    , -89.241     , array([ 0.0656167  ,  1.07862    ,  0.0366575  ,  0.0427032  ])
1928    , -89.1812    , array([ 0.0656167  ,  1.07862    ,  0.0366575  ,  0.0423334  ])
1932    , -89.1812    , array([ 0.0656167  ,  1.07862    ,  0.0366575  ,  0.0423347  ])
1936    , -89.143     , array([ 0.0620502  ,  1.0521     ,  0.0345084  ,  0.0429869  ])
1940    , -89.143     , array([ 0.0620502  ,  1.0521     ,  0.0345084  ,  0.0429869  ])
1944    , -89.6664    , array([ 0.0700936  ,  1.07653    ,  0.0406005  ,  0.0414489  ])
1948    , -89.1384    , array([ 0.0613759  ,  1.05005    ,  0.0339978  ,  0.0431158  ])
1952    , -89.1384    , array([ 0.0614102  ,  1.05016    ,  0.0340237  ,  0.0431093  ])
1956    , -306.777    , array([ 0.0614102  ,  0.432124   ,  0.0340237  ,  0.0431093  ])
1960    , -89.0846    , array([ 0.0614102  ,  1.07253    ,  0.0340237  ,  0.0431093  ])
1964    , -89.0823    , array([ 0.0614102  ,  1.06872    ,  0.0340237  ,  0.0431093  ])
1976    , -186.135    , array([ 0.0614102  ,  1.06872    ,  0.0340237  ,  0.0299537  ])
1980    , -89.0743    , array([ 0.0614102  ,  1.06872    ,  0.0340237  ,  0.0429736  ])
1984    , -89.157     , array([ 0.0537267  ,  1.01159    ,  0.0293938  ,  0.0443786  ])
1988    , -89.0533    , array([ 0.0584754  ,  1.04689    ,  0.0322552  ,  0.0435103  ])
1992    , -89.0529    , array([ 0.0587902  ,  1.04924    ,  0.0324449  ,  0.0434527  ])
1996    , -88.8962    , array([ 0.0503493  ,  1.04243    ,  0.0270993  ,  0.044655   ])
2000    , -88.8941    , array([ 0.0485432  ,  1.04094    ,  0.0259556  ,  0.0449124  ])
2004    , -88.8926    , array([ 0.0492124  ,  1.04149    ,  0.0263794  ,  0.044817   ])
2008    , -89.7009    , array([ 0.0572559  ,  1.06592    ,  0.0324715  ,  0.043279   ])
2012    , -88.857     , array([ 0.0503602  ,  1.04498    ,  0.0272487  ,  0.0445976  ])
2016    , -89.2239    , array([ 0.0426315  ,  0.987708   ,  0.0225846  ,  0.0460112  ])
2020    , -88.8964    , array([ 0.0473802  ,  1.02302    ,  0.025446   ,  0.0451429  ])
2024    , -88.8568    , array([ 0.0501301  ,  1.04346    ,  0.0271031  ,  0.04464    ])
2028    , -88.8568    , array([ 0.0500698  ,  1.04301    ,  0.0270667  ,  0.0446511  ])
2032    , -88.8568    , array([ 0.0501283  ,  1.04345    ,  0.027102   ,  0.0446404  ])
2044    , -184.12     , array([ 0.0501283  ,  1.04345    ,  0.027102   ,  0.0314847  ])
2048    , -88.8545    , array([ 0.0501283  ,  1.04345    ,  0.027102   ,  0.0447159  ])
2052    , -89.0662    , array([ 0.0405246  ,  1.03551    ,  0.0210208  ,  0.046085   ])
2056    , -88.8248    , array([ 0.04646    ,  1.04042    ,  0.0247792  ,  0.0452388  ])
2060    , -88.8243    , array([ 0.0468654  ,  1.04075    ,  0.0250359  ,  0.045181   ])
2064    , -107.245    , array([ 0.0338178  ,  1.00119    ,  0.0151578  ,  0.0476743  ])
2068    , -90.4541    , array([ 0.0418613  ,  1.02563    ,  0.0212499  ,  0.0461363  ])
2072    , -88.8064    , array([ 0.0475364  ,  1.04286    ,  0.0255482  ,  0.0450511  ])
2076    , -89.223     , array([ 0.0398528  ,  0.985733   ,  0.0209182  ,  0.0464562  ])
2080    , -88.8442    , array([ 0.0446015  ,  1.02104    ,  0.0237797  ,  0.0455878  ])
2084    , -88.8054    , array([ 0.0470966  ,  1.03959    ,  0.0252832  ,  0.0451316  ])
2092    , -2275.63    , array([ 0.0470966  ,  1.03959    ,  0.0252832  ,  0.236088   ])
2096    , -1239.54    , array([ 0.0470966  ,  1.03959    ,  0.0252832  ,  0.0106897  ])
2100    , -88.8515    , array([ 0.0470966  ,  1.03959    ,  0.0252832  ,  0.0454859  ])
2104    , -88.8052    , array([ 0.0470966  ,  1.03959    ,  0.0252832  ,  0.0451495  ])
2108    , -88.8052    , array([ 0.0470966  ,  1.03959    ,  0.0252832  ,  0.0451493  ])
2112    , -88.7934    , array([ 0.0454028  ,  1.03819    ,  0.0242106  ,  0.0453908  ])
2116    , -88.7665    , array([ 0.0436895  ,  1.03543    ,  0.0232266  ,  0.0456363  ])
2120    , -88.6741    , array([ 0.032097   ,  1.01588    ,  0.0166304  ,  0.047298   ])
2124    , -88.6777    , array([ 0.0355537  ,  1.02171    ,  0.0185973  ,  0.0468025  ])
2128    , -88.6711    , array([ 0.0332469  ,  1.01782    ,  0.0172847  ,  0.0471332  ])
2132    , -88.671     , array([ 0.0333659  ,  1.01802    ,  0.0173524  ,  0.0471161  ])
2136    , -88.6577    , array([ 0.0343757  ,  1.01886    ,  0.0179918  ,  0.0469721  ])
2140    , -88.6577    , array([ 0.0343285  ,  1.01882    ,  0.0179619  ,  0.0469789  ])
2144    , -88.6577    , array([ 0.0343189  ,  1.01881    ,  0.0179559  ,  0.0469802  ])
2148    , -88.6554    , array([ 0.0347353  ,  1.02191    ,  0.0182068  ,  0.0469041  ])
2152    , -88.6554    , array([ 0.0347217  ,  1.0218     ,  0.0181986  ,  0.0469066  ])
2164    , -176.901    , array([ 0.0347217  ,  1.0218     ,  0.0181986  ,  0.033751   ])
2168    , -88.6551    , array([ 0.0347217  ,  1.0218     ,  0.0181986  ,  0.0468791  ])
2172    , -89.0221    , array([ 0.0228266  ,  1.00175    ,  0.0114301  ,  0.0485845  ])
2176    , -88.6377    , array([ 0.0301782  ,  1.01414    ,  0.0156133  ,  0.0475307  ])
2180    , -88.6364    , array([ 0.0309785  ,  1.01549    ,  0.0160687  ,  0.047416   ])
2184    , -94.8313    , array([ 0.021337   ,  1.00749    ,  0.00996599 ,  0.0487905  ])
2188    , -89.142     , array([ 0.0272724  ,  1.0124     ,  0.0137244  ,  0.0479443  ])
2192    , -88.6319    , array([ 0.0314081  ,  1.01582    ,  0.0163431  ,  0.0473548  ])
2196    , -90.76      , array([ 0.0237292  ,  0.958689   ,  0.0117162  ,  0.0487591  ])
2200    , -88.8619    , array([ 0.0284779  ,  0.993998   ,  0.0145776  ,  0.0478908  ])
2204    , -88.6304    , array([ 0.0317064  ,  1.018      ,  0.016523   ,  0.0473004  ])
2212    , -2199.2     , array([ 0.0317064  ,  1.018      ,  0.016523   ,  0.238257   ])
2216    , -1154       , array([ 0.0317064  ,  1.018      ,  0.016523   ,  0.0128586  ])
2220    , -88.6703    , array([ 0.0317064  ,  1.018      ,  0.016523   ,  0.047612   ])
2224    , -88.6304    , array([ 0.0317064  ,  1.018      ,  0.016523   ,  0.0472905  ])
2228    , -89.5297    , array([ 0.0198113  ,  0.997949   ,  0.00975458 ,  0.0489962  ])
2232    , -88.6394    , array([ 0.0271629  ,  1.01034    ,  0.0139377  ,  0.0479424  ])
2236    , -88.6214    , array([ 0.0295387  ,  1.01435    ,  0.0152896  ,  0.0476018  ])
2240    , -88.6214    , array([ 0.0294731  ,  1.01424    ,  0.0152522  ,  0.0476112  ])
2244    , -88.5946    , array([ 0.0257108  ,  1.01125    ,  0.0132166  ,  0.0480966  ])
2248    , -88.6344    , array([ 0.0179288  ,  1.00504    ,  0.00900477 ,  0.0491014  ])
2252    , -88.5835    , array([ 0.0221405  ,  1.0084     ,  0.0112843  ,  0.0485576  ])
2256    , -88.5835    , array([ 0.0221405  ,  1.0084     ,  0.0112843  ,  0.0485576  ])
2260    , -88.591     , array([ 0.0219884  ,  1.00828    ,  0.0111879  ,  0.0485793  ])
2264    , -88.5779    , array([ 0.0224414  ,  1.00865    ,  0.0114748  ,  0.0485147  ])
2268    , -91.1355    , array([ 0.0348707  ,  1.10109    ,  0.0189643  ,  0.0462417  ])
2272    , -88.5999    , array([ 0.0232057  ,  1.01435    ,  0.0119353  ,  0.0483748  ])
2276    , -88.5778    , array([ 0.0224914  ,  1.00904    ,  0.0115048  ,  0.0485054  ])
2284    , -2161.86    , array([ 0.0224909  ,  1.00904    ,  0.0115045  ,  0.239463   ])
2288    , -1114.25    , array([ 0.0224909  ,  1.00904    ,  0.0115045  ,  0.0140637  ])
2292    , -88.6141    , array([ 0.0224909  ,  1.00904    ,  0.0115045  ,  0.048828   ])
2296    , -88.5777    , array([ 0.0224909  ,  1.00904    ,  0.0115045  ,  0.0485173  ])
2300    , -88.7218    , array([ 0.0151363  ,  1.00316    ,  0.00752402 ,  0.0494668  ])
2304    , -88.5741    , array([ 0.0196817  ,  1.00679    ,  0.00998411 ,  0.04888    ])
2308    , -88.5729    , array([ 0.020522   ,  1.00747    ,  0.0104389  ,  0.0487715  ])
2312    , -89.3296    , array([ 0.011425   ,  1.00056    ,  0.00554603 ,  0.049951   ])
2316    , -88.5729    , array([ 0.0204601  ,  1.00742    ,  0.0104054  ,  0.0487795  ])
2320    , -88.611     , array([ 0.019923   ,  1.00697    ,  0.0100653  ,  0.0488561  ])
2324    , -88.5714    , array([ 0.0205992  ,  1.00753    ,  0.0104935  ,  0.0487597  ])
2328    , -91.6183    , array([ 0.0330301  ,  1.09997    ,  0.017984   ,  0.0464865  ])
2332    , -88.6036    , array([ 0.0213937  ,  1.01345    ,  0.0109722  ,  0.0486143  ])
2336    , -88.5713    , array([ 0.0206219  ,  1.00771    ,  0.0105072  ,  0.0487555  ])
2344    , -2155.38    , array([ 0.0206222  ,  1.00771    ,  0.0105073  ,  0.239713   ])
2348    , -1105.73    , array([ 0.0206222  ,  1.00771    ,  0.0105073  ,  0.0143136  ])
2352    , -88.6072    , array([ 0.0206222  ,  1.00771    ,  0.0105073  ,  0.0490681  ])
2356    , -88.5713    , array([ 0.0206222  ,  1.00771    ,  0.0105073  ,  0.048759   ])
2360    , -88.642     , array([ 0.0325222  ,  1.01721    ,  0.0169479  ,  0.0472226  ])
2364    , -88.5714    , array([ 0.0206368  ,  1.00772    ,  0.0105152  ,  0.0487571  ])
2368    , -88.5697    , array([ 0.0196483  ,  1.00693    ,  0.00998022 ,  0.0488847  ])
