1352    , -394.365    , array([ 22.5452    ,  0.430353   ,  5          ,  1.20086    ])
1356    , -394.376    , array([ 21.9272    ,  0.430353   ,  5          ,  1.20086    ])
1360    , -394.365    , array([ 22.5434    ,  0.430353   ,  5          ,  1.20086    ])
1364    , -911.319    , array([ 22.5434    ,  1.43035    ,  5          ,  1.20086    ])
1368    , -607.067    , array([ 22.5434    ,  0.812319   ,  5          ,  1.20086    ])
1372    , -417.41     , array([ 22.5434    ,  0.481405   ,  5          ,  1.20086    ])
1376    , -394.362    , array([ 22.5434    ,  0.429833   ,  5          ,  1.20086    ])
1380    , -394.362    , array([ 22.5434    ,  0.429847   ,  5          ,  1.20086    ])
1384    , -402.963    , array([ 22.5434    ,  0.429847   ,  4.38197    ,  1.20086    ])
1388    , -394.734    , array([ 22.5434    ,  0.429847   ,  4.88197    ,  1.20086    ])
1392    , -394.365    , array([ 22.5434    ,  0.429847   ,  4.99749    ,  1.20086    ])
1396    , -394.363    , array([ 22.5434    ,  0.429847   ,  4.99963    ,  1.20086    ])
1400    , -394.363    , array([ 22.5434    ,  0.429847   ,  4.99995    ,  1.20086    ])
1404    , -394.363    , array([ 22.5434    ,  0.429847   ,  4.99999    ,  1.20086    ])
1408    , -394.362    , array([ 22.5434    ,  0.429847   ,  5          ,  1.20086    ])
1412    , -394.362    , array([ 22.5434    ,  0.429847   ,  5          ,  1.20086    ])
1416    , -394.362    , array([ 22.5434    ,  0.429847   ,  5          ,  1.20086    ])
1420    , -394.362    , array([ 22.5434    ,  0.429847   ,  5          ,  1.20086    ])
1424    , -394.362    , array([ 22.5434    ,  0.429847   ,  5          ,  1.20086    ])
1428    , -394.362    , array([ 22.5434    ,  0.429847   ,  5          ,  1.20086    ])
1432    , -394.362    , array([ 22.5434    ,  0.429847   ,  5          ,  1.20086    ])
1440    , -396.467    , array([ 22.5434    ,  0.429847   ,  5          ,  1.22329    ])
1444    , -394.361    , array([ 22.5434    ,  0.429847   ,  5          ,  1.20027    ])
