1356    , -415.984    , array([ 6.99745    ,  0.136482   ,  5          ,  0.498312   ])
1360    , -413.385    , array([ 6.37942    ,  0.136482   ,  5          ,  0.498312   ])
1364    , -412.8      , array([ 5.97534    ,  0.136482   ,  5          ,  0.498312   ])
1372    , -1530.02    , array([ 5.97512    ,  0.327458   ,  5          ,  0.498312   ])
1376    , -880.147    , array([ 5.97512    ,  0.10204    ,  5          ,  0.498312   ])
1380    , -412.8      , array([ 5.97512    ,  0.136477   ,  5          ,  0.498312   ])
1384    , -412.8      , array([ 5.97512    ,  0.136472   ,  5          ,  0.498312   ])
1388    , -416.132    , array([ 5.97512    ,  0.136472   ,  4.38197    ,  0.498312   ])
1396    , -412.801    , array([ 5.97512    ,  0.136472   ,  4.99899    ,  0.498312   ])
1400    , -412.8      , array([ 5.97512    ,  0.136472   ,  4.99985    ,  0.498312   ])
1404    , -412.8      , array([ 5.97512    ,  0.136472   ,  4.99998    ,  0.498312   ])
1408    , -412.8      , array([ 5.97512    ,  0.136472   ,  5          ,  0.498312   ])
1412    , -412.8      , array([ 5.97512    ,  0.136472   ,  5          ,  0.498312   ])
1416    , -412.8      , array([ 5.97512    ,  0.136472   ,  5          ,  0.498312   ])
1420    , -412.8      , array([ 5.97512    ,  0.136472   ,  5          ,  0.498312   ])
1424    , -412.8      , array([ 5.97512    ,  0.136472   ,  5          ,  0.498312   ])
1428    , -412.8      , array([ 5.97512    ,  0.136472   ,  5          ,  0.498312   ])
1432    , -2380.29    , array([ 5.97512    ,  0.136472   ,  5          ,  1.49831    ])
1436    , -2022.72    , array([ 5.97512    ,  0.136472   ,  5          ,  0.880278   ])
1440    , -436.617    , array([ 5.97512    ,  0.136472   ,  5          ,  0.52294    ])
1444    , -412.8      , array([ 5.97512    ,  0.136472   ,  5          ,  0.498301   ])
