160     , -29795.9    , array([ 98.382     ,  100        ,  0.0398002  ,  0.110812   ])
164     , -29795.8    , array([ 99.691     ,  100        ,  0.0398002  ,  0.110812   ])
168     , -29795.8    , array([ 99.9549    ,  100        ,  0.0398002  ,  0.110812   ])
172     , -29795.8    , array([ 99.9934    ,  100        ,  0.0398002  ,  0.110812   ])
176     , -29795.8    , array([ 99.999     ,  100        ,  0.0398002  ,  0.110812   ])
180     , -29795.8    , array([ 99.9999    ,  100        ,  0.0398002  ,  0.110812   ])
184     , -29795.8    , array([ 100        ,  100        ,  0.0398002  ,  0.110812   ])
188     , -29795.8    , array([ 100        ,  100        ,  0.0398002  ,  0.110812   ])
192     , -29795.8    , array([ 100        ,  100        ,  0.0398002  ,  0.110812   ])
196     , -29795.8    , array([ 100        ,  100        ,  0.0398002  ,  0.110812   ])
200     , -29795.8    , array([ 100        ,  100        ,  0.0398002  ,  0.110812   ])
204     , -29795.8    , array([ 100        ,  100        ,  0.0398002  ,  0.110812   ])
208     , -29795.8    , array([ 100        ,  100        ,  0.0398002  ,  0.110812   ])
212     , -29795.8    , array([ 100        ,  100        ,  0.0398002  ,  0.110812   ])
272     , -29795.8    , array([ 100        ,  100        ,  0.0398002  ,  0.110812   ])
284     , -29797.4    , array([ 100        ,  100        ,  0.0451475  ,  0.110812   ])
288     , -29795.8    , array([ 100        ,  100        ,  0.0402584  ,  0.110812   ])
292     , -29795.8    , array([ 100        ,  100        ,  0.0402539  ,  0.110812   ])
300     , -29798.2    , array([ 100        ,  100        ,  0.0402539  ,  0.11675    ])
304     , -29795.8    , array([ 100        ,  100        ,  0.0402539  ,  0.11081    ])
