385     , -1311.29    , array([ 0.999533   ,  0.10189    ,  0.0514656  ,  5.0062     ,  2.53847    ])
390     , -1311.38    , array([ 1.00796    ,  0.10189    ,  0.0514656  ,  5.0062     ,  2.53847    ])
395     , -1311.29    , array([ 0.999207   ,  0.10189    ,  0.0514656  ,  5.0062     ,  2.53847    ])
405     , -5015.22    , array([ 0.999207   ,  0.174768   ,  0.0514656  ,  5.0062     ,  2.53847    ])
410     , -1311.28    , array([ 0.999207   ,  0.101787   ,  0.0514656  ,  5.0062     ,  2.53847    ])
425     , -1933.84    , array([ 0.999207   ,  0.101785   ,  0.03831    ,  5.0062     ,  2.53847    ])
430     , -1311.26    , array([ 0.999207   ,  0.101785   ,  0.051377   ,  5.0062     ,  2.53847    ])
435     , -1311.26    , array([ 0.999207   ,  0.101785   ,  0.0513762  ,  5.0062     ,  2.53847    ])
440     , -1311.26    , array([ 0.999207   ,  0.101785   ,  0.0513762  ,  5.00779    ,  2.53847    ])
445     , -1311.26    , array([ 0.999207   ,  0.101785   ,  0.0513762  ,  5.00773    ,  2.53847    ])
450     , -1339.36    , array([ 0.999207   ,  0.101785   ,  0.0513762  ,  5.00773    ,  1.92043    ])
455     , -1311.22    , array([ 0.999207   ,  0.101785   ,  0.0513762  ,  5.00773    ,  2.51653    ])
