340     , -414.718    , array([ 96.594     ,  0.504059   ,  5          ,  1.36214    ])
344     , -414.718    , array([ 94.8089    ,  0.504059   ,  5          ,  1.36214    ])
348     , -414.717    , array([ 94.3393    ,  0.504059   ,  5          ,  1.36214    ])
356     , -505.927    , array([ 94.3393    ,  0.413889   ,  5          ,  1.36214    ])
360     , -414.711    , array([ 94.3393    ,  0.503146   ,  5          ,  1.36214    ])
372     , -414.822    , array([ 94.3393    ,  0.503133   ,  4.95492    ,  1.36214    ])
376     , -414.715    , array([ 94.3393    ,  0.503133   ,  4.99749    ,  1.36214    ])
380     , -414.712    , array([ 94.3393    ,  0.503133   ,  4.99963    ,  1.36214    ])
384     , -414.711    , array([ 94.3393    ,  0.503133   ,  4.99995    ,  1.36214    ])
388     , -414.711    , array([ 94.3393    ,  0.503133   ,  4.99999    ,  1.36214    ])
392     , -414.711    , array([ 94.3393    ,  0.503133   ,  5          ,  1.36214    ])
396     , -414.711    , array([ 94.3393    ,  0.503133   ,  5          ,  1.36214    ])
400     , -414.711    , array([ 94.3393    ,  0.503133   ,  5          ,  1.36214    ])
404     , -414.711    , array([ 94.3393    ,  0.503133   ,  5          ,  1.36214    ])
408     , -414.711    , array([ 94.3393    ,  0.503133   ,  5          ,  1.36214    ])
412     , -414.711    , array([ 94.3393    ,  0.503133   ,  5          ,  1.36214    ])
416     , -414.711    , array([ 94.3393    ,  0.503133   ,  5          ,  1.36214    ])
424     , -415.626    , array([ 94.3393    ,  0.503133   ,  5          ,  1.3789     ])
428     , -414.708    , array([ 94.3393    ,  0.503133   ,  5          ,  1.36103    ])
