800     , -89         , array([ 0.0560633  ,  1.07531    ,  0.0307812  ,  0.043384   ])
804     , -294.027    , array([ 0.0346218  ,  1.13821    ,  0.0152107  ,  0.0741665  ])
808     , -294.007    , array([ 0.0346218  ,  1.13821    ,  0.0152259  ,  0.0741665  ])
812     , -88.9977    , array([ 0.0559702  ,  1.07458    ,  0.0306616  ,  0.0435127  ])
816     , -88.9933    , array([ 0.0557845  ,  1.07419    ,  0.0305622  ,  0.0435353  ])
820     , -88.994     , array([ 0.0557845  ,  1.07419    ,  0.0305927  ,  0.0435353  ])
824     , -88.9946    , array([ 0.0553238  ,  1.07266    ,  0.0301676  ,  0.0436258  ])
828     , -88.9808    , array([ 0.0549364  ,  1.0719     ,  0.0299667  ,  0.0436773  ])
832     , -88.9776    , array([ 0.0549364  ,  1.0719     ,  0.0299967  ,  0.0436773  ])
836     , -88.9598    , array([ 0.0536812  ,  1.06884    ,  0.0291764  ,  0.0438836  ])
840     , -88.8671    , array([ 0.048697   ,  1.05669    ,  0.026218   ,  0.0447187  ])
844     , -88.8644    , array([ 0.048697   ,  1.05669    ,  0.0262443  ,  0.0447187  ])
848     , -89.1312    , array([ 0.0445582  ,  1.11876    ,  0.0235142  ,  0.0445194  ])
852     , -88.8625    , array([ 0.0479917  ,  1.06653    ,  0.0257587  ,  0.0446863  ])
856     , -88.8595    , array([ 0.0479917  ,  1.06653    ,  0.0257844  ,  0.0446863  ])
860     , -88.8657    , array([ 0.0478545  ,  1.06613    ,  0.0256489  ,  0.0447157  ])
864     , -88.8484    , array([ 0.0470735  ,  1.06454    ,  0.0252147  ,  0.0448333  ])
868     , -88.8453    , array([ 0.0470735  ,  1.06454    ,  0.0252399  ,  0.0448333  ])
872     , -88.8187    , array([ 0.0442959  ,  1.05819    ,  0.0235501  ,  0.0453072  ])
876     , -88.7856    , array([ 0.0423241  ,  1.05396    ,  0.0224348  ,  0.0456075  ])
880     , -88.7817    , array([ 0.0423241  ,  1.05396    ,  0.0224572  ,  0.0456075  ])
884     , -88.7536    , array([ 0.0354534  ,  1.03723    ,  0.0184772  ,  0.0468291  ])
888     , -88.7305    , array([ 0.0330258  ,  1.03202    ,  0.017144   ,  0.0472187  ])
892     , -88.7237    , array([ 0.0330258  ,  1.03202    ,  0.0171611  ,  0.0472187  ])
896     , -88.8617    , array([ 0.0249924  ,  1.01141    ,  0.0127063  ,  0.0488099  ])
900     , -88.73      , array([ 0.0312381  ,  1.02789    ,  0.0161521  ,  0.0475311  ])
904     , -88.7227    , array([ 0.0312381  ,  1.02789    ,  0.0161683  ,  0.0475311  ])
908     , -88.7363    , array([ 0.0308443  ,  1.0271     ,  0.0159206  ,  0.047591   ])
912     , -88.7123    , array([ 0.0291719  ,  1.02395    ,  0.015027   ,  0.0478312  ])
916     , -88.7052    , array([ 0.0291719  ,  1.02395    ,  0.015042   ,  0.0478312  ])
920     , -88.7386    , array([ 0.0234582  ,  1.01144    ,  0.0119269  ,  0.0488044  ])
924     , -88.7258    , array([ 0.0233503  ,  1.0113     ,  0.0118822  ,  0.0488157  ])
928     , -88.7171    , array([ 0.0233503  ,  1.0113     ,  0.0118941  ,  0.0488157  ])
932     , -88.7349    , array([ 0.0230386  ,  1.01074    ,  0.0117053  ,  0.0488613  ])
936     , -88.7156    , array([ 0.0217239  ,  1.00849    ,  0.0110233  ,  0.049044   ])
940     , -88.7071    , array([ 0.0217239  ,  1.00849    ,  0.0110343  ,  0.049044   ])
944     , -88.7542    , array([ 0.0172599  ,  0.999546   ,  0.00867023 ,  0.0497816  ])
948     , -88.7138    , array([ 0.0206906  ,  1.0066     ,  0.0104789  ,  0.0491987  ])
952     , -88.7053    , array([ 0.0206906  ,  1.0066     ,  0.0104893  ,  0.0491987  ])
956     , -88.7213    , array([ 0.0204488  ,  1.00628    ,  0.0103419  ,  0.0492283  ])
960     , -88.6969    , array([ 0.0194125  ,  1.00503    ,  0.0098119  ,  0.0493469  ])
964     , -88.6889    , array([ 0.0194125  ,  1.00503    ,  0.00982172 ,  0.0493469  ])
968     , -88.6899    , array([ 0.0158454  ,  1.00004    ,  0.00794986 ,  0.049824   ])
972     , -88.6752    , array([ 0.0152485  ,  0.999388   ,  0.00765044 ,  0.0498942  ])
976     , -88.6676    , array([ 0.0152485  ,  0.999388   ,  0.0076581  ,  0.0498942  ])
980     , -88.6809    , array([ 0.0131433  ,  0.996789   ,  0.0065614  ,  0.050176   ])
984     , -88.8535    , array([ 0.0072184  ,  0.986457   ,  0.00355006 ,  0.051319   ])
988     , -88.8386    , array([ 0.0072184  ,  0.986457   ,  0.00355361 ,  0.051319   ])
992     , -88.6908    , array([ 0.0117223  ,  0.994804   ,  0.00583418 ,  0.0503926  ])
996     , -88.6718    , array([ 0.0128297  ,  0.996387   ,  0.00640728 ,  0.0502197  ])
1000    , -88.664     , array([ 0.0128297  ,  0.996387   ,  0.00641369 ,  0.0502197  ])
1004    , -88.6808    , array([ 0.0127348  ,  0.996269   ,  0.0063525  ,  0.0502317  ])
1008    , -88.6667    , array([ 0.0123007  ,  0.995801   ,  0.00613803 ,  0.0502795  ])
1012    , -88.6591    , array([ 0.0123007  ,  0.995801   ,  0.00614417 ,  0.0502795  ])
1016    , -88.6686    , array([ 0.0107608  ,  0.993927   ,  0.00535016 ,  0.0504715  ])
1020    , -88.7349    , array([ 0.00627106 ,  0.98647    ,  0.00308828 ,  0.0512468  ])
1024    , -88.7242    , array([ 0.00627106 ,  0.98647    ,  0.00309137 ,  0.0512468  ])
1028    , -88.6708    , array([ 0.00964298 ,  0.992405   ,  0.00478409 ,  0.0506283  ])
1032    , -88.6605    , array([ 0.00951676 ,  0.992286   ,  0.00472526 ,  0.0506422  ])
1036    , -88.653     , array([ 0.00951676 ,  0.992286   ,  0.00472999 ,  0.0506422  ])
1040    , -88.6685    , array([ 0.00907346 ,  0.991811   ,  0.0044971  ,  0.0506977  ])
1044    , -88.6636    , array([ 0.00745996 ,  0.989913   ,  0.0036894  ,  0.0509202  ])
1048    , -88.6559    , array([ 0.00745996 ,  0.989913   ,  0.00369309 ,  0.0509202  ])
1052    , -88.668     , array([ 0.00870734 ,  0.991409   ,  0.00431275 ,  0.0507447  ])
1056    , -88.6607    , array([ 0.00785995 ,  0.990421   ,  0.00389052 ,  0.0508605  ])
1060    , -88.6531    , array([ 0.00785995 ,  0.990421   ,  0.00389441 ,  0.0508605  ])
1064    , -88.6681    , array([ 0.0085241  ,  0.991202   ,  0.00422053 ,  0.0507689  ])
1068    , -88.6584    , array([ 0.00865967 ,  0.991366   ,  0.00429311 ,  0.0507498  ])
1072    , -88.651     , array([ 0.00865967 ,  0.991366   ,  0.00429741 ,  0.0507498  ])
1076    , -88.668     , array([ 0.00869908 ,  0.9914     ,  0.00430859 ,  0.0507457  ])
1080    , -88.6584    , array([ 0.0086701  ,  0.991377   ,  0.00429837 ,  0.0507484  ])
1084    , -88.651     , array([ 0.0086701  ,  0.991377   ,  0.00430267 ,  0.0507484  ])
1088    , -88.668     , array([ 0.00869478 ,  0.991395   ,  0.00430643 ,  0.0507463  ])
1092    , -88.6584    , array([ 0.00867553 ,  0.991384   ,  0.00430111 ,  0.0507477  ])
1096    , -88.651     , array([ 0.00867553 ,  0.991384   ,  0.00430541 ,  0.0507477  ])
1100    , -88.668     , array([ 0.00869255 ,  0.991393   ,  0.0043053  ,  0.0507466  ])
1104    , -88.6584    , array([ 0.00867836 ,  0.991387   ,  0.00430253 ,  0.0507473  ])
1108    , -88.651     , array([ 0.00867836 ,  0.991387   ,  0.00430684 ,  0.0507473  ])
1112    , -88.668     , array([ 0.00869138 ,  0.991392   ,  0.00430472 ,  0.0507467  ])
1116    , -88.6584    , array([ 0.00868361 ,  0.991393   ,  0.00430518 ,  0.0507466  ])
1120    , -88.651     , array([ 0.00868361 ,  0.991393   ,  0.00430949 ,  0.0507466  ])
1124    , -88.668     , array([ 0.00869169 ,  0.991392   ,  0.00430487 ,  0.0507467  ])
1128    , -88.6584    , array([ 0.00868348 ,  0.991392   ,  0.00430511 ,  0.0507466  ])
1132    , -88.651     , array([ 0.00868348 ,  0.991392   ,  0.00430942 ,  0.0507466  ])
1136    , -88.668     , array([ 0.00869227 ,  0.991393   ,  0.00430516 ,  0.0507466  ])
1140    , -88.6584    , array([ 0.00868352 ,  0.991392   ,  0.00430513 ,  0.0507466  ])
1144    , -88.651     , array([ 0.00868352 ,  0.991392   ,  0.00430944 ,  0.0507466  ])
1148    , -88.668     , array([ 0.00869226 ,  0.991393   ,  0.00430516 ,  0.0507466  ])
1152    , -88.6584    , array([ 0.00868358 ,  0.991393   ,  0.00430516 ,  0.0507466  ])
1156    , -88.651     , array([ 0.00868358 ,  0.991393   ,  0.00430947 ,  0.0507466  ])
1160    , -88.668     , array([ 0.00869226 ,  0.991393   ,  0.00430516 ,  0.0507466  ])
1164    , -88.6584    , array([ 0.00868358 ,  0.991393   ,  0.00430516 ,  0.0507466  ])
1168    , -88.651     , array([ 0.00868358 ,  0.991393   ,  0.00430947 ,  0.0507466  ])
1172    , -88.668     , array([ 0.00869226 ,  0.991393   ,  0.00430516 ,  0.0507466  ])
1176    , -88.6584    , array([ 0.00868358 ,  0.991393   ,  0.00430516 ,  0.0507466  ])
1180    , -88.651     , array([ 0.00868358 ,  0.991393   ,  0.00430947 ,  0.0507466  ])
1184    , -88.668     , array([ 0.00869227 ,  0.991393   ,  0.00430516 ,  0.0507466  ])
1188    , -88.6584    , array([ 0.00868358 ,  0.991393   ,  0.00430516 ,  0.0507466  ])
1192    , -88.651     , array([ 0.00868358 ,  0.991393   ,  0.00430947 ,  0.0507466  ])
1196    , -88.668     , array([ 0.00869227 ,  0.991393   ,  0.00430516 ,  0.0507466  ])
1200    , -88.6584    , array([ 0.00868358 ,  0.991393   ,  0.00430516 ,  0.0507466  ])
1204    , -88.651     , array([ 0.00868358 ,  0.991393   ,  0.00430947 ,  0.0507466  ])
1208    , -88.668     , array([ 0.00869227 ,  0.991393   ,  0.00430516 ,  0.0507466  ])
1212    , -88.6584    , array([ 0.00868358 ,  0.991393   ,  0.00430516 ,  0.0507466  ])
1216    , -88.651     , array([ 0.00868358 ,  0.991393   ,  0.00430947 ,  0.0507466  ])
1220    , -88.668     , array([ 0.00869227 ,  0.991393   ,  0.00430516 ,  0.0507466  ])
1224    , -88.6584    , array([ 0.00868358 ,  0.991393   ,  0.00430516 ,  0.0507466  ])
1228    , -88.651     , array([ 0.00868358 ,  0.991393   ,  0.00430947 ,  0.0507466  ])
1232    , -88.668     , array([ 0.00869227 ,  0.991393   ,  0.00430516 ,  0.0507466  ])
1236    , -88.6584    , array([ 0.00868358 ,  0.991393   ,  0.00430516 ,  0.0507466  ])
1240    , -88.651     , array([ 0.00868358 ,  0.991393   ,  0.00430947 ,  0.0507466  ])
1244    , -88.6702    , array([ 0.00952628 ,  0.992286   ,  0.00472526 ,  0.0506422  ])
1248    , -88.66      , array([ 0.0094016  ,  0.992168   ,  0.00466716 ,  0.0506561  ])
1252    , -88.6525    , array([ 0.0094016  ,  0.992168   ,  0.00467183 ,  0.0506561  ])
1256    , -88.6688    , array([ 0.00918461 ,  0.99193    ,  0.00455308 ,  0.0506838  ])
1260    , -88.6585    , array([ 0.00873928 ,  0.991455   ,  0.00433323 ,  0.0507393  ])
1264    , -88.651     , array([ 0.00873928 ,  0.991455   ,  0.00433756 ,  0.0507393  ])
1268    , -88.6585    , array([ 0.00856367 ,  0.991257   ,  0.00424476 ,  0.0507625  ])
1272    , -88.6603    , array([ 0.00866226 ,  0.99236    ,  0.00429442 ,  0.0507494  ])
1276    , -88.6584    , array([ 0.00863862 ,  0.991342   ,  0.00428251 ,  0.0507526  ])
1280    , -88.6584    , array([ 0.00866142 ,  0.991368   ,  0.00429399 ,  0.0507495  ])
