3588    , -2529.52    , array([ 1.08309    ,  1.11604    ,  0.0500968  ,  0.038552   ])
3592    , -1674.01    , array([ 0.465052   ,  1.11604    ,  0.0500968  ,  0.038552   ])
3596    , -406.621    , array([ 0.15603    ,  1.11604    ,  0.0500968  ,  0.038552   ])
3600    , -102.085    , array([ 0.0857361  ,  1.11604    ,  0.0500968  ,  0.038552   ])
3604    , -101.631    , array([ 0.0838377  ,  1.11604    ,  0.0500968  ,  0.038552   ])
3608    , -101.631    , array([ 0.0838453  ,  1.11604    ,  0.0500968  ,  0.038552   ])
3612    , -101.73     , array([ 0.0838453  ,  1.09807    ,  0.0500968  ,  0.038552   ])
3616    , -101.609    , array([ 0.0838453  ,  1.12964    ,  0.0500968  ,  0.038552   ])
3620    , -101.609    , array([ 0.0838453  ,  1.1295     ,  0.0500968  ,  0.038552   ])
3628    , -102.314    , array([ 0.0838453  ,  1.1295     ,  0.0514405  ,  0.038552   ])
3632    , -101.591    , array([ 0.0838453  ,  1.1295     ,  0.0498494  ,  0.038552   ])
3636    , -101.591    , array([ 0.0838453  ,  1.1295     ,  0.0498469  ,  0.038552   ])
3644    , -297.062    , array([ 0.0838453  ,  1.1295     ,  0.0498469  ,  0.0629448  ])
3648    , -101.579    , array([ 0.0838453  ,  1.1295     ,  0.0498469  ,  0.038697   ])
3652    , -101.73     , array([ 0.0846043  ,  1.14296    ,  0.0495969  ,  0.0388549  ])
3656    , -101.579    , array([ 0.0838453  ,  1.1295     ,  0.0498469  ,  0.0387035  ])
3664    , -140.988    , array([ 0.103434   ,  1.1295     ,  0.0498469  ,  0.0387035  ])
3668    , -101.578    , array([ 0.0837264  ,  1.1295     ,  0.0498469  ,  0.0387035  ])
3672    , -101.578    , array([ 0.0837314  ,  1.1295     ,  0.0498469  ,  0.0387035  ])
3676    , -238.341    , array([ 0.0837314  ,  0.511467   ,  0.0498469  ,  0.0387035  ])
3680    , -101.579    , array([ 0.0837314  ,  1.1311     ,  0.0498469  ,  0.0387035  ])
3684    , -101.577    , array([ 0.0837314  ,  1.12713    ,  0.0498469  ,  0.0387035  ])
3688    , -101.577    , array([ 0.0837314  ,  1.12716    ,  0.0498469  ,  0.0387035  ])
3696    , -102.354    , array([ 0.0837314  ,  1.12716    ,  0.051359   ,  0.0387035  ])
3700    , -101.571    , array([ 0.0837314  ,  1.12716    ,  0.0497088  ,  0.0387035  ])
3704    , -101.571    , array([ 0.0837314  ,  1.12716    ,  0.0497074  ,  0.0387035  ])
3712    , -296.035    , array([ 0.0837314  ,  1.12716    ,  0.0497074  ,  0.062982   ])
3716    , -101.569    , array([ 0.0837314  ,  1.12716    ,  0.0497074  ,  0.0387553  ])
