32      , -12559.1    , array([ 1.53805    ,  0.505831   ,  0.183039   ,  1.4036     ,  0.580248   ,  1.06438    ,  0.10744    ,  0.0464493  ,  0.00174538 ,  0.465649   ,  0.473262   ,  1.13524    ,  0.433157   ,  2.5992     ,  0.889534   ,  2.01002    ])
48      , -11181.2    , array([ 1.53805    ,  0.505831   ,  0.800466   ,  1.39698    ,  0.580248   ,  1.06438    ,  0.10744    ,  0.0464493  ,  0.00174538 ,  0.465649   ,  0.473262   ,  1.13524    ,  0.433157   ,  2.5992     ,  0.889534   ,  2.01002    ])
64      , -11181.2    , array([ 1.53805    ,  0.505831   ,  0.800466   ,  1.41189    ,  0.578772   ,  1.06438    ,  0.10744    ,  0.0464493  ,  0.00174538 ,  0.465649   ,  0.473262   ,  1.13524    ,  0.433157   ,  2.5992     ,  0.889534   ,  2.01002    ])
80      , -11181.2    , array([ 1.53805    ,  0.505831   ,  0.800466   ,  1.41189    ,  0.578772   ,  1.06347    ,  0.10744    ,  0.0464493  ,  0.00174538 ,  0.465649   ,  0.473262   ,  1.13524    ,  0.433157   ,  2.5992     ,  0.889534   ,  2.01002    ])
96      , -11181.2    , array([ 1.53805    ,  0.505831   ,  0.800466   ,  1.41189    ,  0.578772   ,  1.06347    ,  0.107399   ,  0.0464493  ,  0.00174538 ,  0.465649   ,  0.473262   ,  1.13524    ,  0.433157   ,  2.5992     ,  0.889534   ,  2.01002    ])
112     , -11181.2    , array([ 1.53805    ,  0.505831   ,  0.800466   ,  1.41189    ,  0.578772   ,  1.06347    ,  0.1074     ,  0.046393   ,  0.00174538 ,  0.465649   ,  0.473262   ,  1.13524    ,  0.433157   ,  2.5992     ,  0.889534   ,  2.01002    ])
128     , -11181.2    , array([ 1.53805    ,  0.505831   ,  0.800466   ,  1.41189    ,  0.578772   ,  1.06347    ,  0.1074     ,  0.0464143  ,  0.0123885  ,  0.465649   ,  0.473262   ,  1.13524    ,  0.433157   ,  2.5992     ,  0.889534   ,  2.01002    ])
160     , -11181.2    , array([ 1.53805    ,  0.505831   ,  0.800466   ,  1.41189    ,  0.578772   ,  1.06347    ,  0.1074     ,  0.0464143  ,  2.02868e-06,  0.454421   ,  0.47114    ,  1.13524    ,  0.433157   ,  2.5992     ,  0.889534   ,  2.01002    ])
176     , -11181.2    , array([ 1.53805    ,  0.505831   ,  0.800466   ,  1.41189    ,  0.578772   ,  1.06347    ,  0.1074     ,  0.0464143  ,  2.02868e-06,  0.454421   ,  0.477057   ,  1.13295    ,  0.433157   ,  2.5992     ,  0.889534   ,  2.01002    ])
192     , -11188.3    , array([ 1.53805    ,  0.505831   ,  0.800466   ,  1.41189    ,  0.578772   ,  1.06347    ,  0.1074     ,  0.0464143  ,  2.02868e-06,  0.454421   ,  0.477057   ,  1.13295    ,  0.437413   ,  1.98117    ,  0.889534   ,  2.01002    ])
208     , -11181.1    , array([ 1.53805    ,  0.505831   ,  0.800466   ,  1.41189    ,  0.578772   ,  1.06347    ,  0.1074     ,  0.0464143  ,  2.02868e-06,  0.454421   ,  0.477057   ,  1.13295    ,  0.437413   ,  2.61515    ,  0.896924   ,  2.01002    ])
