Model	Replicate	log-likelihood	AIC	chi-squared	theta	optimized_params( )
our_model	Round_1_Replicate_1	-1354.61	2719.22	88.72	19968.27	0.9714,0.1145,5.3397,1.0113,0.051
our_model	Round_1_Replicate_2	-1442.66	2895.32	274.53	20173.73	0.8891,0.1337,6.5887,0.6336,0.0621
our_model	Round_1_Replicate_3	-1550.27	3110.54	469.71	19633.44	0.9553,0.1663,5.5231,0.6407,0.0783
our_model	Round_1_Replicate_4	-1483.47	2976.94	345.87	19801.65	0.9423,0.1494,5.6888,0.6173,0.0675
our_model	Round_1_Replicate_5	-2025.86	4061.72	1373.96	8213.03	2.364,0.2198,1.2359,3.8335,30.0
our_model	Round_1_Replicate_6	-2606.04	5222.08	2438.51	3198.58	5.4931,0.9986,0.4774,0.7845,30.0
our_model	Round_1_Replicate_7	-1986.16	3982.32	1289.65	6700.18	2.9666,0.2273,1.0286,3.7672,30.0
our_model	Round_1_Replicate_8	-1328.3	2666.6	34.81	19869.86	1.0196,0.1155,5.2148,1.8467,0.0568
our_model	Round_1_Replicate_9	-2361.59	4733.18	2003.41	3997.13	4.5249,0.6873,0.5926,1.1659,30.0
our_model	Round_1_Replicate_10	-2453.64	4917.28	2184.31	2247.63	8.164,1.2588,0.3282,0.6365,30.0
our_model	Round_2_Replicate_1	-1529.74	3069.48	423.62	19141.91	1.1531,0.1563,4.421,1.7124,0.089
our_model	Round_2_Replicate_2	-1328.44	2666.88	34.79	20015.49	1.0185,0.0856,4.3922,3.1785,0.0414
our_model	Round_2_Replicate_3	-1466.11	2942.22	319.02	20217.78	1.0445,0.0541,3.8328,6.9588,0.0274
our_model	Round_2_Replicate_4	-1312.47	2634.94	3.07	19904.12	1.0343,0.1028,4.8478,2.486,0.0515
our_model	Round_2_Replicate_5	-1311.12	2632.24	0.38	19994.5	0.9976,0.1017,5.0338,2.4187,0.0508
our_model	Round_2_Replicate_6	-2655.21	5320.42	2584.26	53436.59	0.3039,0.06,9.4411,11.4023,0.7577
our_model	Round_2_Replicate_7	-1364.78	2739.56	109.71	19904.94	1.1841,0.0765,4.1906,3.3855,0.0355
our_model	Round_2_Replicate_8	-1673.39	3356.78	768.51	20278.25	1.0512,0.0343,0.6501,7.9924,0.0145
our_model	Round_2_Replicate_9	-1460.41	2930.82	296.28	20241.75	0.8078,0.1402,6.0399,1.0589,0.0681
our_model	Round_2_Replicate_10	-1744.97	3499.94	950.74	20321.72	1.0841,0.029,0.01,8.4423,0.0121
our_model	Round_3_Replicate_1	-1627.77	3265.54	675.02	20409.18	0.8997,0.0391,2.6598,6.3664,0.0165
our_model	Round_3_Replicate_2	-1484.23	2978.46	367.0	20035.08	1.2692,0.0564,3.4229,3.6499,0.0242
our_model	Round_3_Replicate_3	-1554.12	3118.24	513.69	20132.56	1.2167,0.0448,2.6032,6.7192,0.0199
our_model	Round_3_Replicate_4	-1370.79	2751.58	121.52	20137.74	1.0253,0.0705,4.4019,4.6273,0.0353
our_model	Round_3_Replicate_5	-1317.82	2645.64	13.73	20041.83	0.9937,0.091,4.7092,2.8535,0.0445
our_model	Round_3_Replicate_6	-1353.28	2716.56	84.89	20133.73	0.9788,0.0769,4.3357,3.5764,0.0364
our_model	Round_3_Replicate_7	-1425.24	2860.48	238.92	20163.47	1.0553,0.0633,4.1531,3.2797,0.0277
our_model	Round_3_Replicate_8	-1444.16	2898.32	279.35	20096.66	1.142,0.0598,3.8104,3.9275,0.0264
our_model	Round_3_Replicate_9	-1377.7	2765.4	135.25	20147.23	1.0264,0.0694,4.401,4.9551,0.0356
our_model	Round_3_Replicate_10	-1384.9	2779.8	146.37	19433.04	1.1668,0.1305,4.5191,1.3769,0.0625
our_model	Round_4_Replicate_1	-1315.62	2641.24	9.39	19874.88	1.0534,0.1039,4.9461,2.5725,0.0527
our_model	Round_4_Replicate_2	-1314.97	2639.94	8.04	19926.85	1.0083,0.107,5.0187,2.3848,0.0538
our_model	Round_4_Replicate_3	-1316.99	2643.98	12.18	19935.26	1.0049,0.1073,4.9922,1.8764,0.0517
our_model	Round_4_Replicate_4	-1340.72	2691.44	60.5	20121.64	1.0014,0.0792,4.6624,3.3749,0.0381
our_model	Round_4_Replicate_5	-1326.8	2663.6	32.33	20077.38	1.0175,0.085,4.8079,2.8709,0.0411
our_model	Round_4_Replicate_6	-1370.73	2751.46	122.19	19870.79	1.2409,0.0763,4.2973,3.3909,0.0359
our_model	Round_4_Replicate_7	-1317.2	2644.4	12.51	19853.27	1.0837,0.0999,4.8293,2.757,0.0507
our_model	Round_4_Replicate_8	-1314.97	2639.94	8.07	19984.46	0.9868,0.1079,5.1849,2.236,0.0546
our_model	Round_4_Replicate_9	-1316.52	2643.04	11.14	20056.95	0.986,0.0918,4.8031,3.0331,0.0459
our_model	Round_4_Replicate_10	-1311.13	2632.26	0.39	19993.93	0.9983,0.1017,5.0328,2.4577,0.0511
our_model	Round_4_Replicate_11	-1311.01	2632.02	0.16	19992.15	0.9999,0.1012,5.0084,2.4471,0.0506
our_model	Round_4_Replicate_12	-1319.15	2648.3	16.37	19813.63	1.0539,0.1092,4.7905,2.0824,0.0534
our_model	Round_4_Replicate_13	-1311.47	2632.94	1.09	20024.29	0.9973,0.0971,4.9814,2.6607,0.0487
our_model	Round_4_Replicate_14	-1311.19	2632.38	0.51	20014.44	1.0005,0.098,4.9966,2.5795,0.0489
our_model	Round_4_Replicate_15	-1316.72	2643.44	11.57	19882.31	1.0807,0.097,4.8143,2.8397,0.0491
our_model	Round_4_Replicate_16	-1312.14	2634.28	2.42	19989.44	1.0011,0.1008,4.9629,2.6614,0.0517
our_model	Round_4_Replicate_17	-1365.43	2740.86	112.58	20185.04	1.0055,0.0726,4.8262,3.5837,0.0343
Model	Replicate	log-likelihood	AIC	chi-squared	theta	optimized_params( )
our_model	Round_1_Replicate_1	-1371.52	2753.04	124.31	20085.45	0.9438,0.1155,5.9259,0.8041,0.0516
Model	Replicate	log-likelihood	AIC	chi-squared	theta	optimized_params( )
our_model	Round_1_Replicate_1	-1441.59	2893.18	262.57	19722.13	0.9923,0.1425,5.3805,0.6296,0.0638
our_model	Round_1_Replicate_2	-1375.79	2761.58	133.93	20098.76	1.0015,0.1085,6.2,0.843,0.0494
our_model	Round_1_Replicate_3	-2386.98	4783.96	2051.83	3007.47	6.0279,0.9243,0.4445,0.8663,30.0
our_model	Round_1_Replicate_4	-2104.63	4219.26	1528.33	8095.95	2.3401,0.2609,1.2042,3.1753,30.0
our_model	Round_1_Replicate_5	-2246.97	4503.94	1808.69	2227.82	8.5286,1.0623,0.3237,0.7727,30.0
our_model	Round_1_Replicate_6	-2170.28	4350.56	1652.65	7170.39	2.6041,0.3216,1.0637,2.5489,30.0
our_model	Round_1_Replicate_7	-2391.83	4793.66	2058.79	3417.4	5.2822,0.82,0.5066,0.9747,30.0
our_model	Round_1_Replicate_8	-1403.74	2817.48	192.4	20312.46	0.8828,0.1158,6.7877,0.795,0.053
our_model	Round_1_Replicate_9	-2398.1	4806.2	2068.6	4479.16	4.012,0.6301,0.6646,1.2665,30.0
our_model	Round_1_Replicate_10	-1329.9	2669.8	37.4	19901.54	1.0016,0.1079,4.9057,3.0393,0.0577
our_model	Round_2_Replicate_1	-1973.64	3957.28	1260.39	36519.64	0.5462,0.0386,5.8629,22.2593,1.9923
our_model	Round_2_Replicate_2	-2115.58	4241.16	1549.73	32538.98	0.556,0.0673,5.1901,11.8903,1.3145
our_model	Round_2_Replicate_3	-1784.67	3579.34	1048.74	20386.45	1.0333,0.0253,0.0101,11.1892,0.0108
our_model	Round_2_Replicate_4	-1662.48	3334.96	735.04	20072.51	1.4196,0.0355,0.4489,9.6952,0.0155
our_model	Round_2_Replicate_5	-1413.2	2836.4	212.73	19983.86	1.2157,0.0659,3.9171,3.5482,0.0296
our_model	Round_2_Replicate_6	-1352.5	2715.0	83.67	20117.26	1.0152,0.0756,4.519,4.3212,0.0384
our_model	Round_2_Replicate_7	-1777.46	3564.92	1031.09	20364.46	1.0709,0.0257,0.0101,11.1454,0.0111
our_model	Round_2_Replicate_8	-1762.78	3535.56	986.6	20372.77	1.0358,0.0262,0.2168,12.3183,0.0116
our_model	Round_2_Replicate_9	-1313.3	2636.6	4.76	20042.66	1.0009,0.0939,4.9619,2.7114,0.0466
our_model	Round_2_Replicate_10	-1822.36	3654.72	1121.55	20366.55	1.1628,0.0216,0.01,18.5776,0.0101
our_model	Round_3_Replicate_1	-1379.83	2769.66	141.27	20263.35	0.9682,0.0686,4.8065,4.7241,0.0347
our_model	Round_3_Replicate_2	-1327.96	2665.92	34.61	20045.64	1.034,0.086,4.716,2.7135,0.0417
our_model	Round_3_Replicate_3	-1638.99	3287.98	695.13	20304.75	1.0101,0.0368,1.4686,7.5902,0.0158
our_model	Round_3_Replicate_4	-1552.03	3114.06	507.3	19917.8	1.6026,0.0475,2.585,6.7871,0.0217
our_model	Round_3_Replicate_5	-1351.32	2712.64	79.77	19689.19	1.0619,0.1257,4.9797,1.7116,0.0633
our_model	Round_3_Replicate_6	-1313.71	2637.42	5.59	20007.81	1.0202,0.0939,4.8942,2.6388,0.0462
our_model	Round_3_Replicate_7	-1328.65	2667.3	35.65	20162.9	0.9536,0.085,4.8571,3.073,0.0413
our_model	Round_3_Replicate_8	-1315.39	2640.78	8.88	19941.12	1.0438,0.0936,4.6288,2.8608,0.0463
our_model	Round_3_Replicate_9	-1311.09	2632.18	0.33	19985.82	1.0024,0.101,4.9812,2.4017,0.0501
our_model	Round_3_Replicate_10	-1411.14	2832.28	203.69	20402.89	0.8472,0.0681,4.6315,3.3542,0.0308
our_model	Round_4_Replicate_1	-1312.5	2635.0	3.12	19988.26	0.9912,0.1044,5.0648,2.451,0.0532
our_model	Round_4_Replicate_2	-1343.84	2697.68	66.95	20103.9	1.0207,0.0777,4.5752,3.5967,0.0379
our_model	Round_4_Replicate_3	-1326.1	2662.2	30.08	19808.25	1.0395,0.1154,4.9705,1.9461,0.0574
our_model	Round_4_Replicate_4	-1317.2	2644.4	12.53	19844.65	1.0719,0.1049,4.9458,2.392,0.0527
our_model	Round_4_Replicate_5	-1376.61	2763.22	134.7	19887.32	1.241,0.0744,4.2121,3.4011,0.0348
our_model	Round_4_Replicate_6	-1384.01	2778.02	150.23	19891.5	1.2542,0.0728,4.1768,3.4895,0.0339
our_model	Round_4_Replicate_7	-1312.84	2635.68	3.81	19964.68	0.9966,0.1056,5.0256,2.2389,0.0526
our_model	Round_4_Replicate_8	-1358.33	2726.66	97.85	20172.03	1.0096,0.0744,4.8786,3.4546,0.0353
our_model	Round_4_Replicate_9	-1317.73	2645.46	13.64	20050.47	1.0064,0.0899,4.8321,3.1037,0.0453
our_model	Round_4_Replicate_10	-1350.98	2711.96	81.89	19964.94	1.1252,0.0817,4.5991,2.4765,0.0372
our_model	Round_4_Replicate_11	-1313.57	2637.14	5.27	19900.91	1.0391,0.1042,4.97,2.4126,0.0524
our_model	Round_4_Replicate_12	-1311.12	2632.24	0.38	19982.88	1.0085,0.1003,5.0028,2.5479,0.0504
our_model	Round_4_Replicate_13	-1311.98	2633.96	2.11	20041.1	0.991,0.0963,4.9887,2.7409,0.0484
our_model	Round_4_Replicate_14	-1312.07	2634.14	2.27	19968.71	1.0001,0.1039,5.0228,2.3564,0.0518
our_model	Round_4_Replicate_15	-1318.75	2647.5	15.76	20144.16	0.9572,0.0926,5.1687,2.364,0.0446
our_model	Round_4_Replicate_16	-1331.23	2672.46	41.13	19940.94	1.1136,0.0867,4.834,2.9758,0.0421
our_model	Round_4_Replicate_17	-1318.61	2647.22	15.28	19843.03	1.0828,0.0954,4.3947,2.873,0.0472
our_model	Round_4_Replicate_18	-1318.55	2647.1	15.39	20038.37	1.015,0.0903,4.8103,2.613,0.0437
our_model	Round_4_Replicate_19	-1330.17	2670.34	38.68	20066.74	0.9362,0.1125,5.4725,1.6447,0.0539
our_model	Round_4_Replicate_20	-1312.12	2634.24	2.36	19940.19	1.011,0.1029,4.8671,2.3595,0.0509
