2136    , -91.2644    , array([ 0.0913905  ,  1.11091    ,  0.0568664  ,  0.0379452  ])
2140    , -91.2644    , array([ 0.0913905  ,  1.11091    ,  0.0568664  ,  0.0379452  ])
2148    , -116.889    , array([ 0.111896   ,  1.11091    ,  0.0568664  ,  0.0379452  ])
2152    , -90.4918    , array([ 0.0941     ,  1.11091    ,  0.0568664  ,  0.0379452  ])
2156    , -129.466    , array([ 0.0940729  ,  2.11091    ,  0.0568664  ,  0.0379452  ])
2160    , -99.5958    , array([ 0.0940729  ,  1.49287    ,  0.0568664  ,  0.0379452  ])
2164    , -90.6423    , array([ 0.0940729  ,  1.18658    ,  0.0568664  ,  0.0379452  ])
2168    , -90.4012    , array([ 0.0940729  ,  1.13881    ,  0.0568664  ,  0.0379452  ])
2180    , -90.3435    , array([ 0.0940729  ,  1.13881    ,  0.0563982  ,  0.0379452  ])
2184    , -90.343     , array([ 0.0940729  ,  1.13881    ,  0.0563529  ,  0.0379452  ])
2196    , -207.513    , array([ 0.0940729  ,  1.13881    ,  0.0563529  ,  0.0247895  ])
2200    , -90.343     , array([ 0.0940729  ,  1.13881    ,  0.0563529  ,  0.0379428  ])
2204    , -90.343     , array([ 0.0940729  ,  1.13881    ,  0.0563529  ,  0.0379429  ])
2208    , -90.343     , array([ 0.0940729  ,  1.13881    ,  0.0563529  ,  0.0379428  ])
2216    , -74021.6    , array([ 0.00390293 ,  1.13881    ,  0.0563529  ,  0.0379428  ])
2220    , -91.8784    , array([ 0.0977035  ,  1.13881    ,  0.0563529  ,  0.0379428  ])
2224    , -90.3332    , array([ 0.0937638  ,  1.13881    ,  0.0563529  ,  0.0379428  ])
2228    , -90.3332    , array([ 0.0937668  ,  1.13881    ,  0.0563529  ,  0.0379428  ])
2232    , -90.459     , array([ 0.0937668  ,  1.11337    ,  0.0563529  ,  0.0379428  ])
2236    , -90.3246    , array([ 0.0937668  ,  1.14771    ,  0.0563529  ,  0.0379428  ])
2240    , -90.3246    , array([ 0.0937668  ,  1.14762    ,  0.0563529  ,  0.0379428  ])
2248    , -90.5945    , array([ 0.0937668  ,  1.14762    ,  0.0571929  ,  0.0379428  ])
2252    , -90.3034    , array([ 0.0937668  ,  1.14762    ,  0.0560481  ,  0.0379428  ])
2256    , -90.3034    , array([ 0.0937668  ,  1.14762    ,  0.056045   ,  0.0379428  ])
2264    , -288.246    , array([ 0.0937668  ,  1.14762    ,  0.056045   ,  0.0622039  ])
2268    , -90.303     , array([ 0.0937668  ,  1.14762    ,  0.056045   ,  0.037895   ])
2272    , -90.2714    , array([ 0.0934608  ,  1.15643    ,  0.0557372  ,  0.0378768  ])
2276    , -90.2265    , array([ 0.0924679  ,  1.18502    ,  0.0547385  ,  0.0377696  ])
2280    , -90.2284    , array([ 0.092658   ,  1.17955    ,  0.0549297  ,  0.0377901  ])
2284    , -2536.4     , array([ 1.09244    ,  1.18578    ,  0.054712   ,  0.0377667  ])
2288    , -1622.89    , array([ 0.474407   ,  1.18578    ,  0.054712   ,  0.0377667  ])
2292    , -370.975    , array([ 0.165386   ,  1.18578    ,  0.054712   ,  0.0377667  ])
2296    , -90.2388    , array([ 0.0914384  ,  1.18578    ,  0.054712   ,  0.0377667  ])
2300    , -90.2045    , array([ 0.0919945  ,  1.18578    ,  0.054712   ,  0.0377667  ])
2304    , -196.244    , array([ 0.0919945  ,  0.567744   ,  0.054712   ,  0.0377667  ])
2308    , -90.1949    , array([ 0.0919945  ,  1.17901    ,  0.054712   ,  0.0377667  ])
2312    , -90.1935    , array([ 0.0919945  ,  1.1751     ,  0.054712   ,  0.0377667  ])
2316    , -90.1935    , array([ 0.0919945  ,  1.17521    ,  0.054712   ,  0.0377667  ])
2324    , -292.126    , array([ 0.0919945  ,  1.17521    ,  0.054712   ,  0.0621409  ])
2328    , -90.1902    , array([ 0.0919945  ,  1.17521    ,  0.054712   ,  0.0378375  ])
2332    , -90.1901    , array([ 0.0919945  ,  1.17521    ,  0.054712   ,  0.0378473  ])
2336    , -90.2465    , array([ 0.0928136  ,  1.15163    ,  0.0555359  ,  0.0379358  ])
2340    , -90.1834    , array([ 0.0915881  ,  1.18691    ,  0.0543032  ,  0.0378035  ])
2348    , -968.383    , array([ 0.282563   ,  1.18679    ,  0.0543072  ,  0.0378039  ])
2352    , -333.852    , array([ 0.0571503  ,  1.18679    ,  0.0543072  ,  0.0378039  ])
2356    , -90.1812    , array([ 0.0914643  ,  1.18679    ,  0.0543072  ,  0.0378039  ])
2360    , -90.1812    , array([ 0.0914536  ,  1.18679    ,  0.0543072  ,  0.0378039  ])
2364    , -195.948    , array([ 0.0914536  ,  0.568759   ,  0.0543072  ,  0.0378039  ])
2368    , -90.172     , array([ 0.0914536  ,  1.18018    ,  0.0543072  ,  0.0378039  ])
2372    , -90.1706    , array([ 0.0914536  ,  1.1763     ,  0.0543072  ,  0.0378039  ])
2376    , -90.1706    , array([ 0.0914536  ,  1.1764     ,  0.0543072  ,  0.0378039  ])
2384    , -291.876    , array([ 0.0914536  ,  1.1764     ,  0.0543072  ,  0.0621884  ])
2388    , -90.1651    , array([ 0.0914536  ,  1.1764     ,  0.0543072  ,  0.0378981  ])
2392    , -90.165     , array([ 0.0914536  ,  1.1764     ,  0.0543072  ,  0.0379069  ])
2396    , -90.2149    , array([ 0.0922727  ,  1.15282    ,  0.0551311  ,  0.0379953  ])
2400    , -90.1611    , array([ 0.0911531  ,  1.18505    ,  0.054005   ,  0.0378744  ])
2404    , -90.1041    , array([ 0.0899927  ,  1.18082    ,  0.0532026  ,  0.0380579  ])
2408    , -89.2859    , array([ 0.0672738  ,  1.09592    ,  0.0375124  ,  0.0416654  ])
2412    , -89.29      , array([ 0.0646266  ,  1.08603    ,  0.0356842  ,  0.0420857  ])
2416    , -2444.11    , array([ 1.06606    ,  1.09137    ,  0.0366719  ,  0.0418586  ])
2420    , -1756.95    , array([ 0.448023   ,  1.09137    ,  0.0366719  ,  0.0418586  ])
2424    , -502.688    , array([ 0.139001   ,  1.09137    ,  0.0366719  ,  0.0418586  ])
2428    , -91.2446    , array([ 0.0686529  ,  1.09137    ,  0.0366719  ,  0.0418586  ])
2432    , -89.2079    , array([ 0.0654717  ,  1.09137    ,  0.0366719  ,  0.0418586  ])
2436    , -89.6787    , array([ 0.0676103  ,  1.02964    ,  0.0388289  ,  0.0420901  ])
2440    , -89.203     , array([ 0.0652258  ,  1.09828    ,  0.0364306  ,  0.0418327  ])
2444    , -4119.85    , array([ 0.0652234  ,  1.09835    ,  0.0364282  ,  1.04183    ])
2448    , -3689.48    , array([ 0.0652234  ,  1.09835    ,  0.0364282  ,  0.423798   ])
2452    , -972.453    , array([ 0.0652234  ,  1.09835    ,  0.0364282  ,  0.11477    ])
2456    , -93.2051    , array([ 0.0652234  ,  1.09835    ,  0.0364282  ,  0.0451823  ])
2460    , -89.1673    , array([ 0.0652234  ,  1.09835    ,  0.0364282  ,  0.0421081  ])
2464    , -89.1673    , array([ 0.0652234  ,  1.09835    ,  0.0364282  ,  0.0421109  ])
2468    , -89.1014    , array([ 0.0620217  ,  1.08639    ,  0.034217   ,  0.0426193  ])
2472    , -89.0978    , array([ 0.0611815  ,  1.08325    ,  0.0336367  ,  0.0427527  ])
2476    , -2433.83    , array([ 1.06118    ,  1.08325    ,  0.0336367  ,  0.0427527  ])
2480    , -1787.94    , array([ 0.443147   ,  1.08325    ,  0.0336367  ,  0.0427527  ])
2484    , -536.545    , array([ 0.134125   ,  1.08325    ,  0.0336367  ,  0.0427527  ])
2488    , -92.4139    , array([ 0.0645979  ,  1.08325    ,  0.0336367  ,  0.0427527  ])
2492    , -89.0566    , array([ 0.0607744  ,  1.08325    ,  0.0336367  ,  0.0427527  ])
2496    , -89.5352    , array([ 0.0629148  ,  1.02151    ,  0.0357936  ,  0.0429842  ])
2500    , -89.0556    , array([ 0.0606707  ,  1.08611    ,  0.0335365  ,  0.042742   ])
2504    , -89.0556    , array([ 0.0606663  ,  1.08624    ,  0.0335321  ,  0.0427415  ])
2516    , -191.745    , array([ 0.0606663  ,  1.08624    ,  0.0335321  ,  0.0295859  ])
2520    , -89.0515    , array([ 0.0606663  ,  1.08624    ,  0.0335321  ,  0.0428372  ])
2524    , -105.654    , array([ 0.0355731  ,  0.992472   ,  0.0162021  ,  0.0468208  ])
2528    , -89.5455    , array([ 0.0510816  ,  1.05042    ,  0.0269126  ,  0.0443582  ])
2532    , -89.0162    , array([ 0.0583375  ,  1.07754    ,  0.0319237  ,  0.043206   ])
2536    , -89.0161    , array([ 0.0581569  ,  1.07686    ,  0.031799   ,  0.0432347  ])
2540    , -88.8666    , array([ 0.0503285  ,  1.06049    ,  0.02705    ,  0.0444822  ])
2544    , -88.8393    , array([ 0.0445507  ,  1.04837    ,  0.0235434  ,  0.0454028  ])
2548    , -88.8345    , array([ 0.0459779  ,  1.05137    ,  0.0244096  ,  0.0451754  ])
2552    , -90.1605    , array([ 0.0614864  ,  1.10932    ,  0.0351202  ,  0.0427128  ])
2556    , -88.8058    , array([ 0.0476928  ,  1.05777    ,  0.025594   ,  0.0449031  ])
2560    , -88.8033    , array([ 0.0472967  ,  1.05629    ,  0.0253204  ,  0.044966   ])
2564    , -89.4348    , array([ 0.0494411  ,  0.994557   ,  0.0274774  ,  0.0451975  ])
2568    , -88.7987    , array([ 0.0474695  ,  1.05132    ,  0.0254943  ,  0.0449847  ])
2572    , -88.7987    , array([ 0.0474568  ,  1.05168    ,  0.0254815  ,  0.0449833  ])
2584    , -182.157    , array([ 0.0474568  ,  1.05168    ,  0.0254815  ,  0.0318277  ])
2588    , -88.7977    , array([ 0.0474568  ,  1.05168    ,  0.0254815  ,  0.0449337  ])
2592    , -89.053     , array([ 0.0352529  ,  1.02609    ,  0.018075   ,  0.0468784  ])
2596    , -88.7585    , array([ 0.0427953  ,  1.04191    ,  0.0226524  ,  0.0456765  ])
2600    , -88.7585    , array([ 0.0427487  ,  1.04181    ,  0.0226241  ,  0.0456839  ])
2604    , -278.334    , array([ 0.0177021  ,  0.94814    ,  0.00532242 ,  0.049661   ])
2608    , -93.9438    , array([ 0.0332106  ,  1.00609    ,  0.016033   ,  0.0471984  ])
2612    , -88.746     , array([ 0.0435757  ,  1.04482    ,  0.0231914  ,  0.0455526  ])
2616    , -88.7459    , array([ 0.0435211  ,  1.04462    ,  0.0231536  ,  0.0455612  ])
2620    , -88.7459    , array([ 0.0435284  ,  1.04465    ,  0.0231587  ,  0.0455601  ])
2624    , -88.7452    , array([ 0.0435869  ,  1.04296    ,  0.0232176  ,  0.0455664  ])
2628    , -3849.39    , array([ 0.0435878  ,  1.04294    ,  0.0232185  ,  1.04557    ])
2632    , -3434.57    , array([ 0.0435878  ,  1.04294    ,  0.0232185  ,  0.427532   ])
2636    , -904.508    , array([ 0.0435878  ,  1.04294    ,  0.0232185  ,  0.118505   ])
2640    , -91.8372    , array([ 0.0435878  ,  1.04294    ,  0.0232185  ,  0.0483473  ])
2644    , -88.7445    , array([ 0.0435878  ,  1.04294    ,  0.0232185  ,  0.0455261  ])
2648    , -89.124     , array([ 0.063334   ,  1.08434    ,  0.0352024  ,  0.0423791  ])
2652    , -88.7302    , array([ 0.0414961  ,  1.03855    ,  0.021949   ,  0.045859   ])
2656    , -88.7298    , array([ 0.0411192  ,  1.03776    ,  0.0217203  ,  0.045919   ])
2660    , -88.7298    , array([ 0.0411192  ,  1.03776    ,  0.0217203  ,  0.045919   ])
2664    , -89.0385    , array([ 0.020564   ,  0.986895   ,  0.0102887  ,  0.0488935  ])
2668    , -88.644     , array([ 0.0308614  ,  1.01238    ,  0.0160155  ,  0.0474034  ])
2676    , -107.407    , array([ 0.0208402  ,  0.975481   ,  0.00915327 ,  0.0489885  ])
2680    , -88.6343    , array([ 0.0306767  ,  1.01224    ,  0.0159466  ,  0.0474266  ])
2684    , -88.6329    , array([ 0.0308147  ,  1.01275    ,  0.0160419  ,  0.0474047  ])
2688    , -88.6329    , array([ 0.0308186  ,  1.01277    ,  0.0160446  ,  0.047404   ])
2692    , -88.6301    , array([ 0.0307479  ,  1.0148     ,  0.0159735  ,  0.0473964  ])
2696    , -88.6301    , array([ 0.0307456  ,  1.01487    ,  0.0159712  ,  0.0473962  ])
2708    , -176.881    , array([ 0.0307456  ,  1.01487    ,  0.0159712  ,  0.0342406  ])
2712    , -88.6279    , array([ 0.0307456  ,  1.01487    ,  0.0159712  ,  0.0474714  ])
2716    , -88.9864    , array([ 0.0200513  ,  0.988405   ,  0.0100237  ,  0.0490181  ])
2720    , -88.6324    , array([ 0.0266608  ,  1.00476    ,  0.0136995  ,  0.0480617  ])
2724    , -88.6237    , array([ 0.0288427  ,  1.01016    ,  0.0149129  ,  0.047746   ])
2728    , -88.6237    , array([ 0.0288427  ,  1.01016    ,  0.0149129  ,  0.047746   ])
2732    , -94.4562    , array([ 0.0443512  ,  1.06811    ,  0.0256235  ,  0.0452834  ])
2736    , -88.6963    , array([ 0.0301274  ,  1.01496    ,  0.0158002  ,  0.047542   ])
2740    , -88.6184    , array([ 0.0290941  ,  1.0111     ,  0.0150865  ,  0.0477061  ])
2744    , -89.7912    , array([ 0.0277713  ,  1.04926    ,  0.0137552  ,  0.0475626  ])
2748    , -88.752     , array([ 0.0285904  ,  1.02568    ,  0.0145791  ,  0.047651   ])
2752    , -88.6168    , array([ 0.0290457  ,  1.01257    ,  0.0150371  ,  0.0477002  ])
2760    , -2179.85    , array([ 0.0290457  ,  1.01257    ,  0.0150371  ,  0.238657   ])
2764    , -1137.63    , array([ 0.0290457  ,  1.01257    ,  0.0150371  ,  0.0132583  ])
2768    , -88.6552    , array([ 0.0290457  ,  1.01257    ,  0.0150371  ,  0.0480245  ])
2772    , -88.6168    , array([ 0.0290457  ,  1.01257    ,  0.0150371  ,  0.0477073  ])
2776    , -88.6168    , array([ 0.0290457  ,  1.01257    ,  0.0150371  ,  0.0477077  ])
2780    , -88.6168    , array([ 0.0290457  ,  1.01257    ,  0.0150371  ,  0.0477077  ])
2784    , -88.6155    , array([ 0.0283834  ,  1.01094    ,  0.0146687  ,  0.0478036  ])
2788    , -88.6153    , array([ 0.0280367  ,  1.01008    ,  0.0144759  ,  0.0478537  ])
