1512    , -1038.29    , array([ 0.254268   ,  2.88162    ,  0.0848811  ,  0.0576482  ])
1516    , -496.289    , array([ 0.0288566  ,  2.88162    ,  0.0848811  ,  0.0576482  ])
1520    , -91.5914    , array([ 0.0627773  ,  2.88162    ,  0.0848811  ,  0.0576482  ])
1524    , -91.5511    , array([ 0.0633162  ,  2.88162    ,  0.0848811  ,  0.0576482  ])
1528    , -91.5511    , array([ 0.0633158  ,  2.88162    ,  0.0848811  ,  0.0576482  ])
1532    , -152.798    , array([ 0.0633162  ,  1.26358    ,  0.0848811  ,  0.0576482  ])
1536    , -91.5592    , array([ 0.0633162  ,  2.96368    ,  0.0848811  ,  0.0576482  ])
1540    , -91.542     , array([ 0.0633162  ,  2.91541    ,  0.0848811  ,  0.0576482  ])
1544    , -91.542     , array([ 0.0633162  ,  2.91575    ,  0.0848811  ,  0.0576482  ])
1548    , -94.9052    , array([ 0.0633162  ,  2.91575    ,  0.0759644  ,  0.0576482  ])
1552    , -91.5366    , array([ 0.0633162  ,  2.91575    ,  0.0845313  ,  0.0576482  ])
1560    , -5062.88    , array([ 0.0633162  ,  2.91575    ,  0.0845313  ,  0.248535   ])
1564    , -1101.02    , array([ 0.0633162  ,  2.91575    ,  0.0845313  ,  0.0130448  ])
1568    , -91.5366    , array([ 0.0633162  ,  2.91575    ,  0.0845313  ,  0.0576469  ])
1572    , -91.5367    , array([ 0.0633162  ,  2.91575    ,  0.0845313  ,  0.0576283  ])
1576    , -91.5366    , array([ 0.0633162  ,  2.91575    ,  0.0845313  ,  0.0576454  ])
1580    , -91.5366    , array([ 0.0633162  ,  2.91575    ,  0.0845313  ,  0.0576458  ])
1588    , -1043.06    , array([ 0.254286   ,  2.91575    ,  0.0845313  ,  0.0576457  ])
1592    , -493.979    , array([ 0.0288743  ,  2.91575    ,  0.0845313  ,  0.0576457  ])
1596    , -91.5831    , array([ 0.0625626  ,  2.91575    ,  0.0845313  ,  0.0576457  ])
1600    , -91.5332    , array([ 0.0631616  ,  2.91575    ,  0.0845313  ,  0.0576457  ])
1604    , -91.5332    , array([ 0.06316    ,  2.91575    ,  0.0845313  ,  0.0576457  ])
1608    , -91.5327    , array([ 0.06316    ,  2.92122    ,  0.0845313  ,  0.0576457  ])
1612    , -91.5326    , array([ 0.06316    ,  2.92345    ,  0.0845313  ,  0.0576457  ])
1616    , -91.5326    , array([ 0.06316    ,  2.92482    ,  0.0845313  ,  0.0576457  ])
1624    , -91.6824    , array([ 0.06316    ,  2.92482    ,  0.0861073  ,  0.0576457  ])
1628    , -91.5285    , array([ 0.06316    ,  2.92482    ,  0.0842332  ,  0.0576457  ])
1632    , -91.5285    , array([ 0.06316    ,  2.92482    ,  0.0842302  ,  0.0576457  ])
1640    , -139.323    , array([ 0.06316    ,  2.92482    ,  0.0842302  ,  0.0705744  ])
1644    , -91.5285    , array([ 0.06316    ,  2.92482    ,  0.0842302  ,  0.0576469  ])
1648    , -91.5285    , array([ 0.06316    ,  2.92482    ,  0.0842302  ,  0.0576468  ])
1652    , -91.5285    , array([ 0.06316    ,  2.92482    ,  0.0842302  ,  0.0576467  ])
