282     , -4145.13    , array([ 0.179154   ,  1.07029    ,  0.0854063  ,  0.0687477  ,  5.71075    ,  2.766      ])
288     , -1329.43    , array([ 0.777146   ,  1.07029    ,  0.0854063  ,  0.0687477  ,  5.71075    ,  2.766      ])
294     , -1314.54    , array([ 0.797174   ,  1.07029    ,  0.0854063  ,  0.0687477  ,  5.71075    ,  2.766      ])
300     , -1314.54    , array([ 0.797175   ,  1.07029    ,  0.0854063  ,  0.0687477  ,  5.71075    ,  2.766      ])
306     , -1314.54    , array([ 0.797175   ,  1.06944    ,  0.0854063  ,  0.0687477  ,  5.71075    ,  2.766      ])
324     , -1314.53    , array([ 0.797175   ,  1.06936    ,  0.0855392  ,  0.0687477  ,  5.71075    ,  2.766      ])
342     , -1314.7     , array([ 0.797175   ,  1.06936    ,  0.0855198  ,  0.0691183  ,  5.71075    ,  2.766      ])
348     , -1314.53    , array([ 0.797175   ,  1.06936    ,  0.0855198  ,  0.0687483  ,  5.71075    ,  2.766      ])
354     , -1320.15    , array([ 0.797175   ,  1.06936    ,  0.0855198  ,  0.0687483  ,  6.09272    ,  2.766      ])
360     , -1314.53    , array([ 0.797175   ,  1.06936    ,  0.0855198  ,  0.0687483  ,  5.70303    ,  2.766      ])
366     , -1314.54    , array([ 0.797175   ,  1.06936    ,  0.0855198  ,  0.0687483  ,  5.70303    ,  2.77562    ])
372     , -1314.53    , array([ 0.797175   ,  1.06936    ,  0.0855198  ,  0.0687483  ,  5.70303    ,  2.76428    ])
