8       , -11199.5    , array([ 1.60956    ,  0.507431   ,  1.02759    ,  0.512127   ,  1.01845    ,  2.50017    ,  0.102142   ,  0.0479626  ])
16      , -21826.8    , array([ 1.50348    ,  1.50743    ,  1.02759    ,  0.512127   ,  1.01845    ,  2.50017    ,  0.102142   ,  0.0479626  ])
24      , -11183      , array([ 1.50348    ,  0.49884    ,  1.02759    ,  0.512127   ,  1.01845    ,  2.50017    ,  0.102142   ,  0.0479626  ])
40      , -11179.1    , array([ 1.50348    ,  0.507437   ,  1.02476    ,  0.512127   ,  1.01845    ,  2.50017    ,  0.102142   ,  0.0479626  ])
48      , -11317.8    , array([ 1.50348    ,  0.507437   ,  1.02479    ,  0.894093   ,  1.01845    ,  2.50017    ,  0.102142   ,  0.0479626  ])
56      , -11851.9    , array([ 1.50348    ,  0.507437   ,  1.02479    ,  0.511714   ,  2.01845    ,  2.50017    ,  0.102142   ,  0.0479626  ])
64      , -11179.1    , array([ 1.50348    ,  0.507437   ,  1.02479    ,  0.511714   ,  1.02031    ,  2.50017    ,  0.102142   ,  0.0479626  ])
72      , -11179.1    , array([ 1.50348    ,  0.507437   ,  1.02479    ,  0.511714   ,  1.02031    ,  2.52527    ,  0.102142   ,  0.0479626  ])
88      , -11180.1    , array([ 1.50348    ,  0.507437   ,  1.02479    ,  0.511714   ,  1.02031    ,  2.51432    ,  0.103144   ,  0.0479626  ])
96      , -11179.1    , array([ 1.50348    ,  0.507437   ,  1.02479    ,  0.511714   ,  1.02031    ,  2.51432    ,  0.102067   ,  0.0479626  ])
104     , -11871.1    , array([ 1.50348    ,  0.507437   ,  1.02479    ,  0.511714   ,  1.02031    ,  2.51432    ,  0.102067   ,  0.0732548  ])
