2584    , -96.2087    , array([ 0.148831   ,  1.51471    ,  0.106278   ,  0.027503   ])
2588    , -96.2087    , array([ 0.148831   ,  1.51471    ,  0.106278   ,  0.027503   ])
2596    , -106.732    , array([ 0.166351   ,  1.51471    ,  0.106278   ,  0.027503   ])
2600    , -96.206     , array([ 0.149097   ,  1.51471    ,  0.106278   ,  0.027503   ])
2608    , -96.5064    , array([ 0.149094   ,  1.63361    ,  0.106278   ,  0.027503   ])
2612    , -96.205     , array([ 0.149094   ,  1.52069    ,  0.106278   ,  0.027503   ])
2616    , -96.205     , array([ 0.149094   ,  1.52063    ,  0.106278   ,  0.027503   ])
2624    , -351.871    , array([ 0.149094   ,  1.52063    ,  0.179212   ,  0.027503   ])
2628    , -96.0427    , array([ 0.149094   ,  1.52063    ,  0.104559   ,  0.027503   ])
2636    , -3724.05    , array([ 0.149094   ,  1.52063    ,  0.104559   ,  0.218442   ])
2644    , -107.864    , array([ 0.149094   ,  1.52063    ,  0.104559   ,  0.0318017  ])
2648    , -95.9912    , array([ 0.149094   ,  1.52063    ,  0.104559   ,  0.0277563  ])
2652    , -96.0105    , array([ 0.149357   ,  1.52654    ,  0.10284    ,  0.0280096  ])
2656    , -95.9695    , array([ 0.149195   ,  1.52289    ,  0.103902   ,  0.027853   ])
2660    , -95.9692    , array([ 0.149204   ,  1.5231     ,  0.103842   ,  0.027862   ])
2664    , -95.9692    , array([ 0.149205   ,  1.52312    ,  0.103835   ,  0.027863   ])
2672    , -113.615    , array([ 0.169595   ,  1.52312    ,  0.103835   ,  0.027863   ])
2676    , -95.804     , array([ 0.147179   ,  1.52312    ,  0.103835   ,  0.027863   ])
2680    , -107.422    , array([ 0.147179   ,  2.52312    ,  0.103835   ,  0.027863   ])
2684    , -98.6968    , array([ 0.147179   ,  1.90509    ,  0.103835   ,  0.027863   ])
2688    , -95.8002    , array([ 0.147179   ,  1.51161    ,  0.103835   ,  0.027863   ])
2692    , -95.8002    , array([ 0.147179   ,  1.51133    ,  0.103835   ,  0.027863   ])
2704    , -284.691    , array([ 0.147179   ,  1.51133    ,  0.103835   ,  0.0147074  ])
2708    , -95.7991    , array([ 0.147179   ,  1.51133    ,  0.103835   ,  0.0278256  ])
2712    , -95.7119    , array([ 0.14729    ,  1.51382    ,  0.10311    ,  0.0279324  ])
2716    , -95.6698    , array([ 0.147393   ,  1.51612    ,  0.102442   ,  0.0280309  ])
2720    , -95.4       , array([ 0.145812   ,  1.51434    ,  0.0995341  ,  0.0284219  ])
2724    , -95.1326    , array([ 0.141397   ,  1.50588    ,  0.0927746  ,  0.0293172  ])
2728    , -95.1227    , array([ 0.142069   ,  1.50717    ,  0.0938037  ,  0.0291809  ])
2732    , -95.3552    , array([ 0.14218    ,  1.50966    ,  0.0930791  ,  0.0292876  ])
2736    , -94.7817    , array([ 0.141704   ,  1.49896    ,  0.0961904  ,  0.0288292  ])
2740    , -94.7808    , array([ 0.141687   ,  1.49859    ,  0.0962976  ,  0.0288134  ])
2748    , -95.0565    , array([ 0.141683   ,  1.62528    ,  0.0963228  ,  0.0288097  ])
2752    , -94.7682    , array([ 0.141683   ,  1.51902    ,  0.0963228  ,  0.0288097  ])
2756    , -6212.24    , array([ 0.141683   ,  1.51923    ,  0.0963228  ,  1.02881    ])
2760    , -5475.27    , array([ 0.141683   ,  1.51923    ,  0.0963228  ,  0.410776   ])
2764    , -1466.8     , array([ 0.141683   ,  1.51923    ,  0.0963228  ,  0.101742   ])
2768    , -268.751    , array([ 0.141683   ,  1.51923    ,  0.0963228  ,  0.0159712  ])
2772    , -94.7626    , array([ 0.141683   ,  1.51923    ,  0.0963228  ,  0.0288965  ])
2776    , -94.4581    , array([ 0.136299   ,  1.50891    ,  0.0880799  ,  0.0299875  ])
2780    , -94.4252    , array([ 0.138356   ,  1.51285    ,  0.0912284  ,  0.0295704  ])
2784    , -94.8554    , array([ 0.127828   ,  1.50548    ,  0.0782209  ,  0.0313418  ])
2788    , -94.2009    , array([ 0.137367   ,  1.50532    ,  0.0919253  ,  0.0294515  ])
2792    , -94.2061    , array([ 0.137403   ,  1.50613    ,  0.0916888  ,  0.0294863  ])
2796    , -94.2006    , array([ 0.137357   ,  1.50509    ,  0.0919911  ,  0.0294418  ])
2800    , -121.435    , array([ 0.137357   ,  0.887057   ,  0.0919911  ,  0.0294418  ])
2804    , -94.1996    , array([ 0.137357   ,  1.50073    ,  0.0919911  ,  0.0294418  ])
2808    , -94.1994    , array([ 0.137357   ,  1.49892    ,  0.0919911  ,  0.0294418  ])
2812    , -94.1994    , array([ 0.137357   ,  1.49885    ,  0.0919911  ,  0.0294418  ])
2820    , -439.612    , array([ 0.137357   ,  1.49885    ,  0.0919911  ,  0.0572996  ])
2824    , -94.3596    , array([ 0.137357   ,  1.49885    ,  0.0919911  ,  0.030097   ])
2828    , -94.1802    , array([ 0.137357   ,  1.49885    ,  0.0919911  ,  0.0296003  ])
2832    , -94.1331    , array([ 0.131972   ,  1.48854    ,  0.0837482  ,  0.0306937  ])
2836    , -93.9612    , array([ 0.134323   ,  1.49304    ,  0.0873465  ,  0.0302171  ])
2840    , -93.5572    , array([ 0.131065   ,  1.47472    ,  0.084652   ,  0.0307065  ])
2844    , -91.6209    , array([ 0.0990866  ,  1.29593    ,  0.057992   ,  0.0355267  ])
2848    , -91.7594    , array([ 0.109269   ,  1.35286    ,  0.0664813  ,  0.0339918  ])
2852    , -91.5749    , array([ 0.101784   ,  1.31101    ,  0.060241   ,  0.0351201  ])
2856    , -91.2425    , array([ 0.101902   ,  1.3082     ,  0.0618505  ,  0.0348739  ])
2860    , -91.2439    , array([ 0.101911   ,  1.30842    ,  0.0617862  ,  0.0348834  ])
2864    , -91.2423    , array([ 0.101897   ,  1.30809    ,  0.0618829  ,  0.0348692  ])
2868    , -154.878    , array([ 0.101897   ,  0.690054   ,  0.0618829  ,  0.0348692  ])
2872    , -91.2424    , array([ 0.101897   ,  1.30846    ,  0.0618829  ,  0.0348692  ])
2876    , -91.2419    , array([ 0.101897   ,  1.30577    ,  0.0618829  ,  0.0348692  ])
2884    , -3015.87    , array([ 0.101897   ,  1.30581    ,  0.0618829  ,  0.225816   ])
2888    , -2064.07    , array([ 0.101897   ,  1.30581    ,  0.0618829  ,  0.000427318])
2892    , -91.1503    , array([ 0.101897   ,  1.30581    ,  0.0618829  ,  0.0358432  ])
2896    , -91.0519    , array([ 0.101897   ,  1.30581    ,  0.0618829  ,  0.0354356  ])
2900    , -92.7317    , array([ 0.121826   ,  1.41723    ,  0.0784976  ,  0.0324317  ])
2904    , -90.7476    , array([ 0.0967699  ,  1.27715    ,  0.0576088  ,  0.0362084  ])
2908    , -90.6448    , array([ 0.092365   ,  1.25252    ,  0.0539366  ,  0.0368723  ])
2912    , -90.5734    , array([ 0.09228    ,  1.24902    ,  0.0551876  ,  0.0366854  ])
2916    , -90.5314    , array([ 0.0923236  ,  1.24999    ,  0.0549031  ,  0.0367273  ])
2920    , -121.821    , array([ 0.0923505  ,  2.2506     ,  0.0547273  ,  0.0367532  ])
2924    , -98.621     , array([ 0.0923505  ,  1.63256    ,  0.0547273  ,  0.0367532  ])
2928    , -90.5144    , array([ 0.0923505  ,  1.2399     ,  0.0547273  ,  0.0367532  ])
2932    , -90.5144    , array([ 0.0923505  ,  1.23923    ,  0.0547273  ,  0.0367532  ])
2940    , -2837.46    , array([ 0.0923505  ,  1.2395     ,  0.0547273  ,  0.227702   ])
2944    , -1857.94    , array([ 0.0923505  ,  1.2395     ,  0.0547273  ,  0.00231136 ])
2948    , -90.4715    , array([ 0.0923505  ,  1.2395     ,  0.0547273  ,  0.0376249  ])
2952    , -90.3878    , array([ 0.0923505  ,  1.2395     ,  0.0547273  ,  0.0372322  ])
2956    , -92.3442    , array([ 0.11228    ,  1.35093    ,  0.0713419  ,  0.0342283  ])
2960    , -90.2591    , array([ 0.0852242  ,  1.19966    ,  0.0487862  ,  0.0383063  ])
2964    , -90.2112    , array([ 0.0873791  ,  1.21171    ,  0.0505827  ,  0.0379815  ])
2968    , -89.5887    , array([ 0.0742567  ,  1.10448    ,  0.0417445  ,  0.0408959  ])
2972    , -89.5845    , array([ 0.072911   ,  1.09349    ,  0.0408374  ,  0.0411944  ])
2976    , -90.2327    , array([ 0.0732919  ,  1.09819    ,  0.0402949  ,  0.0412412  ])
2980    , -89.4377    , array([ 0.0731225  ,  1.09438    ,  0.0414024  ,  0.041078   ])
2984    , -89.4133    , array([ 0.0730863  ,  1.09357    ,  0.0416392  ,  0.0410432  ])
2988    , -261.148    , array([ 0.0730863  ,  0.475532   ,  0.0416392  ,  0.0410432  ])
2992    , -89.3996    , array([ 0.0730863  ,  1.10793    ,  0.0416392  ,  0.0410432  ])
2996    , -89.3977    , array([ 0.0730863  ,  1.10421    ,  0.0416392  ,  0.0410432  ])
3008    , -195.709    , array([ 0.0730863  ,  1.10421    ,  0.0416392  ,  0.0278876  ])
3012    , -89.3976    , array([ 0.0730863  ,  1.10421    ,  0.0416392  ,  0.0410278  ])
3016    , -89.3976    , array([ 0.0730863  ,  1.10421    ,  0.0416392  ,  0.0410278  ])
3020    , -89.819     , array([ 0.0818915  ,  1.17608    ,  0.0475749  ,  0.0390746  ])
3024    , -89.3147    , array([ 0.0684517  ,  1.06638    ,  0.0385149  ,  0.0420558  ])
3028    , -89.3147    , array([ 0.0684517  ,  1.06638    ,  0.0385149  ,  0.0420558  ])
3032    , -89.3658    , array([ 0.0683832  ,  1.06484    ,  0.0389627  ,  0.0419899  ])
3036    , -89.3079    , array([ 0.0684344  ,  1.06599    ,  0.0386281  ,  0.0420392  ])
3040    , -89.3079    , array([ 0.0684343  ,  1.06599    ,  0.0386292  ,  0.042039   ])
3044    , -89.4388    , array([ 0.0684343  ,  1.0481     ,  0.0386292  ,  0.042039   ])
3048    , -89.2769    , array([ 0.0684343  ,  1.08039    ,  0.0386292  ,  0.042039   ])
3052    , -89.2769    , array([ 0.0684343  ,  1.08025    ,  0.0386292  ,  0.042039   ])
3060    , -257.536    , array([ 0.0684343  ,  1.08025    ,  0.0386292  ,  0.0654545  ])
3064    , -89.2682    , array([ 0.0684343  ,  1.08025    ,  0.0386292  ,  0.0418841  ])
3068    , -89.2681    , array([ 0.0684343  ,  1.08025    ,  0.0386292  ,  0.041899   ])
3072    , -89.6388    , array([ 0.0772395  ,  1.15212    ,  0.044565   ,  0.0399458  ])
3076    , -89.2427    , array([ 0.0660599  ,  1.06087    ,  0.0370286  ,  0.0424257  ])
3080    , -89.2427    , array([ 0.0661016  ,  1.06121    ,  0.0370567  ,  0.0424164  ])
3084    , -345.816    , array([ 0.011264   ,  0.940583   ,  0.00303166 ,  0.05083    ])
3088    , -88.9081    , array([ 0.045512   ,  1.01592    ,  0.0242815  ,  0.0455754  ])
3092    , -88.9008    , array([ 0.0471256  ,  1.01947    ,  0.0252827  ,  0.0453279  ])
3096    , -89.0088    , array([ 0.0470571  ,  1.01793    ,  0.0257305  ,  0.0452619  ])
3100    , -88.8778    , array([ 0.0471056  ,  1.01902    ,  0.0254133  ,  0.0453086  ])
3104    , -88.8778    , array([ 0.0471054  ,  1.01902    ,  0.0254146  ,  0.0453084  ])
3108    , -88.8708    , array([ 0.0475872  ,  1.02295    ,  0.0257394  ,  0.0452016  ])
3112    , -88.8702    , array([ 0.0477688  ,  1.02443    ,  0.0258618  ,  0.0451613  ])
3116    , -88.8702    , array([ 0.0477755  ,  1.02449    ,  0.0258664  ,  0.0451598  ])
3124    , -236.652    , array([ 0.0477755  ,  1.02449    ,  0.0258664  ,  0.0682139  ])
3128    , -88.8697    , array([ 0.0477755  ,  1.02449    ,  0.0258664  ,  0.0451876  ])
3132    , -88.8697    , array([ 0.0477755  ,  1.02449    ,  0.0258664  ,  0.0451958  ])
3136    , -89.0993    , array([ 0.0595033  ,  1.05028    ,  0.0331431  ,  0.0433964  ])
3140    , -88.8247    , array([ 0.0434887  ,  1.01505    ,  0.0232065  ,  0.0458535  ])
3144    , -88.8247    , array([ 0.0434058  ,  1.01487    ,  0.0231551  ,  0.0458662  ])
3148    , -89.0439    , array([ 0.0433373  ,  1.01333    ,  0.0236028  ,  0.0458002  ])
3152    , -88.8168    , array([ 0.043395   ,  1.01463    ,  0.0232253  ,  0.0458559  ])
3156    , -91.8219    , array([ 0.0664476  ,  1.20279    ,  0.0387647  ,  0.0407424  ])
3160    , -88.8561    , array([ 0.0454452  ,  1.03137    ,  0.0246066  ,  0.0454012  ])
3164    , -88.8106    , array([ 0.0439242  ,  1.01895    ,  0.0235813  ,  0.0457386  ])
3172    , -2230.69    , array([ 0.0439242  ,  1.01895    ,  0.0235813  ,  0.236695   ])
3176    , -1208.28    , array([ 0.0439242  ,  1.01895    ,  0.0235813  ,  0.0112967  ])
3180    , -88.8549    , array([ 0.0439242  ,  1.01895    ,  0.0235813  ,  0.0460877  ])
3184    , -88.8105    , array([ 0.0439242  ,  1.01895    ,  0.0235813  ,  0.0457583  ])
3188    , -88.8105    , array([ 0.0439242  ,  1.01895    ,  0.0235813  ,  0.0457544  ])
3192    , -89.0651    , array([ 0.055652   ,  1.04475    ,  0.030858   ,  0.043955   ])
3196    , -88.7928    , array([ 0.0400395  ,  1.01041    ,  0.0211709  ,  0.0463504  ])
3200    , -88.7859    , array([ 0.0412019  ,  1.01296    ,  0.0218922  ,  0.0461721  ])
3204    , -88.7529    , array([ 0.039052   ,  1.01117    ,  0.0206627  ,  0.0464697  ])
3208    , -88.6904    , array([ 0.0320749  ,  1.00524    ,  0.0166687  ,  0.0474368  ])
3212    , -88.6904    , array([ 0.0318909  ,  1.00509    ,  0.0165634  ,  0.0474623  ])
3216    , -88.6904    , array([ 0.0319834  ,  1.00517    ,  0.0166163  ,  0.0474495  ])
3220    , -88.6682    , array([ 0.0319709  ,  1.00488    ,  0.0166981  ,  0.0474375  ])
3224    , -138.254    , array([ 0.0177235  ,  0.888596   ,  0.00709462 ,  0.0505977  ])
3228    , -91.5247    , array([ 0.0265288  ,  0.960465   ,  0.0130304  ,  0.0486445  ])
3232    , -88.6664    , array([ 0.0321483  ,  1.00633    ,  0.0168186  ,  0.047398   ])
3236    , -3690.89    , array([ 0.0321516  ,  1.00636    ,  0.0168208  ,  1.0474     ])
3240    , -3287.79    , array([ 0.0321516  ,  1.00636    ,  0.0168208  ,  0.429363   ])
3244    , -864.787    , array([ 0.0321516  ,  1.00636    ,  0.0168208  ,  0.120336   ])
3248    , -91.4576    , array([ 0.0321516  ,  1.00636    ,  0.0168208  ,  0.0501441  ])
3252    , -88.6663    , array([ 0.0321516  ,  1.00636    ,  0.0168208  ,  0.0473882  ])
3256    , -88.6663    , array([ 0.0321516  ,  1.00636    ,  0.0168208  ,  0.0473883  ])
3260    , -88.6663    , array([ 0.0321516  ,  1.00636    ,  0.0168208  ,  0.0473882  ])
3264    , -88.6437    , array([ 0.0295013  ,  1.00411    ,  0.0153036  ,  0.0477555  ])
3268    , -88.6418    , array([ 0.0286616  ,  1.00339    ,  0.014823   ,  0.0478719  ])
3272    , -93.7319    , array([ 0.0285168  ,  0.999389   ,  0.016015   ,  0.0476944  ])
3276    , -88.6356    , array([ 0.0286898  ,  1.00328    ,  0.0148842  ,  0.047861   ])
3280    , -88.6356    , array([ 0.0286902  ,  1.00329    ,  0.0148816  ,  0.0478614  ])
3284    , -91.6596    , array([ 0.0374955  ,  1.07516    ,  0.0208174  ,  0.0459082  ])
3288    , -88.635     , array([ 0.0288949  ,  1.00496    ,  0.0150196  ,  0.047816   ])
3292    , -88.6345    , array([ 0.0288089  ,  1.00426    ,  0.0149616  ,  0.0478351  ])
3304    , -174.504    , array([ 0.0288089  ,  1.00426    ,  0.0149616  ,  0.0346795  ])
3308    , -88.6344    , array([ 0.0288089  ,  1.00426    ,  0.0149616  ,  0.0478256  ])
3312    , -88.6344    , array([ 0.0288089  ,  1.00426    ,  0.0149616  ,  0.0478261  ])
3316    , -88.8225    , array([ 0.0437684  ,  1.01697    ,  0.0235252  ,  0.0457521  ])
3320    , -88.6251    , array([ 0.0275039  ,  1.00315    ,  0.0142146  ,  0.0480066  ])
3324    , -88.6242    , array([ 0.0270324  ,  1.00275    ,  0.0139446  ,  0.0480719  ])
3328    , -88.6102    , array([ 0.0253328  ,  1.00204    ,  0.013026   ,  0.0482817  ])
3332    , -88.591     , array([ 0.0211945  ,  1.00034    ,  0.0107906  ,  0.0487918  ])
3336    , -88.5909    , array([ 0.0209641  ,  1.00025    ,  0.0106662  ,  0.0488202  ])
3340    , -88.5909    , array([ 0.021024   ,  1.00027    ,  0.0106986  ,  0.0488128  ])
3344    , -88.5827    , array([ 0.0210192  ,  1.00017    ,  0.01073    ,  0.0488082  ])
3348    , -719.502    , array([ 0.0067719  ,  0.883878   ,  0.00112607 ,  0.0519685  ])
3352    , -99.3005    , array([ 0.0155772  ,  0.955747   ,  0.00706185 ,  0.0500153  ])
3356    , -88.5825    , array([ 0.021078   ,  1.00065    ,  0.0107701  ,  0.0487951  ])
3360    , -88.5825    , array([ 0.0210639  ,  1.00053    ,  0.0107606  ,  0.0487982  ])
3368    , -2141.3     , array([ 0.0210552  ,  1.00046    ,  0.0107547  ,  0.239758   ])
3372    , -1100.08    , array([ 0.0210552  ,  1.00046    ,  0.0107547  ,  0.0143583  ])
3376    , -88.618     , array([ 0.0210552  ,  1.00046    ,  0.0107547  ,  0.0491194  ])
3380    , -88.5824    , array([ 0.0210552  ,  1.00046    ,  0.0107547  ,  0.0488114  ])
3384    , -88.5824    , array([ 0.0210552  ,  1.00046    ,  0.0107547  ,  0.0488108  ])
3388    , -88.605     , array([ 0.0247575  ,  1.00198    ,  0.0127545  ,  0.0483545  ])
3392    , -88.5756    , array([ 0.0189077  ,  0.999578   ,  0.00959468 ,  0.0490755  ])
3396    , -89.1569    , array([ 0.0108892  ,  0.99646    ,  0.0053027  ,  0.0500657  ])
3400    , -88.5756    , array([ 0.0189519  ,  0.999596   ,  0.00961854 ,  0.0490701  ])
3404    , -88.5736    , array([ 0.0189498  ,  0.999549   ,  0.00963218 ,  0.0490681  ])
3408    , -2124.75    , array([ 0.00470254 ,  0.883262   ,  2.80307e-05,  0.0522284  ])
3412    , -103.673    , array([ 0.0135078  ,  0.955131   ,  0.00596381 ,  0.0502752  ])
3416    , -88.5746    , array([ 0.0189025  ,  0.999163   ,  0.00960049 ,  0.0490785  ])
3420    , -88.5735    , array([ 0.0189725  ,  0.999734   ,  0.00964766 ,  0.049063   ])
3424    , -88.5735    , array([ 0.0189722  ,  0.999731   ,  0.00964743 ,  0.0490631  ])
3432    , -219        , array([ 0.0189722  ,  0.999731   ,  0.00964743 ,  0.0714248  ])
3436    , -88.5735    , array([ 0.0189722  ,  0.999731   ,  0.00964743 ,  0.0490613  ])
3440    , -88.5735    , array([ 0.0189722  ,  0.999731   ,  0.00964743 ,  0.0490665  ])
3444    , -88.5735    , array([ 0.0189722  ,  0.999731   ,  0.00964743 ,  0.0490685  ])
3448    , -88.5735    , array([ 0.0189722  ,  0.999731   ,  0.00964743 ,  0.0490685  ])
3452    , -88.5711    , array([ 0.0181102  ,  0.999378   ,  0.00918181 ,  0.0491748  ])
3456    , -88.5711    , array([ 0.0179409  ,  0.999308   ,  0.00909036 ,  0.0491957  ])
