18      , -1345.99    , array([ 0.0389436  ,  0.999143   ,  0.0653196  ,  0.315678   ,  6.97668    ,  3.44308    ])
24      , -1347.1     , array([ 0.039311   ,  0.999143   ,  0.0653196  ,  0.315678   ,  6.97668    ,  3.44308    ])
30      , -1345.95    , array([ 0.0393039  ,  0.999143   ,  0.0653196  ,  0.315678   ,  6.97668    ,  3.44308    ])
36      , -1345.95    , array([ 0.0393047  ,  0.999143   ,  0.0653196  ,  0.315678   ,  6.97668    ,  3.44308    ])
42      , -1392.41    , array([ 0.0393047  ,  1.13885    ,  0.0653196  ,  0.315678   ,  6.97668    ,  3.44308    ])
48      , -1347.1     , array([ 0.0393047  ,  0.999043   ,  0.0653196  ,  0.315678   ,  6.97668    ,  3.44308    ])
54      , -1345.95    , array([ 0.0393047  ,  0.999138   ,  0.0653196  ,  0.315678   ,  6.97668    ,  3.44308    ])
60      , -1345.95    , array([ 0.0393047  ,  0.999137   ,  0.0653196  ,  0.315678   ,  6.97668    ,  3.44308    ])
66      , -1345.95    , array([ 0.0393047  ,  0.999137   ,  0.0653196  ,  0.315678   ,  6.97668    ,  3.44308    ])
72      , -3921.45    , array([ 0.0393047  ,  0.999137   ,  0.138217   ,  0.315678   ,  6.97668    ,  3.44308    ])
78      , -1345.95    , array([ 0.0393047  ,  0.999137   ,  0.0653293  ,  0.315678   ,  6.97668    ,  3.44308    ])
84      , -6272.57    , array([ 0.0393047  ,  0.999137   ,  0.0653291  ,  1.31568    ,  6.97668    ,  3.44308    ])
90      , -9619.73    , array([ 0.0393047  ,  0.999137   ,  0.0653291  ,  0.0796105  ,  6.97668    ,  3.44308    ])
96      , -1345.95    , array([ 0.0393047  ,  0.999137   ,  0.0653291  ,  0.315541   ,  6.97668    ,  3.44308    ])
102     , -1345.95    , array([ 0.0393047  ,  0.999137   ,  0.0653291  ,  0.315642   ,  6.97668    ,  3.44308    ])
108     , -1375.68    , array([ 0.0393047  ,  0.999137   ,  0.0653291  ,  0.315642   ,  6.35865    ,  3.44308    ])
114     , -1347.14    , array([ 0.0393047  ,  0.999137   ,  0.0653291  ,  0.315642   ,  6.98139    ,  3.44308    ])
120     , -1347.1     , array([ 0.0393047  ,  0.999137   ,  0.0653291  ,  0.315642   ,  6.97737    ,  3.44308    ])
126     , -1345.95    , array([ 0.0393047  ,  0.999137   ,  0.0653291  ,  0.315642   ,  6.97688    ,  3.44308    ])
132     , -1345.95    , array([ 0.0393047  ,  0.999137   ,  0.0653291  ,  0.315642   ,  6.97692    ,  3.44308    ])
138     , -1362.14    , array([ 0.0393047  ,  0.999137   ,  0.0653291  ,  0.315642   ,  6.97692    ,  3.82505    ])
144     , -1345.95    , array([ 0.0393047  ,  0.999137   ,  0.0653291  ,  0.315642   ,  6.97692    ,  3.44058    ])
