225     , -1638.77    , array([ 1.99474    ,  0.0998623  ,  0.0499582  ,  5.02529    ,  2.51509    ])
230     , -1331.68    , array([ 1.15171    ,  0.0998623  ,  0.0499582  ,  5.02529    ,  2.51509    ])
235     , -1310.97    , array([ 0.997734   ,  0.0998623  ,  0.0499582  ,  5.02529    ,  2.51509    ])
240     , -1310.97    , array([ 0.997734   ,  0.0998623  ,  0.0499582  ,  5.02529    ,  2.51509    ])
245     , -81789      , array([ 0.997734   ,  0.00969236 ,  0.0499582  ,  5.02529    ,  2.51509    ])
250     , -1311.05    , array([ 0.997734   ,  0.0996525  ,  0.0499582  ,  5.02529    ,  2.51509    ])
255     , -1310.97    , array([ 0.997734   ,  0.0998873  ,  0.0499582  ,  5.02529    ,  2.51509    ])
260     , -11552.2    , array([ 0.997734   ,  0.0998873  ,  0.431924   ,  5.02529    ,  2.51509    ])
265     , -12570      , array([ 0.997734   ,  0.0998873  ,  0.0155164  ,  5.02529    ,  2.51509    ])
270     , -1310.98    , array([ 0.997734   ,  0.0998873  ,  0.0499192  ,  5.02529    ,  2.51509    ])
275     , -1310.97    , array([ 0.997734   ,  0.0998873  ,  0.049972   ,  5.02529    ,  2.51509    ])
280     , -1315.72    , array([ 0.997734   ,  0.0998873  ,  0.049972   ,  5.40726    ,  2.51509    ])
285     , -1310.97    , array([ 0.997734   ,  0.0998873  ,  0.049972   ,  5.01706    ,  2.51509    ])
290     , -1320.85    , array([ 0.997734   ,  0.0998873  ,  0.049972   ,  5.01706    ,  2.89706    ])
295     , -1310.97    , array([ 0.997734   ,  0.0998873  ,  0.049972   ,  5.01706    ,  2.51919    ])
