220     , -1310.94    , array([ 1.00186    ,  0.0998469  ,  4.99168    ,  2.48883    ,  0.0498099  ])
225     , -1403.33    , array([ 1.38383    ,  0.0998469  ,  4.99168    ,  2.48883    ,  0.0498099  ])
230     , -1310.94    , array([ 1.00078    ,  0.0998469  ,  4.99168    ,  2.48883    ,  0.0498099  ])
245     , -1321.16    , array([ 1.00079    ,  0.102576   ,  4.99168    ,  2.48883    ,  0.0498099  ])
250     , -1310.94    , array([ 1.00079    ,  0.0998327  ,  4.99168    ,  2.48883    ,  0.0498099  ])
255     , -1323.61    , array([ 1.00079    ,  0.0998326  ,  4.37364    ,  2.48883    ,  0.0498099  ])
260     , -1310.94    , array([ 1.00079    ,  0.0998326  ,  4.9952     ,  2.48883    ,  0.0498099  ])
265     , -1340.12    , array([ 1.00079    ,  0.0998326  ,  4.99516    ,  1.8708     ,  0.0498099  ])
270     , -1310.94    , array([ 1.00079    ,  0.0998326  ,  4.99516    ,  2.49034    ,  0.0498099  ])
275     , -1310.94    , array([ 1.00079    ,  0.0998326  ,  4.99516    ,  2.49035    ,  0.0498099  ])
285     , -1370.58    , array([ 1.00079    ,  0.0998326  ,  4.99516    ,  2.49035    ,  0.0547885  ])
290     , -1310.94    , array([ 1.00079    ,  0.0998326  ,  4.99516    ,  2.49035    ,  0.0498339  ])
