8       , -33218.2    , array([ 0.191911   ,  7.94546    ,  0.00290729 ,  0.0135055  ])
60      , -23893.3    , array([ 0.001      ,  8.94546    ,  0.00290729 ,  0.0135055  ])
64      , -23893.2    , array([ 0.001      ,  8.32743    ,  0.00290729 ,  0.0135055  ])
68      , -23893.2    , array([ 0.001      ,  7.87094    ,  0.00290729 ,  0.0135055  ])
76      , -75493.3    , array([ 0.001      ,  7.87019    ,  0.193473   ,  0.0135055  ])
88      , -23895.8    , array([ 0.001      ,  7.87019    ,  0.00288102 ,  0.0135055  ])
92      , -23893.2    , array([ 0.001      ,  7.87019    ,  0.00290707 ,  0.0135055  ])
96      , -23893.2    , array([ 0.001      ,  7.87019    ,  0.00290707 ,  0.0135055  ])
104     , -28340.2    , array([ 0.001      ,  7.87019    ,  0.00290707 ,  0.0413366  ])
108     , -23960.5    , array([ 0.001      ,  7.87019    ,  0.00290707 ,  0.0154385  ])
112     , -23893.2    , array([ 0.001      ,  7.87019    ,  0.00290707 ,  0.013491   ])
