8       , -11200.2    , array([ 1.59872    ,  0.490206   ,  1.0077     ,  0.521759   ,  0.970203   ,  3.1302     ,  0.0981315  ,  0.0504488  ])
16      , -22039.7    , array([ 1.492      ,  1.49021    ,  1.0077     ,  0.521759   ,  0.970203   ,  3.1302     ,  0.0981315  ,  0.0504488  ])
24      , -11182.7    , array([ 1.492      ,  0.484402   ,  1.0077     ,  0.521759   ,  0.970203   ,  3.1302     ,  0.0981315  ,  0.0504488  ])
32      , -11179.1    , array([ 1.492      ,  0.492457   ,  1.0077     ,  0.521759   ,  0.970203   ,  3.1302     ,  0.0981315  ,  0.0504488  ])
40      , -11179.1    , array([ 1.492      ,  0.492457   ,  1.00451    ,  0.521759   ,  0.970203   ,  3.1302     ,  0.0981315  ,  0.0504488  ])
48      , -11222.3    , array([ 1.492      ,  0.492457   ,  1.00451    ,  0.71274    ,  0.970203   ,  3.1302     ,  0.0981315  ,  0.0504488  ])
56      , -11178.9    , array([ 1.492      ,  0.492457   ,  1.00451    ,  0.508409   ,  0.970203   ,  3.1302     ,  0.0981315  ,  0.0504488  ])
64      , -11178.9    , array([ 1.492      ,  0.492457   ,  1.00451    ,  0.508409   ,  0.974798   ,  3.1302     ,  0.0981315  ,  0.0504488  ])
72      , -11178.9    , array([ 1.492      ,  0.492457   ,  1.00451    ,  0.508409   ,  0.974798   ,  3.1454     ,  0.0981315  ,  0.0504488  ])
80      , -23855      , array([ 1.492      ,  0.492457   ,  1.00451    ,  0.508409   ,  0.974798   ,  3.1454     ,  0.288878   ,  0.0504488  ])
88      , -11178.9    , array([ 1.492      ,  0.492457   ,  1.00451    ,  0.508409   ,  0.974798   ,  3.1454     ,  0.0982757  ,  0.0504488  ])
96      , -17282.8    , array([ 1.492      ,  0.492457   ,  1.00451    ,  0.508409   ,  0.974798   ,  3.1454     ,  0.0982743  ,  0.432415   ])
104     , -11198      , array([ 1.492      ,  0.492457   ,  1.00451    ,  0.508409   ,  0.974798   ,  3.1454     ,  0.0982743  ,  0.0543954  ])
