2808    , -118.818    , array([ 0.167899   ,  2.0215     ,  0.141985   ,  0.0210362  ])
2812    , -118.818    , array([ 0.167899   ,  2.0215     ,  0.141985   ,  0.0210362  ])
2820    , -118.945    , array([ 0.176716   ,  2.0215     ,  0.141985   ,  0.0210362  ])
2824    , -118.383    , array([ 0.171936   ,  2.0215     ,  0.141985   ,  0.0210362  ])
2828    , -118.383    , array([ 0.171977   ,  2.0215     ,  0.141985   ,  0.0210362  ])
2832    , -118.296    , array([ 0.171977   ,  2.16069    ,  0.141985   ,  0.0210362  ])
2836    , -118.296    , array([ 0.171977   ,  2.1469     ,  0.141985   ,  0.0210362  ])
2840    , -118.296    , array([ 0.171977   ,  2.14817    ,  0.141985   ,  0.0210362  ])
2844    , -630.595    , array([ 0.171977   ,  2.14817    ,  0.0456753  ,  0.0210362  ])
2848    , -117.504    , array([ 0.171977   ,  2.14817    ,  0.136906   ,  0.0210362  ])
2852    , -9355.86    , array([ 0.171977   ,  2.14817    ,  0.136957   ,  1.02104    ])
2856    , -7874.14    , array([ 0.171977   ,  2.14817    ,  0.136957   ,  0.403002   ])
2860    , -2089.26    , array([ 0.171977   ,  2.14817    ,  0.136957   ,  0.0939612  ])
2864    , -407.839    , array([ 0.171977   ,  2.14817    ,  0.136957   ,  0.00838    ])
2868    , -117.001    , array([ 0.171977   ,  2.14817    ,  0.136957   ,  0.0216916  ])
2872    , -2995.98    , array([ 1.17198    ,  2.14817    ,  0.136957   ,  0.0216916  ])
2876    , -1354.7     , array([ 0.553943   ,  2.14817    ,  0.136957   ,  0.0216916  ])
2880    , -197.854    , array([ 0.232195   ,  2.14817    ,  0.136957   ,  0.0216916  ])
2884    , -116.93     , array([ 0.17033    ,  2.14817    ,  0.136957   ,  0.0216916  ])
2888    , -116.93     , array([ 0.170364   ,  2.14817    ,  0.136957   ,  0.0216916  ])
2892    , -120.179    , array([ 0.170364   ,  1.53014    ,  0.136957   ,  0.0216916  ])
2896    , -117.317    , array([ 0.170364   ,  1.86801    ,  0.136957   ,  0.0216916  ])
2900    , -116.923    , array([ 0.170364   ,  2.09635    ,  0.136957   ,  0.0216916  ])
2904    , -116.922    , array([ 0.170364   ,  2.10842    ,  0.136957   ,  0.0216916  ])
2912    , -138.674    , array([ 0.170364   ,  2.10842    ,  0.159639   ,  0.0216916  ])
2916    , -116.426    , array([ 0.170364   ,  2.10842    ,  0.133098   ,  0.0216916  ])
2924    , -5093.75    , array([ 0.170364   ,  2.10842    ,  0.133098   ,  0.212613   ])
2932    , -134.761    , array([ 0.170364   ,  2.10842    ,  0.133098   ,  0.0264962  ])
2936    , -116.106    , array([ 0.170364   ,  2.10842    ,  0.133098   ,  0.0222191  ])
2940    , -114.314    , array([ 0.166142   ,  2.00434    ,  0.122996   ,  0.0236195  ])
2944    , -113.81     , array([ 0.162384   ,  1.91172    ,  0.114007   ,  0.0248608  ])
2948    , -113.793    , array([ 0.162906   ,  1.92458    ,  0.115255   ,  0.0246885  ])
2956    , -916.112    , array([ 0.072736   ,  1.92458    ,  0.115255   ,  0.0246885  ])
2960    , -112.048    , array([ 0.156702   ,  1.92458    ,  0.115255   ,  0.0246885  ])
2964    , -112.012    , array([ 0.15576    ,  1.92458    ,  0.115255   ,  0.0246885  ])
2968    , -112.012    , array([ 0.155687   ,  1.92458    ,  0.115255   ,  0.0246885  ])
2972    , -111.971    , array([ 0.155687   ,  1.74789    ,  0.115255   ,  0.0246885  ])
2976    , -111.901    , array([ 0.155687   ,  1.82263    ,  0.115255   ,  0.0246885  ])
2980    , -7799.44    , array([ 0.155687   ,  1.82263    ,  0.115255   ,  1.02469    ])
2984    , -6719.32    , array([ 0.155687   ,  1.82263    ,  0.115255   ,  0.406654   ])
2988    , -1801.39    , array([ 0.155687   ,  1.82263    ,  0.115255   ,  0.0976171  ])
2992    , -127.853    , array([ 0.155687   ,  1.82263    ,  0.115255   ,  0.0291324  ])
2996    , -111.866    , array([ 0.155687   ,  1.82263    ,  0.115255   ,  0.0248785  ])
3000    , -119.911    , array([ 0.167755   ,  2.12008    ,  0.144126   ,  0.0208916  ])
3004    , -111.221    , array([ 0.149547   ,  1.67128    ,  0.100565   ,  0.0269071  ])
3008    , -110.823    , array([ 0.151609   ,  1.72209    ,  0.105497   ,  0.026226   ])
3016    , -733.875    , array([ 0.342621   ,  1.72308    ,  0.105593   ,  0.0262127  ])
3020    , -156.251    , array([ 0.117207   ,  1.72308    ,  0.105593   ,  0.0262127  ])
3024    , -110.003    , array([ 0.14692    ,  1.72308    ,  0.105593   ,  0.0262127  ])
3028    , -110.002    , array([ 0.147064   ,  1.72308    ,  0.105593   ,  0.0262127  ])
3032    , -121.84     , array([ 0.147064   ,  1.10505    ,  0.105593   ,  0.0262127  ])
3036    , -109.982    , array([ 0.147064   ,  1.68898    ,  0.105593   ,  0.0262127  ])
3040    , -109.982    , array([ 0.147064   ,  1.68731    ,  0.105593   ,  0.0262127  ])
3044    , -109.982    , array([ 0.147064   ,  1.68767    ,  0.105593   ,  0.0262127  ])
3052    , -514.329    , array([ 0.147064   ,  1.68767    ,  0.105593   ,  0.0540695  ])
3056    , -110.175    , array([ 0.147064   ,  1.68767    ,  0.105593   ,  0.0270519  ])
3060    , -109.908    , array([ 0.147064   ,  1.68767    ,  0.105593   ,  0.0264964  ])
3064    , -109.908    , array([ 0.147064   ,  1.68767    ,  0.105593   ,  0.0264993  ])
3068    , -109.226    , array([ 0.144363   ,  1.62109    ,  0.0991315  ,  0.0273916  ])
3072    , -107.918    , array([ 0.136947   ,  1.5159     ,  0.0923599  ,  0.0286134  ])
3076    , -107.168    , array([ 0.114729   ,  1.20281    ,  0.0723611  ,  0.0322414  ])
3080    , -106.514    , array([ 0.121961   ,  1.30472    ,  0.0788705  ,  0.0310605  ])
3084    , -132.475    , array([ 0.114726   ,  1.12403    ,  0.0612285  ,  0.0334881  ])
3088    , -110.694    , array([ 0.119335   ,  1.23765    ,  0.0722561  ,  0.0319652  ])
3092    , -106.166    , array([ 0.123398   ,  1.33778    ,  0.0819747  ,  0.0306231  ])
3100    , -106.174    , array([ 0.123398   ,  1.49465    ,  0.0819747  ,  0.0306231  ])
3104    , -105.954    , array([ 0.123398   ,  1.38381    ,  0.0819747  ,  0.0306231  ])
3108    , -5780       , array([ 0.123398   ,  1.41226    ,  0.0819747  ,  1.03062    ])
3112    , -5144.68    , array([ 0.123398   ,  1.41226    ,  0.0819747  ,  0.412589   ])
3116    , -1381.47    , array([ 0.123398   ,  1.41226    ,  0.0819747  ,  0.103557   ])
3120    , -248.594    , array([ 0.123398   ,  1.41226    ,  0.0819747  ,  0.0187542  ])
3124    , -105.794    , array([ 0.123398   ,  1.41226    ,  0.0819747  ,  0.0310505  ])
3128    , -112.506    , array([ 0.159178   ,  1.91648    ,  0.114182   ,  0.0252036  ])
3132    , -104.622    , array([ 0.10973    ,  1.21966    ,  0.0696726  ,  0.033278   ])
3136    , -104.59     , array([ 0.111163   ,  1.23984    ,  0.0709618  ,  0.0330441  ])
3140    , -130.86     , array([ 0.123351   ,  1.539      ,  0.0999414  ,  0.0290374  ])
3144    , -104.593    , array([ 0.11198    ,  1.25871    ,  0.0727368  ,  0.0327943  ])
3148    , -104.549    , array([ 0.111623   ,  1.24991    ,  0.0718826  ,  0.0329122  ])
3152    , -184.745    , array([ 0.111623   ,  0.631878   ,  0.0718826  ,  0.0329122  ])
3156    , -104.365    , array([ 0.111623   ,  1.30723    ,  0.0718826  ,  0.0329122  ])
3160    , -104.365    , array([ 0.111623   ,  1.30377    ,  0.0718826  ,  0.0329122  ])
3172    , -1558.24    , array([ 0.111623   ,  1.30377    ,  0.0718826  ,  0.0024218  ])
3176    , -104.266    , array([ 0.111623   ,  1.30377    ,  0.0718826  ,  0.0333059  ])
3180    , -110.373    , array([ 0.0895093  ,  0.992141   ,  0.0519774  ,  0.0369169  ])
3184    , -103.689    , array([ 0.103176   ,  1.18474    ,  0.0642795  ,  0.0346852  ])
3188    , -103.648    , array([ 0.104739   ,  1.20676    ,  0.0656858  ,  0.0344301  ])
3192    , -102.908    , array([ 0.0981937  ,  1.17196    ,  0.0603008  ,  0.0358358  ])
3196    , -102.392    , array([ 0.0916487  ,  1.13717    ,  0.0549158  ,  0.0372415  ])
3200    , -102.244    , array([ 0.0870018  ,  1.11247    ,  0.0510926  ,  0.0382395  ])
3204    , -102.244    , array([ 0.0868227  ,  1.11151    ,  0.0509452  ,  0.038278   ])
3208    , -101.863    , array([ 0.0875157  ,  1.1286     ,  0.0526031  ,  0.0380491  ])
3212    , -101.862    , array([ 0.087475   ,  1.12759    ,  0.0525057  ,  0.0380625  ])
3216    , -241.224    , array([ 0.087475   ,  0.509559   ,  0.0525057  ,  0.0380625  ])
3220    , -101.841    , array([ 0.087475   ,  1.14508    ,  0.0525057  ,  0.0380625  ])
3224    , -101.84     , array([ 0.087475   ,  1.14156    ,  0.0525057  ,  0.0380625  ])
3236    , -221.642    , array([ 0.087475   ,  1.14156    ,  0.0525057  ,  0.0249069  ])
3240    , -101.839    , array([ 0.087475   ,  1.14156    ,  0.0525057  ,  0.03809    ])
3244    , -103.247    , array([ 0.0695589  ,  1.04631    ,  0.037765   ,  0.0419377  ])
3248    , -101.494    , array([ 0.0806316  ,  1.10518    ,  0.0468753  ,  0.0395596  ])
3252    , -101.549    , array([ 0.0778567  ,  1.09043    ,  0.0445922  ,  0.0401555  ])
3256    , -112.14     , array([ 0.0556857  ,  0.999139   ,  0.0273747  ,  0.0448692  ])
3260    , -101.492    , array([ 0.0802123  ,  1.10295    ,  0.0465302  ,  0.0396496  ])
3264    , -101.373    , array([ 0.0805414  ,  1.11106    ,  0.0473176  ,  0.0395409  ])
3268    , -101.373    , array([ 0.0805343  ,  1.11089    ,  0.0473008  ,  0.0395432  ])
3272    , -251.984    , array([ 0.0805343  ,  0.492852   ,  0.0473008  ,  0.0395432  ])
3276    , -101.375    , array([ 0.0805343  ,  1.11432    ,  0.0473008  ,  0.0395432  ])
3280    , -101.407    , array([ 0.0805343  ,  1.09409    ,  0.0473008  ,  0.0395432  ])
3284    , -101.373    , array([ 0.0805343  ,  1.10997    ,  0.0473008  ,  0.0395432  ])
3288    , -101.373    , array([ 0.0805343  ,  1.11024    ,  0.0473008  ,  0.0395432  ])
3292    , -101.373    , array([ 0.0805343  ,  1.11027    ,  0.0473008  ,  0.0395432  ])
3304    , -211.589    , array([ 0.0805343  ,  1.11027    ,  0.0473008  ,  0.0263876  ])
3308    , -101.366    , array([ 0.0805343  ,  1.11027    ,  0.0473008  ,  0.0394236  ])
3312    , -106.191    , array([ 0.0626182  ,  1.01503    ,  0.0325601  ,  0.0432715  ])
3316    , -101.452    , array([ 0.073691   ,  1.07389    ,  0.0416703  ,  0.0408934  ])
3320    , -101.279    , array([ 0.0774075  ,  1.09365    ,  0.0447281  ,  0.0400951  ])
3324    , -101.279    , array([ 0.0774075  ,  1.09365    ,  0.0447281  ,  0.0400951  ])
3328    , -392.323    , array([ 0.013187   ,  0.880756   ,  0.00346513 ,  0.050296   ])
3332    , -100.293    , array([ 0.0530758  ,  1.01299    ,  0.0290945  ,  0.04396    ])
3336    , -100.29     , array([ 0.0540382  ,  1.01618    ,  0.0297128  ,  0.0438071  ])
3340    , -102.052    , array([ 0.0651109  ,  1.07504    ,  0.0388231  ,  0.041429   ])
3344    , -100.171    , array([ 0.0558627  ,  1.02588    ,  0.031214   ,  0.0434153  ])
3348    , -100.171    , array([ 0.0557701  ,  1.02539    ,  0.0311378  ,  0.0434352  ])
3352    , -343.498    , array([ 0.0557701  ,  0.407352   ,  0.0311378  ,  0.0434352  ])
3356    , -100.101    , array([ 0.0557701  ,  1.04967    ,  0.0311378  ,  0.0434352  ])
3360    , -100.098    , array([ 0.0557701  ,  1.04592    ,  0.0311378  ,  0.0434352  ])
3364    , -100.098    , array([ 0.0557701  ,  1.04572    ,  0.0311378  ,  0.0434352  ])
3372    , -261.264    , array([ 0.0557701  ,  1.04572    ,  0.0311378  ,  0.0666514  ])
3376    , -100.088    , array([ 0.0557701  ,  1.04572    ,  0.0311378  ,  0.0432622  ])
3380    , -100.088    , array([ 0.0557701  ,  1.04572    ,  0.0311378  ,  0.0432769  ])
3384    , -100.756    , array([ 0.0702132  ,  1.0936     ,  0.0404178  ,  0.0409828  ])
3388    , -99.8973    , array([ 0.0480031  ,  1.01997    ,  0.0261474  ,  0.0445106  ])
3392    , -99.8973    , array([ 0.0480031  ,  1.01997    ,  0.0261474  ,  0.0445106  ])
3396    , -103.167    , array([ 0.0590759  ,  1.07883    ,  0.0352576  ,  0.0421325  ])
3400    , -99.8555    , array([ 0.0489237  ,  1.02487    ,  0.0269048  ,  0.0443129  ])
3404    , -99.8551    , array([ 0.0488395  ,  1.02442    ,  0.0268355  ,  0.044331   ])
3408    , -345.702    , array([ 0.0488395  ,  0.406385   ,  0.0268355  ,  0.044331   ])
3412    , -99.819     , array([ 0.0488395  ,  1.04308    ,  0.0268355  ,  0.044331   ])
3416    , -99.8161    , array([ 0.0488395  ,  1.03905    ,  0.0268355  ,  0.044331   ])
3428    , -194.916    , array([ 0.0488395  ,  1.03905    ,  0.0268355  ,  0.0311754  ])
3432    , -99.8126    , array([ 0.0488395  ,  1.03905    ,  0.0268355  ,  0.0442397  ])
3436    , -112.188    , array([ 0.0254702  ,  0.961582   ,  0.0118203  ,  0.0479517  ])
3440    , -99.9365    , array([ 0.0399133  ,  1.00946    ,  0.0211002  ,  0.0456576  ])
3444    , -99.7269    , array([ 0.0447626  ,  1.02554    ,  0.0242161  ,  0.0448873  ])
3448    , -99.6018    , array([ 0.0413455  ,  1.03052    ,  0.0221713  ,  0.045292   ])
3452    , -99.5145    , array([ 0.0350592  ,  1.04047    ,  0.0184169  ,  0.0460299  ])
3456    , -99.5103    , array([ 0.0360466  ,  1.03891    ,  0.0190066  ,  0.045914   ])
3460    , -119.815    , array([ 0.0650355  ,  1.19301    ,  0.0428575  ,  0.0396879  ])
3464    , -100.356    , array([ 0.0394659  ,  1.05708    ,  0.0218198  ,  0.0451796  ])
3468    , -99.4487    , array([ 0.0366881  ,  1.04232    ,  0.0195343  ,  0.0457762  ])
3472    , -166.041    , array([ 0.0366817  ,  2.04228    ,  0.0195291  ,  0.0457776  ])
3476    , -117.026    , array([ 0.0366817  ,  1.42425    ,  0.0195291  ,  0.0457776  ])
3480    , -99.4399    , array([ 0.0366817  ,  1.03576    ,  0.0195291  ,  0.0457776  ])
3484    , -99.4399    , array([ 0.0366817  ,  1.03536    ,  0.0195291  ,  0.0457776  ])
3496    , -193.446    , array([ 0.0366817  ,  1.03536    ,  0.0195291  ,  0.032622   ])
3500    , -99.4379    , array([ 0.0366817  ,  1.03536    ,  0.0195291  ,  0.045846   ])
3504    , -99.6336    , array([ 0.0280539  ,  1.04902    ,  0.0143763  ,  0.0468587  ])
3508    , -99.4053    , array([ 0.0333862  ,  1.04058    ,  0.0175609  ,  0.0462328  ])
3512    , -99.4051    , array([ 0.0336236  ,  1.0402     ,  0.0177027  ,  0.046205   ])
3516    , -664.512    , array([ 0.0156766  ,  0.945009   ,  0.00294358 ,  0.0500565  ])
3520    , -117.123    , array([ 0.0267494  ,  1.00387    ,  0.0120538  ,  0.0476784  ])
3524    , -99.3873    , array([ 0.0338992  ,  1.04188    ,  0.0179364  ,  0.0461428  ])
3528    , -167.333    , array([ 0.0339054  ,  2.04191    ,  0.0179415  ,  0.0461414  ])
3532    , -117.45     , array([ 0.0339054  ,  1.42388    ,  0.0179415  ,  0.0461414  ])
3536    , -99.3703    , array([ 0.0339054  ,  1.03286    ,  0.0179415  ,  0.0461414  ])
3540    , -99.3702    , array([ 0.0339054  ,  1.03234    ,  0.0179415  ,  0.0461414  ])
3552    , -192.699    , array([ 0.0339054  ,  1.03234    ,  0.0179415  ,  0.0329858  ])
3556    , -99.3673    , array([ 0.0339054  ,  1.03234    ,  0.0179415  ,  0.0462259  ])
3560    , -99.8535    , array([ 0.0252777  ,  1.046      ,  0.0127888  ,  0.0472385  ])
3564    , -99.3684    , array([ 0.0306099  ,  1.03756    ,  0.0159734  ,  0.0466127  ])
3568    , -99.3563    , array([ 0.0315572  ,  1.03606    ,  0.0165391  ,  0.0465015  ])
3572    , -99.3543    , array([ 0.0321663  ,  1.03509    ,  0.0169029  ,  0.04643    ])
3576    , -99.2439    , array([ 0.0284318  ,  1.0216     ,  0.0148572  ,  0.0470097  ])
3580    , -99.1578    , array([ 0.0227076  ,  1.00091    ,  0.0117215  ,  0.0478982  ])
3584    , -99.8304    , array([ 0.0366675  ,  0.9788     ,  0.0200588  ,  0.0462597  ])
3588    , -99.1526    , array([ 0.0246812  ,  0.997783   ,  0.0129002  ,  0.0476665  ])
3592    , -99.1401    , array([ 0.023718   ,  0.999308   ,  0.012325   ,  0.0477796  ])
3600    , -102.304    , array([ 0.023718   ,  1.1431     ,  0.012325   ,  0.0477796  ])
3604    , -99.1202    , array([ 0.023718   ,  1.00896    ,  0.012325   ,  0.0477796  ])
3612    , -2219.92    , array([ 0.023718   ,  1.00896    ,  0.012325   ,  0.238736   ])
3616    , -1163.58    , array([ 0.023718   ,  1.00896    ,  0.012325   ,  0.0133377  ])
3620    , -99.1596    , array([ 0.023718   ,  1.00896    ,  0.012325   ,  0.0480747  ])
3624    , -99.12      , array([ 0.023718   ,  1.00896    ,  0.012325   ,  0.047755   ])
3628    , -99.12      , array([ 0.023718   ,  1.00896    ,  0.012325   ,  0.0477552  ])
3632    , -99.0846    , array([ 0.020749   ,  0.99823    ,  0.0106986  ,  0.0482161  ])
3640    , -99.0842    , array([ 0.0204418  ,  0.99712    ,  0.0105303  ,  0.0482638  ])
3644    , -99.077     , array([ 0.0208285  ,  0.996507   ,  0.0107613  ,  0.0482184  ])
3648    , -99.0763    , array([ 0.021014   ,  0.996214   ,  0.0108721  ,  0.0481966  ])
3652    , -99.0763    , array([ 0.0210084  ,  0.996223   ,  0.0108687  ,  0.0481973  ])
3656    , -99.4195    , array([ 0.0210084  ,  0.964017   ,  0.0108687  ,  0.0481973  ])
3660    , -99.0654    , array([ 0.0210084  ,  1.00335    ,  0.0108687  ,  0.0481973  ])
3664    , -99.0654    , array([ 0.0210084  ,  1.00328    ,  0.0108687  ,  0.0481973  ])
3672    , -235.557    , array([ 0.0210084  ,  1.00328    ,  0.0108687  ,  0.070683   ])
3676    , -99.0646    , array([ 0.0210084  ,  1.00328    ,  0.0108687  ,  0.0481417  ])
3680    , -99.0646    , array([ 0.0210084  ,  1.00328    ,  0.0108687  ,  0.0481508  ])
3684    , -99.2035    , array([ 0.0268541  ,  1.02441    ,  0.0140709  ,  0.0472434  ])
3688    , -99.0474    , array([ 0.0189672  ,  0.995903   ,  0.00975056 ,  0.0484676  ])
3692    , -99.0474    , array([ 0.019012   ,  0.996065   ,  0.00977511 ,  0.0484607  ])
3696    , -98.9737    , array([ 0.0153403  ,  0.993563   ,  0.00783713 ,  0.048965   ])
3700    , -98.953     , array([ 0.0108769  ,  0.990451   ,  0.00548082 ,  0.0495786  ])
3704    , -98.9421    , array([ 0.0121312  ,  0.991326   ,  0.006143   ,  0.0494062  ])
3708    , -101.53     , array([ 0.0260912  ,  0.969217   ,  0.0144803  ,  0.0477677  ])
3712    , -99.2835    , array([ 0.0147974  ,  0.987103   ,  0.00773528 ,  0.0490933  ])
3716    , -98.9194    , array([ 0.012576   ,  0.990621   ,  0.00640861 ,  0.049354   ])
3720    , -179.44     , array([ 0.0125638  ,  1.99064    ,  0.00640133 ,  0.0493554  ])
3724    , -119.775    , array([ 0.0125638  ,  1.37261    ,  0.00640133 ,  0.0493554  ])
3728    , -98.9191    , array([ 0.0125638  ,  0.991713   ,  0.00640133 ,  0.0493554  ])
3732    , -98.9191    , array([ 0.0125638  ,  0.99159    ,  0.00640133 ,  0.0493554  ])
3744    , -182.542    , array([ 0.0125638  ,  0.99159    ,  0.00640133 ,  0.0361998  ])
3748    , -98.9182    , array([ 0.0125638  ,  0.99159    ,  0.00640133 ,  0.0493058  ])
3760    , -98.8995    , array([ 0.0105502  ,  0.990186   ,  0.00533833 ,  0.0495826  ])
3764    , -98.8994    , array([ 0.0105039  ,  0.990154   ,  0.00531386 ,  0.049589   ])
3768    , -102.317    , array([ 0.024443   ,  0.968031   ,  0.0136402  ,  0.0479533  ])
3772    , -99.5009    , array([ 0.0131492  ,  0.985917   ,  0.00689515 ,  0.0492789  ])
3776    , -98.8905    , array([ 0.0107397  ,  0.989733   ,  0.00545612 ,  0.0495617  ])
3780    , -98.8903    , array([ 0.01071    ,  0.98978    ,  0.00543842 ,  0.0495652  ])
3784    , -98.8903    , array([ 0.0107078  ,  0.989783   ,  0.00543708 ,  0.0495654  ])
3788    , -99.3856    , array([ 0.0107078  ,  0.945675   ,  0.00543708 ,  0.0495654  ])
3792    , -98.8902    , array([ 0.0107078  ,  0.990376   ,  0.00543708 ,  0.0495654  ])
3796    , -98.8902    , array([ 0.0107078  ,  0.99037    ,  0.00543708 ,  0.0495654  ])
3808    , -182.417    , array([ 0.0107078  ,  0.99037    ,  0.00543708 ,  0.0364098  ])
3812    , -98.8899    , array([ 0.0107078  ,  0.99037    ,  0.00543708 ,  0.0495375  ])
3824    , -98.8855    , array([ 0.0103232  ,  0.990102   ,  0.00523407 ,  0.0495903  ])
3828    , -98.8831    , array([ 0.0100295  ,  0.989897   ,  0.00507898 ,  0.0496307  ])
3832    , -98.8829    , array([ 0.010008   ,  0.989882   ,  0.00506766 ,  0.0496337  ])
3836    , -102.635    , array([ 0.0239679  ,  0.967773   ,  0.013405   ,  0.0479952  ])
3840    , -99.633     , array([ 0.0126741  ,  0.98566    ,  0.00665995 ,  0.0493208  ])
3844    , -98.8975    , array([ 0.010397   ,  0.989266   ,  0.00529997 ,  0.049588   ])
3848    , -98.8811    , array([ 0.0101022  ,  0.989733   ,  0.00512388 ,  0.0496226  ])
3856    , -102.649    , array([ 0.0101012  ,  1.13008    ,  0.00512333 ,  0.0496227  ])
3860    , -98.8811    , array([ 0.0101012  ,  0.9903     ,  0.00512333 ,  0.0496227  ])
3864    , -3667.48    , array([ 0.0101012  ,  0.9903     ,  0.00512333 ,  1.04962    ])
3868    , -3257.9     , array([ 0.0101012  ,  0.9903     ,  0.00512333 ,  0.431589   ])
3872    , -860.127    , array([ 0.0101012  ,  0.9903     ,  0.00512333 ,  0.122562   ])
3876    , -101.421    , array([ 0.0101012  ,  0.9903     ,  0.00512333 ,  0.0522747  ])
3880    , -98.881     , array([ 0.0101012  ,  0.9903     ,  0.00512333 ,  0.0496079  ])
3884    , -99.079     , array([ 0.0212666  ,  0.998084   ,  0.0110177  ,  0.0480728  ])
3888    , -98.9168    , array([ 0.0122336  ,  0.991786   ,  0.00624906 ,  0.0493146  ])
3892    , -98.8852    , array([ 0.0104123  ,  0.990517   ,  0.00528757 ,  0.0495649  ])
3896    , -98.8799    , array([ 0.0100104  ,  0.990236   ,  0.0050754  ,  0.0496202  ])
