295     , -1311       , array([ 0.999406   ,  0.0990727  ,  4.97491    ,  2.52751    ,  0.0494628  ])
300     , -1400.97    , array([ 1.38137    ,  0.0990727  ,  4.97491    ,  2.52751    ,  0.0494628  ])
305     , -1310.99    , array([ 1.00192    ,  0.0990727  ,  4.97491    ,  2.52751    ,  0.0494628  ])
320     , -1321.57    , array([ 1.00189    ,  0.101921   ,  4.97491    ,  2.52751    ,  0.0494628  ])
325     , -1310.98    , array([ 1.00189    ,  0.0991451  ,  4.97491    ,  2.52751    ,  0.0494628  ])
330     , -1323.64    , array([ 1.00189    ,  0.0991458  ,  4.35688    ,  2.52751    ,  0.0494628  ])
335     , -1310.98    , array([ 1.00189    ,  0.0991458  ,  4.98142    ,  2.52751    ,  0.0494628  ])
340     , -1339.11    , array([ 1.00189    ,  0.0991458  ,  4.98136    ,  1.90948    ,  0.0494628  ])
345     , -1310.98    , array([ 1.00189    ,  0.0991458  ,  4.98136    ,  2.52291    ,  0.0494628  ])
350     , -1310.98    , array([ 1.00189    ,  0.0991458  ,  4.98136    ,  2.52286    ,  0.0494628  ])
360     , -1372.28    , array([ 1.00189    ,  0.0991458  ,  4.98136    ,  2.52286    ,  0.0544738  ])
365     , -1310.98    , array([ 1.00189    ,  0.0991458  ,  4.98136    ,  2.52286    ,  0.0494814  ])
