2096    , -393.145    , array([ 23.4233    ,  0.181149   ,  5          ,  0.673231   ])
2100    , -393.146    , array([ 23.3999    ,  0.181149   ,  5          ,  0.673231   ])
2104    , -695.88     , array([ 23.3999    ,  0.181331   ,  1.82109    ,  0.673231   ])
2108    , -438.175    , array([ 23.3999    ,  0.181149   ,  3.57073    ,  0.673231   ])
2112    , -439.448    , array([ 23.3999    ,  0.181149   ,  3.57073    ,  0.673905   ])
2116    , -398.252    , array([ 23.3999    ,  0.181331   ,  4.46923    ,  0.673231   ])
2120    , -393.781    , array([ 23.3999    ,  0.181149   ,  4.81642    ,  0.673231   ])
2124    , -393.953    , array([ 23.3999    ,  0.181149   ,  4.81642    ,  0.673905   ])
2128    , -393.189    , array([ 23.3999    ,  0.181331   ,  4.93804    ,  0.673231   ])
2132    , -393.156    , array([ 23.3999    ,  0.181149   ,  4.97926    ,  0.673231   ])
2136    , -393.187    , array([ 23.3999    ,  0.181149   ,  4.97926    ,  0.673905   ])
2140    , -393.148    , array([ 23.3999    ,  0.181331   ,  4.99308    ,  0.673231   ])
2144    , -393.146    , array([ 23.3999    ,  0.181149   ,  4.99769    ,  0.673231   ])
2148    , -393.161    , array([ 23.3999    ,  0.181149   ,  4.99769    ,  0.673905   ])
2152    , -393.15     , array([ 23.3999    ,  0.181331   ,  4.99951    ,  0.673231   ])
2156    , -393.146    , array([ 23.3999    ,  0.181149   ,  4.9999     ,  0.673231   ])
2160    , -393.158    , array([ 23.3999    ,  0.181149   ,  4.9999     ,  0.673905   ])
2164    , -393.15     , array([ 23.3999    ,  0.181331   ,  4.99998    ,  0.673231   ])
2168    , -393.146    , array([ 23.3999    ,  0.181149   ,  5          ,  0.673231   ])
2172    , -393.158    , array([ 23.3999    ,  0.181149   ,  5          ,  0.673905   ])
2176    , -393.15     , array([ 23.3999    ,  0.181331   ,  5          ,  0.673231   ])
2180    , -393.146    , array([ 23.3999    ,  0.181149   ,  5          ,  0.673231   ])
2184    , -393.158    , array([ 23.3999    ,  0.181149   ,  5          ,  0.673905   ])
2188    , -393.15     , array([ 23.3999    ,  0.181331   ,  5          ,  0.673231   ])
2192    , -393.146    , array([ 23.3999    ,  0.181149   ,  5          ,  0.673231   ])
2196    , -393.158    , array([ 23.3999    ,  0.181149   ,  5          ,  0.673905   ])
2200    , -393.15     , array([ 23.3999    ,  0.181331   ,  5          ,  0.673231   ])
2204    , -393.146    , array([ 23.3999    ,  0.181149   ,  5          ,  0.673231   ])
2208    , -393.158    , array([ 23.3999    ,  0.181149   ,  5          ,  0.673905   ])
2212    , -393.15     , array([ 23.3999    ,  0.181331   ,  5          ,  0.673231   ])
2216    , -393.146    , array([ 23.3999    ,  0.181149   ,  5          ,  0.673231   ])
2220    , -393.158    , array([ 23.3999    ,  0.181149   ,  5          ,  0.673905   ])
2224    , -393.15     , array([ 23.3999    ,  0.181331   ,  5          ,  0.673231   ])
2228    , -393.146    , array([ 23.3999    ,  0.181149   ,  5          ,  0.673231   ])
2232    , -393.158    , array([ 23.3999    ,  0.181149   ,  5          ,  0.673905   ])
2236    , -393.15     , array([ 23.3999    ,  0.181331   ,  5          ,  0.673231   ])
2240    , -393.146    , array([ 23.3999    ,  0.181149   ,  5          ,  0.673231   ])
2244    , -393.158    , array([ 23.3999    ,  0.181149   ,  5          ,  0.673905   ])
2248    , -393.15     , array([ 23.3999    ,  0.181331   ,  5          ,  0.673231   ])
2252    , -393.146    , array([ 23.3999    ,  0.181149   ,  5          ,  0.673231   ])
2256    , -393.158    , array([ 23.3999    ,  0.181149   ,  5          ,  0.673905   ])
2260    , -393.15     , array([ 23.3999    ,  0.181331   ,  5          ,  0.673231   ])
2264    , -393.146    , array([ 23.3999    ,  0.181149   ,  5          ,  0.673231   ])
2268    , -393.158    , array([ 23.3999    ,  0.181149   ,  5          ,  0.673905   ])
2272    , -393.15     , array([ 23.3999    ,  0.181331   ,  5          ,  0.673231   ])
2276    , -393.146    , array([ 23.3999    ,  0.181149   ,  5          ,  0.673231   ])
2280    , -393.158    , array([ 23.3999    ,  0.181149   ,  5          ,  0.673905   ])
2284    , -393.15     , array([ 23.3999    ,  0.181331   ,  5          ,  0.673231   ])
2288    , -393.146    , array([ 23.3999    ,  0.181149   ,  5          ,  0.673231   ])
2292    , -393.158    , array([ 23.3999    ,  0.181149   ,  5          ,  0.673905   ])
2296    , -393.15     , array([ 23.3999    ,  0.181331   ,  5          ,  0.673231   ])
2300    , -393.146    , array([ 23.3999    ,  0.181149   ,  5          ,  0.673231   ])
2304    , -393.158    , array([ 23.3999    ,  0.181149   ,  5          ,  0.673905   ])
2308    , -393.15     , array([ 23.3999    ,  0.181331   ,  5          ,  0.673231   ])
2312    , -393.146    , array([ 23.3999    ,  0.181149   ,  5          ,  0.673231   ])
2316    , -393.158    , array([ 23.3999    ,  0.181149   ,  5          ,  0.673905   ])
2320    , -393.15     , array([ 23.3999    ,  0.181331   ,  5          ,  0.673231   ])
2324    , -393.146    , array([ 23.3999    ,  0.181149   ,  5          ,  0.673231   ])
2328    , -393.158    , array([ 23.3999    ,  0.181149   ,  5          ,  0.673905   ])
2332    , -393.15     , array([ 23.3999    ,  0.181331   ,  5          ,  0.673231   ])
2336    , -393.146    , array([ 23.3999    ,  0.181149   ,  5          ,  0.673231   ])
2340    , -393.158    , array([ 23.3999    ,  0.181149   ,  5          ,  0.673905   ])
2344    , -393.15     , array([ 23.3999    ,  0.181331   ,  5          ,  0.673231   ])
2348    , -393.146    , array([ 23.3999    ,  0.181149   ,  5          ,  0.673231   ])
2352    , -393.158    , array([ 23.3999    ,  0.181149   ,  5          ,  0.673905   ])
2356    , -393.15     , array([ 23.3999    ,  0.181331   ,  5          ,  0.673231   ])
2360    , -393.146    , array([ 23.3999    ,  0.181149   ,  5          ,  0.673231   ])
2364    , -393.158    , array([ 23.3999    ,  0.181149   ,  5          ,  0.673905   ])
2368    , -393.15     , array([ 23.3999    ,  0.181331   ,  5          ,  0.673231   ])
2372    , -393.146    , array([ 23.3999    ,  0.181149   ,  5          ,  0.673231   ])
2376    , -393.158    , array([ 23.3999    ,  0.181149   ,  5          ,  0.673905   ])
2380    , -393.15     , array([ 23.3999    ,  0.181331   ,  5          ,  0.673231   ])
2384    , -393.146    , array([ 23.3999    ,  0.181149   ,  5          ,  0.673231   ])
2388    , -393.158    , array([ 23.3999    ,  0.181149   ,  5          ,  0.673905   ])
2392    , -393.15     , array([ 23.3999    ,  0.181331   ,  5          ,  0.673231   ])
2396    , -393.146    , array([ 23.3999    ,  0.181149   ,  5          ,  0.673231   ])
2400    , -393.158    , array([ 23.3999    ,  0.181149   ,  5          ,  0.673905   ])
2404    , -393.15     , array([ 23.3999    ,  0.181331   ,  5          ,  0.673231   ])
2408    , -393.146    , array([ 23.3999    ,  0.181149   ,  5          ,  0.673231   ])
2412    , -393.158    , array([ 23.3999    ,  0.181149   ,  5          ,  0.673905   ])
2416    , -393.15     , array([ 23.3999    ,  0.181331   ,  5          ,  0.673231   ])
2420    , -393.146    , array([ 23.3999    ,  0.181149   ,  5          ,  0.673231   ])
2424    , -393.158    , array([ 23.3999    ,  0.181149   ,  5          ,  0.673905   ])
2428    , -393.15     , array([ 23.3999    ,  0.181331   ,  5          ,  0.673231   ])
2432    , -393.146    , array([ 23.3999    ,  0.181149   ,  5          ,  0.673231   ])
2436    , -393.158    , array([ 23.3999    ,  0.181149   ,  5          ,  0.673905   ])
2440    , -393.15     , array([ 23.3999    ,  0.181331   ,  5          ,  0.673231   ])
2444    , -393.146    , array([ 23.3999    ,  0.181149   ,  5          ,  0.673231   ])
2448    , -393.158    , array([ 23.3999    ,  0.181149   ,  5          ,  0.673905   ])
2452    , -393.15     , array([ 23.3999    ,  0.181331   ,  5          ,  0.673231   ])
2456    , -393.146    , array([ 23.3999    ,  0.181149   ,  5          ,  0.673231   ])
2460    , -393.158    , array([ 23.3999    ,  0.181149   ,  5          ,  0.673905   ])
2464    , -393.15     , array([ 23.3999    ,  0.181331   ,  5          ,  0.673231   ])
2468    , -393.146    , array([ 23.3999    ,  0.181149   ,  5          ,  0.673231   ])
2472    , -393.158    , array([ 23.3999    ,  0.181149   ,  5          ,  0.673905   ])
2476    , -393.15     , array([ 23.3999    ,  0.181331   ,  5          ,  0.673231   ])
2480    , -393.146    , array([ 23.3999    ,  0.181149   ,  5          ,  0.673231   ])
2484    , -393.158    , array([ 23.3999    ,  0.181149   ,  5          ,  0.673905   ])
2488    , -393.15     , array([ 23.3999    ,  0.181331   ,  5          ,  0.673231   ])
2492    , -393.146    , array([ 23.3999    ,  0.181149   ,  5          ,  0.673231   ])
2496    , -393.158    , array([ 23.3999    ,  0.181149   ,  5          ,  0.673905   ])
2500    , -393.15     , array([ 23.3999    ,  0.181331   ,  5          ,  0.673231   ])
2504    , -393.146    , array([ 23.3999    ,  0.181149   ,  5          ,  0.673231   ])
2508    , -393.158    , array([ 23.3999    ,  0.181149   ,  5          ,  0.673905   ])
2512    , -393.15     , array([ 23.3999    ,  0.181331   ,  5          ,  0.673231   ])
2516    , -393.146    , array([ 23.3999    ,  0.181149   ,  5          ,  0.673231   ])
2520    , -393.158    , array([ 23.3999    ,  0.181149   ,  5          ,  0.673905   ])
2524    , -393.15     , array([ 23.3999    ,  0.181331   ,  5          ,  0.673231   ])
2528    , -393.146    , array([ 23.3999    ,  0.181149   ,  5          ,  0.673231   ])
2532    , -393.158    , array([ 23.3999    ,  0.181149   ,  5          ,  0.673905   ])
2536    , -393.15     , array([ 23.3999    ,  0.181331   ,  5          ,  0.673231   ])
2540    , -393.146    , array([ 23.3999    ,  0.181149   ,  5          ,  0.673231   ])
2544    , -393.158    , array([ 23.3999    ,  0.181149   ,  5          ,  0.673905   ])
2548    , -393.15     , array([ 23.3999    ,  0.181331   ,  5          ,  0.673231   ])
2552    , -393.146    , array([ 23.3999    ,  0.181149   ,  5          ,  0.673231   ])
2556    , -393.158    , array([ 23.3999    ,  0.181149   ,  5          ,  0.673905   ])
2560    , -393.15     , array([ 23.3999    ,  0.181331   ,  5          ,  0.673231   ])
2564    , -393.146    , array([ 23.3999    ,  0.181149   ,  5          ,  0.673231   ])
2568    , -393.158    , array([ 23.3999    ,  0.181149   ,  5          ,  0.673905   ])
2572    , -393.15     , array([ 23.3999    ,  0.181331   ,  5          ,  0.673231   ])
2576    , -393.146    , array([ 23.3999    ,  0.181149   ,  5          ,  0.673231   ])
2580    , -393.158    , array([ 23.3999    ,  0.181149   ,  5          ,  0.673905   ])
2584    , -393.15     , array([ 23.3999    ,  0.181331   ,  5          ,  0.673231   ])
2588    , -393.146    , array([ 23.3999    ,  0.181149   ,  5          ,  0.673231   ])
2592    , -393.158    , array([ 23.3999    ,  0.181149   ,  5          ,  0.673905   ])
2596    , -393.15     , array([ 23.3999    ,  0.181331   ,  5          ,  0.673231   ])
2600    , -393.146    , array([ 23.3999    ,  0.181149   ,  5          ,  0.673231   ])
2604    , -393.158    , array([ 23.3999    ,  0.181149   ,  5          ,  0.673905   ])
2608    , -393.15     , array([ 23.3999    ,  0.181331   ,  5          ,  0.673231   ])
2612    , -393.146    , array([ 23.3999    ,  0.181149   ,  5          ,  0.673231   ])
2616    , -393.158    , array([ 23.3999    ,  0.181149   ,  5          ,  0.673905   ])
2620    , -396.921    , array([ 23.3999    ,  0.181149   ,  4.55543    ,  0.673231   ])
2624    , -393.153    , array([ 23.3999    ,  0.181149   ,  4.98348    ,  0.673231   ])
2628    , -393.146    , array([ 23.3999    ,  0.181149   ,  4.99941    ,  0.673231   ])
