51      , -11391.8    , array([ 0.999      ,  1.15429    ,  2.07867    ,  0.279929   ,  1.73031    ,  0.386185   ,  0.676634   ,  0.00109573 ,  0.124217   ,  0          ,  0.0258489  ,  0.299016   ,  0.318122   ,  0.377913   ,  7.32302    ,  0.903393   ,  8.85583    ])
68      , -11391.8    , array([ 0.999      ,  1.15447    ,  2.07867    ,  0.279929   ,  1.73031    ,  0.386185   ,  0.676634   ,  0.00109573 ,  0.124217   ,  0          ,  0.0258489  ,  0.299016   ,  0.318122   ,  0.377913   ,  7.32302    ,  0.903393   ,  8.85583    ])
85      , -11391.8    , array([ 0.999      ,  1.15185    ,  2.07594    ,  0.279929   ,  1.73031    ,  0.386185   ,  0.676634   ,  0.00109573 ,  0.124217   ,  0          ,  0.0258489  ,  0.299016   ,  0.318122   ,  0.377913   ,  7.32302    ,  0.903393   ,  8.85583    ])
102     , -11391.8    , array([ 0.999      ,  1.15185    ,  2.07589    ,  0.281398   ,  1.73031    ,  0.386185   ,  0.676634   ,  0.00109573 ,  0.124217   ,  0          ,  0.0258489  ,  0.299016   ,  0.318122   ,  0.377913   ,  7.32302    ,  0.903393   ,  8.85583    ])
119     , -11391.8    , array([ 0.999      ,  1.15185    ,  2.07589    ,  0.280258   ,  1.73207    ,  0.386185   ,  0.676634   ,  0.00109573 ,  0.124217   ,  0          ,  0.0258489  ,  0.299016   ,  0.318122   ,  0.377913   ,  7.32302    ,  0.903393   ,  8.85583    ])
136     , -11391.8    , array([ 0.999      ,  1.15185    ,  2.07589    ,  0.280258   ,  1.73207    ,  0.385863   ,  0.676634   ,  0.00109573 ,  0.124217   ,  0          ,  0.0258489  ,  0.299016   ,  0.318122   ,  0.377913   ,  7.32302    ,  0.903393   ,  8.85583    ])
153     , -101983     , array([ 0.999      ,  1.15185    ,  2.07589    ,  0.280258   ,  1.73207    ,  0.385866   ,  0.678119   ,  1.0011     ,  0.124217   ,  0          ,  0.0258489  ,  0.299016   ,  0.318122   ,  0.377913   ,  7.32302    ,  0.903393   ,  8.85583    ])
187     , -12274.2    , array([ 0.999      ,  1.15185    ,  2.07589    ,  0.280258   ,  1.73207    ,  0.385866   ,  0.678119   ,  0.00109918 ,  0.197146   ,  0          ,  0.0258489  ,  0.299016   ,  0.318122   ,  0.377913   ,  7.32302    ,  0.903393   ,  8.85583    ])
221     , -11391.8    , array([ 0.999      ,  1.15185    ,  2.07589    ,  0.280258   ,  1.73207    ,  0.385866   ,  0.678119   ,  0.00109918 ,  0.124287   ,  3.30535e-05,  0.0258489  ,  0.299016   ,  0.318122   ,  0.377913   ,  7.32302    ,  0.903393   ,  8.85583    ])
272     , -11391.8    , array([ 0.999      ,  1.15185    ,  2.07589    ,  0.280258   ,  1.73207    ,  0.385866   ,  0.678119   ,  0.00109918 ,  0.124287   ,  2.79436e-11,  0.000270787,  0.299016   ,  0.318122   ,  0.377913   ,  7.32302    ,  0.903393   ,  8.85583    ])
289     , -11901.1    , array([ 0.999      ,  1.15185    ,  2.07589    ,  0.280258   ,  1.73207    ,  0.385866   ,  0.678119   ,  0.00109918 ,  0.124287   ,  2.79436e-11,  0.000270787,  0.303925   ,  1.31812    ,  0.377913   ,  7.32302    ,  0.903393   ,  8.85583    ])
306     , -11417.2    , array([ 0.999      ,  1.15185    ,  2.07589    ,  0.280258   ,  1.73207    ,  0.385866   ,  0.678119   ,  0.00109918 ,  0.124287   ,  2.79436e-11,  0.000270787,  0.303925   ,  0.314416   ,  0.568895   ,  7.32302    ,  0.903393   ,  8.85583    ])
323     , -11391.8    , array([ 0.999      ,  1.15185    ,  2.07589    ,  0.280258   ,  1.73207    ,  0.385866   ,  0.678119   ,  0.00109918 ,  0.124287   ,  2.79436e-11,  0.000270787,  0.303925   ,  0.314416   ,  0.379636   ,  7.33879    ,  0.903393   ,  8.85583    ])
340     , -11394.8    , array([ 0.999      ,  1.15185    ,  2.07589    ,  0.280258   ,  1.73207    ,  0.385866   ,  0.678119   ,  0.00109918 ,  0.124287   ,  2.79436e-11,  0.000270787,  0.303925   ,  0.314416   ,  0.379636   ,  7.33895    ,  0.90055    ,  9.2378     ])
