848     , -102.389    , array([ 0.094005   ,  1.13894    ,  0.0576405  ,  0.0372205  ])
852     , -102.389    , array([ 0.094005   ,  1.13894    ,  0.0576405  ,  0.0372205  ])
860     , -127.729    , array([ 0.111311   ,  1.13894    ,  0.0576405  ,  0.0372205  ])
864     , -102.389    , array([ 0.0940375  ,  1.13894    ,  0.0576405  ,  0.0372205  ])
868     , -102.389    , array([ 0.0940398  ,  1.13894    ,  0.0576405  ,  0.0372205  ])
872     , -140.903    , array([ 0.0940388  ,  2.13894    ,  0.0576405  ,  0.0372205  ])
876     , -112.13     , array([ 0.0940388  ,  1.52091    ,  0.0576405  ,  0.0372205  ])
880     , -102.386    , array([ 0.0940388  ,  1.1439     ,  0.0576405  ,  0.0372205  ])
884     , -13200.5    , array([ 0.0940388  ,  1.14395    ,  1.05764    ,  0.0372205  ])
888     , -11492.1    , array([ 0.0940388  ,  1.14395    ,  0.439606   ,  0.0372205  ])
892     , -928.166    , array([ 0.0940388  ,  1.14395    ,  0.130554   ,  0.0372205  ])
896     , -102.36     , array([ 0.0940388  ,  1.14395    ,  0.0572891  ,  0.0372205  ])
900     , -4462.58    , array([ 0.0940388  ,  1.14395    ,  0.0572926  ,  1.03722    ])
904     , -4040.11    , array([ 0.0940388  ,  1.14395    ,  0.0572926  ,  0.419186   ])
908     , -1094.61    , array([ 0.0940388  ,  1.14395    ,  0.0572926  ,  0.110157   ])
912     , -107.712    , array([ 0.0940388  ,  1.14395    ,  0.0572926  ,  0.0405378  ])
916     , -102.36     , array([ 0.0940388  ,  1.14395    ,  0.0572926  ,  0.0372386  ])
920     , -102.36     , array([ 0.0940388  ,  1.14395    ,  0.0572926  ,  0.0372386  ])
924     , -102.373    , array([ 0.0940179  ,  1.14085    ,  0.0575076  ,  0.0372274  ])
928     , -102.359    , array([ 0.0940447  ,  1.14484    ,  0.0572312  ,  0.0372418  ])
932     , -102.359    , array([ 0.0940448  ,  1.14485    ,  0.0572303  ,  0.0372418  ])
940     , -127.801    , array([ 0.110789   ,  1.14485    ,  0.0572303  ,  0.0372418  ])
944     , -102.336    , array([ 0.0935686  ,  1.14485    ,  0.0572303  ,  0.0372418  ])
952     , -103.922    , array([ 0.0935686  ,  1.27947    ,  0.0572303  ,  0.0372418  ])
956     , -102.335    , array([ 0.0935686  ,  1.14673    ,  0.0572303  ,  0.0372418  ])
960     , -102.335    , array([ 0.0935686  ,  1.14673    ,  0.0572303  ,  0.0372418  ])
972     , -223.645    , array([ 0.0935686  ,  1.14673    ,  0.0572303  ,  0.0240862  ])
976     , -102.333    , array([ 0.0935686  ,  1.14673    ,  0.0572303  ,  0.0371773  ])
980     , -102.326    , array([ 0.0935747  ,  1.14763    ,  0.0571679  ,  0.0371812  ])
984     , -102.313    , array([ 0.0936013  ,  1.15158    ,  0.0568933  ,  0.0371955  ])
988     , -102.313    , array([ 0.0936007  ,  1.15149    ,  0.0569     ,  0.0371952  ])
992     , -102.233    , array([ 0.0924548  ,  1.17139    ,  0.0558602  ,  0.0370822  ])
996     , -102.222    , array([ 0.0909847  ,  1.19686    ,  0.0545307  ,  0.036937   ])
1000    , -102.214    , array([ 0.0915701  ,  1.18672    ,  0.05506    ,  0.0369948  ])
1004    , -102.214    , array([ 0.0915128  ,  1.17822    ,  0.0556503  ,  0.0369641  ])
1008    , -102.197    , array([ 0.0915419  ,  1.18253    ,  0.0553507  ,  0.0369796  ])
1016    , -103.604    , array([ 0.0915419  ,  1.31339    ,  0.0553507  ,  0.0369796  ])
1020    , -102.197    , array([ 0.0915419  ,  1.18184    ,  0.0553507  ,  0.0369796  ])
1024    , -102.197    , array([ 0.0915419  ,  1.18185    ,  0.0553507  ,  0.0369796  ])
1036    , -231.634    , array([ 0.0915419  ,  1.18185    ,  0.0553507  ,  0.023824   ])
1040    , -102.174    , array([ 0.0915419  ,  1.18185    ,  0.0553507  ,  0.0371888  ])
1044    , -102.186    , array([ 0.089511   ,  1.21703    ,  0.0535141  ,  0.0369882  ])
1048    , -102.156    , array([ 0.0907661  ,  1.19529    ,  0.0546492  ,  0.0371122  ])
1052    , -102.245    , array([ 0.0877021  ,  1.24301    ,  0.0521945  ,  0.0370064  ])
1056    , -102.155    , array([ 0.0906458  ,  1.19641    ,  0.0546052  ,  0.0370978  ])
1060    , -102.155    , array([ 0.0906458  ,  1.19642    ,  0.0546046  ,  0.0370978  ])
1068    , -103.669    , array([ 0.0906458  ,  1.32008    ,  0.0546052  ,  0.0370978  ])
1072    , -102.136    , array([ 0.0906458  ,  1.18238    ,  0.0546052  ,  0.0370978  ])
1076    , -4619.41    , array([ 0.0906458  ,  1.18238    ,  0.0546052  ,  1.0371     ])
1080    , -4158.82    , array([ 0.0906458  ,  1.18238    ,  0.0546052  ,  0.419064   ])
1084    , -1115.75    , array([ 0.0906458  ,  1.18238    ,  0.0546052  ,  0.110034   ])
1088    , -107.714    , array([ 0.0906458  ,  1.18238    ,  0.0546052  ,  0.0406648  ])
1092    , -102.109    , array([ 0.0906458  ,  1.18238    ,  0.0546052  ,  0.0373224  ])
1096    , -102.459    , array([ 0.0939319  ,  1.12545    ,  0.0575769  ,  0.0376492  ])
1100    , -102.097    , array([ 0.0899455  ,  1.19451    ,  0.0539719  ,  0.0372555  ])
1104    , -102.097    , array([ 0.0899525  ,  1.19439    ,  0.0539782  ,  0.0372562  ])
1108    , -101.956    , array([ 0.0881223  ,  1.18683    ,  0.0524929  ,  0.0376628  ])
1112    , -101.634    , array([ 0.0805425  ,  1.15554    ,  0.0463411  ,  0.039347   ])
1116    , -101.583    , array([ 0.0804181  ,  1.15361    ,  0.046349   ,  0.0393672  ])
1120    , -101.451    , array([ 0.0802977  ,  1.13573    ,  0.0475898  ,  0.0393026  ])
1124    , -101.395    , array([ 0.0803397  ,  1.14198    ,  0.0471564  ,  0.0393252  ])
1128    , -101.395    , array([ 0.0803406  ,  1.14211    ,  0.0471474  ,  0.0393257  ])
1132    , -101.792    , array([ 0.0803406  ,  1.06386    ,  0.0471474  ,  0.0393257  ])
1136    , -101.346    , array([ 0.0803406  ,  1.12195    ,  0.0471474  ,  0.0393257  ])
1140    , -101.828    , array([ 0.0836267  ,  1.06482    ,  0.0501191  ,  0.0396502  ])
1144    , -101.319    , array([ 0.0793686  ,  1.13859    ,  0.0462683  ,  0.0392297  ])
1148    , -101.692    , array([ 0.0698628  ,  1.09894    ,  0.0385552  ,  0.0413478  ])
1152    , -101.221    , array([ 0.0757493  ,  1.12324    ,  0.0433327  ,  0.0400399  ])
1156    , -101.221    , array([ 0.075931   ,  1.12399    ,  0.0434802  ,  0.0399995  ])
1160    , -101.251    , array([ 0.0759022  ,  1.12475    ,  0.0433895  ,  0.0400105  ])
1164    , -101.067    , array([ 0.0758327  ,  1.11443    ,  0.0441059  ,  0.0399732  ])
1168    , -101.067    , array([ 0.0758316  ,  1.11426    ,  0.0441174  ,  0.0399726  ])
1176    , -103.099    , array([ 0.0758309  ,  1.24708    ,  0.0441241  ,  0.0399723  ])
1180    , -101.103    , array([ 0.0758309  ,  1.09289    ,  0.0441241  ,  0.0399723  ])
1184    , -101.065    , array([ 0.0758309  ,  1.10996    ,  0.0441241  ,  0.0399723  ])
1188    , -101.178    , array([ 0.0770861  ,  1.08821    ,  0.0452592  ,  0.0400962  ])
1192    , -101.044    , array([ 0.0750294  ,  1.12384    ,  0.0433993  ,  0.0398931  ])
1196    , -102.633    , array([ 0.0904325  ,  1.18761    ,  0.0558996  ,  0.0364681  ])
1200    , -100.97     , array([ 0.0718351  ,  1.11083    ,  0.0408061  ,  0.0406002  ])
1204    , -100.968    , array([ 0.0722234  ,  1.11243    ,  0.0411212  ,  0.040514   ])
1208    , -100.463    , array([ 0.0627085  ,  1.08295    ,  0.0351009  ,  0.0418183  ])
1212    , -100.235    , array([ 0.0522724  ,  1.05059    ,  0.0284925  ,  0.0432515  ])
1216    , -100.233    , array([ 0.0533089  ,  1.0538     ,  0.0291488  ,  0.0431091  ])
1220    , -100.232    , array([ 0.0531176  ,  1.05321    ,  0.0290277  ,  0.0431354  ])
1224    , -100.145    , array([ 0.0548593  ,  1.0604     ,  0.0304412  ,  0.0427484  ])
1228    , -100.144    , array([ 0.0546628  ,  1.05959    ,  0.0302817  ,  0.0427921  ])
1232    , -100.144    , array([ 0.0546784  ,  1.05965    ,  0.0302944  ,  0.0427886  ])
1236    , -100.203    , array([ 0.0546784  ,  1.05187    ,  0.0302944  ,  0.0427886  ])
1240    , -100.082    , array([ 0.0546784  ,  1.07959    ,  0.0302944  ,  0.0427886  ])
1244    , -100.581    , array([ 0.0579645  ,  1.02267    ,  0.0332661  ,  0.0431131  ])
1248    , -100.076    , array([ 0.0549928  ,  1.07415    ,  0.0305788  ,  0.0428197  ])
1252    , -100.076    , array([ 0.0549624  ,  1.07467    ,  0.0305512  ,  0.0428167  ])
1256    , -100.076    , array([ 0.0549653  ,  1.07462    ,  0.0305538  ,  0.042817   ])
1260    , -99.8985    , array([ 0.0488282  ,  1.05559    ,  0.0266676  ,  0.0436598  ])
1264    , -99.8818    , array([ 0.0467406  ,  1.04912    ,  0.0253457  ,  0.0439464  ])
1268    , -104.675    , array([ 0.0622332  ,  1.113      ,  0.0379049  ,  0.040511   ])
1272    , -99.8882    , array([ 0.0481725  ,  1.05495    ,  0.0264933  ,  0.0436352  ])
1276    , -99.8604    , array([ 0.0474417  ,  1.05193    ,  0.0259002  ,  0.0437976  ])
1280    , -315.327    , array([ 0.0474417  ,  0.433894   ,  0.0259002  ,  0.0437976  ])
1284    , -99.828     , array([ 0.0474417  ,  1.0702     ,  0.0259002  ,  0.0437976  ])
1288    , -99.8256    , array([ 0.0474417  ,  1.06642    ,  0.0259002  ,  0.0437976  ])
1292    , -99.9129    , array([ 0.0486969  ,  1.04467    ,  0.0270353  ,  0.0439215  ])
1296    , -99.8206    , array([ 0.0476726  ,  1.06242    ,  0.026109   ,  0.0438204  ])
1300    , -104.132    , array([ 0.028539   ,  1.00308    ,  0.0139929  ,  0.046448   ])
1304    , -99.791     , array([ 0.0403642  ,  1.03975    ,  0.021481   ,  0.044824   ])
1308    , -99.7301    , array([ 0.0432027  ,  1.04855    ,  0.0232785  ,  0.0444342  ])
1312    , -99.6114    , array([ 0.0395835  ,  1.04774    ,  0.0211598  ,  0.0449332  ])
1316    , -99.5261    , array([ 0.0359642  ,  1.04692    ,  0.019041   ,  0.0454321  ])
1320    , -99.4941    , array([ 0.0326079  ,  1.04616    ,  0.0170763  ,  0.0458948  ])
1324    , -99.494     , array([ 0.0327128  ,  1.04619    ,  0.0171377  ,  0.0458804  ])
1328    , -99.4332    , array([ 0.0332574  ,  1.04844    ,  0.0175797  ,  0.0457594  ])
1332    , -99.4328    , array([ 0.0333009  ,  1.04862    ,  0.017615   ,  0.0457497  ])
1336    , -99.4328    , array([ 0.0333068  ,  1.04864    ,  0.0176198  ,  0.0457484  ])
1340    , -99.8229    , array([ 0.0333068  ,  1.00119    ,  0.0176198  ,  0.0457484  ])
1344    , -99.4317    , array([ 0.0333068  ,  1.04621    ,  0.0176198  ,  0.0457484  ])
1348    , -99.4317    , array([ 0.0333068  ,  1.04625    ,  0.0176198  ,  0.0457484  ])
1352    , -99.647     , array([ 0.034562   ,  1.02451    ,  0.0187549  ,  0.0458723  ])
1356    , -99.4172    , array([ 0.0335481  ,  1.04207    ,  0.017838   ,  0.0457722  ])
1360    , -99.6054    , array([ 0.0230582  ,  1.03971    ,  0.0116972  ,  0.0472184  ])
1364    , -99.3333    , array([ 0.0295413  ,  1.04117    ,  0.0154924  ,  0.0463246  ])
1368    , -99.3245    , array([ 0.0282042  ,  1.04087    ,  0.0147096  ,  0.0465089  ])
1372    , -99.3245    , array([ 0.0282042  ,  1.04087    ,  0.0147096  ,  0.0465089  ])
1376    , -104.235    , array([ 0.0340907  ,  1.06517    ,  0.0194871  ,  0.045201   ])
1380    , -99.3106    , array([ 0.0284583  ,  1.04192    ,  0.0149159  ,  0.0464525  ])
1384    , -99.3105    , array([ 0.028439   ,  1.04184    ,  0.0149002  ,  0.0464568  ])
1388    , -99.3105    , array([ 0.0284366  ,  1.04183    ,  0.0148983  ,  0.0464573  ])
1392    , -99.7504    , array([ 0.0284366  ,  0.990575   ,  0.0148983  ,  0.0464573  ])
1396    , -99.3069    , array([ 0.0284366  ,  1.0375     ,  0.0148983  ,  0.0464573  ])
1400    , -101.665    , array([ 0.0264057  ,  1.0726     ,  0.0130617  ,  0.0462567  ])
1404    , -99.6753    , array([ 0.0276609  ,  1.05086    ,  0.0141968  ,  0.0463807  ])
1408    , -99.2949    , array([ 0.0286121  ,  1.03438    ,  0.015057   ,  0.0464746  ])
1412    , -99.8083    , array([ 0.0455869  ,  1.03818    ,  0.0249947  ,  0.0441349  ])
1416    , -99.2581    , array([ 0.0251958  ,  1.03358    ,  0.0130576  ,  0.046946   ])
1420    , -99.2541    , array([ 0.025928   ,  1.03375    ,  0.0134863  ,  0.0468451  ])
1424    , -99.1229    , array([ 0.0198708  ,  1.01508    ,  0.010226   ,  0.0477386  ])
1428    , -99.1246    , array([ 0.0156368  ,  1.00197    ,  0.00794798 ,  0.0483633  ])
1432    , -99.1047    , array([ 0.0176184  ,  1.00811    ,  0.00901413 ,  0.0480709  ])
1436    , -99.1047    , array([ 0.0175347  ,  1.00785    ,  0.00896912 ,  0.0480833  ])
1440    , -99.4686    , array([ 0.0170711  ,  1.00593    ,  0.00859282 ,  0.0481863  ])
1444    , -99.0684    , array([ 0.0177436  ,  1.00871    ,  0.00913864 ,  0.0480369  ])
1448    , -99.0684    , array([ 0.0177436  ,  1.00871    ,  0.00913864 ,  0.0480369  ])
1452    , -99.3984    , array([ 0.0177436  ,  0.9759     ,  0.00913864 ,  0.0480369  ])
1456    , -99.0601    , array([ 0.0177436  ,  1.01507    ,  0.00913864 ,  0.0480369  ])
1460    , -99.0601    , array([ 0.0177436  ,  1.015      ,  0.00913864 ,  0.0480369  ])
1464    , -99.0601    , array([ 0.0177441  ,  1.015      ,  0.0091391  ,  0.0480369  ])
1468    , -99.0601    , array([ 0.0177387  ,  1.01509    ,  0.00913425 ,  0.0480364  ])
1472    , -99.0601    , array([ 0.0177391  ,  1.01508    ,  0.00913457 ,  0.0480364  ])
1476    , -99.0601    , array([ 0.017739   ,  1.01508    ,  0.00913452 ,  0.0480364  ])
1480    , -99.0381    , array([ 0.0130334  ,  1.00052    ,  0.00660273 ,  0.0487308  ])
1488    , -99.018     , array([ 0.0145434  ,  1.00519    ,  0.0074152  ,  0.048508   ])
1492    , -101.238    , array([ 0.013442   ,  1.00065    ,  0.00652123 ,  0.0487527  ])
1496    , -99.006     , array([ 0.0146403  ,  1.00559    ,  0.00749383 ,  0.0484864  ])
1504    , -102.327    , array([ 0.0146403  ,  1.14657    ,  0.00749383 ,  0.0484864  ])
1508    , -99.0015    , array([ 0.0146403  ,  1.01025    ,  0.00749383 ,  0.0484864  ])
1512    , -110.915    , array([ 0.0179264  ,  0.953321   ,  0.0104656  ,  0.048811   ])
1516    , -99.02      , array([ 0.0147351  ,  1.00861    ,  0.00757955 ,  0.0484958  ])
1520    , -99.0015    , array([ 0.0146376  ,  1.0103     ,  0.00749134 ,  0.0484862  ])
1524    , -99.0015    , array([ 0.0146373  ,  1.0103     ,  0.00749111 ,  0.0484861  ])
1528    , -99.1352    , array([ 0.0198079  ,  1.0263     ,  0.010273   ,  0.0477232  ])
1532    , -98.9851    , array([ 0.0125982  ,  1.00399    ,  0.00639398 ,  0.048787   ])
1536    , -98.9833    , array([ 0.0128641  ,  1.00481    ,  0.00653704 ,  0.0487478  ])
1540    , -98.9558    , array([ 0.0115133  ,  1.00545    ,  0.00583571 ,  0.0489391  ])
1548    , -98.9391    , array([ 0.0101349  ,  1.00556    ,  0.00511718 ,  0.0491353  ])
1564    , -98.9256    , array([ 0.0101163  ,  1.00584    ,  0.00512662 ,  0.0491326  ])
1568    , -176.878    , array([ 0.0101163  ,  2.00584    ,  0.00512662 ,  0.0491326  ])
1572    , -119.175    , array([ 0.0101163  ,  1.38781    ,  0.00512662 ,  0.0491326  ])
1576    , -98.9252    , array([ 0.0101163  ,  1.00471    ,  0.00512662 ,  0.0491326  ])
1580    , -98.9252    , array([ 0.0101163  ,  1.00455    ,  0.00512662 ,  0.0491326  ])
1584    , -121.762    , array([ 0.0134024  ,  0.947619   ,  0.00809837 ,  0.0494572  ])
1588    , -100.398    , array([ 0.0107439  ,  0.993674   ,  0.00569417 ,  0.0491946  ])
1592    , -98.9246    , array([ 0.0101284  ,  1.00434    ,  0.00513754 ,  0.0491338  ])
1608    , -98.9226    , array([ 0.0100014  ,  1.00435    ,  0.00507123 ,  0.0491518  ])
1612    , -98.9226    , array([ 0.0100049  ,  1.00435    ,  0.00507307 ,  0.0491513  ])
1616    , -98.9226    , array([ 0.0100014  ,  1.00435    ,  0.00507123 ,  0.0491518  ])
1620    , -132.602    , array([ 0.0158879  ,  1.02866    ,  0.00984872 ,  0.0478439  ])
1624    , -101.842    , array([ 0.0111256  ,  1.00899    ,  0.00598365 ,  0.0489021  ])
1628    , -99.0067    , array([ 0.0101654  ,  1.00503    ,  0.00520435 ,  0.0491154  ])
1632    , -98.9254    , array([ 0.0100253  ,  1.00445    ,  0.00509065 ,  0.0491465  ])
1636    , -98.9228    , array([ 0.0100049  ,  1.00437    ,  0.00507406 ,  0.0491511  ])
1644    , -98.9225    , array([ 0.01       ,  1.00435    ,  0.00507014 ,  0.0491521  ])
1652    , -98.9225    , array([ 0.01       ,  1.00435    ,  0.00507012 ,  0.0491522  ])
1656    , -99.3988    , array([ 0.01       ,  0.958768   ,  0.00507012 ,  0.0491522  ])
1660    , -98.9224    , array([ 0.01       ,  1.00368    ,  0.00507012 ,  0.0491522  ])
1664    , -98.9226    , array([ 0.01       ,  1.00272    ,  0.00507012 ,  0.0491522  ])
1668    , -98.9224    , array([ 0.01       ,  1.00366    ,  0.00507012 ,  0.0491522  ])
1684    , -98.9223    , array([ 0.0100052  ,  1.00356    ,  0.00507481 ,  0.0491527  ])
1688    , -98.9223    , array([ 0.0100035  ,  1.00359    ,  0.00507329 ,  0.0491525  ])
1708    , -98.9223    , array([ 0.0100004  ,  1.00358    ,  0.00507179 ,  0.049153   ])
1712    , -98.9223    , array([ 0.0100009  ,  1.00358    ,  0.00507206 ,  0.049153   ])
