425     , -11185      , array([ 0.595475   ,  3.62229    ,  0.468      ,  0.204589   ,  0.540503   ,  0.487671   ,  0.957529   ,  0.0947089  ,  0.0534091  ,  0.00697961 ,  0.0975944  ,  0.553036   ,  1.06874    ,  0.491094   ,  3.85094    ,  1.01352    ,  3.64012    ])
442     , -11184.8    , array([ 0.60816    ,  3.62229    ,  0.468      ,  0.204589   ,  0.540503   ,  0.487671   ,  0.957529   ,  0.0947089  ,  0.0534091  ,  0.00697961 ,  0.0975944  ,  0.553036   ,  1.06874    ,  0.491094   ,  3.85094    ,  1.01352    ,  3.64012    ])
459     , -11192.6    , array([ 0.60816    ,  3.59104    ,  0.451377   ,  0.204589   ,  0.540503   ,  0.487671   ,  0.957529   ,  0.0947089  ,  0.0534091  ,  0.00697961 ,  0.0975944  ,  0.553036   ,  1.06874    ,  0.491094   ,  3.85094    ,  1.01352    ,  3.64012    ])
476     , -11184.6    , array([ 0.60816    ,  3.59104    ,  0.467231   ,  0.22181    ,  0.540503   ,  0.487671   ,  0.957529   ,  0.0947089  ,  0.0534091  ,  0.00697961 ,  0.0975944  ,  0.553036   ,  1.06874    ,  0.491094   ,  3.85094    ,  1.01352    ,  3.64012    ])
493     , -11184.6    , array([ 0.60816    ,  3.59104    ,  0.467231   ,  0.204594   ,  0.540503   ,  0.487671   ,  0.957529   ,  0.0947089  ,  0.0534091  ,  0.00697961 ,  0.0975944  ,  0.553036   ,  1.06874    ,  0.491094   ,  3.85094    ,  1.01352    ,  3.64012    ])
510     , -11184.6    , array([ 0.60816    ,  3.59104    ,  0.467231   ,  0.204589   ,  0.540503   ,  0.487671   ,  0.957529   ,  0.0947089  ,  0.0534091  ,  0.00697961 ,  0.0975944  ,  0.553036   ,  1.06874    ,  0.491094   ,  3.85094    ,  1.01352    ,  3.64012    ])
527     , -11191.9    , array([ 0.60816    ,  3.59104    ,  0.467231   ,  0.204589   ,  0.450434   ,  0.487671   ,  0.957529   ,  0.0947089  ,  0.0534091  ,  0.00697961 ,  0.0975944  ,  0.553036   ,  1.06874    ,  0.491094   ,  3.85094    ,  1.01352    ,  3.64012    ])
544     , -11197.2    , array([ 0.60816    ,  3.59104    ,  0.467231   ,  0.204589   ,  0.539563   ,  0.462497   ,  0.957529   ,  0.0947089  ,  0.0534091  ,  0.00697961 ,  0.0975944  ,  0.553036   ,  1.06874    ,  0.491094   ,  3.85094    ,  1.01352    ,  3.64012    ])
561     , -11184.6    , array([ 0.60816    ,  3.59104    ,  0.467231   ,  0.204589   ,  0.539563   ,  0.487932   ,  0.957181   ,  0.0947089  ,  0.0534091  ,  0.00697961 ,  0.0975944  ,  0.553036   ,  1.06874    ,  0.491094   ,  3.85094    ,  1.01352    ,  3.64012    ])
578     , -11186.2    , array([ 0.60816    ,  3.59104    ,  0.467231   ,  0.204589   ,  0.539563   ,  0.487932   ,  0.957187   ,  0.0962337  ,  0.0534091  ,  0.00697961 ,  0.0975944  ,  0.553036   ,  1.06874    ,  0.491094   ,  3.85094    ,  1.01352    ,  3.64012    ])
595     , -11436.5    , array([ 0.60816    ,  3.59104    ,  0.467231   ,  0.204589   ,  0.539563   ,  0.487932   ,  0.957187   ,  0.0949175  ,  0.0402535  ,  0.00697961 ,  0.0975944  ,  0.553036   ,  1.06874    ,  0.491094   ,  3.85094    ,  1.01352    ,  3.64012    ])
612     , -11184.6    , array([ 0.60816    ,  3.59104    ,  0.467231   ,  0.204589   ,  0.539563   ,  0.487932   ,  0.957187   ,  0.0949175  ,  0.053224   ,  0.00826043 ,  0.0975944  ,  0.553036   ,  1.06874    ,  0.491094   ,  3.85094    ,  1.01352    ,  3.64012    ])
629     , -11184.6    , array([ 0.60816    ,  3.59104    ,  0.467231   ,  0.204589   ,  0.539563   ,  0.487932   ,  0.957187   ,  0.0949175  ,  0.053224   ,  0.00813419 ,  0.0959648  ,  0.553036   ,  1.06874    ,  0.491094   ,  3.85094    ,  1.01352    ,  3.64012    ])
646     , -11377.7    , array([ 0.60816    ,  3.59104    ,  0.467231   ,  0.204589   ,  0.539563   ,  0.487932   ,  0.957187   ,  0.0949175  ,  0.053224   ,  0.00813419 ,  0.0959648  ,  0.550264   ,  2.06874    ,  0.491094   ,  3.85094    ,  1.01352    ,  3.64012    ])
663     , -11204.1    , array([ 0.60816    ,  3.59104    ,  0.467231   ,  0.204589   ,  0.539563   ,  0.487932   ,  0.957187   ,  0.0949175  ,  0.053224   ,  0.00813419 ,  0.0959648  ,  0.550264   ,  1.07154    ,  0.682076   ,  3.85094    ,  1.01352    ,  3.64012    ])
680     , -11184.5    , array([ 0.60816    ,  3.59104    ,  0.467231   ,  0.204589   ,  0.539563   ,  0.487932   ,  0.957187   ,  0.0949175  ,  0.053224   ,  0.00813419 ,  0.0959648  ,  0.550264   ,  1.07154    ,  0.490032   ,  3.80669    ,  1.01352    ,  3.64012    ])
697     , -11184.5    , array([ 0.60816    ,  3.59104    ,  0.467231   ,  0.204589   ,  0.539563   ,  0.487932   ,  0.957187   ,  0.0949175  ,  0.053224   ,  0.00813419 ,  0.0959648  ,  0.550264   ,  1.07154    ,  0.490032   ,  3.80624    ,  1.01779    ,  3.64012    ])
