1004    , -2552.32    , array([ 1.09987    ,  1.19384    ,  0.0605829  ,  0.0366843  ])
1008    , -1580.46    , array([ 0.481832   ,  1.19384    ,  0.0605829  ,  0.0366843  ])
1012    , -342.446    , array([ 0.17281    ,  1.19384    ,  0.0605829  ,  0.0366843  ])
1016    , -90.6404    , array([ 0.099293   ,  1.19384    ,  0.0605829  ,  0.0366843  ])
1020    , -90.6283    , array([ 0.0996527  ,  1.19384    ,  0.0605829  ,  0.0366843  ])
1024    , -191.534    , array([ 0.0996527  ,  0.575805   ,  0.0605829  ,  0.0366843  ])
1028    , -90.6271    , array([ 0.0996527  ,  1.19236    ,  0.0605829  ,  0.0366843  ])
1032    , -90.626     , array([ 0.0996527  ,  1.18874    ,  0.0605829  ,  0.0366843  ])
1036    , -90.626     , array([ 0.0996527  ,  1.18879    ,  0.0605829  ,  0.0366843  ])
1044    , -90.7941    , array([ 0.0996527  ,  1.18879    ,  0.0613692  ,  0.0366843  ])
1048    , -90.6201    , array([ 0.0996527  ,  1.18879    ,  0.0604088  ,  0.0366843  ])
1052    , -90.6201    , array([ 0.0996527  ,  1.18879    ,  0.060407   ,  0.0366843  ])
1060    , -301.301    , array([ 0.0996527  ,  1.18879    ,  0.060407   ,  0.0612347  ])
1064    , -90.6192    , array([ 0.0996527  ,  1.18879    ,  0.060407   ,  0.0367129  ])
1068    , -90.6092    , array([ 0.0994399  ,  1.18373    ,  0.0602311  ,  0.0367671  ])
1072    , -90.6004    , array([ 0.0989697  ,  1.17257    ,  0.0598425  ,  0.0368586  ])
1076    , -90.6005    , array([ 0.0990177  ,  1.17372    ,  0.0598823  ,  0.0368493  ])
1080    , -2538.76    , array([ 1.09898    ,  1.17285    ,  0.059852   ,  0.0368564  ])
1084    , -1579.94    , array([ 0.480947   ,  1.17285    ,  0.059852   ,  0.0368564  ])
1088    , -346.098    , array([ 0.171926   ,  1.17285    ,  0.059852   ,  0.0368564  ])
1092    , -90.5925    , array([ 0.0980587  ,  1.17285    ,  0.059852   ,  0.0368564  ])
1096    , -90.5761    , array([ 0.0984729  ,  1.17285    ,  0.059852   ,  0.0368564  ])
1100    , -203.263    , array([ 0.0984729  ,  0.554812   ,  0.059852   ,  0.0368564  ])
1104    , -90.5698    , array([ 0.0984729  ,  1.18494    ,  0.059852   ,  0.0368564  ])
1108    , -90.5687    , array([ 0.0984729  ,  1.18158    ,  0.059852   ,  0.0368564  ])
1120    , -214.703    , array([ 0.0984729  ,  1.18158    ,  0.059852   ,  0.0237008  ])
1124    , -90.5687    , array([ 0.0984729  ,  1.18158    ,  0.059852   ,  0.0368503  ])
1128    , -90.5687    , array([ 0.0984729  ,  1.18158    ,  0.059852   ,  0.0368502  ])
1132    , -90.5466    , array([ 0.0973863  ,  1.15579    ,  0.0589539  ,  0.0370616  ])
1136    , -90.5424    , array([ 0.0977023  ,  1.16329    ,  0.0592152  ,  0.0370001  ])
1144    , -920.656    , array([ 0.288666   ,  1.16311    ,  0.0592087  ,  0.0370017  ])
1148    , -290.443    , array([ 0.0632527  ,  1.16311    ,  0.0592087  ,  0.0370017  ])
1152    , -90.5402    , array([ 0.0975491  ,  1.16311    ,  0.0592087  ,  0.0370017  ])
1156    , -90.5402    , array([ 0.0975423  ,  1.16311    ,  0.0592087  ,  0.0370017  ])
1160    , -209.135    , array([ 0.0975423  ,  0.545075   ,  0.0592087  ,  0.0370017  ])
1164    , -90.5218    , array([ 0.0975423  ,  1.18046    ,  0.0592087  ,  0.0370017  ])
1168    , -90.5207    , array([ 0.0975423  ,  1.17713    ,  0.0592087  ,  0.0370017  ])
1180    , -214.023    , array([ 0.0975423  ,  1.17713    ,  0.0592087  ,  0.023846   ])
1184    , -90.5207    , array([ 0.0975423  ,  1.17713    ,  0.0592087  ,  0.0369982  ])
1188    , -90.5207    , array([ 0.0975423  ,  1.17713    ,  0.0592087  ,  0.0369987  ])
1192    , -90.5207    , array([ 0.0975423  ,  1.17713    ,  0.0592087  ,  0.0369982  ])
1196    , -90.4991    , array([ 0.0964557  ,  1.15134    ,  0.0583107  ,  0.0372096  ])
1200    , -90.4944    , array([ 0.0967831  ,  1.15911    ,  0.0585813  ,  0.0371459  ])
1204    , -90.3783    , array([ 0.0943691  ,  1.14798    ,  0.0569156  ,  0.037529   ])
1208    , -90.0718    , array([ 0.0625575  ,  1.00322    ,  0.0349799  ,  0.0425738  ])
1212    , -89.8495    , array([ 0.0675382  ,  1.02588    ,  0.0384144  ,  0.0417839  ])
1216    , -89.8044    , array([ 0.0718467  ,  1.04549    ,  0.0413853  ,  0.0411007  ])
1228    , -129.629    , array([ 0.058691   ,  1.04549    ,  0.0413853  ,  0.0411007  ])
1232    , -89.7996    , array([ 0.072014   ,  1.04549    ,  0.0413853  ,  0.0411007  ])
1236    , -137.004    , array([ 0.072014   ,  2.04549    ,  0.0413853  ,  0.0411007  ])
1240    , -99.9696    , array([ 0.072014   ,  1.42746    ,  0.0413853  ,  0.0411007  ])
1244    , -89.4602    , array([ 0.072014   ,  1.09267    ,  0.0413853  ,  0.0411007  ])
1248    , -4130.21    , array([ 0.072014   ,  1.09267    ,  0.0413853  ,  1.0411     ])
1252    , -3718.59    , array([ 0.072014   ,  1.09267    ,  0.0413853  ,  0.423067   ])
1256    , -990.287    , array([ 0.072014   ,  1.09267    ,  0.0413853  ,  0.114038   ])
1260    , -93.6094    , array([ 0.072014   ,  1.09267    ,  0.0413853  ,  0.0442032  ])
1264    , -89.4599    , array([ 0.072014   ,  1.09267    ,  0.0413853  ,  0.0411272  ])
1268    , -91.6256    , array([ 0.11235    ,  1.27621    ,  0.0691987  ,  0.0347306  ])
1272    , -90.0344    , array([ 0.0532168  ,  1.00713    ,  0.0284238  ,  0.0441081  ])
1276    , -89.2401    , array([ 0.0632259  ,  1.05268    ,  0.0353255  ,  0.0425208  ])
1280    , -2413.27    , array([ 1.06323    ,  1.05268    ,  0.0353255  ,  0.0425208  ])
1284    , -1753.59    , array([ 0.445192   ,  1.05268    ,  0.0353255  ,  0.0425208  ])
1288    , -511.712    , array([ 0.13617    ,  1.05268    ,  0.0353255  ,  0.0425208  ])
1292    , -92.0329    , array([ 0.0667338  ,  1.05268    ,  0.0353255  ,  0.0425208  ])
1296    , -89.2362    , array([ 0.0630958  ,  1.05268    ,  0.0353255  ,  0.0425208  ])
1304    , -91.1123    , array([ 0.0630944  ,  1.20063    ,  0.0353255  ,  0.0425208  ])
1308    , -89.1373    , array([ 0.0630944  ,  1.07734    ,  0.0353255  ,  0.0425208  ])
1312    , -4039.66    , array([ 0.0630944  ,  1.07769    ,  0.0353255  ,  1.04252    ])
1316    , -3625.46    , array([ 0.0630944  ,  1.07769    ,  0.0353255  ,  0.424487   ])
1320    , -961.207    , array([ 0.0630944  ,  1.07769    ,  0.0353255  ,  0.115459   ])
1324    , -92.9064    , array([ 0.0630944  ,  1.07769    ,  0.0353255  ,  0.0455281  ])
1328    , -89.1371    , array([ 0.0630944  ,  1.07769    ,  0.0353255  ,  0.0425373  ])
1332    , -91.0998    , array([ 0.10343    ,  1.26123    ,  0.0631389  ,  0.0361408  ])
1336    , -89.0899    , array([ 0.0616679  ,  1.0712     ,  0.0343418  ,  0.0427636  ])
1340    , -89.0513    , array([ 0.0591079  ,  1.05955    ,  0.0325766  ,  0.0431695  ])
1344    , -89.0513    , array([ 0.0590671  ,  1.05936    ,  0.0325484  ,  0.043176   ])
1348    , -88.9803    , array([ 0.0523381  ,  1.07017    ,  0.0280551  ,  0.0442361  ])
1352    , -88.9603    , array([ 0.0542582  ,  1.06709    ,  0.0293372  ,  0.0439336  ])
1360    , -1283.61    , array([ 0.245227   ,  1.06709    ,  0.0293372  ,  0.0439336  ])
1364    , -1915.19    , array([ 0.0198163  ,  1.06709    ,  0.0293372  ,  0.0439336  ])
1368    , -89.0721    , array([ 0.0545719  ,  1.06709    ,  0.0293372  ,  0.0439336  ])
1372    , -88.9051    , array([ 0.0538438  ,  1.06709    ,  0.0293372  ,  0.0439336  ])
1376    , -88.9051    , array([ 0.0538396  ,  1.06709    ,  0.0293372  ,  0.0439336  ])
1380    , -88.9774    , array([ 0.0502026  ,  1.05054    ,  0.0268293  ,  0.0445104  ])
1384    , -88.8923    , array([ 0.0527397  ,  1.06208    ,  0.0285788  ,  0.0441081  ])
1392    , -2335.46    , array([ 0.0527397  ,  1.06208    ,  0.0285788  ,  0.235063   ])
1396    , -1296.25    , array([ 0.0527397  ,  1.06208    ,  0.0285788  ,  0.0096662  ])
1400    , -88.9397    , array([ 0.0527397  ,  1.06208    ,  0.0285788  ,  0.0445177  ])
1404    , -88.8904    , array([ 0.0527397  ,  1.06208    ,  0.0285788  ,  0.0441766  ])
1408    , -88.8904    , array([ 0.0527397  ,  1.06208    ,  0.0285788  ,  0.0441759  ])
1412    , -88.8843    , array([ 0.0516423  ,  1.06384    ,  0.027846   ,  0.0443488  ])
1416    , -88.8843    , array([ 0.0516181  ,  1.06388    ,  0.0278298  ,  0.0443526  ])
1428    , -173.94     , array([ 0.0384625  ,  1.06388    ,  0.0278298  ,  0.0443526  ])
1432    , -88.8637    , array([ 0.0513721  ,  1.06388    ,  0.0278298  ,  0.0443526  ])
1436    , -138.786    , array([ 0.0264458  ,  0.950447   ,  0.0106402  ,  0.0483059  ])
1440    , -90.6184    , array([ 0.0418526  ,  1.02055    ,  0.021264   ,  0.0458626  ])
1444    , -88.852     , array([ 0.0505169  ,  1.05998    ,  0.0272385  ,  0.0444886  ])
1448    , -88.8519    , array([ 0.050422   ,  1.05955    ,  0.027173   ,  0.0445037  ])
1460    , -184.155    , array([ 0.050422   ,  1.05955    ,  0.027173   ,  0.031348   ])
1464    , -88.8519    , array([ 0.050422   ,  1.05955    ,  0.027173   ,  0.0444998  ])
1468    , -88.8519    , array([ 0.050422   ,  1.05955    ,  0.027173   ,  0.0444998  ])
1472    , -88.9075    , array([ 0.0533941  ,  1.05477    ,  0.0291576  ,  0.0440316  ])
1476    , -88.8505    , array([ 0.0499221  ,  1.06035    ,  0.0268392  ,  0.0445786  ])
1480    , -88.8505    , array([ 0.0499271  ,  1.06034    ,  0.0268425  ,  0.0445778  ])
1484    , -88.7801    , array([ 0.0454999  ,  1.05108    ,  0.0242576  ,  0.0451673  ])
1488    , -88.7366    , array([ 0.0397806  ,  1.03911    ,  0.0209183  ,  0.0459289  ])
1492    , -89.4534    , array([ 0.0349717  ,  1.04684    ,  0.0177071  ,  0.0466866  ])
1496    , -88.8523    , array([ 0.0379438  ,  1.04206    ,  0.0196917  ,  0.0462183  ])
1500    , -88.7249    , array([ 0.0406772  ,  1.03767    ,  0.021517   ,  0.0457877  ])
1504    , -93.314     , array([ 0.0810128  ,  1.22121    ,  0.0493304  ,  0.0393911  ])
1508    , -89.1815    , array([ 0.0458384  ,  1.06115    ,  0.0250759  ,  0.0449692  ])
1512    , -88.72      , array([ 0.0410993  ,  1.03959    ,  0.0218081  ,  0.0457207  ])
1516    , -88.72      , array([ 0.0410891  ,  1.03954    ,  0.0218011  ,  0.0457223  ])
1528    , -182.597    , array([ 0.0410891  ,  1.03954    ,  0.0218011  ,  0.0325667  ])
1532    , -88.7125    , array([ 0.0410891  ,  1.03954    ,  0.0218011  ,  0.0458587  ])
1536    , -88.8097    , array([ 0.0309427  ,  1.01831    ,  0.0158769  ,  0.0472098  ])
1540    , -88.682     , array([ 0.0372135  ,  1.03143    ,  0.0195382  ,  0.0463748  ])
1544    , -88.6889    , array([ 0.0349104  ,  1.02661    ,  0.0181935  ,  0.0466815  ])
1548    , -89.7342    , array([ 0.023287   ,  0.999979   ,  0.0115257  ,  0.0483333  ])
1552    , -88.6812    , array([ 0.036607   ,  1.03016    ,  0.0191841  ,  0.0464555  ])
1556    , -88.6783    , array([ 0.0370086  ,  1.02952    ,  0.0194523  ,  0.0463923  ])
1560    , -88.6783    , array([ 0.0369876  ,  1.02955    ,  0.0194383  ,  0.0463956  ])
1564    , -92.0252    , array([ 0.0523944  ,  1.09966    ,  0.030062   ,  0.0439523  ])
1568    , -88.6948    , array([ 0.037948   ,  1.03392    ,  0.0201005  ,  0.0462433  ])
1572    , -88.6759    , array([ 0.0372364  ,  1.03068    ,  0.0196098  ,  0.0463561  ])
1580    , -2237.05    , array([ 0.0372364  ,  1.03068    ,  0.0196098  ,  0.237313   ])
1584    , -1199.72    , array([ 0.0372364  ,  1.03068    ,  0.0196098  ,  0.0119143  ])
1588    , -88.714     , array([ 0.0372364  ,  1.03068    ,  0.0196098  ,  0.0467693  ])
1592    , -88.6726    , array([ 0.0372364  ,  1.03068    ,  0.0196098  ,  0.0464477  ])
1596    , -88.6726    , array([ 0.0372364  ,  1.03068    ,  0.0196098  ,  0.0464468  ])
1600    , -88.6598    , array([ 0.0350085  ,  1.02602    ,  0.018309   ,  0.0467435  ])
1604    , -88.6438    , array([ 0.0330444  ,  1.02111    ,  0.0172205  ,  0.0470801  ])
1608    , -88.6252    , array([ 0.0279834  ,  1.00826    ,  0.0144309  ,  0.0479673  ])
1612    , -88.6252    , array([ 0.0288156  ,  1.01037    ,  0.0148896  ,  0.0478214  ])
1616    , -88.625     , array([ 0.0283833  ,  1.00927    ,  0.0146513  ,  0.0478972  ])
1620    , -88.8822    , array([ 0.0313554  ,  1.0045     ,  0.016636   ,  0.047429   ])
1624    , -88.6214    , array([ 0.0286615  ,  1.00883    ,  0.0148371  ,  0.0478534  ])
1628    , -99.7505    , array([ 0.0689935  ,  1.19238    ,  0.0426481  ,  0.0414574  ])
1632    , -90.3803    , array([ 0.0344607  ,  1.03524    ,  0.018836   ,  0.0469337  ])
1636    , -88.6208    , array([ 0.0287372  ,  1.00919    ,  0.0148894  ,  0.0478414  ])
1640    , -88.6208    , array([ 0.0287396  ,  1.0092     ,  0.014891   ,  0.047841   ])
1652    , -174.013    , array([ 0.0287396  ,  1.0092     ,  0.014891   ,  0.0346854  ])
1656    , -88.6194    , array([ 0.0287396  ,  1.0092     ,  0.014891   ,  0.0477801  ])
1660    , -88.6568    , array([ 0.0222971  ,  0.992838   ,  0.0113401  ,  0.0489095  ])
1664    , -88.6164    , array([ 0.0262788  ,  1.00295    ,  0.0135347  ,  0.0482115  ])
1668    , -88.6161    , array([ 0.0268103  ,  1.0043     ,  0.0138276  ,  0.0481183  ])
1672    , -91.0932    , array([ 0.0219819  ,  1.01198    ,  0.0106057  ,  0.0488793  ])
1676    , -88.8745    , array([ 0.0249539  ,  1.0072     ,  0.0125903  ,  0.0484111  ])
1680    , -88.6159    , array([ 0.0268418  ,  1.00417    ,  0.0138509  ,  0.0481137  ])
1684    , -88.6159    , array([ 0.0268385  ,  1.00418    ,  0.0138487  ,  0.0481142  ])
1692    , -117.497    , array([ 0.0173188  ,  0.960843   ,  0.00728442 ,  0.0496238  ])
1696    , -88.6175    , array([ 0.0270876  ,  1.0053     ,  0.0140205  ,  0.0480747  ])
1700    , -88.6151    , array([ 0.0269307  ,  1.00458    ,  0.0139123  ,  0.0480996  ])
1704    , -88.6151    , array([ 0.0269316  ,  1.00459    ,  0.0139129  ,  0.0480994  ])
1712    , -222.874    , array([ 0.0269316  ,  1.00459    ,  0.0139129  ,  0.0705733  ])
1716    , -88.6145    , array([ 0.0269316  ,  1.00459    ,  0.0139129  ,  0.0480512  ])
1720    , -88.6145    , array([ 0.0269316  ,  1.00459    ,  0.0139129  ,  0.0480601  ])
1724    , -88.6307    , array([ 0.0309133  ,  1.0147     ,  0.0161075  ,  0.0473622  ])
1728    , -88.6135    , array([ 0.0258952  ,  1.00195    ,  0.0133417  ,  0.0482418  ])
