296     , -89.542     , array([ 0.0734794  ,  1.14051    ,  0.0417031  ,  0.0403349  ])
300     , -89.5363    , array([ 0.073406   ,  1.14051    ,  0.0417031  ,  0.0403349  ])
304     , -3800.48    , array([ 0.0397035  ,  1.07651    ,  0.0582126  ,  0.0834009  ])
308     , -90.0684    , array([ 0.0723933  ,  1.139      ,  0.0420187  ,  0.0410027  ])
312     , -90.0976    , array([ 0.0723933  ,  1.139      ,  0.0420187  ,  0.0410437  ])
316     , -89.5227    , array([ 0.0732575  ,  1.14143    ,  0.041749   ,  0.0404316  ])
320     , -89.4986    , array([ 0.0731644  ,  1.13503    ,  0.0415869  ,  0.0406435  ])
324     , -89.5008    , array([ 0.0731644  ,  1.13503    ,  0.0415869  ,  0.0406841  ])
328     , -89.4698    , array([ 0.0727452  ,  1.12605    ,  0.0413729  ,  0.0407717  ])
332     , -89.431     , array([ 0.0716414  ,  1.1222     ,  0.0406372  ,  0.0409468  ])
336     , -89.4325    , array([ 0.0716414  ,  1.1222     ,  0.0406372  ,  0.0409878  ])
340     , -89.3009    , array([ 0.067391   ,  1.11246    ,  0.0378232  ,  0.0416551  ])
344     , -89.1344    , array([ 0.0613554  ,  1.09186    ,  0.033937   ,  0.042723   ])
348     , -89.1394    , array([ 0.0613554  ,  1.09186    ,  0.033937   ,  0.0427657  ])
352     , -89.008     , array([ 0.0552158  ,  1.07482    ,  0.0300978  ,  0.0438011  ])
356     , -88.9239    , array([ 0.0502395  ,  1.06037    ,  0.0270761  ,  0.0446462  ])
360     , -88.933     , array([ 0.0502395  ,  1.06037    ,  0.0270761  ,  0.0446908  ])
364     , -88.8767    , array([ 0.0470696  ,  1.05393    ,  0.0251965  ,  0.0451486  ])
368     , -88.8452    , array([ 0.0452306  ,  1.04913    ,  0.0241226  ,  0.0454182  ])
372     , -88.8547    , array([ 0.0452306  ,  1.04913    ,  0.0241226  ,  0.0454637  ])
376     , -88.7884    , array([ 0.0385655  ,  1.03534    ,  0.0202657  ,  0.0465131  ])
380     , -88.7586    , array([ 0.0354918  ,  1.02811    ,  0.0185346  ,  0.0469785  ])
384     , -88.7706    , array([ 0.0354918  ,  1.02811    ,  0.0185346  ,  0.0470255  ])
388     , -88.7469    , array([ 0.0345895  ,  1.02778    ,  0.018034   ,  0.0470951  ])
392     , -88.7116    , array([ 0.0312038  ,  1.02133    ,  0.0161634  ,  0.0475646  ])
396     , -88.723     , array([ 0.0312038  ,  1.02133    ,  0.0161634  ,  0.0476122  ])
400     , -88.6975    , array([ 0.0298044  ,  1.02048    ,  0.0153984  ,  0.0477466  ])
404     , -88.6771    , array([ 0.0248069  ,  1.01203    ,  0.0126839  ,  0.0484813  ])
408     , -88.6892    , array([ 0.0248069  ,  1.01203    ,  0.0126839  ,  0.0485298  ])
412     , -88.6702    , array([ 0.0239371  ,  1.01173    ,  0.0122206  ,  0.0485928  ])
416     , -88.656     , array([ 0.0207523  ,  1.0055     ,  0.0105304  ,  0.0490411  ])
420     , -88.6676    , array([ 0.0207523  ,  1.0055     ,  0.0105304  ,  0.0490902  ])
424     , -88.6529    , array([ 0.0202891  ,  1.00603    ,  0.010287   ,  0.0490971  ])
428     , -88.6426    , array([ 0.0185376  ,  1.00314    ,  0.0093684  ,  0.0493218  ])
432     , -88.6538    , array([ 0.0185376  ,  1.00314    ,  0.0093684  ,  0.0493712  ])
436     , -88.6917    , array([ 0.0129185  ,  0.9966     ,  0.00644422 ,  0.050231   ])
440     , -88.6413    , array([ 0.0171937  ,  1.00156    ,  0.0086657  ,  0.0495099  ])
444     , -88.6528    , array([ 0.0171937  ,  1.00156    ,  0.0086657  ,  0.0495595  ])
448     , -88.64      , array([ 0.0169198  ,  1.00223    ,  0.00852372 ,  0.0495427  ])
452     , -88.6331    , array([ 0.0158669  ,  0.999878   ,  0.00797868 ,  0.0496741  ])
456     , -88.6441    , array([ 0.0158669  ,  0.999878   ,  0.00797868 ,  0.0497238  ])
460     , -88.6419    , array([ 0.0122709  ,  0.995501   ,  0.00612546 ,  0.0502032  ])
464     , -88.6307    , array([ 0.0150133  ,  0.998719   ,  0.0075376  ,  0.0497875  ])
468     , -88.6416    , array([ 0.0150133  ,  0.998719   ,  0.0075376  ,  0.0498373  ])
472     , -88.635     , array([ 0.013142   ,  0.996933   ,  0.00657311 ,  0.0500615  ])
476     , -88.6338    , array([ 0.0130396  ,  0.995833   ,  0.00652075 ,  0.0500736  ])
480     , -88.645     , array([ 0.0130396  ,  0.995833   ,  0.00652075 ,  0.0501237  ])
484     , -88.6324    , array([ 0.0126379  ,  0.996414   ,  0.00631547 ,  0.0501222  ])
488     , -88.6298    , array([ 0.0111511  ,  0.99376    ,  0.00555697 ,  0.0503169  ])
492     , -88.6408    , array([ 0.0111511  ,  0.99376    ,  0.00555697 ,  0.0503672  ])
496     , -88.7126    , array([ 0.00675905 ,  0.988144   ,  0.00333094 ,  0.0511035  ])
500     , -88.6345    , array([ 0.0100906  ,  0.992439   ,  0.0050173  ,  0.0504729  ])
504     , -88.6459    , array([ 0.0100906  ,  0.992439   ,  0.0050173  ,  0.0505234  ])
508     , -88.6309    , array([ 0.0109237  ,  0.994482   ,  0.00544116 ,  0.050349   ])
512     , -88.6299    , array([ 0.0111035  ,  0.993704   ,  0.00553272 ,  0.0503236  ])
516     , -88.6409    , array([ 0.0111035  ,  0.993704   ,  0.00553272 ,  0.0503739  ])
520     , -88.6304    , array([ 0.0111412  ,  0.994743   ,  0.00555192 ,  0.0503183  ])
524     , -88.6298    , array([ 0.011149   ,  0.993758   ,  0.00555592 ,  0.0503172  ])
528     , -88.6408    , array([ 0.011149   ,  0.993758   ,  0.00555592 ,  0.0503675  ])
532     , -88.6304    , array([ 0.0111507  ,  0.994754   ,  0.00555675 ,  0.050317   ])
536     , -88.6298    , array([ 0.011151   ,  0.99376    ,  0.00555692 ,  0.0503169  ])
540     , -88.6408    , array([ 0.011151   ,  0.99376    ,  0.00555692 ,  0.0503672  ])
544     , -88.6304    , array([ 0.0111511  ,  0.994755   ,  0.00555696 ,  0.0503169  ])
548     , -88.6298    , array([ 0.0111511  ,  0.99376    ,  0.00555697 ,  0.0503169  ])
552     , -88.6408    , array([ 0.0111511  ,  0.99376    ,  0.00555697 ,  0.0503672  ])
556     , -88.6304    , array([ 0.0111511  ,  0.994755   ,  0.00555697 ,  0.0503169  ])
560     , -88.6298    , array([ 0.0111511  ,  0.99376    ,  0.00555697 ,  0.0503169  ])
564     , -88.6408    , array([ 0.0111511  ,  0.99376    ,  0.00555697 ,  0.0503672  ])
568     , -88.6304    , array([ 0.0111511  ,  0.994755   ,  0.00555697 ,  0.0503169  ])
572     , -88.6298    , array([ 0.0111511  ,  0.99376    ,  0.00555697 ,  0.0503169  ])
576     , -88.6408    , array([ 0.0111511  ,  0.99376    ,  0.00555697 ,  0.0503672  ])
580     , -88.6304    , array([ 0.0111511  ,  0.994755   ,  0.00555697 ,  0.0503169  ])
584     , -88.6298    , array([ 0.0111511  ,  0.99376    ,  0.00555697 ,  0.0503169  ])
588     , -88.6408    , array([ 0.0111511  ,  0.99376    ,  0.00555697 ,  0.0503672  ])
592     , -88.6304    , array([ 0.0111511  ,  0.994755   ,  0.00555697 ,  0.0503169  ])
596     , -88.6298    , array([ 0.0111511  ,  0.99376    ,  0.00555697 ,  0.0503169  ])
600     , -88.6408    , array([ 0.0111511  ,  0.99376    ,  0.00555697 ,  0.0503672  ])
604     , -88.6304    , array([ 0.0111511  ,  0.994755   ,  0.00555697 ,  0.0503169  ])
608     , -88.6298    , array([ 0.0111511  ,  0.99376    ,  0.00555697 ,  0.0503169  ])
612     , -88.6408    , array([ 0.0111511  ,  0.99376    ,  0.00555697 ,  0.0503672  ])
616     , -88.6304    , array([ 0.0111511  ,  0.994755   ,  0.00555697 ,  0.0503169  ])
620     , -88.6298    , array([ 0.0111511  ,  0.99376    ,  0.00555697 ,  0.0503169  ])
624     , -88.6408    , array([ 0.0111511  ,  0.99376    ,  0.00555697 ,  0.0503672  ])
628     , -88.6304    , array([ 0.0111511  ,  0.994755   ,  0.00555697 ,  0.0503169  ])
632     , -88.6298    , array([ 0.0111511  ,  0.99376    ,  0.00555697 ,  0.0503169  ])
636     , -88.6408    , array([ 0.0111511  ,  0.99376    ,  0.00555697 ,  0.0503672  ])
640     , -88.6344    , array([ 0.0130396  ,  0.996829   ,  0.00652075 ,  0.0500736  ])
644     , -88.6332    , array([ 0.012938   ,  0.995729   ,  0.00646881 ,  0.0500857  ])
648     , -88.6444    , array([ 0.012938   ,  0.995729   ,  0.00646881 ,  0.0501358  ])
652     , -88.6328    , array([ 0.0127371  ,  0.996518   ,  0.00636618 ,  0.05011    ])
656     , -88.6307    , array([ 0.0123448  ,  0.995107   ,  0.00616576 ,  0.0501586  ])
660     , -88.6417    , array([ 0.0123448  ,  0.995107   ,  0.00616576 ,  0.0502088  ])
664     , -88.63      , array([ 0.0115959  ,  0.995273   ,  0.00578366 ,  0.050256   ])
668     , -88.6304    , array([ 0.010905   ,  0.993465   ,  0.00543163 ,  0.0503517  ])
672     , -88.6295    , array([ 0.0115395  ,  0.994214   ,  0.00575492 ,  0.0502635  ])
676     , -88.6404    , array([ 0.0115395  ,  0.994214   ,  0.00575492 ,  0.0503138  ])
680     , -88.6295    , array([ 0.0115362  ,  0.99421    ,  0.00575322 ,  0.050264   ])
