92      , -393.066    , array([ 7.27456    ,  0.130677   ,  5          ,  0.495549   ])
96      , -393.066    , array([ 7.27456    ,  0.130677   ,  5          ,  0.495549   ])
100     , -393.066    , array([ 7.28719    ,  0.130677   ,  5          ,  0.495549   ])
104     , -393.066    , array([ 7.28782    ,  0.130677   ,  5          ,  0.495549   ])
112     , -2332.41    , array([ 7.28782    ,  0.0405074  ,  5          ,  0.495549   ])
116     , -395.07     , array([ 7.28782    ,  0.133118   ,  5          ,  0.495549   ])
120     , -393.066    , array([ 7.28782    ,  0.13067    ,  5          ,  0.495549   ])
124     , -427.822    , array([ 7.28782    ,  0.13067    ,  3.38197    ,  0.495549   ])
128     , -394.015    , array([ 7.28782    ,  0.13067    ,  4.69098    ,  0.495549   ])
132     , -393.066    , array([ 7.28782    ,  0.13067    ,  4.99751    ,  0.495549   ])
176     , -393.066    , array([ 7.28782    ,  0.13067    ,  5          ,  0.495549   ])
180     , -3150.14    , array([ 7.28782    ,  0.13067    ,  5          ,  0.259481   ])
184     , -393.066    , array([ 7.28782    ,  0.13067    ,  5          ,  0.495469   ])
