325     , -1311       , array([ 0.998365   ,  0.100576   ,  0.0502077  ,  5.02278    ,  2.45629    ])
330     , -1404.5     , array([ 1.38033    ,  0.100576   ,  0.0502077  ,  5.02278    ,  2.45629    ])
335     , -1311       , array([ 0.998448   ,  0.100576   ,  0.0502077  ,  5.02278    ,  2.45629    ])
350     , -1320.82    , array([ 0.998449   ,  0.103322   ,  0.0502077  ,  5.02278    ,  2.45629    ])
355     , -1311       , array([ 0.998449   ,  0.100615   ,  0.0502077  ,  5.02278    ,  2.45629    ])
365     , -5135.28    , array([ 0.998449   ,  0.100616   ,  0.123124   ,  5.02278    ,  2.45629    ])
370     , -1312.65    , array([ 0.998449   ,  0.100616   ,  0.0509969  ,  5.02278    ,  2.45629    ])
375     , -1311       , array([ 0.998449   ,  0.100616   ,  0.0502083  ,  5.02278    ,  2.45629    ])
380     , -1311       , array([ 0.998449   ,  0.100616   ,  0.0502086  ,  5.02278    ,  2.45629    ])
385     , -1311       , array([ 0.998449   ,  0.100616   ,  0.0502086  ,  5.02278    ,  2.45629    ])
390     , -1311       , array([ 0.998449   ,  0.100616   ,  0.0502086  ,  5.0209     ,  2.45629    ])
395     , -1376.31    , array([ 0.998449   ,  0.100616   ,  0.0502086  ,  5.02088    ,  3.45629    ])
400     , -1311       , array([ 0.998449   ,  0.100616   ,  0.0502086  ,  5.02088    ,  2.47675    ])
