220     , -1311.06    , array([ 1.00555    ,  0.100085   ,  4.95444    ,  2.57097    ,  0.0503586  ])
225     , -3228.53    , array([ 0.387519   ,  0.100085   ,  4.95444    ,  2.57097    ,  0.0503586  ])
230     , -1311.06    , array([ 1.00398    ,  0.100085   ,  4.95444    ,  2.57097    ,  0.0503586  ])
235     , -40319.5    , array([ 1.00338    ,  1.10008    ,  4.95444    ,  2.57097    ,  0.0503586  ])
240     , -13931.5    , array([ 1.00338    ,  0.29088    ,  4.95444    ,  2.57097    ,  0.0503586  ])
245     , -1563.39    , array([ 1.00338    ,  0.114699   ,  4.95444    ,  2.57097    ,  0.0503586  ])
250     , -1311.05    , array([ 1.00338    ,  0.100114   ,  4.95444    ,  2.57097    ,  0.0503586  ])
255     , -1311.05    , array([ 1.00338    ,  0.100113   ,  4.95444    ,  2.57097    ,  0.0503586  ])
260     , -1311.04    , array([ 1.00338    ,  0.100113   ,  4.97777    ,  2.57097    ,  0.0503586  ])
265     , -1311.04    , array([ 1.00338    ,  0.100113   ,  4.97777    ,  2.57097    ,  0.0503586  ])
270     , -1311.01    , array([ 1.00338    ,  0.100113   ,  4.97777    ,  2.55234    ,  0.0503586  ])
285     , -1974.9     , array([ 1.00338    ,  0.100113   ,  4.97777    ,  2.55234    ,  0.0372029  ])
290     , -1311       , array([ 1.00338    ,  0.100113   ,  4.97777    ,  2.55234    ,  0.0502793  ])
