656     , -90.0531    , array([ 0.0867712  ,  1.14924    ,  0.0513758  ,  0.0385347  ])
660     , -905.719    , array([ 0.124675   ,  1.21518    ,  0.0207661  ,  0.0497204  ])
664     , -904.821    , array([ 0.124675   ,  1.21518    ,  0.0207868  ,  0.0497204  ])
668     , -90.0453    , array([ 0.0869521  ,  1.14828    ,  0.0512371  ,  0.038564   ])
672     , -90.0266    , array([ 0.0866679  ,  1.14983    ,  0.0510539  ,  0.0386915  ])
676     , -90.0291    , array([ 0.0866679  ,  1.14983    ,  0.051105   ,  0.0386915  ])
680     , -90.0076    , array([ 0.0862979  ,  1.15075    ,  0.0507173  ,  0.0387384  ])
684     , -89.9248    , array([ 0.0844105  ,  1.15445    ,  0.0493928  ,  0.0389265  ])
688     , -89.9268    , array([ 0.0844105  ,  1.15445    ,  0.0494423  ,  0.0389265  ])
692     , -89.7903    , array([ 0.0814301  ,  1.13431    ,  0.0472721  ,  0.039567   ])
696     , -89.6115    , array([ 0.0769247  ,  1.11974    ,  0.0442004  ,  0.0403426  ])
700     , -89.6123    , array([ 0.0769247  ,  1.11974    ,  0.0442447  ,  0.0403426  ])
704     , -89.4167    , array([ 0.0711311  ,  1.10206    ,  0.040235   ,  0.0413597  ])
708     , -89.2186    , array([ 0.0640124  ,  1.08257    ,  0.0356165  ,  0.0425811  ])
712     , -89.2164    , array([ 0.0640124  ,  1.08257    ,  0.0356521  ,  0.0425811  ])
716     , -89.0796    , array([ 0.0569489  ,  1.06507    ,  0.031117   ,  0.043787   ])
720     , -88.9703    , array([ 0.0513425  ,  1.05361    ,  0.0277333  ,  0.0446616  ])
724     , -88.9655    , array([ 0.0513425  ,  1.05361    ,  0.0277611  ,  0.0446616  ])
728     , -88.9117    , array([ 0.0477699  ,  1.04751    ,  0.0255858  ,  0.0451763  ])
732     , -88.8569    , array([ 0.0453171  ,  1.04395    ,  0.0241818  ,  0.045497   ])
736     , -88.8522    , array([ 0.0453171  ,  1.04395    ,  0.024206   ,  0.045497   ])
740     , -88.7873    , array([ 0.0368863  ,  1.02984    ,  0.0192951  ,  0.0468024  ])
744     , -88.7299    , array([ 0.0329426  ,  1.0242     ,  0.0171198  ,  0.0473277  ])
748     , -88.7234    , array([ 0.0329426  ,  1.0242     ,  0.017137   ,  0.0473277  ])
752     , -88.7188    , array([ 0.0315977  ,  1.0227     ,  0.0163649  ,  0.0474908  ])
756     , -88.667     , array([ 0.0266118  ,  1.01672    ,  0.0136637  ,  0.0481486  ])
760     , -88.6611    , array([ 0.0266118  ,  1.01672    ,  0.0136773  ,  0.0481486  ])
764     , -88.6623    , array([ 0.024964   ,  1.01448    ,  0.0127651  ,  0.0483667  ])
768     , -88.6596    , array([ 0.0192355  ,  1.00558    ,  0.00972407 ,  0.0492488  ])
772     , -88.6516    , array([ 0.0192355  ,  1.00558    ,  0.0097338  ,  0.0492488  ])
776     , -88.668     , array([ 0.0191108  ,  1.00547    ,  0.0096493  ,  0.049263   ])
780     , -88.6496    , array([ 0.0185271  ,  1.00502    ,  0.00935589 ,  0.0493201  ])
784     , -88.642     , array([ 0.0185271  ,  1.00502    ,  0.00936526 ,  0.0493201  ])
788     , -88.6382    , array([ 0.0164475  ,  1.00322    ,  0.00826883 ,  0.0495491  ])
792     , -88.6592    , array([ 0.0101648  ,  0.996058   ,  0.0050452  ,  0.0504759  ])
796     , -88.6495    , array([ 0.0101648  ,  0.996058   ,  0.00505025 ,  0.0504759  ])
800     , -88.671     , array([ 0.0101701  ,  0.996053   ,  0.00504277 ,  0.0504764  ])
804     , -88.6589    , array([ 0.0101407  ,  0.996033   ,  0.00503305 ,  0.0504784  ])
808     , -88.6493    , array([ 0.0101407  ,  0.996033   ,  0.00503809 ,  0.0504784  ])
812     , -88.6699    , array([ 0.010074   ,  0.995952   ,  0.00499439 ,  0.0504864  ])
816     , -88.6551    , array([ 0.0097627  ,  0.995631   ,  0.00484268 ,  0.0505185  ])
820     , -88.6456    , array([ 0.0097627  ,  0.995631   ,  0.00484752 ,  0.0505185  ])
824     , -88.6595    , array([ 0.00865396 ,  0.994347   ,  0.00428054 ,  0.050647   ])
828     , -88.6811    , array([ 0.00531646 ,  0.989225   ,  0.00261306 ,  0.0511642  ])
832     , -88.6698    , array([ 0.00531646 ,  0.989225   ,  0.00261567 ,  0.0511642  ])
836     , -88.6589    , array([ 0.00781741 ,  0.993274   ,  0.00386081 ,  0.0507547  ])
840     , -88.6635    , array([ 0.00605905 ,  0.9906     ,  0.00298393 ,  0.0510246  ])
844     , -88.6531    , array([ 0.00605905 ,  0.9906     ,  0.00298692 ,  0.0510246  ])
848     , -88.6603    , array([ 0.00742012 ,  0.992724   ,  0.00366171 ,  0.0508101  ])
852     , -88.6477    , array([ 0.00772528 ,  0.993159   ,  0.00381851 ,  0.0507662  ])
856     , -88.6383    , array([ 0.00772528 ,  0.993159   ,  0.00382233 ,  0.0507662  ])
860     , -88.659     , array([ 0.00779972 ,  0.99325    ,  0.00385195 ,  0.0507571  ])
864     , -88.6475    , array([ 0.0078059  ,  0.993269   ,  0.00385896 ,  0.0507552  ])
868     , -88.6381    , array([ 0.0078059  ,  0.993269   ,  0.00386282 ,  0.0507552  ])
872     , -88.6589    , array([ 0.00781664 ,  0.993273   ,  0.00386043 ,  0.0507548  ])
876     , -88.6475    , array([ 0.00780943 ,  0.993273   ,  0.00386073 ,  0.0507547  ])
880     , -88.6381    , array([ 0.00780943 ,  0.993273   ,  0.0038646  ,  0.0507547  ])
884     , -88.6589    , array([ 0.00781737 ,  0.993274   ,  0.0038608  ,  0.0507547  ])
888     , -88.6475    , array([ 0.00780959 ,  0.993274   ,  0.00386081 ,  0.0507547  ])
892     , -88.6381    , array([ 0.00780959 ,  0.993274   ,  0.00386467 ,  0.0507547  ])
896     , -88.6589    , array([ 0.00781741 ,  0.993274   ,  0.00386081 ,  0.0507547  ])
900     , -88.6475    , array([ 0.00780959 ,  0.993274   ,  0.00386081 ,  0.0507547  ])
904     , -88.6381    , array([ 0.00780959 ,  0.993274   ,  0.00386468 ,  0.0507547  ])
908     , -88.6589    , array([ 0.00781741 ,  0.993274   ,  0.00386081 ,  0.0507547  ])
912     , -88.6475    , array([ 0.00780959 ,  0.993274   ,  0.00386081 ,  0.0507547  ])
916     , -88.6381    , array([ 0.00780959 ,  0.993274   ,  0.00386468 ,  0.0507547  ])
920     , -88.6589    , array([ 0.00781741 ,  0.993274   ,  0.00386081 ,  0.0507547  ])
924     , -88.6475    , array([ 0.00780959 ,  0.993274   ,  0.00386081 ,  0.0507547  ])
928     , -88.6381    , array([ 0.00780959 ,  0.993274   ,  0.00386468 ,  0.0507547  ])
932     , -88.6589    , array([ 0.00781741 ,  0.993274   ,  0.00386081 ,  0.0507547  ])
936     , -88.6475    , array([ 0.00780959 ,  0.993274   ,  0.00386081 ,  0.0507547  ])
940     , -88.6381    , array([ 0.00780959 ,  0.993274   ,  0.00386468 ,  0.0507547  ])
944     , -88.6589    , array([ 0.00781741 ,  0.993274   ,  0.00386081 ,  0.0507547  ])
948     , -88.6475    , array([ 0.00780959 ,  0.993274   ,  0.00386081 ,  0.0507547  ])
952     , -88.6381    , array([ 0.00780959 ,  0.993274   ,  0.00386468 ,  0.0507547  ])
956     , -88.6589    , array([ 0.00781741 ,  0.993274   ,  0.00386081 ,  0.0507547  ])
960     , -88.6591    , array([ 0.01016    ,  0.996053   ,  0.00504277 ,  0.0504764  ])
964     , -88.6495    , array([ 0.01016    ,  0.996053   ,  0.00504781 ,  0.0504764  ])
968     , -88.671     , array([ 0.0101653  ,  0.996048   ,  0.00504034 ,  0.0504769  ])
972     , -88.659     , array([ 0.0101455  ,  0.996038   ,  0.00503548 ,  0.0504779  ])
976     , -88.6493    , array([ 0.0101455  ,  0.996038   ,  0.00504052 ,  0.0504779  ])
980     , -88.6706    , array([ 0.0101364  ,  0.996018   ,  0.00502578 ,  0.0504799  ])
984     , -88.6583    , array([ 0.0100878  ,  0.995978   ,  0.00500644 ,  0.0504839  ])
988     , -88.6487    , array([ 0.0100878  ,  0.995978   ,  0.00501145 ,  0.0504839  ])
992     , -88.6693    , array([ 0.0100215  ,  0.995897   ,  0.00496798 ,  0.050492   ])
996     , -88.656     , array([ 0.00986053 ,  0.995736   ,  0.00489194 ,  0.050508   ])
1000    , -88.6465    , array([ 0.00986053 ,  0.995736   ,  0.00489684 ,  0.050508   ])
1004    , -88.665     , array([ 0.00957497 ,  0.995415   ,  0.00474334 ,  0.0505401  ])
1008    , -88.6496    , array([ 0.00900136 ,  0.994773   ,  0.00445955 ,  0.0506043  ])
1012    , -88.6403    , array([ 0.00900136 ,  0.994773   ,  0.00446401 ,  0.0506043  ])
1016    , -88.6587    , array([ 0.00797908 ,  0.99349    ,  0.00394188 ,  0.050733   ])
1020    , -88.6602    , array([ 0.00625086 ,  0.990928   ,  0.00307984 ,  0.0509914  ])
1024    , -88.65      , array([ 0.00625086 ,  0.990928   ,  0.00308293 ,  0.0509914  ])
1032    , -88.6602    , array([ 0.00625086 ,  0.990928   ,  0.00307984 ,  0.0509914  ])
1036    , -88.65      , array([ 0.00625086 ,  0.990928   ,  0.00308293 ,  0.0509914  ])
1040    , -88.8111    , array([ 0.00151473 ,  0.986986   ,  0.00073597 ,  0.0518248  ])
1044    , -88.6521    , array([ 0.00463417 ,  0.990095   ,  0.00227705 ,  0.0511661  ])
1048    , -88.6424    , array([ 0.00463417 ,  0.990095   ,  0.00227933 ,  0.0511661  ])
1052    , -88.7303    , array([ 0.00221615 ,  0.988042   ,  0.00108052 ,  0.0515999  ])
1056    , -88.6563    , array([ 0.00398488 ,  0.989675   ,  0.00195532 ,  0.0512544  ])
1060    , -88.6463    , array([ 0.00398488 ,  0.989675   ,  0.00195727 ,  0.0512544  ])
1064    , -88.6643    , array([ 0.00449523 ,  0.990007   ,  0.00220594 ,  0.0511845  ])
1068    , -88.6522    , array([ 0.00460379 ,  0.990077   ,  0.00226199 ,  0.0511699  ])
1072    , -88.6425    , array([ 0.00460379 ,  0.990077   ,  0.00226425 ,  0.0511699  ])
1076    , -88.6638    , array([ 0.00463242 ,  0.990091   ,  0.00227389 ,  0.0511669  ])
1080    , -88.6521    , array([ 0.00463283 ,  0.990094   ,  0.00227639 ,  0.0511662  ])
1084    , -88.6424    , array([ 0.00463283 ,  0.990094   ,  0.00227867 ,  0.0511662  ])
1088    , -88.6638    , array([ 0.00463852 ,  0.990095   ,  0.00227691 ,  0.0511661  ])
1092    , -88.6521    , array([ 0.00463411 ,  0.990095   ,  0.00227702 ,  0.0511661  ])
1096    , -88.6424    , array([ 0.00463411 ,  0.990095   ,  0.0022793  ,  0.0511661  ])
1100    , -88.6638    , array([ 0.00463879 ,  0.990095   ,  0.00227705 ,  0.0511661  ])
1104    , -88.6521    , array([ 0.00463417 ,  0.990095   ,  0.00227705 ,  0.0511661  ])
1108    , -88.6424    , array([ 0.00463417 ,  0.990095   ,  0.00227933 ,  0.0511661  ])
1112    , -88.6638    , array([ 0.0046388  ,  0.990095   ,  0.00227705 ,  0.0511661  ])
1116    , -88.6521    , array([ 0.00463417 ,  0.990095   ,  0.00227705 ,  0.0511661  ])
1120    , -88.6424    , array([ 0.00463417 ,  0.990095   ,  0.00227933 ,  0.0511661  ])
1124    , -88.6638    , array([ 0.0046388  ,  0.990095   ,  0.00227705 ,  0.0511661  ])
1128    , -88.6521    , array([ 0.00463417 ,  0.990095   ,  0.00227705 ,  0.0511661  ])
1132    , -88.6424    , array([ 0.00463417 ,  0.990095   ,  0.00227933 ,  0.0511661  ])
1136    , -88.6638    , array([ 0.0046388  ,  0.990095   ,  0.00227705 ,  0.0511661  ])
1140    , -88.6521    , array([ 0.00463417 ,  0.990095   ,  0.00227705 ,  0.0511661  ])
1144    , -88.6424    , array([ 0.00463417 ,  0.990095   ,  0.00227933 ,  0.0511661  ])
1148    , -88.6638    , array([ 0.0046388  ,  0.990095   ,  0.00227705 ,  0.0511661  ])
1152    , -88.6521    , array([ 0.00463417 ,  0.990095   ,  0.00227705 ,  0.0511661  ])
1156    , -88.6424    , array([ 0.00463417 ,  0.990095   ,  0.00227933 ,  0.0511661  ])
1160    , -88.6638    , array([ 0.0046388  ,  0.990095   ,  0.00227705 ,  0.0511661  ])
1164    , -88.6521    , array([ 0.00463417 ,  0.990095   ,  0.00227705 ,  0.0511661  ])
1168    , -88.6424    , array([ 0.00463417 ,  0.990095   ,  0.00227933 ,  0.0511661  ])
1172    , -88.6638    , array([ 0.0046388  ,  0.990095   ,  0.00227705 ,  0.0511661  ])
1180    , -88.6519    , array([ 0.00487688 ,  0.990237   ,  0.00239743 ,  0.0511362  ])
1184    , -88.6421    , array([ 0.00487688 ,  0.990237   ,  0.00239983 ,  0.0511362  ])
1188    , -88.652     , array([ 0.00468789 ,  0.990127   ,  0.00230369 ,  0.0511593  ])
1192    , -88.6519    , array([ 0.00486119 ,  0.990228   ,  0.00238965 ,  0.0511381  ])
1196    , -88.6641    , array([ 0.00486119 ,  0.990228   ,  0.00238965 ,  0.0511893  ])
