1284    , -89.291     , array([ 0.066041   ,  1.10194    ,  0.0370863  ,  0.041551   ])
1288    , -89.2909    , array([ 0.065975   ,  1.10194    ,  0.0370863  ,  0.041551   ])
1292    , -1044.2     , array([ 0.0658651  ,  1.34317    ,  0.0328114  ,  0.111044   ])
1296    , -89.2565    , array([ 0.0659744  ,  1.10313    ,  0.0370615  ,  0.0417749  ])
1300    , -89.2556    , array([ 0.0659744  ,  1.10313    ,  0.0370615  ,  0.0418167  ])
1304    , -89.4434    , array([ 0.0662815  ,  1.10055    ,  0.036539   ,  0.042031   ])
1308    , -89.252     , array([ 0.0660149  ,  1.10264    ,  0.036992   ,  0.0418086  ])
1312    , -89.2509    , array([ 0.0660149  ,  1.10264    ,  0.036992   ,  0.0418505  ])
1316    , -89.2471    , array([ 0.0658626  ,  1.10222    ,  0.0368995  ,  0.0418457  ])
1320    , -89.2271    , array([ 0.0652565  ,  1.09503    ,  0.0365319  ,  0.0419944  ])
1324    , -89.2261    , array([ 0.0652565  ,  1.09503    ,  0.0365319  ,  0.0420364  ])
1328    , -89.1766    , array([ 0.0628877  ,  1.07211    ,  0.0350977  ,  0.0425943  ])
1332    , -89.106     , array([ 0.0602335  ,  1.06812    ,  0.0333851  ,  0.0430037  ])
1336    , -89.1068    , array([ 0.0602335  ,  1.06812    ,  0.0333851  ,  0.0430468  ])
1340    , -88.9498    , array([ 0.0506905  ,  1.05758    ,  0.0273305  ,  0.0446814  ])
1344    , -88.926     , array([ 0.0416589  ,  1.03945    ,  0.0219432  ,  0.046288   ])
1348    , -88.9439    , array([ 0.0416589  ,  1.03945    ,  0.0219432  ,  0.0463343  ])
1352    , -88.9139    , array([ 0.0409347  ,  1.0399     ,  0.0215323  ,  0.0463751  ])
1356    , -88.8652    , array([ 0.0381619  ,  1.03652    ,  0.0199639  ,  0.0467253  ])
1360    , -88.8825    , array([ 0.0381619  ,  1.03652    ,  0.0199639  ,  0.046772   ])
1364    , -88.8239    , array([ 0.0365302  ,  1.03537    ,  0.0190635  ,  0.0469002  ])
1368    , -88.7171    , array([ 0.0306719  ,  1.02563    ,  0.0158499  ,  0.0476064  ])
1372    , -88.7297    , array([ 0.0306719  ,  1.02563    ,  0.0158499  ,  0.047654   ])
1376    , -88.6872    , array([ 0.026534   ,  1.02029    ,  0.0136026  ,  0.0481791  ])
1380    , -88.6736    , array([ 0.0257314  ,  1.01855    ,  0.0131739  ,  0.0482667  ])
1384    , -88.6854    , array([ 0.0257314  ,  1.01855    ,  0.0131739  ,  0.048315   ])
1388    , -88.6461    , array([ 0.0227566  ,  1.01668    ,  0.01159    ,  0.0486191  ])
1392    , -88.6408    , array([ 0.0217332  ,  1.01391    ,  0.0110465  ,  0.0487681  ])
1396    , -88.6516    , array([ 0.0217332  ,  1.01391    ,  0.0110465  ,  0.0488169  ])
1400    , -88.6568    , array([ 0.0180793  ,  1.00794    ,  0.00911584 ,  0.049369   ])
1404    , -88.6401    , array([ 0.020908   ,  1.01244    ,  0.0106092  ,  0.0488939  ])
1408    , -88.6511    , array([ 0.020908   ,  1.01244    ,  0.0106092  ,  0.0489428  ])
1412    , -88.6486    , array([ 0.0189953  ,  1.00981    ,  0.00959837 ,  0.049207   ])
1416    , -88.6405    , array([ 0.0204987  ,  1.01169    ,  0.0103925  ,  0.0489582  ])
1420    , -88.6517    , array([ 0.0204987  ,  1.01169    ,  0.0103925  ,  0.0490072  ])
1424    , -88.6422    , array([ 0.0208216  ,  1.0133     ,  0.0105634  ,  0.0489074  ])
1428    , -88.6401    , array([ 0.0208898  ,  1.01241    ,  0.0105995  ,  0.0488967  ])
1432    , -88.6511    , array([ 0.0208898  ,  1.01241    ,  0.0105995  ,  0.0489456  ])
1436    , -88.6421    , array([ 0.0209042  ,  1.01345    ,  0.0106071  ,  0.0488945  ])
1440    , -88.6401    , array([ 0.0209072  ,  1.01244    ,  0.0106087  ,  0.048894   ])
1444    , -88.6511    , array([ 0.0209072  ,  1.01244    ,  0.0106087  ,  0.0489429  ])
1448    , -88.6421    , array([ 0.0209078  ,  1.01346    ,  0.0106091  ,  0.0488939  ])
1452    , -88.6401    , array([ 0.020908   ,  1.01244    ,  0.0106091  ,  0.0488939  ])
1456    , -88.6511    , array([ 0.020908   ,  1.01244    ,  0.0106091  ,  0.0489428  ])
1460    , -88.6421    , array([ 0.020908   ,  1.01346    ,  0.0106092  ,  0.0488939  ])
1464    , -88.6401    , array([ 0.020908   ,  1.01244    ,  0.0106092  ,  0.0488939  ])
1468    , -88.6511    , array([ 0.020908   ,  1.01244    ,  0.0106092  ,  0.0489428  ])
1472    , -88.6421    , array([ 0.020908   ,  1.01346    ,  0.0106092  ,  0.0488939  ])
1476    , -88.6401    , array([ 0.020908   ,  1.01244    ,  0.0106092  ,  0.0488939  ])
1480    , -88.6511    , array([ 0.020908   ,  1.01244    ,  0.0106092  ,  0.0489428  ])
1484    , -88.6421    , array([ 0.020908   ,  1.01346    ,  0.0106092  ,  0.0488939  ])
1488    , -88.6401    , array([ 0.020908   ,  1.01244    ,  0.0106092  ,  0.0488939  ])
1492    , -88.6511    , array([ 0.020908   ,  1.01244    ,  0.0106092  ,  0.0489428  ])
1496    , -88.6421    , array([ 0.020908   ,  1.01346    ,  0.0106092  ,  0.0488939  ])
1500    , -88.6401    , array([ 0.020908   ,  1.01244    ,  0.0106092  ,  0.0488939  ])
1504    , -88.6511    , array([ 0.020908   ,  1.01244    ,  0.0106092  ,  0.0489428  ])
1508    , -88.6421    , array([ 0.020908   ,  1.01346    ,  0.0106092  ,  0.0488939  ])
1512    , -88.6401    , array([ 0.020908   ,  1.01244    ,  0.0106092  ,  0.0488939  ])
1516    , -88.6511    , array([ 0.020908   ,  1.01244    ,  0.0106092  ,  0.0489428  ])
1520    , -88.6421    , array([ 0.020908   ,  1.01346    ,  0.0106092  ,  0.0488939  ])
1524    , -88.6401    , array([ 0.020908   ,  1.01244    ,  0.0106092  ,  0.0488939  ])
1528    , -88.6511    , array([ 0.020908   ,  1.01244    ,  0.0106092  ,  0.0489428  ])
1532    , -88.6421    , array([ 0.020908   ,  1.01346    ,  0.0106092  ,  0.0488939  ])
1536    , -88.6401    , array([ 0.020908   ,  1.01244    ,  0.0106092  ,  0.0488939  ])
1540    , -88.6511    , array([ 0.020908   ,  1.01244    ,  0.0106092  ,  0.0489428  ])
1544    , -88.6428    , array([ 0.0217332  ,  1.01493    ,  0.0110465  ,  0.0487681  ])
1548    , -88.6402    , array([ 0.0207557  ,  1.01216    ,  0.0105285  ,  0.0489177  ])
1552    , -88.6513    , array([ 0.0207557  ,  1.01216    ,  0.0105285  ,  0.0489666  ])
1556    , -88.6404    , array([ 0.0205939  ,  1.01187    ,  0.0104429  ,  0.0489432  ])
1560    , -88.6402    , array([ 0.0207502  ,  1.01215    ,  0.0105256  ,  0.0489185  ])
1564    , -88.6402    , array([ 0.0207555  ,  1.01216    ,  0.0105284  ,  0.0489177  ])
