272     , -2465.31    , array([ 1.07166    ,  1.11277    ,  0.040507   ,  0.0411276  ])
276     , -1725.27    , array([ 0.45363    ,  1.11277    ,  0.040507   ,  0.0411276  ])
280     , -464.007    , array([ 0.144608   ,  1.11277    ,  0.040507   ,  0.0411276  ])
284     , -90.6468    , array([ 0.0742338  ,  1.11277    ,  0.040507   ,  0.0411276  ])
288     , -89.3484    , array([ 0.0714901  ,  1.11277    ,  0.040507   ,  0.0411276  ])
296     , -91.4402    , array([ 0.0714883  ,  1.2458     ,  0.040507   ,  0.0411276  ])
300     , -89.347     , array([ 0.0714883  ,  1.10948    ,  0.040507   ,  0.0411276  ])
304     , -17363.8    , array([ 0.0714883  ,  1.10948    ,  1.04051    ,  0.0411276  ])
308     , -16569.3    , array([ 0.0714883  ,  1.10948    ,  0.422473   ,  0.0411276  ])
312     , -1715.34    , array([ 0.0714883  ,  1.10948    ,  0.113405   ,  0.0411276  ])
316     , -89.3469    , array([ 0.0714883  ,  1.10948    ,  0.0404821  ,  0.0411276  ])
320     , -89.3469    , array([ 0.0714883  ,  1.10948    ,  0.0404918  ,  0.0411276  ])
332     , -197.047    , array([ 0.0714883  ,  1.10948    ,  0.0404918  ,  0.0279719  ])
336     , -89.3447    , array([ 0.0714883  ,  1.10948    ,  0.0404918  ,  0.0411959  ])
340     , -89.3447    , array([ 0.0714883  ,  1.10948    ,  0.0404918  ,  0.0411959  ])
344     , -89.3481    , array([ 0.0712045  ,  1.10417    ,  0.0404671  ,  0.0413065  ])
348     , -89.3433    , array([ 0.0713895  ,  1.10763    ,  0.0404832  ,  0.0412344  ])
352     , -89.3433    , array([ 0.0713885  ,  1.10761    ,  0.0404831  ,  0.0412348  ])
360     , -264.216    , array([ 0.0713885  ,  1.10761    ,  0.0404831  ,  0.0648805  ])
364     , -89.3431    , array([ 0.0713885  ,  1.10761    ,  0.0404831  ,  0.0411971  ])
368     , -89.343     , array([ 0.0713885  ,  1.10761    ,  0.0404831  ,  0.0412089  ])
372     , -248.417    , array([ 0.0713885  ,  0.489579   ,  0.0404831  ,  0.0412089  ])
376     , -89.3443    , array([ 0.0713885  ,  1.10915    ,  0.0404831  ,  0.0412089  ])
380     , -89.3422    , array([ 0.0713885  ,  1.10511    ,  0.0404831  ,  0.0412089  ])
384     , -89.3422    , array([ 0.0713885  ,  1.10514    ,  0.0404831  ,  0.0412089  ])
392     , -94.5639    , array([ 0.0713885  ,  1.10514    ,  0.0439203  ,  0.0412089  ])
396     , -89.3411    , array([ 0.0713885  ,  1.10514    ,  0.0404359  ,  0.0412089  ])
400     , -89.3413    , array([ 0.0711274  ,  1.10024    ,  0.0404127  ,  0.0413107  ])
404     , -89.3388    , array([ 0.0712598  ,  1.10273    ,  0.0404242  ,  0.0412591  ])
