105     , -1315.98    , array([ 0.935625   ,  0.0987118  ,  0.0493962  ,  5.00743    ,  2.58774    ])
110     , -1311.11    , array([ 0.998648   ,  0.0987118  ,  0.0493962  ,  5.00743    ,  2.58774    ])
120     , -5185.16    , array([ 0.998661   ,  0.171588   ,  0.0493962  ,  5.00743    ,  2.58774    ])
125     , -1311.11    , array([ 0.998661   ,  0.0987027  ,  0.0493962  ,  5.00743    ,  2.58774    ])
130     , -1311.11    , array([ 0.998661   ,  0.0986985  ,  0.0493962  ,  5.00743    ,  2.58774    ])
140     , -5113.47    , array([ 0.998661   ,  0.0986986  ,  0.122314   ,  5.00743    ,  2.58774    ])
145     , -1312.93    , array([ 0.998661   ,  0.0986986  ,  0.0502583  ,  5.00743    ,  2.58774    ])
150     , -1311.1     , array([ 0.998661   ,  0.0986986  ,  0.0494384  ,  5.00743    ,  2.58774    ])
155     , -1315.7     , array([ 0.998661   ,  0.0986986  ,  0.0494384  ,  5.3894     ,  2.58774    ])
160     , -1311.1     , array([ 0.998661   ,  0.0986986  ,  0.0494384  ,  5.002      ,  2.58774    ])
165     , -1339.15    , array([ 0.998661   ,  0.0986986  ,  0.0494384  ,  5.00205    ,  1.96971    ])
170     , -1311.1     , array([ 0.998661   ,  0.0986986  ,  0.0494384  ,  5.00205    ,  2.58559    ])
