8       , -21275.7    , array([ 1.17532    ,  0.186394   ,  0.663095   ,  3.38072    ,  3.19005e-08,  5.05962    ,  1.31471    ,  1.06217    ])
24      , -20168.9    , array([ 1.23233    ,  0.227524   ,  0.663095   ,  3.38072    ,  3.19005e-08,  5.05962    ,  1.31471    ,  1.06217    ])
40      , -19542.8    , array([ 1.23233    ,  0.267804   ,  0.824701   ,  3.38072    ,  3.19005e-08,  5.05962    ,  1.31471    ,  1.06217    ])
48      , -17992.1    , array([ 1.23233    ,  0.267804   ,  0.826317   ,  2.72884    ,  3.19005e-08,  5.05962    ,  1.31471    ,  1.06217    ])
64      , -17240.5    , array([ 1.23233    ,  0.267804   ,  0.826317   ,  2.31541    ,  0.24006    ,  5.05962    ,  1.31471    ,  1.06217    ])
72      , -14516.8    , array([ 1.23233    ,  0.267804   ,  0.826317   ,  2.31541    ,  0.242485   ,  9.89228    ,  1.31471    ,  1.06217    ])
88      , -14289.1    , array([ 1.23233    ,  0.267804   ,  0.826317   ,  2.31541    ,  0.242485   ,  9.94585    ,  0.786303   ,  1.06217    ])
96      , -14325.5    , array([ 1.23233    ,  0.267804   ,  0.826317   ,  2.31541    ,  0.242485   ,  9.94585    ,  0.775628   ,  1.18997    ])
104     , -14264.4    , array([ 1.23233    ,  0.267804   ,  0.826317   ,  2.31541    ,  0.242485   ,  9.94585    ,  0.775628   ,  0.899495   ])
112     , -14882.5    , array([ 1.6143     ,  0.267804   ,  0.826317   ,  2.31541    ,  0.242485   ,  9.94585    ,  0.775628   ,  0.899495   ])
120     , -30574.7    , array([ 1.22211    ,  1.2678     ,  0.826317   ,  2.31541    ,  0.242485   ,  9.94585    ,  0.775628   ,  0.899495   ])
128     , -14331.4    , array([ 1.22211    ,  0.276488   ,  0.826317   ,  2.31541    ,  0.242485   ,  9.94585    ,  0.775628   ,  0.899495   ])
136     , -16124.2    , array([ 1.22211    ,  0.243639   ,  1.82632    ,  2.31541    ,  0.242485   ,  9.94585    ,  0.775628   ,  0.899495   ])
144     , -14171      , array([ 1.22211    ,  0.243639   ,  0.800087   ,  2.31541    ,  0.242485   ,  9.94585    ,  0.775628   ,  0.899495   ])
152     , -14170.9    , array([ 1.22211    ,  0.243639   ,  0.795415   ,  2.31541    ,  0.242485   ,  9.94585    ,  0.775628   ,  0.899495   ])
160     , -14120.7    , array([ 1.22211    ,  0.243639   ,  0.795415   ,  2.16802    ,  0.242485   ,  9.94585    ,  0.775628   ,  0.899495   ])
168     , -14101.6    , array([ 1.22211    ,  0.243639   ,  0.795415   ,  2.16802    ,  0.31543    ,  9.94585    ,  0.775628   ,  0.899495   ])
176     , -14203.3    , array([ 1.22211    ,  0.243639   ,  0.795415   ,  2.16802    ,  0.312647   ,  9.32781    ,  0.775628   ,  0.899495   ])
184     , -14097.5    , array([ 1.22211    ,  0.243639   ,  0.795415   ,  2.16802    ,  0.312647   ,  9.98029    ,  0.775628   ,  0.899495   ])
192     , -14095.4    , array([ 1.22211    ,  0.243639   ,  0.795415   ,  2.16802    ,  0.312647   ,  9.99966    ,  0.775628   ,  0.899495   ])
216     , -13064.7    , array([ 1.22211    ,  0.243639   ,  0.795415   ,  2.16802    ,  0.312647   ,  9.99966    ,  0.0116962  ,  0.303884   ])
224     , -17414.2    , array([ 0.604078   ,  0.243639   ,  0.795415   ,  2.16802    ,  0.312647   ,  9.99966    ,  0.0116962  ,  0.281461   ])
232     , -13057.2    , array([ 1.22593    ,  0.243639   ,  0.795415   ,  2.16802    ,  0.312647   ,  9.99966    ,  0.0116962  ,  0.281461   ])
240     , -14858      , array([ 1.22593    ,  0.153469   ,  0.795415   ,  2.16802    ,  0.312647   ,  9.99966    ,  0.0116962  ,  0.281461   ])
248     , -13041.7    , array([ 1.22593    ,  0.233956   ,  0.795415   ,  2.16802    ,  0.312647   ,  9.99966    ,  0.0116962  ,  0.281461   ])
256     , -12896      , array([ 1.22593    ,  0.233956   ,  0.674414   ,  2.16802    ,  0.312647   ,  9.99966    ,  0.0116962  ,  0.281461   ])
264     , -14875.9    , array([ 1.22593    ,  0.233956   ,  0.660623   ,  3.16802    ,  0.312647   ,  9.99966    ,  0.0116962  ,  0.281461   ])
272     , -12672      , array([ 1.22593    ,  0.233956   ,  0.660623   ,  1.77955    ,  0.312647   ,  9.99966    ,  0.0116962  ,  0.281461   ])
280     , -12658.7    , array([ 1.22593    ,  0.233956   ,  0.660623   ,  1.78339    ,  0.503629   ,  9.99966    ,  0.0116962  ,  0.281461   ])
288     , -13146.2    , array([ 1.22593    ,  0.233956   ,  0.660623   ,  1.78339    ,  0.4202     ,  8.38162    ,  0.0116962  ,  0.281461   ])
296     , -12651.6    , array([ 1.22593    ,  0.233956   ,  0.660623   ,  1.78339    ,  0.4202     ,  9.95457    ,  0.0116962  ,  0.281461   ])
304     , -12642.9    , array([ 1.22593    ,  0.233956   ,  0.660623   ,  1.78339    ,  0.4202     ,  9.9987     ,  0.0116962  ,  0.281461   ])
312     , -12642.7    , array([ 1.22593    ,  0.233956   ,  0.660623   ,  1.78339    ,  0.4202     ,  9.99998    ,  0.0116962  ,  0.281461   ])
328     , -12656.2    , array([ 1.22593    ,  0.233956   ,  0.660623   ,  1.78339    ,  0.4202     ,  10         ,  0.00411415 ,  0.281461   ])
344     , -12549.1    , array([ 1.22593    ,  0.233956   ,  0.660623   ,  1.78339    ,  0.4202     ,  10         ,  0.0114082  ,  0.233647   ])
352     , -12547.1    , array([ 1.22593    ,  0.233956   ,  0.660623   ,  1.78339    ,  0.4202     ,  10         ,  0.0114082  ,  0.22668    ])
360     , -12545.2    , array([ 1.24754    ,  0.233956   ,  0.660623   ,  1.78339    ,  0.4202     ,  10         ,  0.0114082  ,  0.22668    ])
368     , -14637.9    , array([ 1.24754    ,  0.424895   ,  0.660623   ,  1.78339    ,  0.4202     ,  10         ,  0.0114082  ,  0.22668    ])
376     , -12496.5    , array([ 1.24754    ,  0.251667   ,  0.660623   ,  1.78339    ,  0.4202     ,  10         ,  0.0114082  ,  0.22668    ])
384     , -12829.4    , array([ 1.24754    ,  0.251667   ,  0.839842   ,  1.78339    ,  0.4202     ,  10         ,  0.0114082  ,  0.22668    ])
392     , -12486.5    , array([ 1.24754    ,  0.251667   ,  0.619008   ,  1.78339    ,  0.4202     ,  10         ,  0.0114082  ,  0.22668    ])
400     , -12274.1    , array([ 1.24754    ,  0.251667   ,  0.628772   ,  1.42716    ,  0.4202     ,  10         ,  0.0114082  ,  0.22668    ])
408     , -12273.1    , array([ 1.24754    ,  0.251667   ,  0.628772   ,  1.4037     ,  0.4202     ,  10         ,  0.0114082  ,  0.22668    ])
416     , -12253.5    , array([ 1.24754    ,  0.251667   ,  0.628772   ,  1.4037     ,  0.513948   ,  10         ,  0.0114082  ,  0.22668    ])
448     , -12253.5    , array([ 1.24754    ,  0.251667   ,  0.628772   ,  1.4037     ,  0.514895   ,  10         ,  0.0114082  ,  0.22668    ])
456     , -12253.5    , array([ 1.24754    ,  0.251667   ,  0.628772   ,  1.4037     ,  0.514895   ,  10         ,  0.0114082  ,  0.22668    ])
472     , -12246.7    , array([ 1.24754    ,  0.251667   ,  0.628772   ,  1.4037     ,  0.514895   ,  10         ,  0.0152866  ,  0.22668    ])
480     , -13939.6    , array([ 1.24754    ,  0.251667   ,  0.628772   ,  1.4037     ,  0.514895   ,  10         ,  0.0153413  ,  0.608646   ])
488     , -12186.1    , array([ 1.24754    ,  0.251667   ,  0.628772   ,  1.4037     ,  0.514895   ,  10         ,  0.0153413  ,  0.195143   ])
496     , -12186      , array([ 1.24754    ,  0.251667   ,  0.628772   ,  1.4037     ,  0.514895   ,  10         ,  0.0153413  ,  0.194394   ])
504     , -12179.8    , array([ 1.2879     ,  0.251667   ,  0.628772   ,  1.4037     ,  0.514895   ,  10         ,  0.0153413  ,  0.194394   ])
512     , -111006     , array([ 1.28831    ,  0.0155991  ,  0.628772   ,  1.4037     ,  0.514895   ,  10         ,  0.0153413  ,  0.194394   ])
520     , -12140.9    , array([ 1.28831    ,  0.268417   ,  0.628772   ,  1.4037     ,  0.514895   ,  10         ,  0.0153413  ,  0.194394   ])
528     , -12452.1    , array([ 1.28831    ,  0.268586   ,  0.482237   ,  1.4037     ,  0.514895   ,  10         ,  0.0153413  ,  0.194394   ])
536     , -12139.9    , array([ 1.28831    ,  0.268586   ,  0.619609   ,  1.4037     ,  0.514895   ,  10         ,  0.0153413  ,  0.194394   ])
544     , -11999.7    , array([ 1.28831    ,  0.268586   ,  0.619609   ,  1.09862    ,  0.514895   ,  10         ,  0.0153413  ,  0.194394   ])
552     , -12165.3    , array([ 1.28831    ,  0.268586   ,  0.619609   ,  1.10167    ,  0.896861   ,  10         ,  0.0153413  ,  0.194394   ])
600     , -11991.4    , array([ 1.28831    ,  0.268586   ,  0.619609   ,  1.10167    ,  0.579445   ,  10         ,  0.0153413  ,  0.194394   ])
608     , -11991.4    , array([ 1.28831    ,  0.268586   ,  0.619609   ,  1.10167    ,  0.579445   ,  10         ,  0.0153413  ,  0.194394   ])
624     , -11980.9    , array([ 1.28831    ,  0.268586   ,  0.619609   ,  1.10167    ,  0.579445   ,  10         ,  0.0194089  ,  0.194394   ])
632     , -13319      , array([ 1.28831    ,  0.268586   ,  0.619609   ,  1.10167    ,  0.579445   ,  10         ,  0.0194089  ,  0.385359   ])
640     , -11938.1    , array([ 1.28831    ,  0.268586   ,  0.619609   ,  1.10167    ,  0.579445   ,  10         ,  0.0194089  ,  0.172137   ])
648     , -11938.1    , array([ 1.28831    ,  0.268586   ,  0.619609   ,  1.10167    ,  0.579445   ,  10         ,  0.0194089  ,  0.172359   ])
656     , -11932.8    , array([ 1.32742    ,  0.268586   ,  0.619609   ,  1.10167    ,  0.579445   ,  10         ,  0.0194089  ,  0.172359   ])
664     , -70358.4    , array([ 1.32781    ,  0.0325177  ,  0.619609   ,  1.10167    ,  0.579445   ,  10         ,  0.0194089  ,  0.172359   ])
672     , -11905.4    , array([ 1.32781    ,  0.283425   ,  0.619609   ,  1.10167    ,  0.579445   ,  10         ,  0.0194089  ,  0.172359   ])
680     , -12132.8    , array([ 1.32781    ,  0.283575   ,  0.496101   ,  1.10167    ,  0.579445   ,  10         ,  0.0194089  ,  0.172359   ])
688     , -13640.3    , array([ 1.32781    ,  0.283575   ,  0.618035   ,  2.10167    ,  0.579445   ,  10         ,  0.0194089  ,  0.172359   ])
696     , -11826.5    , array([ 1.32781    ,  0.283575   ,  0.618035   ,  0.879359   ,  0.579445   ,  10         ,  0.0194089  ,  0.172359   ])
704     , -11864.2    , array([ 1.32781    ,  0.283575   ,  0.618035   ,  0.879359   ,  0.770426   ,  10         ,  0.0194089  ,  0.172359   ])
712     , -12104.8    , array([ 1.32781    ,  0.283575   ,  0.618035   ,  0.879359   ,  0.618489   ,  8.38197    ,  0.0194089  ,  0.172359   ])
720     , -11827      , array([ 1.32781    ,  0.283575   ,  0.618035   ,  0.879359   ,  0.618489   ,  9.95492    ,  0.0194089  ,  0.172359   ])
728     , -11823.6    , array([ 1.32781    ,  0.283575   ,  0.618035   ,  0.879359   ,  0.618489   ,  9.99904    ,  0.0194089  ,  0.172359   ])
736     , -11823.6    , array([ 1.32781    ,  0.283575   ,  0.618035   ,  0.879359   ,  0.618489   ,  9.99998    ,  0.0194089  ,  0.172359   ])
744     , -11823.6    , array([ 1.32781    ,  0.283575   ,  0.618035   ,  0.879359   ,  0.618489   ,  10         ,  0.0194089  ,  0.172359   ])
752     , -11823.6    , array([ 1.32781    ,  0.283575   ,  0.618035   ,  0.879359   ,  0.618489   ,  10         ,  0.0194089  ,  0.172359   ])
760     , -11823.6    , array([ 1.32781    ,  0.283575   ,  0.618035   ,  0.879359   ,  0.618489   ,  10         ,  0.0194089  ,  0.172359   ])
784     , -16177.6    , array([ 1.32781    ,  0.283575   ,  0.618035   ,  0.879359   ,  0.618489   ,  10         ,  0.0233513  ,  1.17236    ])
792     , -12075.6    , array([ 1.32781    ,  0.283575   ,  0.618035   ,  0.879359   ,  0.618489   ,  10         ,  0.0233513  ,  0.213764   ])
808     , -11775.9    , array([ 1.34843    ,  0.283575   ,  0.618035   ,  0.879359   ,  0.618489   ,  10         ,  0.0233513  ,  0.155601   ])
816     , -11775.5    , array([ 1.35973    ,  0.283575   ,  0.618035   ,  0.879359   ,  0.618489   ,  10         ,  0.0233513  ,  0.155601   ])
824     , -11760.3    , array([ 1.35973    ,  0.300754   ,  0.618035   ,  0.879359   ,  0.618489   ,  10         ,  0.0233513  ,  0.155601   ])
832     , -11758      , array([ 1.35973    ,  0.296022   ,  0.618035   ,  0.879359   ,  0.618489   ,  10         ,  0.0233513  ,  0.155601   ])
840     , -11758      , array([ 1.35973    ,  0.296022   ,  0.620437   ,  0.879359   ,  0.618489   ,  10         ,  0.0233513  ,  0.155601   ])
848     , -11721.1    , array([ 1.35973    ,  0.296022   ,  0.620413   ,  0.767669   ,  0.618489   ,  10         ,  0.0233513  ,  0.155601   ])
856     , -11717.7    , array([ 1.35973    ,  0.296022   ,  0.620413   ,  0.722481   ,  0.618489   ,  10         ,  0.0233513  ,  0.155601   ])
864     , -11716.9    , array([ 1.35973    ,  0.296022   ,  0.620413   ,  0.722481   ,  0.638959   ,  10         ,  0.0233513  ,  0.155601   ])
872     , -11722.9    , array([ 1.35973    ,  0.296022   ,  0.620413   ,  0.722481   ,  0.638959   ,  9.88197    ,  0.0233513  ,  0.155601   ])
880     , -11717      , array([ 1.35973    ,  0.296022   ,  0.620413   ,  0.722481   ,  0.638959   ,  9.99749    ,  0.0233513  ,  0.155601   ])
888     , -11716.9    , array([ 1.35973    ,  0.296022   ,  0.620413   ,  0.722481   ,  0.638959   ,  9.99995    ,  0.0233513  ,  0.155601   ])
896     , -11716.9    , array([ 1.35973    ,  0.296022   ,  0.620413   ,  0.722481   ,  0.638959   ,  10         ,  0.0233513  ,  0.155601   ])
904     , -11716.9    , array([ 1.35973    ,  0.296022   ,  0.620413   ,  0.722481   ,  0.638959   ,  10         ,  0.0233513  ,  0.155601   ])
912     , -11716.9    , array([ 1.35973    ,  0.296022   ,  0.620413   ,  0.722481   ,  0.638959   ,  10         ,  0.0233513  ,  0.155601   ])
920     , -11716.9    , array([ 1.35973    ,  0.296022   ,  0.620413   ,  0.722481   ,  0.638959   ,  10         ,  0.0233513  ,  0.155601   ])
936     , -11702.8    , array([ 1.35973    ,  0.296022   ,  0.620413   ,  0.722481   ,  0.638959   ,  10         ,  0.0271756  ,  0.155601   ])
944     , -15279.5    , array([ 1.35973    ,  0.296022   ,  0.620413   ,  0.722481   ,  0.638959   ,  10         ,  0.0271756  ,  0.537567   ])
952     , -11677.9    , array([ 1.35973    ,  0.296022   ,  0.620413   ,  0.722481   ,  0.638959   ,  10         ,  0.0271756  ,  0.141071   ])
960     , -11559.5    , array([ 1.44512    ,  0.329318   ,  0.626775   ,  0.302824   ,  0.693717   ,  10         ,  0.0374059  ,  0.10639    ])
976     , -11559.1    , array([ 1.43351    ,  0.327986   ,  0.626521   ,  0.319612   ,  0.691526   ,  10         ,  0.0369966  ,  0.107823   ])
984     , -13317.7    , array([ 1.43351    ,  0.518932   ,  0.626521   ,  0.319612   ,  0.691526   ,  10         ,  0.0369966  ,  0.107823   ])
992     , -11556      , array([ 1.43351    ,  0.333719   ,  0.626521   ,  0.319612   ,  0.691526   ,  10         ,  0.0369966  ,  0.107823   ])
1000    , -11733.9    , array([ 1.43351    ,  0.333719   ,  0.814492   ,  0.319612   ,  0.691526   ,  10         ,  0.0369966  ,  0.107823   ])
1008    , -11555.1    , array([ 1.43351    ,  0.333719   ,  0.636854   ,  0.319612   ,  0.691526   ,  10         ,  0.0369966  ,  0.107823   ])
1016    , -19112.4    , array([ 1.43351    ,  0.333719   ,  0.636854   ,  0.319612   ,  0.691526   ,  10         ,  0.0369966  ,  0.0176533  ])
1024    , -11550.5    , array([ 1.43351    ,  0.333719   ,  0.636854   ,  0.319612   ,  0.691526   ,  10         ,  0.0369966  ,  0.112066   ])
1032    , -11551.3    , array([ 1.43351    ,  0.333719   ,  0.636854   ,  0.319612   ,  0.764032   ,  10         ,  0.0369966  ,  0.112109   ])
1040    , -11544.2    , array([ 1.43351    ,  0.333719   ,  0.636854   ,  0.319612   ,  0.723777   ,  9.38197    ,  0.0369966  ,  0.112109   ])
1064    , -11526.7    , array([ 1.43351    ,  0.333719   ,  0.636854   ,  0.319612   ,  0.723777   ,  9.60292    ,  0.0402883  ,  0.112109   ])
1072    , -11525.4    , array([ 1.44152    ,  0.336842   ,  0.637451   ,  0.280254   ,  0.728912   ,  9.60292    ,  0.0412477  ,  0.10875    ])
1080    , -13565.4    , array([ 0.823486   ,  0.336842   ,  0.637451   ,  0.280254   ,  0.728912   ,  9.60292    ,  0.0412477  ,  0.10875    ])
1088    , -11524.1    , array([ 1.46624    ,  0.336842   ,  0.637451   ,  0.280254   ,  0.728912   ,  9.60292    ,  0.0412477  ,  0.10875    ])
1096    , -11750.8    , array([ 1.46624    ,  0.409778   ,  0.637451   ,  0.280254   ,  0.728912   ,  9.60292    ,  0.0412477  ,  0.10875    ])
1104    , -11507.4    , array([ 1.46624    ,  0.35058    ,  0.637451   ,  0.280254   ,  0.728912   ,  9.60292    ,  0.0412477  ,  0.10875    ])
1112    , -11509.4    , array([ 1.46624    ,  0.35058    ,  0.667784   ,  0.280254   ,  0.728912   ,  9.60292    ,  0.0412477  ,  0.10875    ])
1128    , -11887.8    , array([ 1.46624    ,  0.35058    ,  0.648193   ,  0.280254   ,  0.728912   ,  9.60292    ,  0.0412477  ,  0.0743077  ])
1136    , -12624.6    , array([ 1.46624    ,  0.35058    ,  0.648193   ,  0.280254   ,  1.72891    ,  9.60292    ,  0.0412477  ,  0.109133   ])
1144    , -11505.9    , array([ 1.46624    ,  0.35058    ,  0.648193   ,  0.280254   ,  0.745666   ,  9.60292    ,  0.0412477  ,  0.109133   ])
1152    , -11498.6    , array([ 1.46624    ,  0.35058    ,  0.648193   ,  0.280254   ,  0.745666   ,  9.21559    ,  0.0412477  ,  0.109133   ])
1168    , -11643.5    , array([ 1.46624    ,  0.35058    ,  0.648193   ,  0.280254   ,  0.745666   ,  9.20477    ,  0.0562107  ,  0.109133   ])
1176    , -11789.9    , array([ 1.3336     ,  0.298861   ,  0.638311   ,  0.932109   ,  0.660609   ,  9.20477    ,  0.0285712  ,  0.164774   ])
1184    , -11484.7    , array([ 1.46851    ,  0.351465   ,  0.648362   ,  0.269099   ,  0.747121   ,  9.20477    ,  0.0447338  ,  0.108181   ])
1192    , -11427.6    , array([ 1.56969    ,  0.406312   ,  0.68931    ,  0.227754   ,  0.815399   ,  7.71032    ,  0.0578061  ,  0.106093   ])
1200    , -12849.2    , array([ 0.939069   ,  0.399488   ,  0.684216   ,  0.232911   ,  0.806904   ,  7.89622    ,  0.0561796  ,  0.106354   ])
1208    , -11424.4    , array([ 1.52427    ,  0.399488   ,  0.684216   ,  0.232911   ,  0.806904   ,  7.89622    ,  0.0561796  ,  0.106354   ])
1216    , -11422.8    , array([ 1.53229    ,  0.402488   ,  0.684789   ,  0.1951     ,  0.811838   ,  7.89622    ,  0.0571014  ,  0.103127   ])
1224    , -51418.7    , array([ 1.53253    ,  0.402583   ,  0.0667734  ,  0.193912   ,  0.811993   ,  7.89622    ,  0.0571303  ,  0.103025   ])
1232    , -11419.9    , array([ 1.53253    ,  0.402583   ,  0.7053     ,  0.193912   ,  0.811993   ,  7.89622    ,  0.0571303  ,  0.103025   ])
1248    , -11389.4    , array([ 1.53253    ,  0.402583   ,  0.7053     ,  0.193912   ,  0.811993   ,  7.89622    ,  0.0571303  ,  0.090764   ])
1256    , -11391      , array([ 1.53253    ,  0.402583   ,  0.7053     ,  0.193912   ,  0.825958   ,  7.89622    ,  0.0571303  ,  0.0906401  ])
1264    , -11387.9    , array([ 1.53253    ,  0.402583   ,  0.7053     ,  0.193912   ,  0.780264   ,  7.89622    ,  0.0571303  ,  0.0906401  ])
1272    , -11387.9    , array([ 1.53253    ,  0.402583   ,  0.7053     ,  0.193912   ,  0.780264   ,  7.87925    ,  0.0571303  ,  0.0906401  ])
1288    , -11377.5    , array([ 1.53253    ,  0.402583   ,  0.7053     ,  0.193912   ,  0.780264   ,  7.87925    ,  0.060081   ,  0.0906401  ])
1296    , -11368.8    , array([ 1.56995    ,  0.422867   ,  0.720442   ,  0.178583   ,  0.805517   ,  7.32663    ,  0.0648866  ,  0.0898645  ])
1304    , -11364.5    , array([ 1.66977    ,  0.493385   ,  0.791858   ,  0.0886309  ,  0.862815   ,  5.47282    ,  0.0848293  ,  0.0715724  ])
1312    , -12274.1    , array([ 2.62268    ,  0.460175   ,  0.758281   ,  0.130884   ,  0.835741   ,  6.34605    ,  0.0754468  ,  0.0801406  ])
1320    , -11351.5    , array([ 1.57396    ,  0.460175   ,  0.758281   ,  0.130884   ,  0.835741   ,  6.34605    ,  0.0754468  ,  0.0801406  ])
1328    , -11351.5    , array([ 1.5732     ,  0.460175   ,  0.758281   ,  0.130884   ,  0.835741   ,  6.34605    ,  0.0754468  ,  0.0801406  ])
1336    , -11351      , array([ 1.56992    ,  0.458894   ,  0.758036   ,  0.147037   ,  0.833633   ,  6.34605    ,  0.0750531  ,  0.0815194  ])
1344    , -11353.8    , array([ 1.56988    ,  0.458881   ,  0.750197   ,  0.1472     ,  0.833612   ,  6.34605    ,  0.0750491  ,  0.0815333  ])
1352    , -11448.3    , array([ 1.6585     ,  0.506913   ,  0.825627   ,  0.110902   ,  0.893409   ,  5.0375     ,  0.0864976  ,  0.0796968  ])
1360    , -11339.5    , array([ 1.54853    ,  0.447307   ,  0.781132   ,  0.155947   ,  0.819203   ,  6.66136    ,  0.0722904  ,  0.0819759  ])
1368    , -11334.3    , array([ 1.53533    ,  0.440154   ,  0.775792   ,  0.161353   ,  0.907602   ,  6.85623    ,  0.0705855  ,  0.0822494  ])
1376    , -11332.7    , array([ 1.53533    ,  0.440154   ,  0.775792   ,  0.161353   ,  0.873524   ,  6.85623    ,  0.0705855  ,  0.0822494  ])
1384    , -87098.8    , array([ 1.53533    ,  0.440154   ,  0.775792   ,  0.161353   ,  0.873524   ,  6.92155    ,  1.07059    ,  0.0822494  ])
1392    , -14613.2    , array([ 1.53533    ,  0.440154   ,  0.775792   ,  0.161353   ,  0.873524   ,  6.92155    ,  0.143443   ,  0.0822494  ])
1400    , -11331.1    , array([ 1.53533    ,  0.440154   ,  0.775792   ,  0.161353   ,  0.873524   ,  6.92155    ,  0.0717052  ,  0.0822494  ])
1408    , -11320.5    , array([ 1.58327    ,  0.473955   ,  0.809967   ,  0.118347   ,  0.901081   ,  6.03277    ,  0.0812548  ,  0.0735285  ])
1416    , -11339.3    , array([ 1.67693    ,  0.47362    ,  0.809629   ,  0.118773   ,  0.900808   ,  6.04157    ,  0.0811603  ,  0.0736149  ])
1424    , -11893.1    , array([ 1.4383     ,  0.421901   ,  0.799746   ,  0.770628   ,  0.815751   ,  6.04157    ,  0.0652695  ,  0.129255   ])
1432    , -11317      , array([ 1.5634     ,  0.470683   ,  0.809067   ,  0.155795   ,  0.895977   ,  6.04157    ,  0.0802577  ,  0.076775   ])
1440    , -11411.8    , array([ 1.56347    ,  0.470712   ,  0.97543    ,  0.155429   ,  0.896025   ,  6.04157    ,  0.0802667  ,  0.0767437  ])
1448    , -11316.6    , array([ 1.56347    ,  0.470712   ,  0.799389   ,  0.155429   ,  0.896025   ,  6.04157    ,  0.0802667  ,  0.0767437  ])
1456    , -11307.5    , array([ 1.52523    ,  0.449985   ,  0.783917   ,  0.171092   ,  0.870221   ,  6.60623    ,  0.0753264  ,  0.0775362  ])
1464    , -11305.9    , array([ 1.52523    ,  0.449985   ,  0.783917   ,  0.171092   ,  0.953413   ,  6.60623    ,  0.0753264  ,  0.0775362  ])
1472    , -11304.4    , array([ 1.52523    ,  0.449985   ,  0.783917   ,  0.171092   ,  0.918358   ,  6.60623    ,  0.0753264  ,  0.0775362  ])
1480    , -11304.4    , array([ 1.52523    ,  0.449985   ,  0.783917   ,  0.171092   ,  0.918358   ,  6.60869    ,  0.0753264  ,  0.0775362  ])
1496    , -11303.9    , array([ 1.52523    ,  0.449985   ,  0.783917   ,  0.171092   ,  0.918358   ,  6.60869    ,  0.07599    ,  0.0775362  ])
1504    , -11296      , array([ 1.56512    ,  0.478107   ,  0.812349   ,  0.135313   ,  0.941284   ,  5.86925    ,  0.0839285  ,  0.0702807  ])
1512    , -11321.4    , array([ 1.44036    ,  0.504823   ,  0.82708    ,  0.251832   ,  1.21214    ,  4.79908    ,  0.101628   ,  0.0486632  ])
1520    , -11251.4    , array([ 1.49978    ,  0.491805   ,  0.819799   ,  0.196319   ,  1.08225    ,  5.31745    ,  0.0930889  ,  0.0590731  ])
1528    , -11249.3    , array([ 1.53357    ,  0.491805   ,  0.819799   ,  0.196319   ,  1.08225    ,  5.31745    ,  0.0930889  ,  0.0590731  ])
1536    , -11361.5    , array([ 1.48106    ,  0.47205    ,  0.816024   ,  0.445306   ,  1.04977    ,  5.31745    ,  0.0870192  ,  0.0803258  ])
1544    , -11233.5    , array([ 1.52004    ,  0.487247   ,  0.818928   ,  0.253763   ,  1.07476    ,  5.31745    ,  0.0916886  ,  0.0639763  ])
1552    , -11234.1    , array([ 1.52004    ,  0.487247   ,  0.833318   ,  0.253763   ,  1.07476    ,  5.31745    ,  0.0916886  ,  0.0639763  ])
1560    , -11233.5    , array([ 1.52004    ,  0.487247   ,  0.82002    ,  0.253763   ,  1.07476    ,  5.31745    ,  0.0916886  ,  0.0639763  ])
1568    , -11232.7    , array([ 1.52992    ,  0.494218   ,  0.827068   ,  0.244894   ,  1.08044    ,  5.13416    ,  0.093658   ,  0.0621778  ])
1576    , -11232.6    , array([ 1.52992    ,  0.494218   ,  0.827068   ,  0.244894   ,  1.07018    ,  5.13416    ,  0.093658   ,  0.0621778  ])
1584    , -11243.1    , array([ 1.52992    ,  0.494218   ,  0.827068   ,  0.244894   ,  1.07018    ,  5.51612    ,  0.093658   ,  0.0621778  ])
1600    , -12569.8    , array([ 1.52992    ,  0.494218   ,  0.827068   ,  0.244894   ,  1.07018    ,  5.06582    ,  0.0592162  ,  0.0621778  ])
1608    , -11249.4    , array([ 1.46526    ,  0.508384   ,  0.834991   ,  0.305305   ,  1.21153    ,  4.50172    ,  0.102033   ,  0.0508494  ])
1616    , -11222.5    , array([ 1.50284    ,  0.500151   ,  0.830386   ,  0.270195   ,  1.12938    ,  4.82957    ,  0.0966318  ,  0.0574332  ])
1624    , -11240.2    , array([ 1.617      ,  0.500092   ,  0.830353   ,  0.269945   ,  1.12879    ,  4.83191    ,  0.0965933  ,  0.0574802  ])
1640    , -11218.3    , array([ 1.51207    ,  0.498109   ,  0.829974   ,  0.29494    ,  1.12553    ,  4.83191    ,  0.095984   ,  0.0596137  ])
1648    , -11234.8    , array([ 1.51202    ,  0.498089   ,  0.770685   ,  0.295192   ,  1.1255     ,  4.83191    ,  0.0959778  ,  0.0596353  ])
1656    , -11276.8    , array([ 1.42538    ,  0.437001   ,  0.77642    ,  0.372917   ,  1.0757     ,  6.4382     ,  0.0787189  ,  0.0753965  ])
1664    , -11217.8    , array([ 1.51623    ,  0.501058   ,  0.841184   ,  0.291416   ,  1.12792    ,  4.75386    ,  0.0968164  ,  0.0588695  ])
1672    , -11216.7    , array([ 1.51627    ,  0.501087   ,  0.841214   ,  0.291378   ,  1.0888     ,  4.75307    ,  0.0968249  ,  0.0588617  ])
1680    , -11216.6    , array([ 1.51627    ,  0.501087   ,  0.841214   ,  0.291378   ,  1.09302    ,  4.75307    ,  0.0968249  ,  0.0588617  ])
1688    , -11215.9    , array([ 1.51627    ,  0.501087   ,  0.841214   ,  0.291378   ,  1.09302    ,  4.63538    ,  0.0968249  ,  0.0588617  ])
1696    , -29363.3    , array([ 1.51627    ,  0.501087   ,  0.841214   ,  0.291378   ,  1.09302    ,  4.63538    ,  0.00665497 ,  0.0588617  ])
1704    , -11215.2    , array([ 1.51627    ,  0.501087   ,  0.841214   ,  0.291378   ,  1.09302    ,  4.63538    ,  0.0959166  ,  0.0588617  ])
1712    , -11211.8    , array([ 1.5015     ,  0.504323   ,  0.843024   ,  0.305173   ,  1.1253     ,  4.50656    ,  0.0980477  ,  0.0562747  ])
1720    , -11195.8    , array([ 1.49382    ,  0.519366   ,  0.886933   ,  0.428536   ,  1.11797    ,  3.36706    ,  0.103367   ,  0.0517448  ])
1728    , -11195.7    , array([ 1.49337    ,  0.520297   ,  0.889666   ,  0.436197   ,  1.11744    ,  3.2963     ,  0.103694   ,  0.0514677  ])
1736    , -11195.2    , array([ 1.51116    ,  0.520297   ,  0.889666   ,  0.436197   ,  1.11744    ,  3.2963     ,  0.103694   ,  0.0514677  ])
1744    , -11195.2    , array([ 1.50976    ,  0.520297   ,  0.889666   ,  0.436197   ,  1.11744    ,  3.2963     ,  0.103694   ,  0.0514677  ])
1752    , -11195      , array([ 1.50744    ,  0.520806   ,  0.889951   ,  0.43837    ,  1.12253    ,  3.27601    ,  0.104029   ,  0.0510604  ])
1760    , -11190.5    , array([ 1.50744    ,  0.520806   ,  0.94042    ,  0.43837    ,  1.12253    ,  3.27601    ,  0.104029   ,  0.0510604  ])
1768    , -11207.2    , array([ 1.47434    ,  0.497473   ,  0.910522   ,  0.468058   ,  1.1035     ,  3.88956    ,  0.0974362  ,  0.0570806  ])
1776    , -11949.8    , array([ 1.5034     ,  0.51796    ,  0.931236   ,  0.441991   ,  2.12021    ,  3.35085    ,  0.103224   ,  0.0517947  ])
1784    , -11188.4    , array([ 1.5034     ,  0.51796    ,  0.931236   ,  0.441991   ,  1.07716    ,  3.35085    ,  0.103224   ,  0.0517947  ])
1792    , -11199      , array([ 1.5034     ,  0.51796    ,  0.931236   ,  0.441991   ,  1.07716    ,  3.73282    ,  0.103224   ,  0.0517947  ])
1808    , -12499.5    , array([ 1.5034     ,  0.51796    ,  0.931236   ,  0.441991   ,  1.07716    ,  3.26699    ,  0.0687825  ,  0.0517947  ])
1816    , -11199.5    , array([ 1.49575    ,  0.533828   ,  0.977819   ,  0.572562   ,  1.06825    ,  2.06096    ,  0.10856    ,  0.0470727  ])
1824    , -11187.8    , array([ 1.50267    ,  0.519469   ,  0.935665   ,  0.454408   ,  1.07631    ,  3.15231    ,  0.103514   ,  0.0513457  ])
1832    , -11206.3    , array([ 1.61479    ,  0.519484   ,  0.93571    ,  0.454533   ,  1.0763     ,  3.15115    ,  0.103519   ,  0.0513412  ])
1840    , -11351.3    , array([ 1.61844    ,  0.496562   ,  0.92289    ,  0.356786   ,  0.847592   ,  4.06389    ,  0.0884832  ,  0.0696709  ])
1848    , -11187.4    , array([ 1.51127    ,  0.520038   ,  0.93602    ,  0.456894   ,  1.08183    ,  3.1291     ,  0.103882   ,  0.0508985  ])
1856    , -11218.9    , array([ 1.51127    ,  0.520038   ,  1.09958    ,  0.456894   ,  1.08183    ,  3.1291     ,  0.103882   ,  0.0508985  ])
1864    , -11323      , array([ 1.56482    ,  0.557792   ,  0.995695   ,  0.408858   ,  1.11261    ,  2.13636    ,  0.114549   ,  0.0411575  ])
1872    , -11186.1    , array([ 1.50806    ,  0.517775   ,  0.955236   ,  0.459772   ,  1.07998    ,  3.18859    ,  0.103243   ,  0.0514822  ])
1880    , -11185.5    , array([ 1.50803    ,  0.517753   ,  0.955213   ,  0.459801   ,  1.04934    ,  3.18919    ,  0.103237   ,  0.0514881  ])
1888    , -11203.5    , array([ 1.50803    ,  0.517753   ,  0.955213   ,  0.459801   ,  1.05304    ,  2.57116    ,  0.103237   ,  0.0514881  ])
1896    , -84546.2    , array([ 1.50803    ,  0.517753   ,  0.955213   ,  0.459801   ,  1.05304    ,  3.13897    ,  1.10324    ,  0.0514881  ])
1904    , -13366.1    , array([ 1.50803    ,  0.517753   ,  0.955213   ,  0.459801   ,  1.05304    ,  3.13897    ,  0.164755   ,  0.0514881  ])
1912    , -11185.4    , array([ 1.50803    ,  0.517753   ,  0.955213   ,  0.459801   ,  1.05304    ,  3.13897    ,  0.103111   ,  0.0514881  ])
1920    , -11185.3    , array([ 1.5078     ,  0.518241   ,  0.956646   ,  0.463817   ,  1.05276    ,  3.10188    ,  0.103283   ,  0.0513428  ])
1928    , -11183.1    , array([ 1.51739    ,  0.515916   ,  0.995792   ,  0.481177   ,  1.00875    ,  3.00975    ,  0.10284    ,  0.0513459  ])
1936    , -12785.6    , array([ 0.902279   ,  0.515208   ,  1.00771    ,  0.486461   ,  0.995348   ,  2.9817     ,  0.102706   ,  0.0513469  ])
1944    , -11182.9    , array([ 1.52071    ,  0.515208   ,  1.00771    ,  0.486461   ,  0.995348   ,  2.9817     ,  0.102706   ,  0.0513469  ])
1952    , -11182.6    , array([ 1.51782    ,  0.51584    ,  1.00806    ,  0.489157   ,  1.00166    ,  2.95653    ,  0.10312    ,  0.0508414  ])
1960    , -11182.6    , array([ 1.51742    ,  0.515927   ,  1.00811    ,  0.489529   ,  1.00253    ,  2.95305    ,  0.103178   ,  0.0507716  ])
1968    , -11182.6    , array([ 1.51748    ,  0.515794   ,  1.00772    ,  0.488432   ,  1.0026     ,  2.96319    ,  0.103131   ,  0.0508113  ])
1976    , -11182.3    , array([ 1.51446    ,  0.513662   ,  1.00557    ,  0.491156   ,  1.00086    ,  3.01918    ,  0.102529   ,  0.0513612  ])
1984    , -11304.3    , array([ 1.51446    ,  0.513662   ,  1.00557    ,  0.491156   ,  1.38283    ,  3.01918    ,  0.102529   ,  0.0513612  ])
1992    , -11233      , array([ 1.51446    ,  0.513662   ,  1.00557    ,  0.491156   ,  1.0009     ,  4.01918    ,  0.102529   ,  0.0513612  ])
2000    , -11182.3    , array([ 1.51446    ,  0.513662   ,  1.00557    ,  0.491156   ,  1.0009     ,  2.9987     ,  0.102529   ,  0.0513612  ])
2008    , -23204.5    , array([ 1.51446    ,  0.513662   ,  1.00557    ,  0.491156   ,  1.0009     ,  2.9985     ,  0.293286   ,  0.0513612  ])
2016    , -11182.3    , array([ 1.51446    ,  0.513662   ,  1.00557    ,  0.491156   ,  1.0009     ,  2.9985     ,  0.102503   ,  0.0513612  ])
2024    , -11182.6    , array([ 1.51924    ,  0.512503   ,  1.02507    ,  0.499806   ,  0.978968   ,  2.95259    ,  0.102283   ,  0.0513628  ])
