220     , -1319.43    , array([ 0.997387   ,  0.0886417  ,  4.805      ,  3.0022     ,  0.0436934  ])
225     , -3092.28    , array([ 0.379353   ,  0.0886417  ,  4.805      ,  3.0022     ,  0.0436934  ])
230     , -1319.25    , array([ 1.01107    ,  0.0886417  ,  4.805      ,  3.0022     ,  0.0436934  ])
245     , -1338.56    , array([ 1.01134    ,  0.0921842  ,  4.805      ,  3.0022     ,  0.0436934  ])
250     , -1319.21    , array([ 1.01134    ,  0.0887981  ,  4.805      ,  3.0022     ,  0.0436934  ])
255     , -1329.34    , array([ 1.01134    ,  0.0887997  ,  4.18697    ,  3.0022     ,  0.0436934  ])
260     , -1319.21    , array([ 1.01134    ,  0.0887997  ,  4.8022     ,  3.0022     ,  0.0436934  ])
265     , -1319.21    , array([ 1.01134    ,  0.0887997  ,  4.80217    ,  3.0022     ,  0.0436934  ])
270     , -1319.02    , array([ 1.01134    ,  0.0887997  ,  4.80217    ,  2.94318    ,  0.0436934  ])
285     , -2318.95    , array([ 1.01134    ,  0.0887997  ,  4.80217    ,  2.94318    ,  0.0305378  ])
290     , -1319.55    , array([ 1.01134    ,  0.0887997  ,  4.80217    ,  2.94318    ,  0.0441736  ])
295     , -1318.99    , array([ 1.01134    ,  0.0887997  ,  4.80217    ,  2.94318    ,  0.0437794  ])
300     , -1394.26    , array([ 1.3933     ,  0.0887997  ,  4.80217    ,  2.94318    ,  0.0437794  ])
305     , -1318.99    , array([ 1.01192    ,  0.0887997  ,  4.80217    ,  2.94318    ,  0.0437794  ])
320     , -1337.5     , array([ 1.01192    ,  0.0925778  ,  4.80217    ,  2.94318    ,  0.0437794  ])
325     , -1318.67    , array([ 1.01192    ,  0.0892217  ,  4.80217    ,  2.94318    ,  0.0437794  ])
330     , -1329.07    , array([ 1.01192    ,  0.089226   ,  4.18414    ,  2.94318    ,  0.0437794  ])
335     , -1318.67    , array([ 1.01192    ,  0.089226   ,  4.80577    ,  2.94318    ,  0.0437794  ])
340     , -1337.23    , array([ 1.01192    ,  0.089226   ,  4.8058     ,  2.32514    ,  0.0437794  ])
345     , -1318.52    , array([ 1.01192    ,  0.089226   ,  4.8058     ,  2.89229    ,  0.0437794  ])
350     , -1318.52    , array([ 1.01192    ,  0.089226   ,  4.8058     ,  2.89178    ,  0.0437794  ])
360     , -1416.87    , array([ 1.01192    ,  0.089226   ,  4.8058     ,  2.89178    ,  0.0495136  ])
365     , -1318.47    , array([ 1.01192    ,  0.089226   ,  4.8058     ,  2.89178    ,  0.043898   ])
370     , -1317.36    , array([ 1.01346    ,  0.0903421  ,  4.81532    ,  2.7572     ,  0.0442042  ])
375     , -1316.36    , array([ 1.01595    ,  0.0921442  ,  4.83068    ,  2.53992    ,  0.0447004  ])
380     , -1595.21    , array([ 2.01694    ,  0.0928641  ,  4.83682    ,  2.45311    ,  0.0448987  ])
385     , -1334.53    , array([ 1.17077    ,  0.0928641  ,  4.83682    ,  2.45311    ,  0.0448987  ])
390     , -1316.25    , array([ 1.01273    ,  0.0928641  ,  4.83682    ,  2.45311    ,  0.0448987  ])
395     , -1316.25    , array([ 1.01273    ,  0.0928641  ,  4.83682    ,  2.45311    ,  0.0448987  ])
405     , -1407.09    , array([ 1.01273    ,  0.0928641  ,  4.83682    ,  2.45311    ,  0.0501309  ])
410     , -1316.21    , array([ 1.01273    ,  0.0928641  ,  4.83682    ,  2.45311    ,  0.044803   ])
415     , -1329.52    , array([ 1.01273    ,  0.0928641  ,  4.21879    ,  2.45311    ,  0.044804   ])
420     , -1316.07    , array([ 1.01273    ,  0.0928641  ,  4.9088     ,  2.45311    ,  0.044804   ])
425     , -1345.84    , array([ 1.01273    ,  0.0928641  ,  4.90952    ,  1.83508    ,  0.044804   ])
430     , -1315.81    , array([ 1.01273    ,  0.0928641  ,  4.90952    ,  2.51764    ,  0.044804   ])
435     , -1317.26    , array([ 1.00963    ,  0.0906156  ,  4.89035    ,  2.7894     ,  0.0441848  ])
440     , -1318.7     , array([ 1.01622    ,  0.0984404  ,  5.02977    ,  1.91112    ,  0.0462449  ])
445     , -2947.15    , array([ 0.396037   ,  0.0938332  ,  4.91779    ,  2.40145    ,  0.0450709  ])
450     , -1315.59    , array([ 1.00715    ,  0.0938332  ,  4.91779    ,  2.40145    ,  0.0450709  ])
455     , -1315.59    , array([ 1.00607    ,  0.0938332  ,  4.91779    ,  2.40145    ,  0.0450709  ])
460     , -13512.1    , array([ 1.00607    ,  0.0938332  ,  4.91779    ,  2.40145    ,  0.427037   ])
465     , -19244.4    , array([ 1.00607    ,  0.0938332  ,  4.91779    ,  2.40145    ,  0.010629   ])
470     , -1315.32    , array([ 1.00607    ,  0.0938332  ,  4.91779    ,  2.40145    ,  0.045305   ])
475     , -1339.86    , array([ 1.00607    ,  0.0938332  ,  5.91779    ,  2.40145    ,  0.0453492  ])
480     , -1315.27    , array([ 1.00607    ,  0.0938332  ,  4.96053    ,  2.40145    ,  0.0453492  ])
485     , -1363.97    , array([ 1.00607    ,  0.0938332  ,  4.95543    ,  3.40145    ,  0.0453492  ])
490     , -1314.91    , array([ 1.00607    ,  0.0938332  ,  4.95543    ,  2.48531    ,  0.0453492  ])
495     , -1316.59    , array([ 1.01109    ,  0.0974713  ,  4.98644    ,  2.03875    ,  0.0463511  ])
500     , -1314.84    , array([ 1.00693    ,  0.0944532  ,  4.96071    ,  2.40265    ,  0.0455199  ])
505     , -1314.84    , array([ 1.00695    ,  0.0944683  ,  4.96084    ,  2.40084    ,  0.0455241  ])
510     , -1313.12    , array([ 0.973115   ,  0.0974857  ,  5.1654     ,  2.39795    ,  0.0476774  ])
515     , -1313.12    , array([ 0.974848   ,  0.0973312  ,  5.15492    ,  2.3981     ,  0.0475671  ])
520     , -3522.3     , array([ 0.35649    ,  0.0973601  ,  5.15689    ,  2.39807    ,  0.0475878  ])
525     , -1312.94    , array([ 0.986888   ,  0.0973601  ,  5.15689    ,  2.39807    ,  0.0475878  ])
540     , -2160.87    , array([ 0.987099   ,  0.0973601  ,  5.15689    ,  2.39807    ,  0.0344322  ])
545     , -1312.43    , array([ 0.987099   ,  0.0973601  ,  5.15689    ,  2.39807    ,  0.0479929  ])
550     , -1312.43    , array([ 0.987099   ,  0.0973601  ,  5.15689    ,  2.39807    ,  0.0479929  ])
555     , -1312.24    , array([ 0.987099   ,  0.0973601  ,  5.07743    ,  2.39807    ,  0.0479929  ])
560     , -1312.24    , array([ 0.987099   ,  0.0973601  ,  5.07743    ,  2.39807    ,  0.0479929  ])
565     , -1312.17    , array([ 0.986246   ,  0.096741   ,  5.07215    ,  2.47271    ,  0.0478224  ])
570     , -1317.96    , array([ 1.03871    ,  0.0920619  ,  4.75495    ,  2.4772     ,  0.0444833  ])
575     , -1312       , array([ 0.976163   ,  0.0976402  ,  5.13312    ,  2.47185    ,  0.0484641  ])
580     , -1629.74    , array([ 1.97616    ,  0.0976402  ,  5.13312    ,  2.47185    ,  0.0484641  ])
585     , -1331.04    , array([ 1.13737    ,  0.0976402  ,  5.13312    ,  2.47185    ,  0.0484641  ])
590     , -1311.82    , array([ 0.988936   ,  0.0976402  ,  5.13312    ,  2.47185    ,  0.0484641  ])
600     , -5370.89    , array([ 0.988809   ,  0.0976402  ,  5.13312    ,  2.47185    ,  0.121379   ])
605     , -1313.84    , array([ 0.988809   ,  0.0976402  ,  5.13312    ,  2.47185    ,  0.0492904  ])
610     , -1311.82    , array([ 0.988809   ,  0.0976402  ,  5.13312    ,  2.47185    ,  0.048456   ])
615     , -1320.95    , array([ 0.988809   ,  0.0976402  ,  4.51508    ,  2.47185    ,  0.0484559  ])
620     , -1311.66    , array([ 0.988809   ,  0.0976402  ,  5.06183    ,  2.47185    ,  0.0484559  ])
625     , -1312.47    , array([ 0.985709   ,  0.0953917  ,  5.04194    ,  2.74296    ,  0.0478367  ])
630     , -1311.66    , array([ 0.988609   ,  0.0974954  ,  5.05988    ,  2.48932    ,  0.048416   ])
635     , -1312.78    , array([ 1.00865    ,  0.0957096  ,  4.93873    ,  2.49086    ,  0.047141   ])
640     , -1311.26    , array([ 0.986205   ,  0.0986782  ,  5.07647    ,  2.50517    ,  0.0493141  ])
645     , -1311.04    , array([ 0.998221   ,  0.0999202  ,  5.0087     ,  2.54503    ,  0.0503311  ])
650     , -1311.03    , array([ 0.995669   ,  0.0996565  ,  5.02309    ,  2.53656    ,  0.0501152  ])
655     , -1311.68    , array([ 1.01586    ,  0.0978844  ,  4.9011     ,  2.53876    ,  0.0488521  ])
660     , -1311.03    , array([ 0.995957   ,  0.099659   ,  5.02141    ,  2.53706    ,  0.0501185  ])
670     , -5081.63    , array([ 0.995958   ,  0.0996589  ,  5.0214     ,  2.53706    ,  0.123036   ])
675     , -1312.7     , array([ 0.995958   ,  0.0996589  ,  5.0214     ,  2.53706    ,  0.050771   ])
680     , -1310.96    , array([ 0.995958   ,  0.0996589  ,  5.0214     ,  2.53706    ,  0.0499627  ])
685     , -1315.72    , array([ 0.995958   ,  0.0996589  ,  5.40337    ,  2.53706    ,  0.0499627  ])
690     , -1310.96    , array([ 0.995958   ,  0.0996589  ,  5.01281    ,  2.53706    ,  0.0499627  ])
695     , -1311.22    , array([ 0.997874   ,  0.101048   ,  5.02466    ,  2.36951    ,  0.0503454  ])
700     , -1310.95    , array([ 0.996333   ,  0.0999307  ,  5.01513    ,  2.50429    ,  0.0500375  ])
705     , -1311.2     , array([ 0.987287   ,  0.0989933  ,  5.06611    ,  2.47462    ,  0.0492714  ])
