116     , -32559.5    , array([ 1.00165    ,  10.8259    ,  0.00481296 ,  0.0133853  ])
120     , -32961.2    , array([ 0.383617   ,  10.8259    ,  0.00481296 ,  0.0133853  ])
124     , -34944.7    , array([ 0.0745719  ,  10.8259    ,  0.00481296 ,  0.0133853  ])
128     , -37729.8    , array([ 0.0122899  ,  10.8259    ,  0.00481296 ,  0.0133853  ])
132     , -30244.6    , array([ 0.00320304 ,  10.8259    ,  0.00481296 ,  0.0133853  ])
136     , -24032.3    , array([ 0.00176128 ,  10.8259    ,  0.00481296 ,  0.0133853  ])
140     , -23906.2    , array([ 0.00165026 ,  10.8259    ,  0.00481296 ,  0.0133853  ])
144     , -23906.3    , array([ 0.00165026 ,  9.20783    ,  0.00481296 ,  0.0133853  ])
148     , -23906.2    , array([ 0.00165026 ,  10.5984    ,  0.00481296 ,  0.0133853  ])
152     , -23906.2    , array([ 0.00165026 ,  10.5788    ,  0.00481296 ,  0.0133853  ])
156     , -23906.2    , array([ 0.00165026 ,  10.5812    ,  0.00481296 ,  0.0133853  ])
164     , -67478.7    , array([ 0.00165026 ,  10.5812    ,  0.0326256  ,  0.0133853  ])
168     , -41516      , array([ 0.00165026 ,  10.5812    ,  0.00887076 ,  0.0133853  ])
172     , -23906.2    , array([ 0.00165026 ,  10.5812    ,  0.00481098 ,  0.0133853  ])
176     , -60004.4    , array([ 0.00165026 ,  10.5812    ,  0.00481098 ,  1.01339    ])
180     , -52712.6    , array([ 0.00165026 ,  10.5812    ,  0.00481098 ,  0.395351   ])
184     , -35335      , array([ 0.00165026 ,  10.5812    ,  0.00481098 ,  0.0862453  ])
188     , -25172.2    , array([ 0.00165026 ,  10.5812    ,  0.00481098 ,  0.0240154  ])
192     , -23906.2    , array([ 0.00165026 ,  10.5812    ,  0.00481098 ,  0.0133736  ])
196     , -23906.2    , array([ 0.00165026 ,  10.5812    ,  0.00481098 ,  0.0133965  ])
