17      , -15217.6    , array([ 0.56029    ,  0.689191   ,  0.830109   ,  0.214464   ,  0.776772   ,  1.10878    ,  1.28183    ,  0.13236    ,  0.0322675  ,  1.97936    ,  0.00224927 ,  0.298903   ,  0.0233924  ,  0.668783   ,  1.2196     ,  1.34956    ,  0.0179942  ])
34      , -11200.9    , array([ 0.56029    ,  2.30267    ,  0.837058   ,  0.214464   ,  0.776772   ,  1.10878    ,  1.28183    ,  0.13236    ,  0.0322675  ,  1.97936    ,  0.00224927 ,  0.298903   ,  0.0233924  ,  0.668783   ,  1.2196     ,  1.34956    ,  0.0179942  ])
51      , -11200.7    , array([ 0.56029    ,  2.30267    ,  0.831459   ,  0.215595   ,  0.776772   ,  1.10878    ,  1.28183    ,  0.13236    ,  0.0322675  ,  1.97936    ,  0.00224927 ,  0.298903   ,  0.0233924  ,  0.668783   ,  1.2196     ,  1.34956    ,  0.0179942  ])
68      , -11200.7    , array([ 0.56029    ,  2.30267    ,  0.831459   ,  0.214868   ,  0.779828   ,  1.10878    ,  1.28183    ,  0.13236    ,  0.0322675  ,  1.97936    ,  0.00224927 ,  0.298903   ,  0.0233924  ,  0.668783   ,  1.2196     ,  1.34956    ,  0.0179942  ])
85      , -11450.3    , array([ 0.56029    ,  2.30267    ,  0.831459   ,  0.214868   ,  0.779828   ,  1.10015    ,  0.663796   ,  0.13236    ,  0.0322675  ,  1.97936    ,  0.00224927 ,  0.298903   ,  0.0233924  ,  0.668783   ,  1.2196     ,  1.34956    ,  0.0179942  ])
102     , -12197.2    , array([ 0.56029    ,  2.30267    ,  0.831459   ,  0.214868   ,  0.779828   ,  1.10015    ,  1.28627    ,  0.199434   ,  0.0322675  ,  1.97936    ,  0.00224927 ,  0.298903   ,  0.0233924  ,  0.668783   ,  1.2196     ,  1.34956    ,  0.0179942  ])
119     , -19936.3    , array([ 0.56029    ,  2.30267    ,  0.831459   ,  0.214868   ,  0.779828   ,  1.10015    ,  1.28627    ,  0.131874   ,  0.105125   ,  1.97936    ,  0.00224927 ,  0.298903   ,  0.0233924  ,  0.668783   ,  1.2196     ,  1.34956    ,  0.0179942  ])
136     , -11200.6    , array([ 0.56029    ,  2.30267    ,  0.831459   ,  0.214868   ,  0.779828   ,  1.10015    ,  1.28627    ,  0.131874   ,  0.0323154  ,  1.96964    ,  0.00224927 ,  0.298903   ,  0.0233924  ,  0.668783   ,  1.2196     ,  1.34956    ,  0.0179942  ])
153     , -11200.4    , array([ 0.56029    ,  2.30267    ,  0.831459   ,  0.214868   ,  0.779828   ,  1.10015    ,  1.28627    ,  0.131874   ,  0.0323154  ,  1.97043    ,  0.0182859  ,  0.298903   ,  0.0233924  ,  0.668783   ,  1.2196     ,  1.34956    ,  0.0179942  ])
170     , -11212.9    , array([ 0.56029    ,  2.30267    ,  0.831459   ,  0.214868   ,  0.779828   ,  1.10015    ,  1.28627    ,  0.131874   ,  0.0323154  ,  1.97043    ,  0.0184479  ,  0.290652   ,  0.405358   ,  0.668783   ,  1.2196     ,  1.34956    ,  0.0179942  ])
187     , -11200.2    , array([ 0.56029    ,  2.30267    ,  0.831459   ,  0.214868   ,  0.779828   ,  1.10015    ,  1.28627    ,  0.131874   ,  0.0323154  ,  1.97043    ,  0.0184479  ,  0.290652   ,  0.0598252  ,  0.659102   ,  1.2196     ,  1.34956    ,  0.0179942  ])
204     , -11200.1    , array([ 0.56029    ,  2.30267    ,  0.831459   ,  0.214868   ,  0.779828   ,  1.10015    ,  1.28627    ,  0.131874   ,  0.0323154  ,  1.97043    ,  0.0184479  ,  0.290652   ,  0.0598252  ,  0.659102   ,  1.26893    ,  1.32484    ,  0.0179942  ])
