344     , -396.557    , array([ 0.209789   ,  0.020647   ,  0.00127617 ,  0.0857275  ])
352     , -393.413    , array([ 0.0137812  ,  0.020647   ,  0.00127617 ,  0.0857275  ])
356     , -393.023    , array([ 0.0165285  ,  0.020647   ,  0.00127617 ,  0.0857275  ])
360     , -392.972    , array([ 0.0184169  ,  0.020647   ,  0.00127617 ,  0.0857275  ])
372     , -2324.89    , array([ 0.0184169  ,  0.0074914  ,  0.00127617 ,  0.0857275  ])
376     , -467.071    , array([ 0.0184169  ,  0.0187276  ,  0.00127617 ,  0.0857275  ])
380     , -392.972    , array([ 0.0184169  ,  0.0206494  ,  0.00127617 ,  0.0857275  ])
384     , -2352.57    , array([ 0.0184169  ,  0.0206494  ,  1.00128    ,  0.0857275  ])
388     , -2352.57    , array([ 0.0184169  ,  0.0206494  ,  0.383242   ,  0.0857275  ])
392     , -2234.01    , array([ 0.0184169  ,  0.0206494  ,  0.0742191  ,  0.0857275  ])
396     , -602.696    , array([ 0.0184169  ,  0.0206494  ,  0.0119184  ,  0.0857275  ])
400     , -392.974    , array([ 0.0184169  ,  0.0206494  ,  0.00130858 ,  0.0857275  ])
404     , -392.972    , array([ 0.0184169  ,  0.0206494  ,  0.00128124 ,  0.0857275  ])
408     , -392.972    , array([ 0.0184169  ,  0.0206494  ,  0.00128129 ,  0.0857275  ])
416     , -1185.12    , array([ 0.0184169  ,  0.0206494  ,  0.00128129 ,  0.113589   ])
420     , -392.972    , array([ 0.0184169  ,  0.0206494  ,  0.00128129 ,  0.0857125  ])
