716     , -33562.1    , array([ 0.192788   ,  12.5126    ,  0.00537069 ,  0.0141249  ])
728     , -35310.6    , array([ 0.00114501 ,  12.5126    ,  0.00537069 ,  0.0141249  ])
732     , -23912.1    , array([ 0.00189027 ,  12.5126    ,  0.00537069 ,  0.0141249  ])
736     , -23910.4    , array([ 0.00187602 ,  12.5126    ,  0.00537069 ,  0.0141249  ])
740     , -23910.4    , array([ 0.00187605 ,  12.5126    ,  0.00537069 ,  0.0141249  ])
744     , -23910.4    , array([ 0.00187605 ,  12.0075    ,  0.00537069 ,  0.0141249  ])
748     , -66329.2    , array([ 0.00187605 ,  12.0025    ,  1.00537    ,  0.0141249  ])
752     , -66329.2    , array([ 0.00187605 ,  12.0025    ,  0.387337   ,  0.0141249  ])
756     , -66329.2    , array([ 0.00187605 ,  12.0025    ,  0.0781887  ,  0.0141249  ])
760     , -63595.5    , array([ 0.00187605 ,  12.0025    ,  0.0159947  ,  0.0141249  ])
764     , -23910.4    , array([ 0.00187605 ,  12.0025    ,  0.00536807 ,  0.0141249  ])
768     , -23910.4    , array([ 0.00187605 ,  12.0025    ,  0.00536856 ,  0.0141249  ])
780     , -39541.1    , array([ 0.00187605 ,  12.0025    ,  0.00536856 ,  0.000969329])
784     , -23912      , array([ 0.00187605 ,  12.0025    ,  0.00536856 ,  0.0144375  ])
788     , -23910.4    , array([ 0.00187605 ,  12.0025    ,  0.00536856 ,  0.0141363  ])
