Model	Replicate	log-likelihood	AIC	chi-squared	theta	optimized_params( )
Model	Replicate	log-likelihood	AIC	chi-squared	theta	optimized_params( )
our_model	Round_1_Replicate_1	-1523.2	3056.4	418.64	20111.43	0.81,0.1467,5.7298,0.576,0.066
Model	Replicate	log-likelihood	AIC	chi-squared	theta	optimized_params( )
our_model	Round_1_Replicate_1	-2108.67	4227.34	1537.06	3489.67	5.4442,0.6052,0.5179,1.3695,30.0
our_model	Round_1_Replicate_2	-2533.22	5076.44	2308.89	3899.38	4.5314,0.7889,0.5816,0.9984,30.0
our_model	Round_1_Replicate_3	-1980.76	3971.52	1275.8	7196.14	2.7855,0.198,1.1157,4.3485,30.0
our_model	Round_1_Replicate_4	-2071.48	4152.96	1420.54	19653.22	0.8175,0.2201,5.1912,0.5039,0.1283
our_model	Round_1_Replicate_5	-1451.93	2913.86	271.97	19982.44	0.8805,0.1478,5.4785,1.4919,0.081
our_model	Round_1_Replicate_6	-1339.8	2689.6	56.76	19958.48	0.9424,0.1207,5.1672,1.7211,0.0597
our_model	Round_1_Replicate_7	-1453.64	2917.28	300.2	20401.86	0.8505,0.1234,7.2347,0.6752,0.0572
our_model	Round_1_Replicate_8	-2316.72	4643.44	1921.91	4919.18	3.698,0.5398,0.7291,1.4913,30.0
our_model	Round_1_Replicate_9	-1351.07	2712.14	81.65	19942.33	0.9812,0.1174,5.3829,1.058,0.0534
our_model	Round_1_Replicate_10	-1318.13	2646.26	14.28	20090.25	0.9778,0.0927,5.0433,3.2939,0.0481
our_model	Round_2_Replicate_1	-1973.63	3957.26	1259.68	23679.82	0.8439,0.0586,3.8128,14.663,1.9677
our_model	Round_2_Replicate_2	-1339.73	2689.46	58.67	20143.29	0.9888,0.0802,4.7723,3.0452,0.038
our_model	Round_2_Replicate_3	-1973.62	3957.24	1260.22	29132.66	0.6844,0.0483,4.6771,17.7654,2.1196
our_model	Round_2_Replicate_4	-1747.01	3504.02	956.55	20326.73	1.0667,0.0295,0.01,7.4908,0.0121
our_model	Round_2_Replicate_5	-1925.48	3860.96	1215.28	18383.4	1.4589,0.1986,3.8142,0.01,0.0816
our_model	Round_2_Replicate_6	-1741.59	3493.18	943.54	20392.8	0.9773,0.0288,0.6141,9.1701,0.0122
our_model	Round_2_Replicate_7	-1482.49	2974.98	352.7	20740.02	0.7089,0.0624,5.59,3.8189,0.0287
our_model	Round_2_Replicate_8	-1595.76	3201.52	590.92	20608.63	0.7216,0.0471,3.7972,4.3421,0.0197
our_model	Round_2_Replicate_9	-1343.34	2696.68	64.28	19955.92	0.9484,0.1218,5.2786,1.4923,0.0592
our_model	Round_2_Replicate_10	-1788.4	3586.8	1051.9	20360.77	1.1085,0.0242,0.01,13.7562,0.0108
our_model	Round_3_Replicate_1	-1321.74	2653.48	21.45	20036.98	0.9776,0.0991,4.9318,3.2014,0.0536
our_model	Round_3_Replicate_2	-1318.45	2646.9	15.12	20121.16	0.9643,0.0919,5.0592,2.4919,0.0442
our_model	Round_3_Replicate_3	-1343.81	2697.62	65.15	19660.15	1.0892,0.1215,4.8003,1.7006,0.0598
our_model	Round_3_Replicate_4	-1636.01	3282.02	689.08	20294.21	1.0358,0.0364,1.5589,8.3397,0.016
our_model	Round_3_Replicate_5	-1441.22	2892.44	266.27	20167.94	1.0491,0.0575,3.6186,5.934,0.0281
our_model	Round_3_Replicate_6	-1368.17	2746.34	117.21	20152.59	1.0264,0.0729,4.8969,4.0148,0.0349
our_model	Round_3_Replicate_7	-1318.6	2647.2	15.43	20091.71	0.9883,0.0891,4.9081,3.0424,0.0445
our_model	Round_3_Replicate_8	-1746.06	3502.12	944.93	20339.54	1.0865,0.0271,0.3981,12.4913,0.0122
our_model	Round_3_Replicate_9	-1360.76	2731.52	101.28	20237.46	0.9421,0.0746,4.7311,3.5684,0.0353
our_model	Round_3_Replicate_10	-1988.06	3986.12	1290.87	22960.28	0.8399,0.0716,3.6627,11.8784,1.4314
our_model	Round_4_Replicate_1	-1311.01	2632.02	0.16	20002.68	1.0007,0.099,4.9704,2.5134,0.0493
our_model	Round_4_Replicate_2	-1315.68	2641.36	9.55	20062.44	0.9952,0.0914,4.8981,2.9184,0.0456
our_model	Round_4_Replicate_3	-1311.07	2632.14	0.27	19988.38	1.0035,0.1005,4.9827,2.4143,0.0498
our_model	Round_4_Replicate_4	-1333.29	2676.58	45.29	20175.22	0.9779,0.0836,5.2552,3.3372,0.0412
our_model	Round_4_Replicate_5	-1312.23	2634.46	2.6	19993.43	1.0144,0.0977,4.9712,2.3952,0.0477
our_model	Round_4_Replicate_6	-1398.11	2806.22	180.72	19948.42	1.2268,0.0706,4.159,3.0203,0.0316
our_model	Round_4_Replicate_7	-1331.58	2673.16	41.13	20076.1	0.9928,0.0838,4.5254,3.5017,0.0413
our_model	Round_4_Replicate_8	-1336.14	2682.28	50.34	20109.03	0.9797,0.0822,4.558,3.535,0.0401
our_model	Round_4_Replicate_9	-1362.55	2735.1	105.33	19871.61	1.2258,0.0791,4.4355,3.103,0.0372
our_model	Round_4_Replicate_10	-1311.18	2632.36	0.5	19999.42	0.9925,0.1013,4.9911,2.4163,0.0504
our_model	Round_4_Replicate_11	-1323.32	2656.64	25.07	20118.2	0.9856,0.0862,4.9116,3.0976,0.0426
our_model	Round_4_Replicate_12	-1370.2	2750.4	121.61	20134.63	1.0151,0.0749,4.5173,2.5891,0.0334
our_model	Round_4_Replicate_13	-1346.89	2703.78	71.87	20123.16	0.9792,0.0786,4.3901,3.6256,0.0378
our_model	Round_4_Replicate_14	-1330.1	2670.2	38.13	19784.66	1.042,0.1159,4.8631,1.7426,0.0557
our_model	Round_4_Replicate_15	-1315.59	2641.18	9.24	19928.97	1.0024,0.1088,5.0251,2.248,0.055
our_model	Round_4_Replicate_16	-1313.3	2636.6	4.76	20023.22	0.981,0.1035,5.174,2.1433,0.0506
our_model	Round_4_Replicate_17	-1329.77	2669.54	38.32	20004.97	1.0736,0.085,4.7829,3.1671,0.0425
our_model	Round_4_Replicate_18	-1348.79	2707.58	76.91	20146.31	0.996,0.0764,4.6328,3.7325,0.0371
our_model	Round_4_Replicate_19	-1312.36	2634.72	2.87	20020.89	1.0029,0.0954,4.9133,2.7756,0.0479
our_model	Round_4_Replicate_20	-1351.54	2713.08	82.71	20156.48	0.995,0.0756,4.6498,3.7473,0.0366
