2252    , -103.692    , array([ 0.0408435  ,  3.14647    ,  0.110736   ,  0.0620111  ])
2256    , -103.692    , array([ 0.0408435  ,  3.14647    ,  0.110736   ,  0.0620111  ])
2264    , -192.607    , array([ 0.0687056  ,  3.14647    ,  0.110736   ,  0.0620111  ])
2268    , -103.67     , array([ 0.0404388  ,  3.14647    ,  0.110736   ,  0.0620111  ])
2272    , -103.669    , array([ 0.0405055  ,  3.14647    ,  0.110736   ,  0.0620111  ])
2276    , -106.855    , array([ 0.0405055  ,  2.52843    ,  0.110736   ,  0.0620111  ])
2280    , -103.669    , array([ 0.0405055  ,  3.13733    ,  0.110736   ,  0.0620111  ])
2284    , -7370.28    , array([ 0.0405055  ,  3.13733    ,  1.11074    ,  0.0620111  ])
2288    , -1358.58    , array([ 0.0405055  ,  3.13733    ,  0.492702   ,  0.0620111  ])
2292    , -103.669    , array([ 0.0405055  ,  3.13733    ,  0.110861   ,  0.0620111  ])
2296    , -103.669    , array([ 0.0405055  ,  3.13733    ,  0.110834   ,  0.0620111  ])
2300    , -20613.1    , array([ 0.0405055  ,  3.13733    ,  0.110833   ,  1.06201    ])
2304    , -16623.1    , array([ 0.0405055  ,  3.13733    ,  0.110833   ,  0.443977   ])
2308    , -1513.71    , array([ 0.0405055  ,  3.13733    ,  0.110833   ,  0.134909   ])
2312    , -103.656    , array([ 0.0405055  ,  3.13733    ,  0.110833   ,  0.0622018  ])
2316    , -103.656    , array([ 0.0405055  ,  3.13733    ,  0.110833   ,  0.0622018  ])
2332    , -103.653    , array([ 0.0406051  ,  3.13733    ,  0.110833   ,  0.0622018  ])
2336    , -103.653    , array([ 0.0406347  ,  3.13733    ,  0.110833   ,  0.0622018  ])
2340    , -106.619    , array([ 0.0406347  ,  2.51929    ,  0.110833   ,  0.0622018  ])
2344    , -104.027    , array([ 0.0406347  ,  2.87311    ,  0.110833   ,  0.0622018  ])
2348    , -103.644    , array([ 0.0406347  ,  3.10086    ,  0.110833   ,  0.0622018  ])
2356    , -103.69     , array([ 0.0406347  ,  3.10086    ,  0.112723   ,  0.0622018  ])
2360    , -103.644    , array([ 0.0406347  ,  3.10086    ,  0.110783   ,  0.0622018  ])
2364    , -103.644    , array([ 0.0406347  ,  3.10086    ,  0.110777   ,  0.0622018  ])
2376    , -103.663    , array([ 0.0406347  ,  3.10086    ,  0.110777   ,  0.0626637  ])
2380    , -103.616    , array([ 0.040764   ,  3.06439    ,  0.110722   ,  0.0625453  ])
2384    , -103.588    , array([ 0.041229   ,  2.93313    ,  0.110521   ,  0.0631633  ])
2388    , -103.589    , array([ 0.0411313  ,  2.96072    ,  0.110563   ,  0.0630334  ])
2392    , -103.588    , array([ 0.0412009  ,  2.94108    ,  0.110533   ,  0.0631259  ])
2408    , -103.588    , array([ 0.0411267  ,  2.94108    ,  0.110533   ,  0.0631259  ])
2412    , -103.588    , array([ 0.041165   ,  2.94108    ,  0.110533   ,  0.0631259  ])
2416    , -108.342    , array([ 0.041165   ,  2.32304    ,  0.110533   ,  0.0631259  ])
2420    , -103.588    , array([ 0.041165   ,  2.9441     ,  0.110533   ,  0.0631259  ])
2424    , -103.588    , array([ 0.041165   ,  2.944      ,  0.110533   ,  0.0631259  ])
2432    , -103.625    , array([ 0.041165   ,  2.944      ,  0.111906   ,  0.0631259  ])
2436    , -103.586    , array([ 0.041165   ,  2.944      ,  0.110097   ,  0.0631259  ])
2440    , -103.586    , array([ 0.041165   ,  2.944      ,  0.110101   ,  0.0631259  ])
2444    , -103.586    , array([ 0.0411573  ,  2.94617    ,  0.110105   ,  0.0631157  ])
