152     , -393.099    , array([ 5.79283    ,  0.120898   ,  3.96193    ,  0.443209   ])
156     , -394.617    , array([ 5.17479    ,  0.120898   ,  3.96193    ,  0.443209   ])
160     , -393.099    , array([ 5.79921    ,  0.120898   ,  3.96193    ,  0.443209   ])
164     , -1998.11    , array([ 5.79915    ,  1.1209     ,  3.96193    ,  0.443209   ])
168     , -1165.14    , array([ 5.79915    ,  0.502864   ,  3.96193    ,  0.443209   ])
172     , -1083.95    , array([ 5.79915    ,  0.193844   ,  3.96193    ,  0.443209   ])
176     , -393.173    , array([ 5.79915    ,  0.12044    ,  3.96193    ,  0.443209   ])
180     , -393.099    , array([ 5.79915    ,  0.120889   ,  3.96193    ,  0.443209   ])
184     , -393.099    , array([ 5.79915    ,  0.120889   ,  3.96193    ,  0.443209   ])
188     , -393.099    , array([ 5.79915    ,  0.120889   ,  3.96323    ,  0.443209   ])
192     , -393.099    , array([ 5.79915    ,  0.120889   ,  3.9646     ,  0.443209   ])
200     , -894.255    , array([ 5.79915    ,  0.120889   ,  3.9646     ,  0.353039   ])
204     , -393.099    , array([ 5.79915    ,  0.120889   ,  3.9646     ,  0.443241   ])
