2108    , -675.517    , array([ 15.8625    ,  0.186058   ,  1.82109    ,  0.675294   ])
2112    , -678.039    , array([ 15.8625    ,  0.186058   ,  1.82109    ,  0.67597    ])
2116    , -432.639    , array([ 15.8625    ,  0.186245   ,  3.57073    ,  0.675294   ])
2120    , -397.911    , array([ 15.8625    ,  0.186058   ,  4.46923    ,  0.675294   ])
2124    , -398.347    , array([ 15.8625    ,  0.186058   ,  4.46923    ,  0.67597    ])
2128    , -393.602    , array([ 15.8625    ,  0.186245   ,  4.81642    ,  0.675294   ])
2132    , -393.224    , array([ 15.8625    ,  0.186058   ,  4.93804    ,  0.675294   ])
2136    , -393.281    , array([ 15.8625    ,  0.186058   ,  4.93804    ,  0.67597    ])
2140    , -393.167    , array([ 15.8625    ,  0.186245   ,  4.97926    ,  0.675294   ])
2144    , -393.166    , array([ 15.8625    ,  0.186058   ,  4.99308    ,  0.675294   ])
2148    , -393.179    , array([ 15.8625    ,  0.186058   ,  4.99308    ,  0.67597    ])
2152    , -393.172    , array([ 15.8625    ,  0.186245   ,  4.99769    ,  0.675294   ])
2156    , -393.165    , array([ 15.8625    ,  0.186058   ,  4.99951    ,  0.675294   ])
2160    , -393.174    , array([ 15.8625    ,  0.186058   ,  4.99951    ,  0.67597    ])
2164    , -393.173    , array([ 15.8625    ,  0.186245   ,  4.9999     ,  0.675294   ])
2168    , -393.166    , array([ 15.8625    ,  0.186058   ,  4.99998    ,  0.675294   ])
2172    , -393.173    , array([ 15.8625    ,  0.186058   ,  4.99998    ,  0.67597    ])
2176    , -393.173    , array([ 15.8625    ,  0.186245   ,  5          ,  0.675294   ])
2180    , -393.166    , array([ 15.8625    ,  0.186058   ,  5          ,  0.675294   ])
2184    , -393.173    , array([ 15.8625    ,  0.186058   ,  5          ,  0.67597    ])
2188    , -393.173    , array([ 15.8625    ,  0.186245   ,  5          ,  0.675294   ])
2192    , -393.166    , array([ 15.8625    ,  0.186058   ,  5          ,  0.675294   ])
2196    , -393.173    , array([ 15.8625    ,  0.186058   ,  5          ,  0.67597    ])
2200    , -393.173    , array([ 15.8625    ,  0.186245   ,  5          ,  0.675294   ])
2204    , -393.166    , array([ 15.8625    ,  0.186058   ,  5          ,  0.675294   ])
2208    , -393.173    , array([ 15.8625    ,  0.186058   ,  5          ,  0.67597    ])
2212    , -393.173    , array([ 15.8625    ,  0.186245   ,  5          ,  0.675294   ])
2216    , -393.166    , array([ 15.8625    ,  0.186058   ,  5          ,  0.675294   ])
2220    , -393.173    , array([ 15.8625    ,  0.186058   ,  5          ,  0.67597    ])
2224    , -393.173    , array([ 15.8625    ,  0.186245   ,  5          ,  0.675294   ])
2228    , -393.166    , array([ 15.8625    ,  0.186058   ,  5          ,  0.675294   ])
2232    , -393.173    , array([ 15.8625    ,  0.186058   ,  5          ,  0.67597    ])
2236    , -393.173    , array([ 15.8625    ,  0.186245   ,  5          ,  0.675294   ])
2240    , -393.166    , array([ 15.8625    ,  0.186058   ,  5          ,  0.675294   ])
2244    , -393.173    , array([ 15.8625    ,  0.186058   ,  5          ,  0.67597    ])
2248    , -393.173    , array([ 15.8625    ,  0.186245   ,  5          ,  0.675294   ])
2252    , -393.166    , array([ 15.8625    ,  0.186058   ,  5          ,  0.675294   ])
2256    , -393.173    , array([ 15.8625    ,  0.186058   ,  5          ,  0.67597    ])
2260    , -393.173    , array([ 15.8625    ,  0.186245   ,  5          ,  0.675294   ])
2264    , -393.166    , array([ 15.8625    ,  0.186058   ,  5          ,  0.675294   ])
2268    , -393.173    , array([ 15.8625    ,  0.186058   ,  5          ,  0.67597    ])
2272    , -393.173    , array([ 15.8625    ,  0.186245   ,  5          ,  0.675294   ])
2276    , -393.166    , array([ 15.8625    ,  0.186058   ,  5          ,  0.675294   ])
2280    , -393.173    , array([ 15.8625    ,  0.186058   ,  5          ,  0.67597    ])
2284    , -393.173    , array([ 15.8625    ,  0.186245   ,  5          ,  0.675294   ])
2288    , -393.166    , array([ 15.8625    ,  0.186058   ,  5          ,  0.675294   ])
2292    , -393.173    , array([ 15.8625    ,  0.186058   ,  5          ,  0.67597    ])
2296    , -393.173    , array([ 15.8625    ,  0.186245   ,  5          ,  0.675294   ])
2300    , -393.166    , array([ 15.8625    ,  0.186058   ,  5          ,  0.675294   ])
2304    , -393.173    , array([ 15.8625    ,  0.186058   ,  5          ,  0.67597    ])
2308    , -393.173    , array([ 15.8625    ,  0.186245   ,  5          ,  0.675294   ])
2312    , -393.166    , array([ 15.8625    ,  0.186058   ,  5          ,  0.675294   ])
2316    , -393.173    , array([ 15.8625    ,  0.186058   ,  5          ,  0.67597    ])
2320    , -393.173    , array([ 15.8625    ,  0.186245   ,  5          ,  0.675294   ])
2324    , -393.166    , array([ 15.8625    ,  0.186058   ,  5          ,  0.675294   ])
2328    , -393.173    , array([ 15.8625    ,  0.186058   ,  5          ,  0.67597    ])
2332    , -393.173    , array([ 15.8625    ,  0.186245   ,  5          ,  0.675294   ])
2336    , -393.166    , array([ 15.8625    ,  0.186058   ,  5          ,  0.675294   ])
2340    , -393.173    , array([ 15.8625    ,  0.186058   ,  5          ,  0.67597    ])
2344    , -393.173    , array([ 15.8625    ,  0.186245   ,  5          ,  0.675294   ])
2348    , -393.166    , array([ 15.8625    ,  0.186058   ,  5          ,  0.675294   ])
2352    , -393.173    , array([ 15.8625    ,  0.186058   ,  5          ,  0.67597    ])
2356    , -393.173    , array([ 15.8625    ,  0.186245   ,  5          ,  0.675294   ])
2360    , -393.166    , array([ 15.8625    ,  0.186058   ,  5          ,  0.675294   ])
2364    , -393.173    , array([ 15.8625    ,  0.186058   ,  5          ,  0.67597    ])
2368    , -393.173    , array([ 15.8625    ,  0.186245   ,  5          ,  0.675294   ])
2372    , -393.166    , array([ 15.8625    ,  0.186058   ,  5          ,  0.675294   ])
2376    , -393.173    , array([ 15.8625    ,  0.186058   ,  5          ,  0.67597    ])
2380    , -393.173    , array([ 15.8625    ,  0.186245   ,  5          ,  0.675294   ])
2384    , -393.166    , array([ 15.8625    ,  0.186058   ,  5          ,  0.675294   ])
2388    , -393.173    , array([ 15.8625    ,  0.186058   ,  5          ,  0.67597    ])
2392    , -393.173    , array([ 15.8625    ,  0.186245   ,  5          ,  0.675294   ])
2396    , -393.166    , array([ 15.8625    ,  0.186058   ,  5          ,  0.675294   ])
2400    , -393.173    , array([ 15.8625    ,  0.186058   ,  5          ,  0.67597    ])
2404    , -393.173    , array([ 15.8625    ,  0.186245   ,  5          ,  0.675294   ])
2408    , -393.166    , array([ 15.8625    ,  0.186058   ,  5          ,  0.675294   ])
2412    , -393.173    , array([ 15.8625    ,  0.186058   ,  5          ,  0.67597    ])
2416    , -393.173    , array([ 15.8625    ,  0.186245   ,  5          ,  0.675294   ])
2420    , -393.166    , array([ 15.8625    ,  0.186058   ,  5          ,  0.675294   ])
2424    , -393.173    , array([ 15.8625    ,  0.186058   ,  5          ,  0.67597    ])
2428    , -393.173    , array([ 15.8625    ,  0.186245   ,  5          ,  0.675294   ])
2432    , -393.166    , array([ 15.8625    ,  0.186058   ,  5          ,  0.675294   ])
2436    , -393.173    , array([ 15.8625    ,  0.186058   ,  5          ,  0.67597    ])
2440    , -393.173    , array([ 15.8625    ,  0.186245   ,  5          ,  0.675294   ])
2444    , -393.166    , array([ 15.8625    ,  0.186058   ,  5          ,  0.675294   ])
2448    , -393.173    , array([ 15.8625    ,  0.186058   ,  5          ,  0.67597    ])
2452    , -393.173    , array([ 15.8625    ,  0.186245   ,  5          ,  0.675294   ])
2456    , -393.166    , array([ 15.8625    ,  0.186058   ,  5          ,  0.675294   ])
2460    , -393.173    , array([ 15.8625    ,  0.186058   ,  5          ,  0.67597    ])
2464    , -393.173    , array([ 15.8625    ,  0.186245   ,  5          ,  0.675294   ])
2468    , -393.166    , array([ 15.8625    ,  0.186058   ,  5          ,  0.675294   ])
2472    , -393.173    , array([ 15.8625    ,  0.186058   ,  5          ,  0.67597    ])
2476    , -393.173    , array([ 15.8625    ,  0.186245   ,  5          ,  0.675294   ])
2480    , -393.166    , array([ 15.8625    ,  0.186058   ,  5          ,  0.675294   ])
2484    , -393.173    , array([ 15.8625    ,  0.186058   ,  5          ,  0.67597    ])
2488    , -393.173    , array([ 15.8625    ,  0.186245   ,  5          ,  0.675294   ])
2492    , -393.166    , array([ 15.8625    ,  0.186058   ,  5          ,  0.675294   ])
2496    , -393.173    , array([ 15.8625    ,  0.186058   ,  5          ,  0.67597    ])
2500    , -393.173    , array([ 15.8625    ,  0.186245   ,  5          ,  0.675294   ])
2504    , -393.166    , array([ 15.8625    ,  0.186058   ,  5          ,  0.675294   ])
2508    , -393.173    , array([ 15.8625    ,  0.186058   ,  5          ,  0.67597    ])
2512    , -393.173    , array([ 15.8625    ,  0.186245   ,  5          ,  0.675294   ])
2516    , -393.166    , array([ 15.8625    ,  0.186058   ,  5          ,  0.675294   ])
2520    , -393.173    , array([ 15.8625    ,  0.186058   ,  5          ,  0.67597    ])
2524    , -393.173    , array([ 15.8625    ,  0.186245   ,  5          ,  0.675294   ])
2528    , -393.166    , array([ 15.8625    ,  0.186058   ,  5          ,  0.675294   ])
2532    , -393.173    , array([ 15.8625    ,  0.186058   ,  5          ,  0.67597    ])
2536    , -393.173    , array([ 15.8625    ,  0.186245   ,  5          ,  0.675294   ])
2540    , -393.166    , array([ 15.8625    ,  0.186058   ,  5          ,  0.675294   ])
2544    , -393.173    , array([ 15.8625    ,  0.186058   ,  5          ,  0.67597    ])
2548    , -393.173    , array([ 15.8625    ,  0.186245   ,  5          ,  0.675294   ])
2552    , -393.166    , array([ 15.8625    ,  0.186058   ,  5          ,  0.675294   ])
2556    , -393.173    , array([ 15.8625    ,  0.186058   ,  5          ,  0.67597    ])
2560    , -393.173    , array([ 15.8625    ,  0.186245   ,  5          ,  0.675294   ])
2564    , -393.166    , array([ 15.8625    ,  0.186058   ,  5          ,  0.675294   ])
2568    , -393.173    , array([ 15.8625    ,  0.186058   ,  5          ,  0.67597    ])
2572    , -393.173    , array([ 15.8625    ,  0.186245   ,  5          ,  0.675294   ])
2576    , -393.166    , array([ 15.8625    ,  0.186058   ,  5          ,  0.675294   ])
2580    , -393.173    , array([ 15.8625    ,  0.186058   ,  5          ,  0.67597    ])
2584    , -393.173    , array([ 15.8625    ,  0.186245   ,  5          ,  0.675294   ])
2588    , -479.149    , array([ 15.8625    ,  0.186058   ,  3.01753    ,  0.675294   ])
2592    , -393.283    , array([ 15.8625    ,  0.186058   ,  4.91302    ,  0.675294   ])
2596    , -393.166    , array([ 15.8625    ,  0.186058   ,  4.99688    ,  0.675294   ])
