692     , -413.495    , array([ 15.1444    ,  0.330762   ,  5          ,  0.989888   ])
696     , -413.519    , array([ 14.5264    ,  0.330762   ,  5          ,  0.989888   ])
700     , -413.491    , array([ 14.9718    ,  0.330762   ,  5          ,  0.989888   ])
704     , -1054.14    , array([ 14.9718    ,  1.33076    ,  5          ,  0.989888   ])
708     , -756.169    , array([ 14.9718    ,  0.712728   ,  5          ,  0.989888   ])
712     , -497.812    , array([ 14.9718    ,  0.40371    ,  5          ,  0.989888   ])
716     , -413.49     , array([ 14.9718    ,  0.330544   ,  5          ,  0.989888   ])
720     , -413.49     , array([ 14.9718    ,  0.330577   ,  5          ,  0.989888   ])
724     , -420.604    , array([ 14.9718    ,  0.330577   ,  4.38197    ,  0.989888   ])
772     , -2089.53    , array([ 14.9718    ,  0.330577   ,  5          ,  1.98989    ])
776     , -1054.88    , array([ 14.9718    ,  0.330577   ,  5          ,  1.37185    ])
780     , -413.49     , array([ 14.9718    ,  0.330577   ,  5          ,  0.989667   ])
