75      , -1310.99    , array([ 1.00124    ,  0.0997635  ,  0.0500107  ,  4.99083    ,  2.54706    ])
80      , -1403.72    , array([ 1.38321    ,  0.0997635  ,  0.0500107  ,  4.99083    ,  2.54706    ])
85      , -1310.99    , array([ 1.00045    ,  0.0997635  ,  0.0500107  ,  4.99083    ,  2.54706    ])
100     , -1321.19    , array([ 1.00046    ,  0.102563   ,  0.0500107  ,  4.99083    ,  2.54706    ])
105     , -1310.98    , array([ 1.00046    ,  0.0998216  ,  0.0500107  ,  4.99083    ,  2.54706    ])
115     , -5072.11    , array([ 1.00046    ,  0.0998221  ,  0.122929   ,  4.99083    ,  2.54706    ])
120     , -1312.69    , array([ 1.00046    ,  0.0998221  ,  0.0508179  ,  4.99083    ,  2.54706    ])
125     , -1310.98    , array([ 1.00046    ,  0.0998221  ,  0.050015   ,  4.99083    ,  2.54706    ])
130     , -1402.67    , array([ 1.00046    ,  0.0998221  ,  0.050015   ,  3.37279    ,  2.54706    ])
135     , -1310.98    , array([ 1.00046    ,  0.0998221  ,  0.050015   ,  4.99843    ,  2.54706    ])
140     , -1529.99    , array([ 1.00046    ,  0.0998221  ,  0.050015   ,  4.99843    ,  0.92903    ])
145     , -1310.98    , array([ 1.00046    ,  0.0998221  ,  0.050015   ,  4.99843    ,  2.53992    ])
