498     , -1350.44    , array([ 0.209098   ,  1.17136    ,  0.068355   ,  0.276355   ,  6.66796    ,  3.62229    ])
504     , -1858.98    , array([ 0.209098   ,  2.17136    ,  0.068355   ,  0.276355   ,  6.66796    ,  3.62229    ])
510     , -1352.04    , array([ 0.209098   ,  1.13433    ,  0.068355   ,  0.276355   ,  6.66796    ,  3.62229    ])
516     , -1350.43    , array([ 0.209098   ,  1.16918    ,  0.068355   ,  0.276355   ,  6.66796    ,  3.62229    ])
522     , -9763.82    , array([ 0.209098   ,  1.16918    ,  0.259205   ,  0.276355   ,  6.66796    ,  3.62229    ])
528     , -1363.39    , array([ 0.209098   ,  1.16918    ,  0.0721833  ,  0.276355   ,  6.66796    ,  3.62229    ])
534     , -1350.43    , array([ 0.209098   ,  1.16918    ,  0.0684066  ,  0.276355   ,  6.66796    ,  3.62229    ])
540     , -2222.08    , array([ 0.209098   ,  1.16918    ,  0.0684066  ,  0.467321   ,  6.66796    ,  3.62229    ])
546     , -1350.4     , array([ 0.209098   ,  1.16918    ,  0.0684066  ,  0.275767   ,  6.66796    ,  3.62229    ])
552     , -1411.76    , array([ 0.209098   ,  1.16918    ,  0.0684066  ,  0.275614   ,  7.66796    ,  3.62229    ])
558     , -1350.39    , array([ 0.209098   ,  1.16918    ,  0.0684066  ,  0.275614   ,  6.67304    ,  3.62229    ])
564     , -1758.44    , array([ 0.209098   ,  1.16918    ,  0.0684066  ,  0.275614   ,  6.6752     ,  2.00425    ])
570     , -1350.37    , array([ 0.209098   ,  1.16918    ,  0.0684066  ,  0.275614   ,  6.6752     ,  3.60804    ])
