1596    , -393.35     , array([ 8.68226    ,  0.232145   ,  5          ,  0.754529   ])
1600    , -393.352    , array([ 8.68226    ,  0.232145   ,  5          ,  0.755284   ])
1604    , -628.937    , array([ 8.69095    ,  0.232145   ,  1.82109    ,  0.754529   ])
1608    , -424.21     , array([ 8.68226    ,  0.232145   ,  3.57073    ,  0.754529   ])
1612    , -424.031    , array([ 8.68226    ,  0.232145   ,  3.57431    ,  0.754529   ])
1616    , -396.799    , array([ 8.69095    ,  0.232145   ,  4.46923    ,  0.754529   ])
1620    , -393.728    , array([ 8.68226    ,  0.232145   ,  4.81642    ,  0.754529   ])
1624    , -393.708    , array([ 8.68226    ,  0.232145   ,  4.82124    ,  0.754529   ])
1628    , -393.385    , array([ 8.69095    ,  0.232145   ,  4.93804    ,  0.754529   ])
1632    , -393.353    , array([ 8.68226    ,  0.232145   ,  4.97926    ,  0.754529   ])
1636    , -393.351    , array([ 8.68226    ,  0.232145   ,  4.98424    ,  0.754529   ])
1640    , -393.35     , array([ 8.69095    ,  0.232145   ,  4.99308    ,  0.754529   ])
1644    , -393.349    , array([ 8.68226    ,  0.232145   ,  4.99769    ,  0.754529   ])
1652    , -393.35     , array([ 8.69095    ,  0.232145   ,  4.99951    ,  0.754529   ])
1656    , -393.35     , array([ 8.68226    ,  0.232145   ,  4.9999     ,  0.754529   ])
1664    , -393.35     , array([ 8.69095    ,  0.232145   ,  4.99998    ,  0.754529   ])
1668    , -393.35     , array([ 8.68226    ,  0.232145   ,  5          ,  0.754529   ])
1676    , -393.35     , array([ 8.69095    ,  0.232145   ,  5          ,  0.754529   ])
1680    , -393.35     , array([ 8.68226    ,  0.232145   ,  5          ,  0.754529   ])
1688    , -393.35     , array([ 8.69095    ,  0.232145   ,  5          ,  0.754529   ])
1692    , -393.35     , array([ 8.68226    ,  0.232145   ,  5          ,  0.754529   ])
1700    , -393.35     , array([ 8.69095    ,  0.232145   ,  5          ,  0.754529   ])
1704    , -393.35     , array([ 8.68226    ,  0.232145   ,  5          ,  0.754529   ])
1712    , -393.35     , array([ 8.69095    ,  0.232145   ,  5          ,  0.754529   ])
1716    , -393.35     , array([ 8.68226    ,  0.232145   ,  5          ,  0.754529   ])
1724    , -393.35     , array([ 8.69095    ,  0.232145   ,  5          ,  0.754529   ])
1728    , -393.35     , array([ 8.68226    ,  0.232145   ,  5          ,  0.754529   ])
1736    , -393.35     , array([ 8.69095    ,  0.232145   ,  5          ,  0.754529   ])
1740    , -393.35     , array([ 8.68226    ,  0.232145   ,  5          ,  0.754529   ])
1748    , -393.35     , array([ 8.69095    ,  0.232145   ,  5          ,  0.754529   ])
1752    , -393.35     , array([ 8.68226    ,  0.232145   ,  5          ,  0.754529   ])
1760    , -393.35     , array([ 8.69095    ,  0.232145   ,  5          ,  0.754529   ])
1764    , -393.35     , array([ 8.68226    ,  0.232145   ,  5          ,  0.754529   ])
1772    , -393.35     , array([ 8.69095    ,  0.232145   ,  5          ,  0.754529   ])
1776    , -393.35     , array([ 8.68226    ,  0.232145   ,  5          ,  0.754529   ])
1784    , -393.35     , array([ 8.69095    ,  0.232145   ,  5          ,  0.754529   ])
1788    , -393.35     , array([ 8.68226    ,  0.232145   ,  5          ,  0.754529   ])
1796    , -393.35     , array([ 8.69095    ,  0.232145   ,  5          ,  0.754529   ])
1800    , -393.35     , array([ 8.68226    ,  0.232145   ,  5          ,  0.754529   ])
1808    , -393.35     , array([ 8.69095    ,  0.232145   ,  5          ,  0.754529   ])
1812    , -393.35     , array([ 8.68226    ,  0.232145   ,  5          ,  0.754529   ])
1820    , -393.35     , array([ 8.69095    ,  0.232145   ,  5          ,  0.754529   ])
1824    , -393.35     , array([ 8.68226    ,  0.232145   ,  5          ,  0.754529   ])
1832    , -393.35     , array([ 8.69095    ,  0.232145   ,  5          ,  0.754529   ])
1836    , -393.35     , array([ 8.68226    ,  0.232145   ,  5          ,  0.754529   ])
1844    , -393.35     , array([ 8.69095    ,  0.232145   ,  5          ,  0.754529   ])
1848    , -393.35     , array([ 8.68226    ,  0.232145   ,  5          ,  0.754529   ])
1856    , -393.35     , array([ 8.69095    ,  0.232145   ,  5          ,  0.754529   ])
1860    , -393.35     , array([ 8.68226    ,  0.232145   ,  5          ,  0.754529   ])
1868    , -393.35     , array([ 8.69095    ,  0.232145   ,  5          ,  0.754529   ])
1872    , -393.35     , array([ 8.68226    ,  0.232145   ,  5          ,  0.754529   ])
1880    , -393.35     , array([ 8.69095    ,  0.232145   ,  5          ,  0.754529   ])
1884    , -393.35     , array([ 8.68226    ,  0.232145   ,  5          ,  0.754529   ])
1892    , -393.35     , array([ 8.69095    ,  0.232145   ,  5          ,  0.754529   ])
1896    , -393.35     , array([ 8.68226    ,  0.232145   ,  5          ,  0.754529   ])
1904    , -393.35     , array([ 8.69095    ,  0.232145   ,  5          ,  0.754529   ])
1908    , -393.35     , array([ 8.68226    ,  0.232145   ,  5          ,  0.754529   ])
1916    , -393.35     , array([ 8.69095    ,  0.232145   ,  5          ,  0.754529   ])
1920    , -393.35     , array([ 8.68226    ,  0.232145   ,  5          ,  0.754529   ])
1928    , -393.35     , array([ 8.69095    ,  0.232145   ,  5          ,  0.754529   ])
1932    , -393.35     , array([ 8.68226    ,  0.232145   ,  5          ,  0.754529   ])
1940    , -393.35     , array([ 8.69095    ,  0.232145   ,  5          ,  0.754529   ])
1944    , -393.35     , array([ 8.68226    ,  0.232145   ,  5          ,  0.754529   ])
1952    , -393.35     , array([ 8.69095    ,  0.232145   ,  5          ,  0.754529   ])
1956    , -393.35     , array([ 8.68226    ,  0.232145   ,  5          ,  0.754529   ])
1964    , -393.35     , array([ 8.69095    ,  0.232145   ,  5          ,  0.754529   ])
1968    , -393.35     , array([ 8.68226    ,  0.232145   ,  5          ,  0.754529   ])
1976    , -393.35     , array([ 8.69095    ,  0.232145   ,  5          ,  0.754529   ])
1980    , -393.35     , array([ 8.68226    ,  0.232145   ,  5          ,  0.754529   ])
1988    , -393.35     , array([ 8.69095    ,  0.232145   ,  5          ,  0.754529   ])
1992    , -393.35     , array([ 8.68226    ,  0.232145   ,  5          ,  0.754529   ])
2000    , -393.35     , array([ 8.69095    ,  0.232145   ,  5          ,  0.754529   ])
2004    , -393.35     , array([ 8.68226    ,  0.232145   ,  5          ,  0.754529   ])
2012    , -393.35     , array([ 8.69095    ,  0.232145   ,  5          ,  0.754529   ])
2016    , -393.35     , array([ 8.68226    ,  0.232145   ,  5          ,  0.754529   ])
2024    , -393.35     , array([ 8.69095    ,  0.232145   ,  5          ,  0.754529   ])
2028    , -393.35     , array([ 8.68226    ,  0.232145   ,  5          ,  0.754529   ])
2036    , -393.35     , array([ 8.69095    ,  0.232145   ,  5          ,  0.754529   ])
2040    , -393.35     , array([ 8.68226    ,  0.232145   ,  5          ,  0.754529   ])
2048    , -393.35     , array([ 8.69095    ,  0.232145   ,  5          ,  0.754529   ])
2052    , -393.35     , array([ 8.68226    ,  0.232145   ,  5          ,  0.754529   ])
2060    , -393.35     , array([ 8.69095    ,  0.232145   ,  5          ,  0.754529   ])
2064    , -393.35     , array([ 8.68226    ,  0.232145   ,  5          ,  0.754529   ])
2072    , -393.35     , array([ 8.69095    ,  0.232145   ,  5          ,  0.754529   ])
2076    , -393.35     , array([ 8.68226    ,  0.232145   ,  5          ,  0.754529   ])
2084    , -393.35     , array([ 8.69095    ,  0.232145   ,  5          ,  0.754529   ])
2088    , -393.35     , array([ 8.68226    ,  0.232145   ,  5          ,  0.754529   ])
2096    , -405.908    , array([ 8.68226    ,  0.232145   ,  4.03901    ,  0.754529   ])
2100    , -393.363    , array([ 8.68226    ,  0.232145   ,  4.96204    ,  0.754529   ])
2104    , -393.349    , array([ 8.68226    ,  0.232145   ,  4.99865    ,  0.754529   ])
