Model	Replicate	log-likelihood	AIC	chi-squared	theta	optimized_params( )
our_model	Round_1_Replicate_1	-398.88	805.76	607.88	26653.03	30.0,0.2771,0.9122,0.582
our_model	Round_1_Replicate_2	-394.86	797.72	599.76	38945.83	1.4577,0.1911,29.9866,0.4331
our_model	Round_1_Replicate_3	-396.36	800.72	603.25	12737.23	3.5302,0.5814,30.0,1.1534
our_model	Round_1_Replicate_4	-396.08	800.16	602.75	3349.75	19.044,2.2113,30.0,4.7325
our_model	Round_1_Replicate_5	-395.44	798.88	601.55	38580.12	30.0,0.1922,0.7688,0.47
our_model	Round_1_Replicate_6	-393.9	795.8	598.65	33112.68	2.5128,0.2244,5.3875,0.5861
our_model	Round_1_Replicate_7	-393.62	795.24	598.12	5424.14	30.0,1.3707,29.926,4.0335
our_model	Round_1_Replicate_8	-394.17	796.34	598.42	47765.93	1.4726,0.156,4.6281,0.3893
our_model	Round_1_Replicate_9	-394.03	796.06	598.9	34613.32	21.2972,0.2146,2.129,0.624
our_model	Round_1_Replicate_10	-393.81	795.62	598.57	42786.5	2.1691,0.1736,3.3687,0.4652
our_model	Round_2_Replicate_1	-393.9	795.8	598.66	28146.33	2.6461,0.264,30.0,0.6785
our_model	Round_2_Replicate_2	-396.72	801.44	603.91	4533.5	10.3133,1.6326,30.0,3.2158
our_model	Round_2_Replicate_3	-396.06	800.12	601.36	4468.01	12.8112,1.668,26.9124,3.5681
our_model	Round_2_Replicate_4	-397.07	802.14	604.57	4293.03	10.6274,1.7234,30.0,3.3326
our_model	Round_2_Replicate_5	-393.33	794.66	597.58	10605.93	29.7015,0.7013,17.621,2.3165
our_model	Round_2_Replicate_6	-401.19	810.38	612.05	2079.32	30.0,3.5449,30.0,6.5261
our_model	Round_2_Replicate_7	-393.21	794.42	597.34	8251.82	29.7252,0.9016,30.0,3.0532
our_model	Round_2_Replicate_8	-399.48	806.96	608.97	2236.38	30.0,3.3002,30.0,6.3743
our_model	Round_2_Replicate_9	-400.31	808.62	610.48	2152.63	30.0,3.4262,30.0,6.4556
our_model	Round_2_Replicate_10	-395.37	798.74	601.42	3186.56	29.8099,2.3268,30.0,5.4673
our_model	Round_3_Replicate_1	-398.83	805.66	607.79	2314.26	30.0,3.191,30.0,6.2977
our_model	Round_3_Replicate_2	-396.71	801.42	603.91	5537.99	8.0894,1.3365,30.0,2.6101
our_model	Round_3_Replicate_3	-396.09	800.18	602.76	3406.42	30.0,2.1745,24.1181,4.9622
our_model	Round_3_Replicate_4	-399.44	806.88	608.91	2240.43	30.0,3.2944,30.0,6.3704
our_model	Round_3_Replicate_5	-396.28	800.56	603.12	9116.91	4.9841,0.8123,30.0,1.6201
our_model	Round_3_Replicate_6	-399.62	807.24	609.23	2221.18	30.0,3.3224,30.0,6.3892
our_model	Round_3_Replicate_7	-396.97	801.94	604.39	4891.98	9.1042,1.5126,30.0,2.9209
our_model	Round_3_Replicate_8	-396.37	800.74	603.27	6243.37	7.3508,1.186,30.0,2.3614
our_model	Round_3_Replicate_9	-393.1	794.2	597.14	10497.59	30.0,0.7089,29.9314,2.5806
our_model	Round_3_Replicate_10	-396.03	800.06	602.65	2903.63	30.0,2.5512,30.0,5.7274
our_model	Round_4_Replicate_1	-394.58	797.16	599.94	3834.31	30.0,1.9359,28.812,4.9127
our_model	Round_4_Replicate_2	-394.63	797.26	599.1	9907.53	8.1786,0.7523,12.9744,1.8417
our_model	Round_4_Replicate_3	-394.24	796.48	599.3	23135.28	2.8347,0.321,30.0,0.779
our_model	Round_4_Replicate_4	-398.65	805.3	607.46	2338.09	30.0,3.159,30.0,6.2742
our_model	Round_4_Replicate_5	-398.4	804.8	607.01	4878.12	30.0,1.5145,12.3208,3.2766
our_model	Round_4_Replicate_6	-393.41	794.82	597.72	6485.64	29.9999,1.1468,29.5804,3.5866
our_model	Round_4_Replicate_7	-393.93	795.86	598.05	15302.15	5.2935,0.487,15.2242,1.274
our_model	Round_4_Replicate_8	-393.81	795.62	598.49	4864.08	29.9994,1.528,29.9351,4.3159
our_model	Round_4_Replicate_9	-399.44	806.88	608.91	2240.51	30.0,3.2942,30.0,6.3703
our_model	Round_4_Replicate_10	-398.87	805.74	607.87	2308.75	30.0,3.1985,30.0,6.3032
our_model	Round_5_Replicate_1	-393.06	794.12	597.06	12930.37	25.0124,0.5755,29.7313,2.1675
our_model	Round_5_Replicate_2	-393.22	794.44	597.36	9362.78	19.4479,0.7946,29.8002,2.6132
our_model	Round_5_Replicate_3	-393.22	794.44	597.36	8142.91	29.9629,0.9137,29.787,3.0807
our_model	Round_5_Replicate_4	-396.22	800.44	602.99	9259.85	4.9438,0.7998,30.0,1.6025
our_model	Round_5_Replicate_5	-393.99	795.98	598.83	7452.42	30.0,0.997,15.9283,2.8446
our_model	Round_5_Replicate_6	-393.38	794.76	597.67	7481.84	25.3779,0.9941,26.4449,3.1188
our_model	Round_5_Replicate_7	-394.04	796.08	598.22	9305.5	8.2597,0.8008,25.0385,2.0515
our_model	Round_5_Replicate_8	-396.52	801.04	603.55	11750.11	3.7637,0.6301,30.0,1.2372
our_model	Round_5_Replicate_9	-395.79	799.58	602.2	6985.41	7.0046,1.0608,30.0,2.1976
our_model	Round_5_Replicate_10	-398.33	804.66	606.89	3254.66	30.0,2.2701,20.1117,4.7467
our_model	Round_5_Replicate_11	-395.75	799.5	602.1	10843.88	4.4642,0.6835,30.0,1.4163
our_model	Round_5_Replicate_12	-396.24	800.48	603.03	7787.65	5.8937,0.951,30.0,1.9046
our_model	Round_5_Replicate_13	-393.08	794.16	597.1	12965.02	20.0552,0.574,29.7455,2.0932
our_model	Round_5_Replicate_14	-396.55	801.1	603.6	9091.81	4.8612,0.8143,30.0,1.5968
our_model	Round_5_Replicate_15	-393.69	795.38	598.25	6056.83	30.0,1.2273,24.5519,3.6052
our_model	Round_5_Replicate_16	-393.17	794.34	597.26	14583.18	29.9904,0.5102,16.3183,1.8286
our_model	Round_5_Replicate_17	-393.76	795.52	598.38	8477.79	18.198,0.8768,17.0833,2.5098
Model	Replicate	log-likelihood	AIC	chi-squared	theta	optimized_params( )
Model	Replicate	log-likelihood	AIC	chi-squared	theta	optimized_params( )
our_model	Round_1_Replicate_1	-398.91	805.82	607.95	14875.01	30.0,0.4964,2.8327,1.0868
our_model	Round_1_Replicate_2	-393.23	794.46	597.38	7989.11	29.824,0.9312,29.8428,3.1204
our_model	Round_1_Replicate_3	-393.65	795.3	598.18	5373.45	29.88,1.3835,29.6539,4.0472
our_model	Round_1_Replicate_4	-394.71	797.42	599.48	59501.62	0.5779,0.1251,0.1136,0.279
our_model	Round_1_Replicate_5	-393.89	795.78	598.63	9854.07	29.8974,0.7541,12.1172,2.2188
our_model	Round_1_Replicate_6	-398.1	804.2	606.47	22443.94	30.0,0.3293,1.5219,0.7276
our_model	Round_1_Replicate_7	-394.59	797.18	599.95	41378.68	29.9984,0.1794,1.0208,0.4786
our_model	Round_1_Replicate_8	-394.5	797.0	598.93	14015.2	8.8113,0.5317,7.3669,1.3813
our_model	Round_1_Replicate_9	-395.03	798.06	600.79	7938.74	30.0,0.9344,10.5611,2.4229
our_model	Round_1_Replicate_10	-393.85	795.7	598.56	4781.1	29.6678,1.5544,29.9995,4.3552
our_model	Round_2_Replicate_1	-393.15	794.3	597.23	10968.55	29.7592,0.6784,23.9852,2.4071
our_model	Round_2_Replicate_2	-399.81	807.62	609.57	2201.41	30.0,3.3517,30.0,6.4084
our_model	Round_2_Replicate_3	-398.18	804.36	606.62	2405.49	30.0,3.0719,30.0,6.2076
our_model	Round_2_Replicate_4	-398.71	805.42	607.57	2330.28	30.0,3.1695,30.0,6.2819
our_model	Round_2_Replicate_5	-393.06	794.12	597.06	22450.47	30.0,0.3315,13.756,1.2945
our_model	Round_2_Replicate_6	-396.95	801.9	604.36	2639.85	30.0,2.803,30.0,5.9775
our_model	Round_2_Replicate_7	-400.3	808.6	610.46	2153.85	30.0,3.4243,30.0,6.4545
our_model	Round_2_Replicate_8	-395.3	798.6	600.69	8061.41	6.5792,0.9222,27.9938,2.0027
our_model	Round_2_Replicate_9	-393.33	794.66	597.58	6941.12	29.9302,1.0716,30.0,3.4367
our_model	Round_2_Replicate_10	-393.78	795.56	597.82	11009.22	8.9795,0.6769,17.6114,1.8545
our_model	Round_3_Replicate_1	-395.34	798.68	600.55	26046.72	2.678,0.2857,3.3091,0.6489
our_model	Round_3_Replicate_2	-394.16	796.32	598.39	13198.27	5.5871,0.5646,16.5624,1.4205
our_model	Round_3_Replicate_3	-396.51	801.02	603.53	5261.74	8.7906,1.407,30.0,2.789
our_model	Round_3_Replicate_4	-393.44	794.88	597.78	14592.55	6.9182,0.5096,30.0,1.4738
our_model	Round_3_Replicate_5	-394.72	797.44	599.24	10993.94	8.3253,0.6779,10.2015,1.6754
our_model	Round_3_Replicate_6	-394.03	796.06	598.89	56819.73	1.2464,0.1308,30.0,0.3287
our_model	Round_3_Replicate_7	-396.44	800.88	603.41	8777.18	30.0,0.8435,7.376,2.023
our_model	Round_3_Replicate_8	-393.66	795.32	598.19	52578.01	2.0116,0.1414,2.5498,0.3942
our_model	Round_3_Replicate_9	-399.05	806.1	608.2	12945.61	30.0,0.5703,3.4352,1.2463
our_model	Round_3_Replicate_10	-398.79	805.58	607.72	2319.25	30.0,3.1843,30.0,6.2928
our_model	Round_4_Replicate_1	-396.36	800.72	603.26	8631.32	5.2252,0.8579,30.0,1.7026
our_model	Round_4_Replicate_2	-394.74	797.48	599.64	43210.03	1.3457,0.1722,29.9813,0.3948
our_model	Round_4_Replicate_3	-395.17	798.34	601.04	17833.95	30.0,0.4159,3.6964,1.0873
our_model	Round_4_Replicate_4	-392.98	793.96	596.91	51032.24	30.0,0.1459,9.828,0.6549
our_model	Round_4_Replicate_5	-394.81	797.62	599.47	11127.52	21.4887,0.6695,7.8261,1.783
our_model	Round_4_Replicate_6	-393.11	794.22	597.16	31856.43	5.0851,0.2336,30.0,0.7953
our_model	Round_4_Replicate_7	-396.7	801.4	603.89	6996.47	30.0,1.0579,9.3891,2.4843
our_model	Round_4_Replicate_8	-392.99	793.98	596.92	19256.14	29.9903,0.3865,29.829,1.6472
our_model	Round_4_Replicate_9	-394.22	796.44	599.26	9220.14	30.0,0.8055,11.2394,2.2636
our_model	Round_4_Replicate_10	-397.27	802.54	604.95	3118.46	30.0,2.3719,23.2962,5.1063
our_model	Round_5_Replicate_1	-394.47	796.94	598.84	49381.38	1.2785,0.1509,28.9137,0.3607
our_model	Round_5_Replicate_2	-393.72	795.44	598.31	32623.27	2.5069,0.2279,29.9991,0.6092
our_model	Round_5_Replicate_3	-399.61	807.22	609.21	10981.85	30.0,0.672,4.1478,1.4463
our_model	Round_5_Replicate_4	-392.96	793.92	596.87	43967.85	29.9624,0.1693,17.1432,0.8036
our_model	Round_5_Replicate_5	-393.1	794.2	597.14	30218.18	5.86,0.2463,17.6069,0.8511
our_model	Round_5_Replicate_6	-392.97	793.94	596.88	98152.92	5.1732,0.0758,8.0155,0.3329
our_model	Round_5_Replicate_7	-399.54	807.08	609.09	9225.63	30.0,0.7999,5.2427,1.7221
our_model	Round_5_Replicate_8	-393.01	794.02	596.97	51764.47	9.1008,0.1438,7.925,0.5793
our_model	Round_5_Replicate_9	-392.96	793.92	596.86	56711.17	30.0,0.1313,13.7034,0.6359
our_model	Round_5_Replicate_10	-394.49	796.98	599.76	28769.01	2.1241,0.2581,30.0,0.6054
our_model	Round_5_Replicate_11	-392.95	793.9	596.85	64177.39	30.0,0.116,17.0346,0.5943
our_model	Round_5_Replicate_12	-393.13	794.26	597.2	28350.97	29.9061,0.2625,8.1628,0.9827
our_model	Round_5_Replicate_13	-395.12	798.24	600.02	31844.51	1.7087,0.2339,30.0,0.5188
our_model	Round_5_Replicate_14	-393.02	794.04	596.98	60141.59	30.0,0.1238,5.5256,0.5213
our_model	Round_5_Replicate_15	-393.79	795.58	598.45	56615.59	1.3867,0.1313,29.7665,0.3451
our_model	Round_5_Replicate_16	-399.59	807.18	609.18	10446.85	30.0,0.7064,4.4399,1.5207
our_model	Round_5_Replicate_17	-393.23	794.46	597.37	28848.23	13.0997,0.2579,6.7936,0.8917
our_model	Round_5_Replicate_18	-399.17	806.34	608.41	7112.54	30.0,1.038,7.4381,2.2416
our_model	Round_5_Replicate_19	-393.15	794.3	597.23	67728.53	2.2842,0.1099,6.6794,0.3654
our_model	Round_5_Replicate_20	-393.37	794.74	597.65	38256.23	2.8073,0.1944,12.5133,0.576
