216     , -103.784    , array([ 0.0354649  ,  2.42731    ,  0.0624894  ,  0.0706605  ])
228     , -191.55     , array([ 0.0223093  ,  2.42731    ,  0.0624894  ,  0.0706605  ])
232     , -103.778    , array([ 0.0353348  ,  2.42731    ,  0.0624894  ,  0.0706605  ])
236     , -103.778    , array([ 0.03533    ,  2.42731    ,  0.0624894  ,  0.0706605  ])
240     , -253.964    , array([ 0.0353321  ,  0.809272   ,  0.0624894  ,  0.0706605  ])
244     , -103.761    , array([ 0.0353321  ,  2.54578    ,  0.0624894  ,  0.0706605  ])
248     , -103.723    , array([ 0.0353321  ,  2.49035    ,  0.0624894  ,  0.0706605  ])
252     , -103.723    , array([ 0.0353321  ,  2.49099    ,  0.0624894  ,  0.0706605  ])
256     , -104.638    , array([ 0.0353321  ,  2.49099    ,  0.0534821  ,  0.0706605  ])
260     , -103.704    , array([ 0.0353321  ,  2.49099    ,  0.0613793  ,  0.0706605  ])
268     , -7594.03    , array([ 0.0353321  ,  2.49099    ,  0.0613681  ,  0.261505   ])
272     , -276.146    , array([ 0.0353321  ,  2.49099    ,  0.0613681  ,  0.0478191  ])
276     , -103.673    , array([ 0.0353321  ,  2.49099    ,  0.0613681  ,  0.070351   ])
280     , -103.651    , array([ 0.0351993  ,  2.55468    ,  0.0602467  ,  0.0700352  ])
284     , -103.649    , array([ 0.03525    ,  2.53035    ,  0.060675   ,  0.0701546  ])
288     , -103.648    , array([ 0.0352324  ,  2.53881    ,  0.0605261  ,  0.0701131  ])
300     , -188.374    , array([ 0.0220767  ,  2.53881    ,  0.0605261  ,  0.0701131  ])
304     , -103.51     , array([ 0.0345726  ,  2.53881    ,  0.0605261  ,  0.0701131  ])
308     , -19058.1    , array([ 0.0345795  ,  2.53881    ,  0.0605261  ,  1.07011    ])
312     , -17566.4    , array([ 0.0345795  ,  2.53881    ,  0.0605261  ,  0.452079   ])
316     , -1572.35    , array([ 0.0345795  ,  2.53881    ,  0.0605261  ,  0.143008   ])
320     , -103.493    , array([ 0.0345795  ,  2.53881    ,  0.0605261  ,  0.0698801  ])
324     , -8755.99    , array([ 0.0345795  ,  2.53881    ,  1.06053    ,  0.0698801  ])
328     , -1599.07    , array([ 0.0345795  ,  2.53881    ,  0.442492   ,  0.0698801  ])
332     , -103.492    , array([ 0.0345795  ,  2.53881    ,  0.0607558  ,  0.0698801  ])
336     , -103.492    , array([ 0.0345795  ,  2.53881    ,  0.060742   ,  0.0698801  ])
340     , -103.419    , array([ 0.0344181  ,  2.61619    ,  0.0593795  ,  0.0695002  ])
344     , -103.419    , array([ 0.0344091  ,  2.62049    ,  0.0593039  ,  0.0694791  ])
348     , -103.406    , array([ 0.0319866  ,  2.9625     ,  0.0538472  ,  0.0671902  ])
352     , -103.289    , array([ 0.0331428  ,  2.79955    ,  0.0564463  ,  0.0682814  ])
356     , -103.379    , array([ 0.033043   ,  2.84737    ,  0.0556043  ,  0.0680466  ])
360     , -103.252    , array([ 0.0332239  ,  2.76067    ,  0.0571309  ,  0.0684723  ])
364     , -103.246    , array([ 0.033274   ,  2.73664    ,  0.057554   ,  0.0685903  ])
376     , -103.213    , array([ 0.033274   ,  2.73664    ,  0.057554   ,  0.0689531  ])
380     , -103.212    , array([ 0.033274   ,  2.73664    ,  0.057554   ,  0.0689035  ])
388     , -103.251    , array([ 0.033274   ,  2.73664    ,  0.0591345  ,  0.0689035  ])
392     , -103.212    , array([ 0.033274   ,  2.73664    ,  0.0575573  ,  0.0689035  ])
396     , -103.212    , array([ 0.033274   ,  2.73664    ,  0.057557   ,  0.0689035  ])
400     , -103.313    , array([ 0.0312277  ,  3.02504    ,  0.0529568  ,  0.0669721  ])
404     , -103.172    , array([ 0.0328028  ,  2.80305    ,  0.0564978  ,  0.0684588  ])
408     , -103.191    , array([ 0.0324119  ,  2.89191    ,  0.0550011  ,  0.0679492  ])
412     , -103.169    , array([ 0.0324735  ,  2.86235    ,  0.0555215  ,  0.0680943  ])
416     , -103.164    , array([ 0.032516   ,  2.84199    ,  0.0558801  ,  0.0681943  ])
424     , -8360.04    , array([ 0.0325161  ,  2.84196    ,  0.0558807  ,  0.259027   ])
428     , -289.825    , array([ 0.0325161  ,  2.84196    ,  0.0558807  ,  0.0460672  ])
432     , -103.15     , array([ 0.0325161  ,  2.84196    ,  0.0558807  ,  0.0683916  ])
440     , -516.843    , array([ 0.0325161  ,  2.84196    ,  0.246851   ,  0.0683936  ])
444     , -103.149    , array([ 0.0325161  ,  2.84196    ,  0.0555549  ,  0.0683936  ])
448     , -103.242    , array([ 0.0312514  ,  3.02019    ,  0.0527119  ,  0.0672     ])
452     , -103.151    , array([ 0.032033   ,  2.91004    ,  0.054469   ,  0.0679377  ])
456     , -103.134    , array([ 0.0320842  ,  2.90132    ,  0.0542858  ,  0.0681915  ])
460     , -103.134    , array([ 0.0320842  ,  2.90132    ,  0.0542858  ,  0.0681915  ])
464     , -103.132    , array([ 0.0319368  ,  2.92105    ,  0.0537491  ,  0.0681941  ])
468     , -103.211    , array([ 0.0320946  ,  2.84416    ,  0.0550982  ,  0.068574   ])
472     , -103.131    , array([ 0.0319091  ,  2.93311    ,  0.0535319  ,  0.0681373  ])
476     , -103.283    , array([ 0.0306444  ,  3.11135    ,  0.0506889  ,  0.0669436  ])
480     , -103.154    , array([ 0.031426   ,  3.00119    ,  0.052446   ,  0.0676813  ])
484     , -103.13     , array([ 0.0319554  ,  2.92658    ,  0.0536361  ,  0.068181   ])
488     , -103.13     , array([ 0.0319549  ,  2.92665    ,  0.0536351  ,  0.0681806  ])
492     , -104.223    , array([ 0.0319549  ,  2.92665    ,  0.0453762  ,  0.0681806  ])
496     , -103.13     , array([ 0.0319549  ,  2.92665    ,  0.0534307  ,  0.0681806  ])
500     , -103.173    , array([ 0.032545   ,  2.84764    ,  0.0555784  ,  0.0681702  ])
504     , -103.129    , array([ 0.0318637  ,  2.93886    ,  0.0530962  ,  0.0681822  ])
