6       , -4847.94    , array([ 0.154786   ,  1.08959    ,  0.0846626  ,  0.0725696  ,  5.79633    ,  2.75738    ])
12      , -1315.89    , array([ 0.775311   ,  1.08959    ,  0.0846626  ,  0.0725696  ,  5.79633    ,  2.75738    ])
18      , -1315.7     , array([ 0.77284    ,  1.08959    ,  0.0846626  ,  0.0725696  ,  5.79633    ,  2.75738    ])
30      , -1315.71    , array([ 0.772838   ,  1.09463    ,  0.0846626  ,  0.0725696  ,  5.79633    ,  2.75738    ])
36      , -1315.7     , array([ 0.772838   ,  1.09032    ,  0.0846626  ,  0.0725696  ,  5.79633    ,  2.75738    ])
42      , -7996.56    , array([ 0.772838   ,  1.09032    ,  0.275549   ,  0.0725696  ,  5.79633    ,  2.75738    ])
48      , -1330.6     , array([ 0.772838   ,  1.09032    ,  0.0889898  ,  0.0725696  ,  5.79633    ,  2.75738    ])
54      , -1315.68    , array([ 0.772838   ,  1.09032    ,  0.0847906  ,  0.0725696  ,  5.79633    ,  2.75738    ])
60      , -6733.96    , array([ 0.772838   ,  1.09032    ,  0.0847906  ,  0.263484   ,  5.79633    ,  2.75738    ])
66      , -1555.03    , array([ 0.772838   ,  1.09032    ,  0.0847906  ,  0.059414   ,  5.79633    ,  2.75738    ])
72      , -1315.68    , array([ 0.772838   ,  1.09032    ,  0.0847906  ,  0.0725403  ,  5.79633    ,  2.75738    ])
78      , -1331.54    , array([ 0.772838   ,  1.09032    ,  0.0847906  ,  0.0725388  ,  5.17829    ,  2.75738    ])
84      , -1315.68    , array([ 0.772838   ,  1.09032    ,  0.0847906  ,  0.0725388  ,  5.8021     ,  2.75738    ])
90      , -1315.69    , array([ 0.772838   ,  1.09032    ,  0.0847906  ,  0.0725388  ,  5.8021     ,  2.76597    ])
96      , -1315.68    , array([ 0.772838   ,  1.09032    ,  0.0847906  ,  0.0725388  ,  5.8021     ,  2.75411    ])
