1596    , -101.632    , array([ 0.0837326  ,  1.12377    ,  0.0501959  ,  0.0386641  ])
1608    , -128.372    , array([ 0.0712555  ,  1.12377    ,  0.0501959  ,  0.0386641  ])
1612    , -101.61     , array([ 0.0841409  ,  1.12377    ,  0.0501959  ,  0.0386641  ])
1620    , -103.395    , array([ 0.0841409  ,  1.25916    ,  0.0501959  ,  0.0386641  ])
1624    , -101.61     , array([ 0.0841409  ,  1.12559    ,  0.0501959  ,  0.0386641  ])
1628    , -101.61     , array([ 0.0841409  ,  1.12542    ,  0.0501959  ,  0.0386641  ])
1632    , -14749.4    , array([ 0.0841409  ,  1.12559    ,  1.0502     ,  0.0386641  ])
1636    , -13438.9    , array([ 0.0841409  ,  1.12559    ,  0.432162   ,  0.0386641  ])
1640    , -1184.91    , array([ 0.0841409  ,  1.12559    ,  0.123104   ,  0.0386641  ])
1644    , -101.6      , array([ 0.0841409  ,  1.12559    ,  0.0500108  ,  0.0386641  ])
1648    , -4358.58    , array([ 0.0841409  ,  1.12559    ,  0.0500137  ,  1.03866    ])
1652    , -3936.81    , array([ 0.0841409  ,  1.12559    ,  0.0500137  ,  0.42063    ])
1656    , -1061.09    , array([ 0.0841409  ,  1.12559    ,  0.0500137  ,  0.111601   ])
1660    , -106.498    , array([ 0.0841409  ,  1.12559    ,  0.0500137  ,  0.0419482  ])
1664    , -101.599    , array([ 0.0841409  ,  1.12559    ,  0.0500137  ,  0.0387264  ])
1668    , -2536.75    , array([ 1.08414    ,  1.12559    ,  0.0500137  ,  0.038727   ])
1672    , -1681.61    , array([ 0.466107   ,  1.12559    ,  0.0500137  ,  0.038727   ])
1676    , -413.75     , array([ 0.157085   ,  1.12559    ,  0.0500137  ,  0.038727   ])
1680    , -102.112    , array([ 0.0859487  ,  1.12559    ,  0.0500137  ,  0.038727   ])
1684    , -101.593    , array([ 0.0839341  ,  1.12559    ,  0.0500137  ,  0.038727   ])
1692    , -103.425    , array([ 0.083932   ,  1.25957    ,  0.0500137  ,  0.038727   ])
1696    , -101.593    , array([ 0.083932   ,  1.12443    ,  0.0500137  ,  0.038727   ])
1700    , -101.593    , array([ 0.083932   ,  1.12445    ,  0.0500137  ,  0.038727   ])
1712    , -101.587    , array([ 0.083932   ,  1.12445    ,  0.0499347  ,  0.038727   ])
1716    , -101.585    , array([ 0.083932   ,  1.12445    ,  0.0498528  ,  0.038727   ])
1728    , -218.235    , array([ 0.083932   ,  1.12445    ,  0.0498528  ,  0.0255714  ])
1732    , -101.584    , array([ 0.083932   ,  1.12445    ,  0.0498528  ,  0.0387709  ])
1736    , -101.584    , array([ 0.083932   ,  1.12445    ,  0.0498528  ,  0.0387705  ])
1740    , -101.547    , array([ 0.0833851  ,  1.12145    ,  0.0494316  ,  0.0388842  ])
1744    , -101.245    , array([ 0.0757557  ,  1.07961    ,  0.0435567  ,  0.0404708  ])
1748    , -101.245    , array([ 0.0756685  ,  1.07914    ,  0.0434895  ,  0.0404889  ])
1760    , -130.995    , array([ 0.0625129  ,  1.07914    ,  0.0434895  ,  0.0404889  ])
1764    , -101.028    , array([ 0.0745111  ,  1.07914    ,  0.0434895  ,  0.0404889  ])
1768    , -150.596    , array([ 0.0745111  ,  2.07914    ,  0.0434895  ,  0.0404889  ])
1772    , -113.607    , array([ 0.0745111  ,  1.4611     ,  0.0434895  ,  0.0404889  ])
1776    , -101.022    , array([ 0.0745111  ,  1.08546    ,  0.0434895  ,  0.0404889  ])
1780    , -4172.01    , array([ 0.0745111  ,  1.08552    ,  0.0434895  ,  1.04049    ])
1784    , -3770.26    , array([ 0.0745111  ,  1.08552    ,  0.0434895  ,  0.422455   ])
1788    , -1018.22    , array([ 0.0745111  ,  1.08552    ,  0.0434895  ,  0.113427   ])
1792    , -105.267    , array([ 0.0745111  ,  1.08552    ,  0.0434895  ,  0.0434429  ])
1796    , -101.014    , array([ 0.0745111  ,  1.08552    ,  0.0434895  ,  0.0403604  ])
1800    , -107.592    , array([ 0.052877   ,  0.966893   ,  0.0268304  ,  0.0448581  ])
1804    , -100.851    , array([ 0.0690742  ,  1.05571    ,  0.0393029  ,  0.0414898  ])
1808    , -101.992    , array([ 0.055568   ,  0.994384   ,  0.0297938  ,  0.043928   ])
1812    , -100.847    , array([ 0.06975    ,  1.05942    ,  0.0398233  ,  0.0413492  ])
1820    , -177.403    , array([ 0.093305   ,  1.05942    ,  0.0398233  ,  0.0413492  ])
1824    , -100.749    , array([ 0.0689989  ,  1.05942    ,  0.0398233  ,  0.0413492  ])
1828    , -100.748    , array([ 0.0690289  ,  1.05942    ,  0.0398233  ,  0.0413492  ])
1832    , -299.967    , array([ 0.0690289  ,  0.441383   ,  0.0398233  ,  0.0413492  ])
1836    , -100.728    , array([ 0.0690289  ,  1.07548    ,  0.0398233  ,  0.0413492  ])
1840    , -100.726    , array([ 0.0690289  ,  1.07153    ,  0.0398233  ,  0.0413492  ])
1852    , -204.251    , array([ 0.0690289  ,  1.07153    ,  0.0398233  ,  0.0281936  ])
1856    , -100.718    , array([ 0.0690289  ,  1.07153    ,  0.0398233  ,  0.0412175  ])
1860    , -100.967    , array([ 0.0607653  ,  1.02622    ,  0.03346    ,  0.042936   ])
1864    , -100.603    , array([ 0.0658725  ,  1.05422    ,  0.0373927  ,  0.0418739  ])
1868    , -100.602    , array([ 0.0655937  ,  1.05269    ,  0.0371781  ,  0.0419319  ])
1872    , -100.392    , array([ 0.0615054  ,  1.04634    ,  0.0345852  ,  0.0425004  ])
1876    , -99.9792    , array([ 0.0475782  ,  1.02425    ,  0.0257369  ,  0.0444451  ])
1880    , -99.979     , array([ 0.0481792  ,  1.0252     ,  0.0261187  ,  0.0443612  ])
1888    , -1377.63    , array([ 0.238795   ,  1.02464    ,  0.0258947  ,  0.0444104  ])
1892    , -4427.31    , array([ 0.0133849  ,  1.02464    ,  0.0258947  ,  0.0444104  ])
1896    , -100.172    , array([ 0.0481263  ,  1.02464    ,  0.0258947  ,  0.0444104  ])
1900    , -99.8002    , array([ 0.0471665  ,  1.02464    ,  0.0258947  ,  0.0444104  ])
1904    , -99.8002    , array([ 0.0471598  ,  1.02464    ,  0.0258947  ,  0.0444104  ])
1908    , -99.9697    , array([ 0.0471598  ,  1.0058     ,  0.0258947  ,  0.0444104  ])
1912    , -99.7628    , array([ 0.0471598  ,  1.03909    ,  0.0258947  ,  0.0444104  ])
1916    , -99.7628    , array([ 0.0471598  ,  1.03895    ,  0.0258947  ,  0.0444104  ])
1924    , -255.743    , array([ 0.0471598  ,  1.03895    ,  0.0258947  ,  0.0675982  ])
1928    , -99.7628    , array([ 0.0471598  ,  1.03895    ,  0.0258947  ,  0.0443933  ])
1932    , -99.7628    , array([ 0.0471598  ,  1.03895    ,  0.0258947  ,  0.044406   ])
1936    , -101.111    , array([ 0.0759624  ,  1.08464    ,  0.0441939  ,  0.0403815  ])
1940    , -100.405    , array([ 0.0331445  ,  1.01672    ,  0.0169903  ,  0.0463602  ])
1944    , -99.5979    , array([ 0.0409349  ,  1.02908    ,  0.0219399  ,  0.0452724  ])
1948    , -2423.44    , array([ 1.04093    ,  1.02908    ,  0.0219399  ,  0.0452724  ])
1952    , -1957.89    , array([ 0.422901   ,  1.02908    ,  0.0219399  ,  0.0452724  ])
1956    , -761.04     , array([ 0.113878   ,  1.02908    ,  0.0219399  ,  0.0452724  ])
1960    , -116.791    , array([ 0.0467798  ,  1.02908    ,  0.0219399  ,  0.0452724  ])
1964    , -99.5461    , array([ 0.0406278  ,  1.02908    ,  0.0219399  ,  0.0452724  ])
1972    , -102.413    , array([ 0.0406278  ,  1.16973    ,  0.0219399  ,  0.0452724  ])
1976    , -99.5419    , array([ 0.0406278  ,  1.03388    ,  0.0219399  ,  0.0452724  ])
1984    , -2315.57    , array([ 0.0406278  ,  1.03383    ,  0.0219399  ,  0.236228   ])
1988    , -1273.13    , array([ 0.0406278  ,  1.03383    ,  0.0219399  ,  0.0108306  ])
1992    , -99.5883    , array([ 0.0406278  ,  1.03383    ,  0.0219399  ,  0.0456492  ])
1996    , -99.5412    , array([ 0.0406278  ,  1.03383    ,  0.0219399  ,  0.0453125  ])
2000    , -99.5412    , array([ 0.0406278  ,  1.03383    ,  0.0219399  ,  0.0453121  ])
2004    , -99.4869    , array([ 0.0384557  ,  1.03039    ,  0.0205598  ,  0.0456154  ])
2008    , -99.4833    , array([ 0.0378156  ,  1.02937    ,  0.0201531  ,  0.0457048  ])
2012    , -99.3949    , array([ 0.0346962  ,  1.02966    ,  0.0183664  ,  0.0461372  ])
2016    , -99.332     , array([ 0.0315768  ,  1.02996    ,  0.0165797  ,  0.0465695  ])
2020    , -99.3072    , array([ 0.028768   ,  1.03022    ,  0.0149708  ,  0.0469588  ])
2024    , -99.3072    , array([ 0.0286766  ,  1.03023    ,  0.0149185  ,  0.0469715  ])
2032    , -432.079    , array([ 0.0565383  ,  1.03023    ,  0.0149185  ,  0.0469715  ])
2036    , -100.361    , array([ 0.0294592  ,  1.03023    ,  0.0149185  ,  0.0469715  ])
2040    , -99.2444    , array([ 0.0284408  ,  1.03023    ,  0.0149185  ,  0.0469715  ])
2048    , -102.669    , array([ 0.0284384  ,  1.16399    ,  0.0149185  ,  0.0469715  ])
2052    , -99.2237    , array([ 0.0284384  ,  1.01999    ,  0.0149185  ,  0.0469715  ])
2056    , -3808.52    , array([ 0.0284384  ,  1.01999    ,  0.0149185  ,  1.04697    ])
2060    , -3397       , array([ 0.0284384  ,  1.01999    ,  0.0149185  ,  0.428938   ])
2064    , -899.374    , array([ 0.0284384  ,  1.01999    ,  0.0149185  ,  0.11991    ])
2068    , -102.176    , array([ 0.0284384  ,  1.01999    ,  0.0149185  ,  0.0498181  ])
2072    , -99.2225    , array([ 0.0284384  ,  1.01999    ,  0.0149185  ,  0.0470274  ])
2076    , -99.6965    , array([ 0.0432255  ,  1.0186     ,  0.0233883  ,  0.0449783  ])
2080    , -99.2058    , array([ 0.0236277  ,  1.02044    ,  0.012163   ,  0.0476947  ])
2084    , -99.1877    , array([ 0.0252991  ,  1.02028    ,  0.0131203  ,  0.0474631  ])
2092    , -1728.77    , array([ 0.216297   ,  1.02028    ,  0.0131381  ,  0.0474588  ])
2100    , -144.808    , array([ 0.0203052  ,  1.02028    ,  0.0131381  ,  0.0474588  ])
2104    , -99.1581    , array([ 0.0251849  ,  1.02028    ,  0.0131381  ,  0.0474588  ])
2108    , -172.633    , array([ 0.0251849  ,  2.02028    ,  0.0131381  ,  0.0474588  ])
2112    , -118.58     , array([ 0.0251849  ,  1.40225    ,  0.0131381  ,  0.0474588  ])
2116    , -99.1488    , array([ 0.0251849  ,  1.01394    ,  0.0131381  ,  0.0474588  ])
2120    , -99.1488    , array([ 0.0251849  ,  1.01354    ,  0.0131381  ,  0.0474588  ])
2132    , -188.452    , array([ 0.0251849  ,  1.01354    ,  0.0131381  ,  0.0343031  ])
2136    , -99.1482    , array([ 0.0251849  ,  1.01354    ,  0.0131381  ,  0.0474988  ])
2140    , -100.215    , array([ 0.0160459  ,  1.0144     ,  0.00790347 ,  0.0487655  ])
2144    , -99.1505    , array([ 0.0216941  ,  1.01386    ,  0.0111387  ,  0.0479826  ])
2148    , -99.1324    , array([ 0.0226344  ,  1.01378    ,  0.0116773  ,  0.0478523  ])
2152    , -99.0809    , array([ 0.0212433  ,  1.00715    ,  0.0109637  ,  0.048065   ])
2156    , -99.0596    , array([ 0.0128155  ,  0.980066   ,  0.00647955 ,  0.0493152  ])
2160    , -99.01      , array([ 0.0158309  ,  0.989756   ,  0.00808393 ,  0.0488679  ])
2168    , -99.888     , array([ 0.0122466  ,  0.989783   ,  0.00603466 ,  0.0493656  ])
2172    , -98.9968    , array([ 0.0164547  ,  0.989387   ,  0.00844503 ,  0.0487823  ])
2176    , -176.511    , array([ 0.0164634  ,  1.98939    ,  0.00845001 ,  0.0487811  ])
2180    , -118.613    , array([ 0.0164634  ,  1.37135    ,  0.00845001 ,  0.0487811  ])
2184    , -98.9809    , array([ 0.0164634  ,  0.997674   ,  0.00845001 ,  0.0487811  ])
2188    , -3704.86    , array([ 0.0164634  ,  0.997784   ,  0.00845001 ,  1.04878    ])
2192    , -3296.28    , array([ 0.0164634  ,  0.997784   ,  0.00845001 ,  0.430747   ])
2196    , -871.765    , array([ 0.0164634  ,  0.997784   ,  0.00845001 ,  0.12172    ])
2200    , -101.63     , array([ 0.0164634  ,  0.997784   ,  0.00845001 ,  0.051455   ])
2204    , -98.9807    , array([ 0.0164634  ,  0.997784   ,  0.00845001 ,  0.0487562  ])
2208    , -99.3016    , array([ 0.0286786  ,  1.03704    ,  0.0149493  ,  0.046944   ])
2212    , -98.9916    , array([ 0.011374   ,  0.98143    ,  0.0057421  ,  0.049511   ])
2216    , -98.9524    , array([ 0.0135509  ,  0.988425   ,  0.0069004  ,  0.049188   ])
2220    , -99.8479    , array([ 0.0283669  ,  0.987126   ,  0.0153856  ,  0.0471341  ])
2224    , -99.0275    , array([ 0.0156635  ,  0.988322   ,  0.00810927 ,  0.0488949  ])
2228    , -98.9467    , array([ 0.0139567  ,  0.988482   ,  0.00713163 ,  0.0491315  ])
2232    , -178.114    , array([ 0.0139501  ,  1.98848    ,  0.00712787 ,  0.0491324  ])
2236    , -119.16     , array([ 0.0139501  ,  1.37045    ,  0.00712787 ,  0.0491324  ])
2240    , -98.9395    , array([ 0.0139501  ,  0.994076   ,  0.00712787 ,  0.0491324  ])
2244    , -3687.29    , array([ 0.0139501  ,  0.994076   ,  0.00712787 ,  1.04913    ])
2248    , -3278.77    , array([ 0.0139501  ,  0.994076   ,  0.00712787 ,  0.431098   ])
2252    , -866.729    , array([ 0.0139501  ,  0.994076   ,  0.00712787 ,  0.122072   ])
2256    , -101.539    , array([ 0.0139501  ,  0.994076   ,  0.00712787 ,  0.051787   ])
2260    , -98.9392    , array([ 0.0139501  ,  0.994076   ,  0.00712787 ,  0.0491032  ])
2264    , -99.2261    , array([ 0.0261653  ,  1.03333    ,  0.0136271  ,  0.0472909  ])
2268    , -98.9272    , array([ 0.0127277  ,  0.990148   ,  0.00647745 ,  0.0492842  ])
2272    , -98.9265    , array([ 0.0123918  ,  0.989068   ,  0.00629872 ,  0.0493341  ])
2276    , -98.9265    , array([ 0.0123918  ,  0.989068   ,  0.00629872 ,  0.0493341  ])
2280    , -98.8946    , array([ 0.0104695  ,  0.989959   ,  0.00530037 ,  0.0495773  ])
2288    , -98.889     , array([ 0.0100157  ,  0.99017    ,  0.00506469 ,  0.0496347  ])
2292    , -99.7991    , array([ 0.0156639  ,  0.989638   ,  0.00829989 ,  0.0488519  ])
2296    , -98.9397    , array([ 0.0110944  ,  0.990068   ,  0.00568255 ,  0.0494852  ])
2300    , -98.8835    , array([ 0.0102444  ,  0.990148   ,  0.00519568 ,  0.049603   ])
2304    , -98.8835    , array([ 0.0102493  ,  0.990148   ,  0.00519844 ,  0.0496024  ])
2308    , -401.015    , array([ 0.0102493  ,  0.372114   ,  0.00519844 ,  0.0496024  ])
2312    , -98.8883    , array([ 0.0102493  ,  0.995296   ,  0.00519844 ,  0.0496024  ])
2316    , -98.8834    , array([ 0.0102493  ,  0.990728   ,  0.00519844 ,  0.0496024  ])
2324    , -2157.59    , array([ 0.0102493  ,  0.990717   ,  0.00519844 ,  0.24056    ])
2328    , -1101.66    , array([ 0.0102493  ,  0.990717   ,  0.00519844 ,  0.0151605  ])
2332    , -98.9182    , array([ 0.0102493  ,  0.990717   ,  0.00519844 ,  0.049893   ])
2336    , -98.8833    , array([ 0.0102493  ,  0.990717   ,  0.00519844 ,  0.0495868  ])
2340    , -98.8833    , array([ 0.0102493  ,  0.990717   ,  0.00519844 ,  0.049587   ])
