120     , -395.697    , array([ 73.3739    ,  0.574318   ,  5          ,  1.47217    ])
124     , -395.697    , array([ 73.3739    ,  0.574318   ,  5          ,  1.47217    ])
128     , -395.697    , array([ 73.5152    ,  0.574318   ,  5          ,  1.47217    ])
136     , -463.085    , array([ 73.5152    ,  0.7653     ,  5          ,  1.47217    ])
140     , -396.002    , array([ 73.5152    ,  0.581043   ,  5          ,  1.47217    ])
144     , -395.682    , array([ 73.5152    ,  0.572479   ,  5          ,  1.47217    ])
148     , -395.682    , array([ 73.5152    ,  0.572497   ,  5          ,  1.47217    ])
200     , -395.682    , array([ 73.5152    ,  0.572497   ,  5          ,  1.47217    ])
204     , -1165.13    , array([ 73.5152    ,  0.572497   ,  5          ,  0.854135   ])
208     , -395.673    , array([ 73.5152    ,  0.572497   ,  5          ,  1.4702     ])
