1400    , -599.875    , array([ 7.30694    ,  0.153706   ,  1.82109    ,  0.557353   ])
1404    , -602.165    , array([ 7.30694    ,  0.153706   ,  1.82109    ,  0.557911   ])
1408    , -419.016    , array([ 7.30694    ,  0.15386    ,  3.57073    ,  0.557353   ])
1412    , -396.182    , array([ 7.30694    ,  0.153706   ,  4.46923    ,  0.557353   ])
1416    , -396.536    , array([ 7.30694    ,  0.153706   ,  4.46923    ,  0.557911   ])
1420    , -393.406    , array([ 7.30694    ,  0.15386    ,  4.81642    ,  0.557353   ])
1424    , -393.169    , array([ 7.30694    ,  0.153706   ,  4.93804    ,  0.557353   ])
1428    , -393.223    , array([ 7.30694    ,  0.153706   ,  4.93804    ,  0.557911   ])
1432    , -393.119    , array([ 7.30694    ,  0.15386    ,  4.97926    ,  0.557353   ])
1436    , -393.12     , array([ 7.30694    ,  0.153706   ,  4.99308    ,  0.557353   ])
1440    , -393.14     , array([ 7.30694    ,  0.153706   ,  4.99308    ,  0.557911   ])
1444    , -393.119    , array([ 7.30694    ,  0.15386    ,  4.99769    ,  0.557353   ])
1448    , -393.118    , array([ 7.30694    ,  0.153706   ,  4.99951    ,  0.557353   ])
1452    , -393.135    , array([ 7.30694    ,  0.153706   ,  4.99951    ,  0.557911   ])
1456    , -393.12     , array([ 7.30694    ,  0.15386    ,  4.9999     ,  0.557353   ])
1460    , -393.118    , array([ 7.30694    ,  0.153706   ,  4.99998    ,  0.557353   ])
1464    , -393.134    , array([ 7.30694    ,  0.153706   ,  4.99998    ,  0.557911   ])
1468    , -393.12     , array([ 7.30694    ,  0.15386    ,  5          ,  0.557353   ])
1472    , -393.118    , array([ 7.30694    ,  0.153706   ,  5          ,  0.557353   ])
1476    , -393.134    , array([ 7.30694    ,  0.153706   ,  5          ,  0.557911   ])
1480    , -393.12     , array([ 7.30694    ,  0.15386    ,  5          ,  0.557353   ])
1484    , -393.118    , array([ 7.30694    ,  0.153706   ,  5          ,  0.557353   ])
1488    , -393.134    , array([ 7.30694    ,  0.153706   ,  5          ,  0.557911   ])
1492    , -393.12     , array([ 7.30694    ,  0.15386    ,  5          ,  0.557353   ])
1496    , -393.118    , array([ 7.30694    ,  0.153706   ,  5          ,  0.557353   ])
1500    , -393.134    , array([ 7.30694    ,  0.153706   ,  5          ,  0.557911   ])
1504    , -393.12     , array([ 7.30694    ,  0.15386    ,  5          ,  0.557353   ])
1508    , -393.118    , array([ 7.30694    ,  0.153706   ,  5          ,  0.557353   ])
1512    , -393.134    , array([ 7.30694    ,  0.153706   ,  5          ,  0.557911   ])
1516    , -393.12     , array([ 7.30694    ,  0.15386    ,  5          ,  0.557353   ])
1520    , -393.118    , array([ 7.30694    ,  0.153706   ,  5          ,  0.557353   ])
1524    , -393.134    , array([ 7.30694    ,  0.153706   ,  5          ,  0.557911   ])
1528    , -393.12     , array([ 7.30694    ,  0.15386    ,  5          ,  0.557353   ])
1532    , -393.118    , array([ 7.30694    ,  0.153706   ,  5          ,  0.557353   ])
1536    , -393.134    , array([ 7.30694    ,  0.153706   ,  5          ,  0.557911   ])
1540    , -393.12     , array([ 7.30694    ,  0.15386    ,  5          ,  0.557353   ])
1544    , -393.118    , array([ 7.30694    ,  0.153706   ,  5          ,  0.557353   ])
1548    , -393.134    , array([ 7.30694    ,  0.153706   ,  5          ,  0.557911   ])
1552    , -393.12     , array([ 7.30694    ,  0.15386    ,  5          ,  0.557353   ])
1556    , -393.118    , array([ 7.30694    ,  0.153706   ,  5          ,  0.557353   ])
1560    , -393.134    , array([ 7.30694    ,  0.153706   ,  5          ,  0.557911   ])
1564    , -393.12     , array([ 7.30694    ,  0.15386    ,  5          ,  0.557353   ])
1568    , -393.118    , array([ 7.30694    ,  0.153706   ,  5          ,  0.557353   ])
1572    , -393.134    , array([ 7.30694    ,  0.153706   ,  5          ,  0.557911   ])
1576    , -393.12     , array([ 7.30694    ,  0.15386    ,  5          ,  0.557353   ])
1580    , -393.118    , array([ 7.30694    ,  0.153706   ,  5          ,  0.557353   ])
1584    , -393.134    , array([ 7.30694    ,  0.153706   ,  5          ,  0.557911   ])
1588    , -393.12     , array([ 7.30694    ,  0.15386    ,  5          ,  0.557353   ])
1592    , -393.118    , array([ 7.30694    ,  0.153706   ,  5          ,  0.557353   ])
1596    , -393.134    , array([ 7.30694    ,  0.153706   ,  5          ,  0.557911   ])
1600    , -393.12     , array([ 7.30694    ,  0.15386    ,  5          ,  0.557353   ])
1604    , -393.118    , array([ 7.30694    ,  0.153706   ,  5          ,  0.557353   ])
1608    , -393.134    , array([ 7.30694    ,  0.153706   ,  5          ,  0.557911   ])
1612    , -393.12     , array([ 7.30694    ,  0.15386    ,  5          ,  0.557353   ])
1616    , -393.118    , array([ 7.30694    ,  0.153706   ,  5          ,  0.557353   ])
1620    , -393.134    , array([ 7.30694    ,  0.153706   ,  5          ,  0.557911   ])
1624    , -393.12     , array([ 7.30694    ,  0.15386    ,  5          ,  0.557353   ])
1628    , -393.118    , array([ 7.30694    ,  0.153706   ,  5          ,  0.557353   ])
1632    , -393.134    , array([ 7.30694    ,  0.153706   ,  5          ,  0.557911   ])
1636    , -393.12     , array([ 7.30694    ,  0.15386    ,  5          ,  0.557353   ])
1640    , -393.118    , array([ 7.30694    ,  0.153706   ,  5          ,  0.557353   ])
1644    , -393.134    , array([ 7.30694    ,  0.153706   ,  5          ,  0.557911   ])
1648    , -393.12     , array([ 7.30694    ,  0.15386    ,  5          ,  0.557353   ])
1652    , -393.118    , array([ 7.30694    ,  0.153706   ,  5          ,  0.557353   ])
1656    , -393.134    , array([ 7.30694    ,  0.153706   ,  5          ,  0.557911   ])
1660    , -393.12     , array([ 7.30694    ,  0.15386    ,  5          ,  0.557353   ])
1664    , -393.118    , array([ 7.30694    ,  0.153706   ,  5          ,  0.557353   ])
1668    , -393.134    , array([ 7.30694    ,  0.153706   ,  5          ,  0.557911   ])
1672    , -393.12     , array([ 7.30694    ,  0.15386    ,  5          ,  0.557353   ])
1676    , -393.118    , array([ 7.30694    ,  0.153706   ,  5          ,  0.557353   ])
1680    , -393.134    , array([ 7.30694    ,  0.153706   ,  5          ,  0.557911   ])
1684    , -393.12     , array([ 7.30694    ,  0.15386    ,  5          ,  0.557353   ])
1688    , -393.118    , array([ 7.30694    ,  0.153706   ,  5          ,  0.557353   ])
1692    , -393.134    , array([ 7.30694    ,  0.153706   ,  5          ,  0.557911   ])
1696    , -393.12     , array([ 7.30694    ,  0.15386    ,  5          ,  0.557353   ])
1700    , -393.118    , array([ 7.30694    ,  0.153706   ,  5          ,  0.557353   ])
1704    , -393.134    , array([ 7.30694    ,  0.153706   ,  5          ,  0.557911   ])
1708    , -393.12     , array([ 7.30694    ,  0.15386    ,  5          ,  0.557353   ])
1712    , -393.118    , array([ 7.30694    ,  0.153706   ,  5          ,  0.557353   ])
1716    , -393.134    , array([ 7.30694    ,  0.153706   ,  5          ,  0.557911   ])
1720    , -393.12     , array([ 7.30694    ,  0.15386    ,  5          ,  0.557353   ])
1724    , -393.118    , array([ 7.30694    ,  0.153706   ,  5          ,  0.557353   ])
1728    , -393.134    , array([ 7.30694    ,  0.153706   ,  5          ,  0.557911   ])
1732    , -393.12     , array([ 7.30694    ,  0.15386    ,  5          ,  0.557353   ])
1736    , -393.118    , array([ 7.30694    ,  0.153706   ,  5          ,  0.557353   ])
1740    , -393.134    , array([ 7.30694    ,  0.153706   ,  5          ,  0.557911   ])
1744    , -393.12     , array([ 7.30694    ,  0.15386    ,  5          ,  0.557353   ])
1748    , -393.118    , array([ 7.30694    ,  0.153706   ,  5          ,  0.557353   ])
1752    , -393.134    , array([ 7.30694    ,  0.153706   ,  5          ,  0.557911   ])
1756    , -393.12     , array([ 7.30694    ,  0.15386    ,  5          ,  0.557353   ])
1760    , -393.118    , array([ 7.30694    ,  0.153706   ,  5          ,  0.557353   ])
1764    , -393.134    , array([ 7.30694    ,  0.153706   ,  5          ,  0.557911   ])
1768    , -393.12     , array([ 7.30694    ,  0.15386    ,  5          ,  0.557353   ])
1772    , -393.118    , array([ 7.30694    ,  0.153706   ,  5          ,  0.557353   ])
1776    , -393.134    , array([ 7.30694    ,  0.153706   ,  5          ,  0.557911   ])
1780    , -393.12     , array([ 7.30694    ,  0.15386    ,  5          ,  0.557353   ])
1784    , -393.118    , array([ 7.30694    ,  0.153706   ,  5          ,  0.557353   ])
1788    , -393.134    , array([ 7.30694    ,  0.153706   ,  5          ,  0.557911   ])
1792    , -393.12     , array([ 7.30694    ,  0.15386    ,  5          ,  0.557353   ])
1796    , -393.118    , array([ 7.30694    ,  0.153706   ,  5          ,  0.557353   ])
1800    , -393.134    , array([ 7.30694    ,  0.153706   ,  5          ,  0.557911   ])
1804    , -393.12     , array([ 7.30694    ,  0.15386    ,  5          ,  0.557353   ])
1808    , -393.118    , array([ 7.30694    ,  0.153706   ,  5          ,  0.557353   ])
1812    , -393.134    , array([ 7.30694    ,  0.153706   ,  5          ,  0.557911   ])
1816    , -393.12     , array([ 7.30694    ,  0.15386    ,  5          ,  0.557353   ])
1820    , -393.118    , array([ 7.30694    ,  0.153706   ,  5          ,  0.557353   ])
1824    , -393.134    , array([ 7.30694    ,  0.153706   ,  5          ,  0.557911   ])
1828    , -393.12     , array([ 7.30694    ,  0.15386    ,  5          ,  0.557353   ])
1832    , -393.118    , array([ 7.30694    ,  0.153706   ,  5          ,  0.557353   ])
1836    , -393.134    , array([ 7.30694    ,  0.153706   ,  5          ,  0.557911   ])
1840    , -393.12     , array([ 7.30694    ,  0.15386    ,  5          ,  0.557353   ])
1844    , -393.118    , array([ 7.30694    ,  0.153706   ,  5          ,  0.557353   ])
1848    , -393.134    , array([ 7.30694    ,  0.153706   ,  5          ,  0.557911   ])
1852    , -393.12     , array([ 7.30694    ,  0.15386    ,  5          ,  0.557353   ])
1856    , -393.118    , array([ 7.30694    ,  0.153706   ,  5          ,  0.557353   ])
1860    , -393.134    , array([ 7.30694    ,  0.153706   ,  5          ,  0.557911   ])
1864    , -393.12     , array([ 7.30694    ,  0.15386    ,  5          ,  0.557353   ])
1868    , -451.481    , array([ 7.30694    ,  0.153706   ,  3.01753    ,  0.557353   ])
1872    , -393.21     , array([ 7.30694    ,  0.153706   ,  4.91302    ,  0.557353   ])
1876    , -393.119    , array([ 7.30694    ,  0.153706   ,  4.99688    ,  0.557353   ])
