5       , -1311.03    , array([ 0.999087   ,  0.100971   ,  5.01136    ,  2.5057     ,  0.0507503  ])
10      , -1311.11    , array([ 1.00775    ,  0.100971   ,  5.01136    ,  2.5057     ,  0.0507503  ])
15      , -1311.03    , array([ 0.998988   ,  0.100971   ,  5.01136    ,  2.5057     ,  0.0507503  ])
25      , -5053.3     , array([ 0.998989   ,  0.173849   ,  5.01136    ,  2.5057     ,  0.0507503  ])
30      , -1311.03    , array([ 0.998989   ,  0.10095    ,  5.01136    ,  2.5057     ,  0.0507503  ])
35      , -1342.07    , array([ 0.998989   ,  0.100947   ,  6.01136    ,  2.5057     ,  0.0507503  ])
40      , -1311.03    , array([ 0.998989   ,  0.100947   ,  5.01779    ,  2.5057     ,  0.0507503  ])
45      , -1311.03    , array([ 0.998989   ,  0.100947   ,  5.01189    ,  2.5057     ,  0.0507503  ])
50      , -1321.55    , array([ 0.998989   ,  0.100947   ,  5.01189    ,  2.88767    ,  0.0507503  ])
55      , -1311.02    , array([ 0.998989   ,  0.100947   ,  5.01189    ,  2.50254    ,  0.0507503  ])
65      , -5007.78    , array([ 0.998989   ,  0.100947   ,  5.01189    ,  2.50258    ,  0.123668   ])
70      , -1312.6     , array([ 0.998989   ,  0.100947   ,  5.01189    ,  2.50258    ,  0.0514744  ])
