112     , -88.7668    , array([ 0.00266176 ,  0.974302   ,  0.104592   ,  0.0494438  ])
132     , -88.6831    , array([ 0.00280372 ,  0.974302   ,  0.104592   ,  0.0494438  ])
136     , -88.6826    , array([ 0.00279439 ,  0.974302   ,  0.104592   ,  0.0494438  ])
140     , -88.6826    , array([ 0.00279308 ,  0.974302   ,  0.104592   ,  0.0494438  ])
144     , -88.9167    , array([ 0.00279308 ,  0.954567   ,  0.104592   ,  0.0494438  ])
148     , -88.6336    , array([ 0.00279308 ,  0.988898   ,  0.104592   ,  0.0494438  ])
152     , -88.6336    , array([ 0.00279308 ,  0.988754   ,  0.104592   ,  0.0494438  ])
156     , -102.697    , array([ 0.00279308 ,  0.988754   ,  0.118555   ,  0.0494438  ])
160     , -88.6234    , array([ 0.00279308 ,  0.988754   ,  0.104221   ,  0.0494438  ])
168     , -2145.78    , array([ 0.00279308 ,  0.988754   ,  0.104221   ,  0.240401   ])
172     , -1106.76    , array([ 0.00279308 ,  0.988754   ,  0.104221   ,  0.0150019  ])
176     , -88.6588    , array([ 0.00279308 ,  0.988754   ,  0.104221   ,  0.0496767  ])
180     , -88.6206    , array([ 0.00279308 ,  0.988754   ,  0.104221   ,  0.0493577  ])
188     , -1166.3     , array([ 0.193764   ,  0.988754   ,  0.104221   ,  0.0493586  ])
200     , -98.4717    , array([ 0.00163708 ,  0.988754   ,  0.104221   ,  0.0493586  ])
204     , -88.6202    , array([ 0.00278366 ,  0.988754   ,  0.104221   ,  0.0493586  ])
208     , -167.442    , array([ 0.00278348 ,  1.98875    ,  0.104221   ,  0.0493586  ])
212     , -108.811    , array([ 0.00278348 ,  1.37072    ,  0.104221   ,  0.0493586  ])
216     , -88.6149    , array([ 0.00278348 ,  0.993568   ,  0.104221   ,  0.0493586  ])
220     , -41284.3    , array([ 0.00278348 ,  0.993568   ,  1.10422    ,  0.0493586  ])
224     , -8147.97    , array([ 0.00278348 ,  0.993568   ,  0.486187   ,  0.0493586  ])
228     , -88.6143    , array([ 0.00278348 ,  0.993568   ,  0.104189   ,  0.0493586  ])
232     , -88.6133    , array([ 0.00278348 ,  0.993568   ,  0.104075   ,  0.0493586  ])
244     , -173.133    , array([ 0.00278348 ,  0.993568   ,  0.104075   ,  0.036203   ])
248     , -88.6115    , array([ 0.00278348 ,  0.993568   ,  0.104075   ,  0.0492885  ])
252     , -88.6115    , array([ 0.00278348 ,  0.993568   ,  0.104075   ,  0.0492885  ])
256     , -88.6067    , array([ 0.00276795 ,  1.00136    ,  0.103838   ,  0.0491752  ])
260     , -88.6066    , array([ 0.00276958 ,  1.00054    ,  0.103862   ,  0.049187   ])
264     , -88.6066    , array([ 0.00276971 ,  1.00047    ,  0.103864   ,  0.049188   ])
272     , -372.513    , array([ 0.0306319  ,  1.00047    ,  0.103864   ,  0.049188   ])
276     , -122.029    , array([ 0.00683476 ,  1.00047    ,  0.103864   ,  0.049188   ])
280     , -88.9806    , array([ 0.00305449 ,  1.00047    ,  0.103864   ,  0.049188   ])
284     , -88.6065    , array([ 0.00276352 ,  1.00047    ,  0.103864   ,  0.049188   ])
292     , -2171.09    , array([ 0.00276352 ,  1.00047    ,  0.103864   ,  0.240145   ])
296     , -1128.7     , array([ 0.00276352 ,  1.00047    ,  0.103864   ,  0.0147462  ])
300     , -88.6443    , array([ 0.00276352 ,  1.00047    ,  0.103864   ,  0.0495008  ])
304     , -88.6065    , array([ 0.00276352 ,  1.00047    ,  0.103864   ,  0.0491855  ])
308     , -88.6065    , array([ 0.00276352 ,  1.00047    ,  0.103864   ,  0.0491859  ])
316     , -89.2249    , array([ 0.00276352 ,  1.00047    ,  0.100998   ,  0.0491859  ])
320     , -88.6064    , array([ 0.00276352 ,  1.00047    ,  0.103846   ,  0.0491859  ])
324     , -88.619     , array([ 0.0027858  ,  0.9893     ,  0.104186   ,  0.0493485  ])
328     , -88.6064    , array([ 0.00276363 ,  1.00042    ,  0.103847   ,  0.0491867  ])
332     , -88.6064    , array([ 0.00276365 ,  1.00041    ,  0.103848   ,  0.0491868  ])
