4       , -393.116    , array([ 9.828      ,  0.125983   ,  3.5481     ,  0.467534   ])
8       , -3827.33    , array([ 9.90715    ,  0.0898248  ,  3.6201     ,  0.180563   ])
12      , -3822.85    , array([ 9.90715    ,  0.0898248  ,  3.6201     ,  0.180743   ])
16      , -393.136    , array([ 9.82808    ,  0.126066   ,  3.54463    ,  0.467079   ])
20      , -393.116    , array([ 9.82801    ,  0.125975   ,  3.54456    ,  0.467444   ])
24      , -393.126    , array([ 9.82801    ,  0.125975   ,  3.54456    ,  0.467912   ])
28      , -393.123    , array([ 9.82801    ,  0.126099   ,  3.54456    ,  0.46744    ])
32      , -393.116    , array([ 9.82799    ,  0.125966   ,  3.54454    ,  0.467422   ])
36      , -393.126    , array([ 9.82799    ,  0.125966   ,  3.54454    ,  0.467889   ])
40      , -393.123    , array([ 9.82794    ,  0.126066   ,  3.54448    ,  0.467348   ])
44      , -393.116    , array([ 9.82771    ,  0.125832   ,  3.54423    ,  0.467055   ])
48      , -393.126    , array([ 9.82771    ,  0.125832   ,  3.54423    ,  0.467523   ])
52      , -393.122    , array([ 9.82679    ,  0.12553    ,  3.54321    ,  0.465885   ])
56      , -393.11     , array([ 9.82313    ,  0.123708   ,  3.53914    ,  0.461234   ])
60      , -393.12     , array([ 9.82313    ,  0.123708   ,  3.53914    ,  0.461696   ])
64      , -393.097    , array([ 9.8085     ,  0.117266   ,  3.52293    ,  0.443091   ])
68      , -393.156    , array([ 9.75019    ,  0.0942087  ,  3.45881    ,  0.377378   ])
72      , -393.244    , array([ 9.75019    ,  0.0942087  ,  3.45881    ,  0.377756   ])
76      , -393.081    , array([ 9.79654    ,  0.112153   ,  3.50972    ,  0.428777   ])
80      , -393.078    , array([ 9.78708    ,  0.108154   ,  3.49929    ,  0.417768   ])
84      , -393.109    , array([ 9.78708    ,  0.108154   ,  3.49929    ,  0.418186   ])
88      , -393.066    , array([ 9.77961    ,  0.105282   ,  3.49106    ,  0.409269   ])
92      , -393.078    , array([ 9.78551    ,  0.107522   ,  3.49756    ,  0.415969   ])
96      , -393.111    , array([ 9.78551    ,  0.107522   ,  3.49756    ,  0.416385   ])
100     , -393.068    , array([ 9.78428    ,  0.107133   ,  3.49619    ,  0.414555   ])
104     , -393.078    , array([ 9.78525    ,  0.107417   ,  3.49727    ,  0.41567    ])
108     , -393.111    , array([ 9.78525    ,  0.107417   ,  3.49727    ,  0.416086   ])
112     , -393.069    , array([ 9.78546    ,  0.107607   ,  3.4975     ,  0.415906   ])
116     , -393.078    , array([ 9.78542    ,  0.107482   ,  3.49745    ,  0.415856   ])
120     , -393.111    , array([ 9.78542    ,  0.107482   ,  3.49745    ,  0.416272   ])
124     , -393.069    , array([ 9.78545    ,  0.107603   ,  3.49749    ,  0.415896   ])
128     , -393.078    , array([ 9.78544    ,  0.107493   ,  3.49748    ,  0.415887   ])
132     , -393.111    , array([ 9.78544    ,  0.107493   ,  3.49748    ,  0.416303   ])
136     , -393.069    , array([ 9.78544    ,  0.107598   ,  3.49747    ,  0.415881   ])
140     , -393.078    , array([ 9.78543    ,  0.107489   ,  3.49747    ,  0.415876   ])
144     , -393.111    , array([ 9.78543    ,  0.107489   ,  3.49747    ,  0.416292   ])
148     , -393.069    , array([ 9.78544    ,  0.107598   ,  3.49747    ,  0.41588    ])
152     , -393.078    , array([ 9.78544    ,  0.107491   ,  3.49747    ,  0.415881   ])
156     , -393.111    , array([ 9.78544    ,  0.107491   ,  3.49747    ,  0.416297   ])
160     , -393.069    , array([ 9.78544    ,  0.107598   ,  3.49747    ,  0.415881   ])
164     , -393.078    , array([ 9.78544    ,  0.107491   ,  3.49747    ,  0.415881   ])
168     , -393.111    , array([ 9.78544    ,  0.107491   ,  3.49747    ,  0.416297   ])
172     , -393.069    , array([ 9.78544    ,  0.107598   ,  3.49747    ,  0.415881   ])
176     , -393.078    , array([ 9.78544    ,  0.107491   ,  3.49747    ,  0.415881   ])
180     , -393.111    , array([ 9.78544    ,  0.107491   ,  3.49747    ,  0.416297   ])
184     , -393.069    , array([ 9.78544    ,  0.107598   ,  3.49747    ,  0.415881   ])
188     , -393.078    , array([ 9.78544    ,  0.107491   ,  3.49747    ,  0.415881   ])
192     , -393.111    , array([ 9.78544    ,  0.107491   ,  3.49747    ,  0.416297   ])
196     , -393.069    , array([ 9.78544    ,  0.107598   ,  3.49747    ,  0.415881   ])
200     , -393.078    , array([ 9.78544    ,  0.107491   ,  3.49747    ,  0.415881   ])
204     , -393.111    , array([ 9.78544    ,  0.107491   ,  3.49747    ,  0.416297   ])
208     , -393.069    , array([ 9.78544    ,  0.107598   ,  3.49747    ,  0.415881   ])
212     , -393.078    , array([ 9.78544    ,  0.107491   ,  3.49747    ,  0.415881   ])
216     , -393.111    , array([ 9.78544    ,  0.107491   ,  3.49747    ,  0.416297   ])
220     , -393.069    , array([ 9.78544    ,  0.107598   ,  3.49747    ,  0.415881   ])
224     , -393.078    , array([ 9.78544    ,  0.107491   ,  3.49747    ,  0.415881   ])
228     , -393.111    , array([ 9.78544    ,  0.107491   ,  3.49747    ,  0.416297   ])
232     , -393.069    , array([ 9.78544    ,  0.107598   ,  3.49747    ,  0.415881   ])
236     , -393.078    , array([ 9.78544    ,  0.107491   ,  3.49747    ,  0.415881   ])
240     , -393.111    , array([ 9.78544    ,  0.107491   ,  3.49747    ,  0.416297   ])
244     , -393.123    , array([ 9.82801    ,  0.126099   ,  3.54456    ,  0.46744    ])
248     , -393.116    , array([ 9.82801    ,  0.125971   ,  3.54456    ,  0.467435   ])
252     , -393.126    , array([ 9.82801    ,  0.125971   ,  3.54456    ,  0.467903   ])
256     , -393.123    , array([ 9.828      ,  0.126094   ,  3.54455    ,  0.467426   ])
260     , -393.116    , array([ 9.82798    ,  0.125961   ,  3.54453    ,  0.467408   ])
264     , -393.126    , array([ 9.82798    ,  0.125961   ,  3.54453    ,  0.467875   ])
268     , -393.123    , array([ 9.82796    ,  0.126074   ,  3.5445     ,  0.467371   ])
272     , -393.116    , array([ 9.8279     ,  0.125921   ,  3.54444    ,  0.467298   ])
276     , -393.126    , array([ 9.8279     ,  0.125921   ,  3.54444    ,  0.467765   ])
280     , -393.123    , array([ 9.82778    ,  0.125994   ,  3.54431    ,  0.467151   ])
284     , -393.116    , array([ 9.82755    ,  0.12576    ,  3.54406    ,  0.466859   ])
288     , -393.125    , array([ 9.82755    ,  0.12576    ,  3.54406    ,  0.467326   ])
292     , -393.122    , array([ 9.8271     ,  0.125672   ,  3.54355    ,  0.466273   ])
296     , -393.114    , array([ 9.82618    ,  0.12512    ,  3.54253    ,  0.465105   ])
300     , -393.124    , array([ 9.82618    ,  0.12512    ,  3.54253    ,  0.465571   ])
304     , -393.118    , array([ 9.82435    ,  0.124395   ,  3.5405     ,  0.462778   ])
312     , -393.131    , array([ 9.8536     ,  0.133568   ,  3.65904    ,  0.490305   ])
316     , -393.113    , array([ 9.82631    ,  0.124874   ,  3.54834    ,  0.464577   ])
