3852    , -101.365    , array([ 0.080308   ,  1.10843    ,  0.047541   ,  0.0393751  ])
3856    , -101.365    , array([ 0.080308   ,  1.10843    ,  0.047541   ,  0.0393751  ])
3864    , -147.31     , array([ 0.101133   ,  1.10843    ,  0.047541   ,  0.0393751  ])
3868    , -101.363    , array([ 0.080417   ,  1.10843    ,  0.047541   ,  0.0393751  ])
3872    , -146.685    , array([ 0.080419   ,  2.10843    ,  0.047541   ,  0.0393751  ])
3876    , -112.992    , array([ 0.080419   ,  1.4904     ,  0.047541   ,  0.0393751  ])
3880    , -101.363    , array([ 0.080419   ,  1.10998    ,  0.047541   ,  0.0393751  ])
3884    , -101.363    , array([ 0.080419   ,  1.10991    ,  0.047541   ,  0.0393751  ])
3896    , -101.358    , array([ 0.080419   ,  1.10991    ,  0.047486   ,  0.0393751  ])
3900    , -101.354    , array([ 0.080419   ,  1.10991    ,  0.0473686  ,  0.0393751  ])
3904    , -101.354    , array([ 0.080419   ,  1.10991    ,  0.0473704  ,  0.0393751  ])
3912    , -289.969    , array([ 0.080419   ,  1.10991    ,  0.0473704  ,  0.0634861  ])
3916    , -101.354    , array([ 0.080419   ,  1.10991    ,  0.0473704  ,  0.0393764  ])
3920    , -101.354    , array([ 0.080419   ,  1.10991    ,  0.0473704  ,  0.0393884  ])
3928    , -1060.68    , array([ 0.271389   ,  1.10991    ,  0.0473704  ,  0.0393884  ])
3932    , -467.298    , array([ 0.0459772  ,  1.10991    ,  0.0473704  ,  0.0393884  ])
3936    , -101.379    , array([ 0.0797174  ,  1.10991    ,  0.0473704  ,  0.0393884  ])
3940    , -101.346    , array([ 0.0801982  ,  1.10991    ,  0.0473704  ,  0.0393884  ])
3944    , -101.346    , array([ 0.080196   ,  1.10991    ,  0.0473704  ,  0.0393884  ])
3948    , -101.577    , array([ 0.080196   ,  1.06927    ,  0.0473704  ,  0.0393884  ])
3952    , -101.346    , array([ 0.080196   ,  1.11069    ,  0.0473704  ,  0.0393884  ])
3960    , -7562.86    , array([ 0.080196   ,  1.1107     ,  0.238238   ,  0.0393884  ])
3964    , -122.623    , array([ 0.080196   ,  1.1107     ,  0.039629   ,  0.0393884  ])
3968    , -101.338    , array([ 0.080196   ,  1.1107     ,  0.0472116  ,  0.0393884  ])
3972    , -4284.66    , array([ 0.080196   ,  1.1107     ,  0.0472116  ,  1.03939    ])
3976    , -3868.96    , array([ 0.080196   ,  1.1107     ,  0.0472116  ,  0.421354   ])
3980    , -1042.51    , array([ 0.080196   ,  1.1107     ,  0.0472116  ,  0.112326   ])
3984    , -105.976    , array([ 0.080196   ,  1.1107     ,  0.0472116  ,  0.0425788  ])
3988    , -101.338    , array([ 0.080196   ,  1.1107     ,  0.0472116  ,  0.0394083  ])
3992    , -101.322    , array([ 0.079973   ,  1.11149    ,  0.0470528  ,  0.0394285  ])
3996    , -100.868    , array([ 0.0672542  ,  1.15657    ,  0.0379993  ,  0.0405693  ])
4000    , -100.868    , array([ 0.0671248  ,  1.15703    ,  0.0379071  ,  0.0405809  ])
4008    , -1191.72    , array([ 0.258223   ,  1.15657    ,  0.0379993  ,  0.0405693  ])
4012    , -789.293    , array([ 0.0328124  ,  1.15657    ,  0.0379993  ,  0.0405693  ])
4016    , -100.889    , array([ 0.0674048  ,  1.15657    ,  0.0379993  ,  0.0405693  ])
4020    , -100.855    , array([ 0.066999   ,  1.15657    ,  0.0379993  ,  0.0405693  ])
4024    , -100.855    , array([ 0.0670016  ,  1.15657    ,  0.0379993  ,  0.0405693  ])
4028    , -101.305    , array([ 0.0670016  ,  1.06508    ,  0.0379993  ,  0.0405693  ])
4032    , -100.759    , array([ 0.0670016  ,  1.12852    ,  0.0379993  ,  0.0405693  ])
4040    , -2578.35    , array([ 0.0670016  ,  1.12824    ,  0.0379993  ,  0.231522   ])
4044    , -1573.25    , array([ 0.0670016  ,  1.12824    ,  0.0379993  ,  0.00612743 ])
4048    , -100.746    , array([ 0.0670016  ,  1.12824    ,  0.0379993  ,  0.0413237  ])
4052    , -100.684    , array([ 0.0670016  ,  1.12824    ,  0.0379993  ,  0.0409623  ])
4056    , -101.023    , array([ 0.075      ,  1.09989    ,  0.0436928  ,  0.0402449  ])
4060    , -100.655    , array([ 0.0642372  ,  1.13804    ,  0.0360315  ,  0.0412103  ])
4064    , -2521.48    , array([ 1.06424    ,  1.13804    ,  0.0360315  ,  0.0412103  ])
4068    , -1824.86    , array([ 0.446203   ,  1.13804    ,  0.0360315  ,  0.0412103  ])
4072    , -533.745    , array([ 0.137181   ,  1.13804    ,  0.0360315  ,  0.0412103  ])
4076    , -103.179    , array([ 0.0673815  ,  1.13804    ,  0.0360315  ,  0.0412103  ])
4080    , -100.634    , array([ 0.0639346  ,  1.13804    ,  0.0360315  ,  0.0412103  ])
4088    , -102.91     , array([ 0.0639346  ,  1.25843    ,  0.0360315  ,  0.0412103  ])
4092    , -100.547    , array([ 0.0639346  ,  1.112      ,  0.0360315  ,  0.0412103  ])
4096    , -4247.88    , array([ 0.0639346  ,  1.112      ,  0.0360315  ,  1.04121    ])
4100    , -3808.69    , array([ 0.0639346  ,  1.112      ,  0.0360315  ,  0.423176   ])
4104    , -1011.18    , array([ 0.0639346  ,  1.112      ,  0.0360315  ,  0.114148   ])
4108    , -104.806    , array([ 0.0639346  ,  1.112      ,  0.0360315  ,  0.0446487  ])
4112    , -100.499    , array([ 0.0639346  ,  1.112      ,  0.0360315  ,  0.0415262  ])
4116    , -100.499    , array([ 0.0639346  ,  1.112      ,  0.0360315  ,  0.0415294  ])
4120    , -100.471    , array([ 0.061603   ,  1.12026    ,  0.0343718  ,  0.0417385  ])
4124    , -100.309    , array([ 0.058702   ,  1.10344    ,  0.0325222  ,  0.0422907  ])
4128    , -100.205    , array([ 0.0472572  ,  1.03189    ,  0.0252662  ,  0.0445244  ])
4132    , -100.079    , array([ 0.0514638  ,  1.05819    ,  0.0279331  ,  0.0437034  ])
4136    , -100.079    , array([ 0.0513638  ,  1.05756    ,  0.0278697  ,  0.0437229  ])
4148    , -180.057    , array([ 0.0382081  ,  1.05756    ,  0.0278697  ,  0.0437229  ])
4152    , -109.306    , array([ 0.0458022  ,  1.05756    ,  0.0278697  ,  0.0437229  ])
4156    , -99.8767    , array([ 0.0506071  ,  1.05756    ,  0.0278697  ,  0.0437229  ])
4160    , -100.507    , array([ 0.0586056  ,  1.02922    ,  0.0335632  ,  0.0430055  ])
4164    , -99.8458    , array([ 0.0488765  ,  1.0637     ,  0.0266378  ,  0.0438782  ])
4168    , -99.8457    , array([ 0.0489486  ,  1.06344    ,  0.0266891  ,  0.0438717  ])
4180    , -200.347    , array([ 0.0489486  ,  1.06344    ,  0.0266891  ,  0.0307161  ])
4184    , -99.8388    , array([ 0.0489486  ,  1.06344    ,  0.0266891  ,  0.0439978  ])
4188    , -100.402    , array([ 0.0388428  ,  1.00027    ,  0.020282   ,  0.0459703  ])
4192    , -99.7875    , array([ 0.0450885  ,  1.03931    ,  0.0242418  ,  0.0447512  ])
4196    , -99.7809    , array([ 0.0460061  ,  1.04505    ,  0.0248236  ,  0.0445721  ])
4200    , -2439.69    , array([ 1.04598    ,  1.04486    ,  0.0248048  ,  0.0445779  ])
4204    , -1925.49    , array([ 0.427942   ,  1.04486    ,  0.0248048  ,  0.0445779  ])
4208    , -700.049    , array([ 0.11892    ,  1.04486    ,  0.0248048  ,  0.0445779  ])
4212    , -110.836    , array([ 0.0509451  ,  1.04486    ,  0.0248048  ,  0.0445779  ])
4216    , -99.6944    , array([ 0.0455316  ,  1.04486    ,  0.0248048  ,  0.0445779  ])
4220    , -102.214    , array([ 0.0664719  ,  0.97065    ,  0.0397106  ,  0.0426996  ])
4224    , -99.7016    , array([ 0.0457203  ,  1.04419    ,  0.0249391  ,  0.044561   ])
4228    , -99.6741    , array([ 0.0444291  ,  1.04877    ,  0.02402    ,  0.0446768  ])
4232    , -3946.83    , array([ 0.0444402  ,  1.04873    ,  0.0240278  ,  1.04468    ])
4236    , -3531.66    , array([ 0.0444402  ,  1.04873    ,  0.0240278  ,  0.426642   ])
4240    , -938.457    , array([ 0.0444402  ,  1.04873    ,  0.0240278  ,  0.117614   ])
4244    , -103.029    , array([ 0.0444402  ,  1.04873    ,  0.0240278  ,  0.0476247  ])
4248    , -99.6727    , array([ 0.0444402  ,  1.04873    ,  0.0240278  ,  0.0447319  ])
4252    , -100.818    , array([ 0.0607917  ,  1.15095    ,  0.0343947  ,  0.0415404  ])
4256    , -99.6517    , array([ 0.0432074  ,  1.04102    ,  0.0232462  ,  0.0449725  ])
4260    , -99.6505    , array([ 0.0428565  ,  1.03883    ,  0.0230238  ,  0.045041   ])
4264    , -99.3999    , array([ 0.0346305  ,  1.02268    ,  0.0183243  ,  0.0462647  ])
4268    , -99.3635    , array([ 0.0264562  ,  1.00669    ,  0.0136554  ,  0.0474799  ])
4272    , -99.3248    , array([ 0.0290626  ,  1.01179    ,  0.0151441  ,  0.0470924  ])
4276    , -99.3247    , array([ 0.029199   ,  1.01206    ,  0.015222   ,  0.0470721  ])
4280    , -99.275     , array([ 0.0306188  ,  1.02093    ,  0.0161222  ,  0.046795   ])
4284    , -99.2743    , array([ 0.0304809  ,  1.02007    ,  0.0160348  ,  0.0468219  ])
4288    , -99.2743    , array([ 0.0304682  ,  1.01999    ,  0.0160267  ,  0.0468244  ])
4292    , -99.3404    , array([ 0.0296616  ,  1.02285    ,  0.0154526  ,  0.0468968  ])
4296    , -99.2726    , array([ 0.0306328  ,  1.01941    ,  0.0161439  ,  0.0468097  ])
4300    , -99.2726    , array([ 0.0306312  ,  1.01941    ,  0.0161427  ,  0.0468098  ])
4308    , -242.442    , array([ 0.0306312  ,  1.01941    ,  0.0161427  ,  0.0695299  ])
4312    , -99.2722    , array([ 0.0306312  ,  1.01941    ,  0.0161427  ,  0.0467667  ])
4316    , -99.2721    , array([ 0.0306312  ,  1.01941    ,  0.0161427  ,  0.0467761  ])
4320    , -99.4947    , array([ 0.0390621  ,  1.0359     ,  0.0209582  ,  0.0455227  ])
4324    , -99.2146    , array([ 0.0263728  ,  1.01109    ,  0.0137105  ,  0.0474091  ])
4328    , -99.2146    , array([ 0.0263728  ,  1.01109    ,  0.0137105  ,  0.0474091  ])
4332    , -99.9585    , array([ 0.0326185  ,  1.05013    ,  0.0176703  ,  0.0461901  ])
4336    , -99.193     , array([ 0.0271191  ,  1.01575    ,  0.0141837  ,  0.0472635  ])
4340    , -99.193     , array([ 0.0270816  ,  1.01552    ,  0.0141599  ,  0.0472708  ])
4344    , -101.93     , array([ 0.0350801  ,  0.987172   ,  0.0198534  ,  0.0465534  ])
4348    , -99.1938    , array([ 0.0273403  ,  1.0146     ,  0.014344   ,  0.0472476  ])
4352    , -99.1918    , array([ 0.0271921  ,  1.01513    ,  0.0142385  ,  0.0472609  ])
4356    , -99.1918    , array([ 0.0271932  ,  1.01512    ,  0.0142393  ,  0.0472608  ])
4364    , -240.261    , array([ 0.0271932  ,  1.01512    ,  0.0142393  ,  0.0699218  ])
4368    , -99.1917    , array([ 0.0271932  ,  1.01512    ,  0.0142393  ,  0.0472325  ])
4372    , -99.1917    , array([ 0.0271932  ,  1.01512    ,  0.0142393  ,  0.0472415  ])
4376    , -99.41      , array([ 0.0356241  ,  1.03161    ,  0.0190548  ,  0.0459881  ])
4380    , -99.1669    , array([ 0.0239433  ,  1.00877    ,  0.0123831  ,  0.0477246  ])
4384    , -99.1638    , array([ 0.0243993  ,  1.00966    ,  0.0126435  ,  0.0476568  ])
4388    , -99.1196    , array([ 0.0229894  ,  1.00933    ,  0.0118985  ,  0.0478208  ])
4392    , -99.014     , array([ 0.0170085  ,  1.00624    ,  0.00869533 ,  0.0485484  ])
4396    , -99.0073    , array([ 0.0161084  ,  1.00577    ,  0.00821329 ,  0.0486579  ])
4404    , -105.282    , array([ 0.0116008  ,  0.981305   ,  0.00541919 ,  0.0494901  ])
4408    , -98.9811    , array([ 0.0158196  ,  1.00768    ,  0.00809393 ,  0.0486667  ])
4412    , -98.9811    , array([ 0.0158284  ,  1.00773    ,  0.00809951 ,  0.048665   ])
4416    , -107.796    , array([ 0.0238268  ,  0.979387   ,  0.013793   ,  0.0479475  ])
4420    , -99.0614    , array([ 0.0163331  ,  1.00594    ,  0.00845877 ,  0.0486197  ])
4424    , -98.9803    , array([ 0.0158722  ,  1.00758    ,  0.00813069 ,  0.048661   ])
4428    , -98.9803    , array([ 0.0158718  ,  1.00758    ,  0.00813039 ,  0.0486611  ])
4436    , -234.313    , array([ 0.0158718  ,  1.00758    ,  0.00813039 ,  0.071125   ])
4440    , -98.9803    , array([ 0.0158718  ,  1.00758    ,  0.00813039 ,  0.0486668  ])
4444    , -98.9803    , array([ 0.0158718  ,  1.00758    ,  0.00813039 ,  0.0486746  ])
4448    , -99.3411    , array([ 0.0307904  ,  1.01531    ,  0.0161202  ,  0.0468591  ])
4452    , -98.9669    , array([ 0.0121132  ,  1.00563    ,  0.00611745 ,  0.0491315  ])
4456    , -98.9554    , array([ 0.0133507  ,  1.00627    ,  0.00678022 ,  0.0489809  ])
4464    , -98.9554    , array([ 0.0132938  ,  1.00624    ,  0.00674974 ,  0.0489878  ])
4468    , -99.8734    , array([ 0.0118194  ,  0.997027   ,  0.00581496 ,  0.0492756  ])
4472    , -98.9483    , array([ 0.0134578  ,  1.00727    ,  0.00685374 ,  0.0489558  ])
4484    , -98.9566    , array([ 0.0136129  ,  1.00672    ,  0.00696414 ,  0.0489419  ])
4488    , -98.9477    , array([ 0.0134905  ,  1.00715    ,  0.00687702 ,  0.0489529  ])
4492    , -98.9477    , array([ 0.0134909  ,  1.00715    ,  0.00687725 ,  0.0489528  ])
4500    , -233.248    , array([ 0.0134909  ,  1.00715    ,  0.00687725 ,  0.0713604  ])
4504    , -98.9477    , array([ 0.0134909  ,  1.00715    ,  0.00687725 ,  0.0489503  ])
4508    , -98.9484    , array([ 0.0134909  ,  1.00715    ,  0.00687725 ,  0.0490029  ])
4512    , -98.9477    , array([ 0.0134909  ,  1.00715    ,  0.00687725 ,  0.0489587  ])
4516    , -98.9477    , array([ 0.0134909  ,  1.00715    ,  0.00687725 ,  0.0489578  ])
4520    , -99.0447    , array([ 0.0191893  ,  1.0101     ,  0.00992909 ,  0.0482645  ])
4524    , -98.9493    , array([ 0.0111206  ,  1.00592    ,  0.00560785 ,  0.0492462  ])
4528    , -98.9373    , array([ 0.0121968  ,  1.00648    ,  0.0061842  ,  0.0491153  ])
4536    , -98.9189    , array([ 0.0107306  ,  1.00678    ,  0.00542773 ,  0.0492858  ])
4540    , -98.9117    , array([ 0.0100254  ,  1.00692    ,  0.00506401 ,  0.0493677  ])
4544    , -113.694    , array([ 0.0263533  ,  1.10915    ,  0.0154187  ,  0.046179   ])
4548    , -101.553    , array([ 0.0131246  ,  1.02645    ,  0.00703173 ,  0.048761   ])
4552    , -98.9861    , array([ 0.0104574  ,  1.00978    ,  0.00534069 ,  0.0492816  ])
4556    , -98.9101    , array([ 0.010054   ,  1.00726    ,  0.00508493 ,  0.0493603  ])
4572    , -98.9097    , array([ 0.0100626  ,  1.00723    ,  0.00509107 ,  0.0493595  ])
4576    , -98.9095    , array([ 0.0100755  ,  1.00718    ,  0.00510027 ,  0.0493584  ])
4580    , -98.9095    , array([ 0.0100753  ,  1.00718    ,  0.00510012 ,  0.0493584  ])
4588    , -231.849    , array([ 0.0100753  ,  1.00718    ,  0.00510012 ,  0.0716886  ])
4592    , -98.9096    , array([ 0.0100753  ,  1.00718    ,  0.00510012 ,  0.0493456  ])
4596    , -98.9095    , array([ 0.0100753  ,  1.00718    ,  0.00510012 ,  0.0493538  ])
4600    , -98.9095    , array([ 0.0100753  ,  1.00718    ,  0.00510012 ,  0.0493533  ])
4604    , -98.9231    , array([ 0.0114239  ,  1.0069     ,  0.00579564 ,  0.0491966  ])
4608    , -98.9119    , array([ 0.0103329  ,  1.00713    ,  0.00523295 ,  0.0493234  ])
4612    , -98.9088    , array([ 0.0100002  ,  1.0072     ,  0.00506136 ,  0.0493621  ])
4616    , -98.9089    , array([ 0.0100044  ,  1.0072     ,  0.00506352 ,  0.0493616  ])
4620    , -98.9088    , array([ 0.0100009  ,  1.0072     ,  0.00506175 ,  0.049362   ])
