3900    , -2842.37    , array([ 1.14677    ,  1.62804    ,  0.097647   ,  0.0277749  ])
3904    , -1492.51    , array([ 0.528735   ,  1.62804    ,  0.097647   ,  0.0277749  ])
3908    , -289.769    , array([ 0.219714   ,  1.62804    ,  0.097647   ,  0.0277749  ])
3912    , -113.242    , array([ 0.130343   ,  1.62804    ,  0.097647   ,  0.0277749  ])
3916    , -108.53     , array([ 0.140004   ,  1.62804    ,  0.097647   ,  0.0277749  ])
3920    , -108.53     , array([ 0.140071   ,  1.62804    ,  0.097647   ,  0.0277749  ])
3924    , -108.55     , array([ 0.140071   ,  1.50389    ,  0.097647   ,  0.0277749  ])
3928    , -108.445    , array([ 0.140071   ,  1.56722    ,  0.097647   ,  0.0277749  ])
3936    , -2005.48    , array([ 0.140071   ,  1.56722    ,  0.288586   ,  0.0277749  ])
3940    , -108.44     , array([ 0.140071   ,  1.56722    ,  0.0974915  ,  0.0277749  ])
3944    , -108.437    , array([ 0.140071   ,  1.56722    ,  0.0972982  ,  0.0277749  ])
3960    , -108.337    , array([ 0.140071   ,  1.56722    ,  0.0972982  ,  0.0281209  ])
3964    , -108.337    , array([ 0.140071   ,  1.56722    ,  0.0972982  ,  0.0281273  ])
3968    , -109.279    , array([ 0.144211   ,  1.60481    ,  0.0975137  ,  0.0279095  ])
3972    , -108.303    , array([ 0.139132   ,  1.55869    ,  0.0972493  ,  0.0281767  ])
3980    , -3850.44    , array([ 0.139132   ,  1.55869    ,  0.0972493  ,  0.219114   ])
3988    , -108.567    , array([ 0.139132   ,  1.55869    ,  0.0972493  ,  0.028692   ])
3992    , -108.3      , array([ 0.139132   ,  1.55869    ,  0.0972493  ,  0.0281137  ])
3996    , -108.3      , array([ 0.139132   ,  1.55869    ,  0.0972493  ,  0.0281145  ])
4000    , -108.339    , array([ 0.139132   ,  1.45858    ,  0.0972493  ,  0.0281145  ])
4004    , -108.247    , array([ 0.139132   ,  1.51442    ,  0.0972493  ,  0.0281145  ])
4012    , -2046.9     , array([ 0.139132   ,  1.51397    ,  0.288188   ,  0.0281145  ])
4016    , -108.212    , array([ 0.139132   ,  1.51397    ,  0.096662   ,  0.0281145  ])
4020    , -108.211    , array([ 0.139132   ,  1.51397    ,  0.0965103  ,  0.0281145  ])
4024    , -108.135    , array([ 0.137613   ,  1.50017    ,  0.0964312  ,  0.0281944  ])
4028    , -108.134    , array([ 0.137738   ,  1.50131    ,  0.0964377  ,  0.0281879  ])
4036    , -3736.37    , array([ 0.137724   ,  1.50118    ,  0.096437   ,  0.219127   ])
4044    , -119.902    , array([ 0.137724   ,  1.50118    ,  0.096437   ,  0.0324994  ])
4048    , -108.075    , array([ 0.137724   ,  1.50118    ,  0.096437   ,  0.0284602  ])
4056    , -108.508    , array([ 0.137724   ,  1.59868    ,  0.096437   ,  0.0284602  ])
4060    , -108.043    , array([ 0.137724   ,  1.46876    ,  0.096437   ,  0.0284602  ])
4064    , -8384.61    , array([ 0.137724   ,  1.46876    ,  1.09644    ,  0.0284602  ])
4068    , -5738.49    , array([ 0.137724   ,  1.46876    ,  0.478403   ,  0.0284602  ])
4072    , -108.213    , array([ 0.137724   ,  1.46876    ,  0.0934268  ,  0.0284602  ])
4076    , -107.959    , array([ 0.137724   ,  1.46876    ,  0.0953173  ,  0.0284602  ])
4080    , -107.9      , array([ 0.136785   ,  1.46023    ,  0.0952795  ,  0.0285096  ])
4084    , -107.895    , array([ 0.136417   ,  1.45689    ,  0.0952604  ,  0.0285289  ])
4088    , -107.684    , array([ 0.135137   ,  1.41284    ,  0.0940851  ,  0.0288679  ])
4092    , -107.375    , array([ 0.131771   ,  1.29791    ,  0.0910255  ,  0.0297517  ])
4096    , -107.372    , array([ 0.131534   ,  1.28983    ,  0.0908104  ,  0.0298138  ])
4100    , -107.372    , array([ 0.131485   ,  1.28814    ,  0.0907655  ,  0.0298268  ])
4108    , -413.568    , array([ 0.131485   ,  1.28814    ,  0.0907655  ,  0.0576853  ])
4112    , -107.182    , array([ 0.131485   ,  1.28814    ,  0.0907655  ,  0.0309246  ])
4116    , -107.059    , array([ 0.131485   ,  1.28814    ,  0.0907655  ,  0.0305024  ])
4120    , -167.302    , array([ 0.131485   ,  0.670104   ,  0.0907655  ,  0.0305024  ])
4124    , -107.041    , array([ 0.131485   ,  1.30962    ,  0.0907655  ,  0.0305024  ])
4128    , -107.041    , array([ 0.131485   ,  1.30696    ,  0.0907655  ,  0.0305024  ])
4132    , -107.041    , array([ 0.131485   ,  1.30677    ,  0.0907655  ,  0.0305024  ])
4136    , -107.027    , array([ 0.132054   ,  1.31194    ,  0.0907951  ,  0.0304724  ])
4140    , -107.027    , array([ 0.132059   ,  1.31199    ,  0.0907954  ,  0.0304721  ])
4144    , -106.869    , array([ 0.12988    ,  1.23756    ,  0.088814   ,  0.0310445  ])
4148    , -108.718    , array([ 0.123189   ,  1.01333    ,  0.0822398  ,  0.0335974  ])
4152    , -106.869    , array([ 0.12981    ,  1.23517    ,  0.0887504  ,  0.0310628  ])
4160    , -407.362    , array([ 0.12981    ,  1.23517    ,  0.0887504  ,  0.0589216  ])
4164    , -107.02     , array([ 0.12981    ,  1.23517    ,  0.0887504  ,  0.0317407  ])
4168    , -106.851    , array([ 0.12981    ,  1.23517    ,  0.0887504  ,  0.0312293  ])
4172    , -106.851    , array([ 0.12981    ,  1.23517    ,  0.0887504  ,  0.0312276  ])
4176    , -106.794    , array([ 0.12981    ,  1.25347    ,  0.0887504  ,  0.0312276  ])
4180    , -106.778    , array([ 0.12981    ,  1.26973    ,  0.0887504  ,  0.0312276  ])
4184    , -106.778    , array([ 0.12981    ,  1.26939    ,  0.0887504  ,  0.0312276  ])
4188    , -106.777    , array([ 0.130013   ,  1.27124    ,  0.088761   ,  0.031217   ])
4192    , -106.777    , array([ 0.130015   ,  1.27125    ,  0.0887611  ,  0.0312168  ])
4196    , -107.333    , array([ 0.133071   ,  1.37562    ,  0.0915395  ,  0.0304143  ])
4200    , -106.666    , array([ 0.128291   ,  1.21238    ,  0.0871939  ,  0.0316695  ])
4204    , -106.666    , array([ 0.128291   ,  1.21238    ,  0.0871939  ,  0.0316695  ])
4208    , -106.42     , array([ 0.122806   ,  1.1301     ,  0.0815735  ,  0.0338603  ])
4212    , -106.413    , array([ 0.123596   ,  1.14195    ,  0.0823828  ,  0.0335448  ])
4216    , -4553.33    , array([ 0.123596   ,  1.14195    ,  0.0823828  ,  1.03354    ])
4220    , -4188.76    , array([ 0.123596   ,  1.14195    ,  0.0823828  ,  0.415511   ])
4224    , -1172.28    , array([ 0.123596   ,  1.14195    ,  0.0823828  ,  0.106481   ])
4228    , -114.234    , array([ 0.123596   ,  1.14195    ,  0.0823828  ,  0.0369168  ])
4232    , -106.28     , array([ 0.123596   ,  1.14195    ,  0.0823828  ,  0.0330609  ])
4236    , -132.789    , array([ 0.123596   ,  2.14195    ,  0.0823828  ,  0.0330609  ])
4240    , -111.743    , array([ 0.123596   ,  1.52391    ,  0.0823828  ,  0.0330609  ])
4244    , -106.026    , array([ 0.123596   ,  1.19648    ,  0.0823828  ,  0.0330609  ])
4248    , -106.042    , array([ 0.122657   ,  1.18795    ,  0.0823339  ,  0.0331103  ])
4252    , -106.023    , array([ 0.123237   ,  1.19322    ,  0.0823641  ,  0.0330798  ])
4256    , -106.023    , array([ 0.123315   ,  1.19393    ,  0.0823682  ,  0.0330757  ])
4260    , -106.231    , array([ 0.126217   ,  1.23746    ,  0.0853416  ,  0.0319167  ])
4264    , -105.976    , array([ 0.121043   ,  1.15984    ,  0.0800394  ,  0.0339834  ])
4268    , -105.846    , array([ 0.11384    ,  1.10796    ,  0.0729311  ,  0.0362793  ])
4272    , -105.841    , array([ 0.1166     ,  1.12791    ,  0.0756551  ,  0.0353989  ])
4276    , -105.835    , array([ 0.115413   ,  1.11933    ,  0.0744841  ,  0.0357773  ])
4288    , -208.408    , array([ 0.115413   ,  1.11933    ,  0.0744841  ,  0.0226217  ])
4292    , -105.114    , array([ 0.115413   ,  1.11933    ,  0.0744841  ,  0.0346099  ])
4296    , -105.545    , array([ 0.110718   ,  1.0489     ,  0.069673   ,  0.0364852  ])
4300    , -105.179    , array([ 0.11362    ,  1.09243    ,  0.0726464  ,  0.0353262  ])
4304    , -105.113    , array([ 0.115597   ,  1.12209    ,  0.0746723  ,  0.0345365  ])
4308    , -105.042    , array([ 0.11466    ,  1.11359    ,  0.0746253  ,  0.0345852  ])
4312    , -105.038    , array([ 0.114356   ,  1.11083    ,  0.0746094  ,  0.0346012  ])
4316    , -105.432    , array([ 0.0995707  ,  1.00402    ,  0.0600057  ,  0.0393207  ])
4320    , -104.708    , array([ 0.107802   ,  1.06349    ,  0.0681297  ,  0.036695   ])
4324    , -104.708    , array([ 0.107736   ,  1.06302    ,  0.0680649  ,  0.036716   ])
4336    , -213.97     , array([ 0.107736   ,  1.06302    ,  0.0680649  ,  0.0235604  ])
4340    , -118.004    , array([ 0.107736   ,  1.06302    ,  0.0680649  ,  0.0314233  ])
4344    , -104.627    , array([ 0.107736   ,  1.06302    ,  0.0680649  ,  0.0363119  ])
4348    , -104.502    , array([ 0.110638   ,  1.10655    ,  0.0710383  ,  0.0351529  ])
4352    , -104.5      , array([ 0.110319   ,  1.10177    ,  0.0707115  ,  0.0352803  ])
4356    , -104.695    , array([ 0.107835   ,  1.07906    ,  0.0705572  ,  0.0354199  ])
4360    , -104.486    , array([ 0.109788   ,  1.0968     ,  0.070659   ,  0.0353171  ])
4364    , -104.243    , array([ 0.104136   ,  1.05596    ,  0.0650806  ,  0.0371201  ])
4368    , -104.272    , array([ 0.106295   ,  1.07156    ,  0.0672113  ,  0.0364314  ])
4372    , -103.855    , array([ 0.101319   ,  1.05455    ,  0.0628689  ,  0.0372744  ])
4376    , -103.314    , array([ 0.0893262  ,  1.03872    ,  0.0531579  ,  0.0383182  ])
4380    , -103.284    , array([ 0.0919241  ,  1.04215    ,  0.0552615  ,  0.0380921  ])
4384    , -103.282    , array([ 0.091456   ,  1.04153    ,  0.0548825  ,  0.0381328  ])
4396    , -226.806    , array([ 0.091456   ,  1.04153    ,  0.0548825  ,  0.0249772  ])
4400    , -102.958    , array([ 0.091456   ,  1.04153    ,  0.0548825  ,  0.0389629  ])
4404    , -103.126    , array([ 0.0990526  ,  1.15551    ,  0.062667   ,  0.0359286  ])
4408    , -102.656    , array([ 0.0946272  ,  1.08911    ,  0.0581321  ,  0.0376962  ])
4412    , -102.656    , array([ 0.0945248  ,  1.08758    ,  0.0580272  ,  0.0377371  ])
4416    , -102.695    , array([ 0.0951053  ,  1.09285    ,  0.0580574  ,  0.0377066  ])
4420    , -102.653    , array([ 0.0943501  ,  1.08599    ,  0.0580181  ,  0.0377463  ])
4424    , -102.28     , array([ 0.0812766  ,  1.06872    ,  0.0474336  ,  0.038884   ])
4428    , -102.147    , array([ 0.0852823  ,  1.07401    ,  0.0506771  ,  0.0385354  ])
4432    , -102.147    , array([ 0.0852823  ,  1.07401    ,  0.0506771  ,  0.0385354  ])
4444    , -226.412    , array([ 0.0852823  ,  1.07401    ,  0.0506771  ,  0.0253798  ])
4448    , -101.897    , array([ 0.0852823  ,  1.07401    ,  0.0506771  ,  0.0392562  ])
4452    , -103.145    , array([ 0.0928789  ,  1.18798    ,  0.0584616  ,  0.0362219  ])
4456    , -101.864    , array([ 0.0862986  ,  1.08926    ,  0.0517185  ,  0.0388502  ])
4460    , -101.863    , array([ 0.0862026  ,  1.08782    ,  0.0516202  ,  0.0388886  ])
4464    , -101.863    , array([ 0.0861935  ,  1.08768    ,  0.0516108  ,  0.0388922  ])
4468    , -101.855    , array([ 0.0858843  ,  1.08487    ,  0.0515947  ,  0.0389085  ])
4472    , -105.327    , array([ 0.107032   ,  1.11275    ,  0.0687205  ,  0.0370679  ])
4476    , -101.61     , array([ 0.0784548  ,  1.07504    ,  0.0455813  ,  0.0395549  ])
4480    , -101.168    , array([ 0.0749319  ,  1.08044    ,  0.0431613  ,  0.0402869  ])
4484    , -100.896    , array([ 0.0658837  ,  1.08606    ,  0.0365911  ,  0.041818   ])
4488    , -100.885    , array([ 0.0671717  ,  1.08526    ,  0.0375264  ,  0.0416001  ])
4492    , -4111.51    , array([ 0.0671717  ,  1.08526    ,  0.0375264  ,  1.0416     ])
4496    , -3686.64    , array([ 0.0671717  ,  1.08526    ,  0.0375264  ,  0.423566   ])
4500    , -983.749    , array([ 0.0671717  ,  1.08526    ,  0.0375264  ,  0.114538   ])
4504    , -104.828    , array([ 0.0671717  ,  1.08526    ,  0.0375264  ,  0.04476    ])
4508    , -100.879    , array([ 0.0671717  ,  1.08526    ,  0.0375264  ,  0.0417192  ])
4512    , -103.126    , array([ 0.0747683  ,  1.19923    ,  0.0453109  ,  0.0386849  ])
4516    , -100.702    , array([ 0.0686047  ,  1.10676    ,  0.0389949  ,  0.0411468  ])
4520    , -100.702    , array([ 0.0685352  ,  1.10571    ,  0.0389236  ,  0.0411746  ])
4524    , -101.185    , array([ 0.0660903  ,  1.08359    ,  0.0388097  ,  0.0412985  ])
4528    , -100.653    , array([ 0.0679628  ,  1.1006     ,  0.0389072  ,  0.0411999  ])
4532    , -102.37     , array([ 0.0888985  ,  1.08765    ,  0.0541054  ,  0.0376579  ])
4536    , -100.628    , array([ 0.0569417  ,  1.1075     ,  0.0309005  ,  0.0430656  ])
4540    , -100.466    , array([ 0.0614338  ,  1.10471    ,  0.0341624  ,  0.0423054  ])
4544    , -4197.94    , array([ 0.0614338  ,  1.10471    ,  0.0341624  ,  1.04231    ])
4548    , -3760.43    , array([ 0.0614338  ,  1.10471    ,  0.0341624  ,  0.424271   ])
4552    , -1004.84    , array([ 0.0614338  ,  1.10471    ,  0.0341624  ,  0.115243   ])
4556    , -104.158    , array([ 0.0614338  ,  1.10471    ,  0.0341624  ,  0.0449721  ])
4560    , -100.436    , array([ 0.0614338  ,  1.10471    ,  0.0341624  ,  0.0420489  ])
4564    , -104.796    , array([ 0.0690304  ,  1.21868    ,  0.0419469  ,  0.039012   ])
4568    , -100.429    , array([ 0.0618635  ,  1.11116    ,  0.0346027  ,  0.0418747  ])
4572    , -100.426    , array([ 0.0617066  ,  1.1088     ,  0.034442   ,  0.0419373  ])
4576    , -100.398    , array([ 0.0607675  ,  1.10027    ,  0.0343931  ,  0.0419867  ])
4580    , -100.371    , array([ 0.0611544  ,  1.10379    ,  0.0344132  ,  0.0419664  ])
4584    , -101.912    , array([ 0.0820843  ,  1.09079    ,  0.0496111  ,  0.0384246  ])
4588    , -100.291    , array([ 0.0565855  ,  1.10662    ,  0.0310956  ,  0.0427395  ])
4592    , -100.285    , array([ 0.0574834  ,  1.10607    ,  0.0317476  ,  0.0425876  ])
4596    , -100.168    , array([ 0.053533   ,  1.10742    ,  0.0293328  ,  0.0428698  ])
4600    , -100.121    , array([ 0.050442   ,  1.10849    ,  0.0274433  ,  0.0430905  ])
4604    , -100.113    , array([ 0.0486211  ,  1.10911    ,  0.0263302  ,  0.0432206  ])
4616    , -207.672    , array([ 0.0486211  ,  1.10911    ,  0.0263302  ,  0.030065   ])
4620    , -100.074    , array([ 0.0486211  ,  1.10911    ,  0.0263302  ,  0.0435173  ])
4624    , -109.05     , array([ 0.0562177  ,  1.22308    ,  0.0341147  ,  0.0404801  ])
4628    , -100.08     , array([ 0.0487416  ,  1.11092    ,  0.0264536  ,  0.0434663  ])
4632    , -100.073    , array([ 0.0485741  ,  1.10841    ,  0.026282   ,  0.0435331  ])
4636    , -100.073    , array([ 0.0485734  ,  1.1084     ,  0.0262813  ,  0.0435334  ])
4640    , -100.023    , array([ 0.0481585  ,  1.10463    ,  0.0262597  ,  0.0435553  ])
4644    , -100.599    , array([ 0.062498   ,  1.0997     ,  0.0350252  ,  0.0425311  ])
4648    , -99.9796    , array([ 0.042478   ,  1.10658    ,  0.0227873  ,  0.043961   ])
4652    , -100.482    , array([ 0.0295299  ,  1.10639    ,  0.0150846  ,  0.0451874  ])
4656    , -99.9768    , array([ 0.0435067  ,  1.10623    ,  0.0234161  ,  0.0438875  ])
4664    , -263.641    , array([ 0.0435067  ,  1.10623    ,  0.0234161  ,  0.0672747  ])
4668    , -99.9578    , array([ 0.0435067  ,  1.10623    ,  0.0234161  ,  0.0440906  ])
4672    , -109.024    , array([ 0.0388117  ,  1.03579    ,  0.018605   ,  0.0459695  ])
4676    , -100.801    , array([ 0.0417133  ,  1.07932    ,  0.0215784  ,  0.0448105  ])
4680    , -99.9334    , array([ 0.0432356  ,  1.10216    ,  0.0231383  ,  0.0442025  ])
4684    , -101.116    , array([ 0.0447552  ,  1.11596    ,  0.0232175  ,  0.0441226  ])
4688    , -99.8924    , array([ 0.0428999  ,  1.09911    ,  0.0231209  ,  0.0442202  ])
4692    , -100.107    , array([ 0.0340417  ,  1.1022     ,  0.0177037  ,  0.044853   ])
4696    , -99.8762    , array([ 0.0395189  ,  1.10031    ,  0.0210518  ,  0.0444617  ])
4700    , -99.8733    , array([ 0.0404175  ,  1.10001    ,  0.0216011  ,  0.0443976  ])
4704    , -99.7807    , array([ 0.037278   ,  1.0938     ,  0.0197555  ,  0.0449112  ])
4708    , -99.7122    , array([ 0.0341637  ,  1.08758    ,  0.0179252  ,  0.045423   ])
4712    , -99.6969    , array([ 0.032239   ,  1.08374    ,  0.016794   ,  0.0457394  ])
4724    , -196.894    , array([ 0.032239   ,  1.08374    ,  0.016794   ,  0.0325837  ])
4728    , -99.6926    , array([ 0.032239   ,  1.08374    ,  0.016794   ,  0.0458399  ])
4732    , -125.988    , array([ 0.027544   ,  1.01331    ,  0.0119829  ,  0.0477141  ])
4736    , -102.888    , array([ 0.0304457  ,  1.05684    ,  0.0149563  ,  0.0465552  ])
4740    , -99.6722    , array([ 0.0324085  ,  1.08629    ,  0.0169677  ,  0.0457711  ])
4744    , -100.341    , array([ 0.046748   ,  1.08136    ,  0.0257332  ,  0.0447469  ])
4748    , -99.6758    , array([ 0.0337521  ,  1.08582    ,  0.017789   ,  0.0456752  ])
4752    , -99.6697    , array([ 0.0329186  ,  1.08611    ,  0.0172795  ,  0.0457347  ])
4756    , -100.065    , array([ 0.046111   ,  1.11244    ,  0.0250328  ,  0.0435665  ])
4760    , -99.6456    , array([ 0.029424   ,  1.07914    ,  0.0152257  ,  0.046309   ])
4764    , -99.6393    , array([ 0.0303966  ,  1.08108    ,  0.0157973  ,  0.0461492  ])
4768    , -4044.54    , array([ 0.0303966  ,  1.08108    ,  0.0157973  ,  1.04615    ])
4772    , -3594.2     , array([ 0.0303966  ,  1.08108    ,  0.0157973  ,  0.428115   ])
4776    , -946.327    , array([ 0.0303966  ,  1.08108    ,  0.0157973  ,  0.119087   ])
4780    , -102.722    , array([ 0.0303966  ,  1.08108    ,  0.0157973  ,  0.0488469  ])
4784    , -99.6368    , array([ 0.0303966  ,  1.08108    ,  0.0157973  ,  0.0460724  ])
4788    , -123.968    , array([ 0.0379932  ,  1.19505    ,  0.0235818  ,  0.0430373  ])
4792    , -99.6739    , array([ 0.0307687  ,  1.08666    ,  0.0161786  ,  0.045923   ])
4796    , -99.6246    , array([ 0.0305177  ,  1.08289    ,  0.0159213  ,  0.0460233  ])
4800    , -99.6246    , array([ 0.0305189  ,  1.08291    ,  0.0159226  ,  0.0460228  ])
4804    , -99.6214    , array([ 0.0309618  ,  1.08276    ,  0.0161933  ,  0.0459911  ])
4808    , -99.6213    , array([ 0.0310257  ,  1.08274    ,  0.0162324  ,  0.0459866  ])
4812    , -99.6213    , array([ 0.0310309  ,  1.08274    ,  0.0162356  ,  0.0459862  ])
4816    , -99.5979    , array([ 0.0291537  ,  1.07899    ,  0.0151323  ,  0.0462947  ])
4820    , -99.5598    , array([ 0.0276329  ,  1.07635    ,  0.0143041  ,  0.0464859  ])
4824    , -100.098    , array([ 0.012539   ,  1.05051    ,  0.0061487  ,  0.0483249  ])
4828    , -99.4251    , array([ 0.0202832  ,  1.06377    ,  0.010333   ,  0.0473814  ])
4832    , -99.4233    , array([ 0.0195555  ,  1.06252    ,  0.00993978 ,  0.04747    ])
4836    , -99.4233    , array([ 0.0196492  ,  1.06268    ,  0.00999039 ,  0.0474586  ])
4844    , -242.831    , array([ 0.0196492  ,  1.06268    ,  0.00999039 ,  0.0701264  ])
4848    , -99.4181    , array([ 0.0196492  ,  1.06268    ,  0.00999039 ,  0.047567   ])
4852    , -99.4181    , array([ 0.0196492  ,  1.06268    ,  0.00999039 ,  0.0475719  ])
4856    , -111.35     , array([ 0.0225508  ,  1.10622    ,  0.0129638  ,  0.046413   ])
4860    , -99.389     , array([ 0.019766   ,  1.06444    ,  0.0101102  ,  0.0475253  ])
4864    , -119.979    , array([ 0.0109017  ,  1.06745    ,  0.00469069 ,  0.0481591  ])
4868    , -100.531    , array([ 0.0163789  ,  1.06557    ,  0.0080388  ,  0.0477679  ])
4872    , -99.3865    , array([ 0.0199753  ,  1.06433    ,  0.0102372  ,  0.047511   ])
4876    , -99.3865    , array([ 0.0199753  ,  1.06433    ,  0.0102372  ,  0.047511   ])
4880    , -99.5192    , array([ 0.0257636  ,  1.07424    ,  0.0133647  ,  0.0468058  ])
4884    , -99.3422    , array([ 0.0171003  ,  1.05941    ,  0.00868387 ,  0.0478613  ])
4892    , -99.3405    , array([ 0.0165923  ,  1.05854    ,  0.00840939 ,  0.0479232  ])
4900    , -241.253    , array([ 0.0165923  ,  1.05854    ,  0.00840939 ,  0.0704415  ])
4904    , -99.3403    , array([ 0.0165923  ,  1.05854    ,  0.00840939 ,  0.0479396  ])
4908    , -99.3403    , array([ 0.0165923  ,  1.05854    ,  0.00840939 ,  0.0479463  ])
4912    , -99.3403    , array([ 0.0165923  ,  1.05854    ,  0.00840939 ,  0.0479463  ])
4916    , -99.3385    , array([ 0.016703   ,  1.0602     ,  0.00852277 ,  0.0479021  ])
4920    , -99.3296    , array([ 0.0166498  ,  1.05941    ,  0.00846831 ,  0.0479233  ])
4924    , -100.521    , array([ 0.022127   ,  1.05752    ,  0.0118164  ,  0.0475321  ])
4928    , -99.328     , array([ 0.0168872  ,  1.05932    ,  0.00861339 ,  0.0479064  ])
4932    , -99.3276    , array([ 0.0168387  ,  1.05934    ,  0.00858376 ,  0.0479098  ])
4936    , -99.3275    , array([ 0.0168088  ,  1.05935    ,  0.00856545 ,  0.047912   ])
4940    , -99.4712    , array([ 0.022597   ,  1.06926    ,  0.0116929  ,  0.0472067  ])
4944    , -99.3082    , array([ 0.0145244  ,  1.05544    ,  0.00733121 ,  0.0481903  ])
4948    , -99.3063    , array([ 0.0148111  ,  1.05593    ,  0.00748608 ,  0.0481554  ])
4952    , -99.277     , array([ 0.0133841  ,  1.05393    ,  0.00675422 ,  0.0483444  ])
4972    , -2274.79    , array([ 0.010021   ,  1.04909    ,  0.00501918 ,  0.239742   ])
4976    , -1165.78    , array([ 0.010021   ,  1.04909    ,  0.00501918 ,  0.0143441  ])
4980    , -99.2716    , array([ 0.010021   ,  1.04909    ,  0.00501918 ,  0.0491251  ])
4984    , -99.235     , array([ 0.010021   ,  1.04909    ,  0.00501918 ,  0.048819   ])
4988    , -99.235     , array([ 0.010021   ,  1.04909    ,  0.00501918 ,  0.048819   ])
4992    , -139.815    , array([ 0.0129227  ,  1.09262    ,  0.00799261 ,  0.04766    ])
4996    , -101.441    , array([ 0.0105752  ,  1.0574     ,  0.00558706 ,  0.0485976  ])
5000    , -99.2242    , array([ 0.0100559  ,  1.04961    ,  0.00505487 ,  0.0488051  ])
5004    , -99.2242    , array([ 0.0100549  ,  1.0496     ,  0.00505383 ,  0.0488055  ])
5008    , -102.665    , array([ 0.015532   ,  1.04771    ,  0.00840193 ,  0.0484143  ])
5012    , -99.4841    , array([ 0.0111009  ,  1.04924    ,  0.00569326 ,  0.0487308  ])
5016    , -99.2233    , array([ 0.01011    ,  1.04958    ,  0.00508752 ,  0.0488015  ])
5020    , -99.2233    , array([ 0.0100926  ,  1.04958    ,  0.00507688 ,  0.0488028  ])
5024    , -99.3621    , array([ 0.0181428  ,  1.06114    ,  0.00923135 ,  0.0477466  ])
5028    , -99.2461    , array([ 0.0116407  ,  1.05179    ,  0.00587683 ,  0.0486003  ])
5032    , -99.2266    , array([ 0.0103297  ,  1.0499     ,  0.00520047 ,  0.0487724  ])
5048    , -99.2217    , array([ 0.01       ,  1.04943    ,  0.00503039 ,  0.0488157  ])
5056    , -237.936    , array([ 0.01       ,  1.04943    ,  0.00503039 ,  0.0711443  ])
5060    , -99.2209    , array([ 0.01       ,  1.04943    ,  0.00503039 ,  0.0487595  ])
5064    , -99.2208    , array([ 0.01       ,  1.04943    ,  0.00503039 ,  0.0487682  ])
5068    , -140.973    , array([ 0.0129017  ,  1.09296    ,  0.00800381 ,  0.0476092  ])
5072    , -101.797    , array([ 0.0105542  ,  1.05774    ,  0.00559826 ,  0.0485469  ])
5076    , -99.2911    , array([ 0.0100809  ,  1.05064    ,  0.00511324 ,  0.0487359  ])
5080    , -99.2236    , array([ 0.0100118  ,  1.0496     ,  0.00504248 ,  0.0487635  ])
5084    , -99.2211    , array([ 0.0100017  ,  1.04945    ,  0.00503215 ,  0.0487675  ])
5088    , -99.2209    , array([ 0.0100003  ,  1.04943    ,  0.00503065 ,  0.0487681  ])
5092    , -99.2209    , array([ 0.0100001  ,  1.04943    ,  0.00503043 ,  0.0487682  ])
5096    , -99.2208    , array([ 0.01       ,  1.04943    ,  0.00503038 ,  0.0487682  ])
5100    , -99.2208    , array([ 0.01       ,  1.04943    ,  0.00503037 ,  0.0487682  ])
5104    , -99.2208    , array([ 0.01       ,  1.04943    ,  0.00503037 ,  0.0487682  ])
5108    , -102.719    , array([ 0.0154772  ,  1.04754    ,  0.00837848 ,  0.048377   ])
5112    , -99.5013    , array([ 0.011046   ,  1.04907    ,  0.0056698  ,  0.0486935  ])
5116    , -99.2266    , array([ 0.0101526  ,  1.04937    ,  0.00512366 ,  0.0487573  ])
5120    , -99.2207    , array([ 0.0100192  ,  1.04942    ,  0.00504213 ,  0.0487669  ])
5124    , -99.2207    , array([ 0.0100269  ,  1.04942    ,  0.00504679 ,  0.0487663  ])
5128    , -99.2207    , array([ 0.0100196  ,  1.04942    ,  0.00504237 ,  0.0487668  ])
5132    , -99.2207    , array([ 0.0100194  ,  1.04942    ,  0.00504225 ,  0.0487668  ])
5144    , -99.2205    , array([ 0.010004   ,  1.0494     ,  0.00503429 ,  0.0487689  ])
5152    , -99.2204    , array([ 0.01       ,  1.04939    ,  0.00503224 ,  0.0487694  ])
