4064    , -99.7355    , array([ 0.0456063  ,  1.03269    ,  0.0250386  ,  0.0446333  ])
4076    , -223.879    , array([ 0.0324507  ,  1.03269    ,  0.0250386  ,  0.0446333  ])
4080    , -99.7127    , array([ 0.0458389  ,  1.03269    ,  0.0250386  ,  0.0446333  ])
4084    , -163.001    , array([ 0.0458346  ,  2.03269    ,  0.0250386  ,  0.0446333  ])
4088    , -115.868    , array([ 0.0458346  ,  1.41465    ,  0.0250386  ,  0.0446333  ])
4092    , -99.7076    , array([ 0.0458346  ,  1.03799    ,  0.0250386  ,  0.0446333  ])
4096    , -24531.5    , array([ 0.0458346  ,  1.03799    ,  1.02504    ,  0.0446333  ])
4100    , -24456.5    , array([ 0.0458346  ,  1.03799    ,  0.407005   ,  0.0446333  ])
4104    , -4813.61    , array([ 0.0458346  ,  1.03799    ,  0.0979124  ,  0.0446333  ])
4108    , -99.7123    , array([ 0.0458346  ,  1.03799    ,  0.0249098  ,  0.0446333  ])
4112    , -99.7044    , array([ 0.0458346  ,  1.03799    ,  0.0249886  ,  0.0446333  ])
4124    , -195.519    , array([ 0.0458346  ,  1.03799    ,  0.0249886  ,  0.0314777  ])
4128    , -99.7043    , array([ 0.0458346  ,  1.03799    ,  0.0249886  ,  0.0446422  ])
4132    , -99.7043    , array([ 0.0458346  ,  1.03799    ,  0.0249886  ,  0.0446423  ])
4140    , -1399.98    , array([ 0.236803   ,  1.03799    ,  0.0249886  ,  0.0446422  ])
4144    , -6567.05    , array([ 0.0113928  ,  1.03799    ,  0.0249886  ,  0.0446422  ])
4148    , -100.147    , array([ 0.0468225  ,  1.03799    ,  0.0249886  ,  0.0446422  ])
4152    , -99.7037    , array([ 0.0457987  ,  1.03799    ,  0.0249886  ,  0.0446422  ])
4160    , -102.559    , array([ 0.0457983  ,  1.17675    ,  0.0249886  ,  0.0446422  ])
4164    , -99.7036    , array([ 0.0457983  ,  1.03896    ,  0.0249886  ,  0.0446422  ])
4168    , -24551.8    , array([ 0.0457983  ,  1.03895    ,  1.02499    ,  0.0446422  ])
4172    , -24477.1    , array([ 0.0457983  ,  1.03895    ,  0.406955   ,  0.0446422  ])
4176    , -4821.43    , array([ 0.0457983  ,  1.03895    ,  0.0978623  ,  0.0446422  ])
4180    , -99.7092    , array([ 0.0457983  ,  1.03895    ,  0.0248882  ,  0.0446422  ])
4184    , -99.7025    , array([ 0.0457983  ,  1.03895    ,  0.02496    ,  0.0446422  ])
4196    , -195.336    , array([ 0.0457983  ,  1.03895    ,  0.02496    ,  0.0314866  ])
4200    , -99.7025    , array([ 0.0457983  ,  1.03895    ,  0.02496    ,  0.0446364  ])
4204    , -99.7025    , array([ 0.0457983  ,  1.03895    ,  0.02496    ,  0.0446362  ])
