17      , -11198.2    , array([ 0.995883   ,  2.30013    ,  0.545677   ,  0.511165   ,  1.00621    ,  0.667902   ,  1.75534    ,  0.106343   ,  0.0460078  ,  0.154324   ,  0          ,  0.552465   ,  1.03828    ,  0.505561   ,  2.77069    ,  1.05       ,  3.3842     ])
51      , -11276.7    , array([ 0.99588    ,  2.29486    ,  0.545983   ,  0.702145   ,  1.00621    ,  0.667902   ,  1.75534    ,  0.106343   ,  0.0460078  ,  0.154324   ,  0          ,  0.552465   ,  1.03828    ,  0.505561   ,  2.77069    ,  1.05       ,  3.3842     ])
68      , -11198.2    , array([ 0.99588    ,  2.29486    ,  0.545983   ,  0.511128   ,  1.00621    ,  0.667902   ,  1.75534    ,  0.106343   ,  0.0460078  ,  0.154324   ,  0          ,  0.552465   ,  1.03828    ,  0.505561   ,  2.77069    ,  1.05       ,  3.3842     ])
85      , -11515.1    , array([ 0.99588    ,  2.29486    ,  0.545983   ,  0.511128   ,  1.00714    ,  1.04987    ,  1.75534    ,  0.106343   ,  0.0460078  ,  0.154324   ,  0          ,  0.552465   ,  1.03828    ,  0.505561   ,  2.77069    ,  1.05       ,  3.3842     ])
102     , -11198.3    , array([ 0.99588    ,  2.29486    ,  0.545983   ,  0.511128   ,  1.00714    ,  0.66836    ,  1.7385     ,  0.106343   ,  0.0460078  ,  0.154324   ,  0          ,  0.552465   ,  1.03828    ,  0.505561   ,  2.77069    ,  1.05       ,  3.3842     ])
119     , -11244.6    , array([ 0.99588    ,  2.29486    ,  0.545983   ,  0.511128   ,  1.00714    ,  0.66836    ,  1.75326    ,  0.114499   ,  0.0460078  ,  0.154324   ,  0          ,  0.552465   ,  1.03828    ,  0.505561   ,  2.77069    ,  1.05       ,  3.3842     ])
136     , -11870.1    , array([ 0.99588    ,  2.29486    ,  0.545983   ,  0.511128   ,  1.00714    ,  0.66836    ,  1.75326    ,  0.106581   ,  0.0738634  ,  0.154324   ,  0          ,  0.552465   ,  1.03828    ,  0.505561   ,  2.77069    ,  1.05       ,  3.3842     ])
153     , -11198.1    , array([ 0.99588    ,  2.29486    ,  0.545983   ,  0.511128   ,  1.00714    ,  0.66836    ,  1.75326    ,  0.106581   ,  0.0459527  ,  0.173552   ,  0          ,  0.552465   ,  1.03828    ,  0.505561   ,  2.77069    ,  1.05       ,  3.3842     ])
187     , -11198.1    , array([ 0.99588    ,  2.29486    ,  0.545983   ,  0.511128   ,  1.00714    ,  0.66836    ,  1.75326    ,  0.106581   ,  0.0459527  ,  0.173552   ,  7.03583e-07,  0.552465   ,  1.03828    ,  0.505561   ,  2.77069    ,  1.05       ,  3.3842     ])
221     , -11198.1    , array([ 0.99588    ,  2.29486    ,  0.545983   ,  0.511128   ,  1.00714    ,  0.66836    ,  1.75326    ,  0.106581   ,  0.0459527  ,  0.173552   ,  0          ,  0.550221   ,  1.03828    ,  0.505561   ,  2.77069    ,  1.05       ,  3.3842     ])
238     , -11603.7    , array([ 0.99588    ,  2.29486    ,  0.545983   ,  0.511128   ,  1.00714    ,  0.66836    ,  1.75326    ,  0.106581   ,  0.0459527  ,  0.173552   ,  0          ,  0.550188   ,  1.03752    ,  1.50556    ,  2.77069    ,  1.05       ,  3.3842     ])
255     , -11198.1    , array([ 0.99588    ,  2.29486    ,  0.545983   ,  0.511128   ,  1.00714    ,  0.66836    ,  1.75326    ,  0.106581   ,  0.0459527  ,  0.173552   ,  0          ,  0.550188   ,  1.03752    ,  0.503536   ,  2.75212    ,  1.05       ,  3.3842     ])
272     , -11198.1    , array([ 0.99588    ,  2.29486    ,  0.545983   ,  0.511128   ,  1.00714    ,  0.66836    ,  1.75326    ,  0.106581   ,  0.0459527  ,  0.173552   ,  0          ,  0.550188   ,  1.03752    ,  0.503536   ,  2.74414    ,  1.04965    ,  3.3842     ])
