75      , -1310.97    , array([ 1.00067    ,  0.0998803  ,  4.99104    ,  2.46153    ,  0.0496873  ])
80      , -3266.42    , array([ 0.38264    ,  0.0998803  ,  4.99104    ,  2.46153    ,  0.0496873  ])
85      , -1310.97    , array([ 1.0015     ,  0.0998803  ,  4.99104    ,  2.46153    ,  0.0496873  ])
90      , -40383.2    , array([ 1.00106    ,  1.09988    ,  4.99104    ,  2.46153    ,  0.0496873  ])
95      , -13997.6    , array([ 1.00106    ,  0.290675   ,  4.99104    ,  2.46153    ,  0.0496873  ])
100     , -1566.88    , array([ 1.00106    ,  0.114474   ,  4.99104    ,  2.46153    ,  0.0496873  ])
105     , -1310.97    , array([ 1.00106    ,  0.0998441  ,  4.99104    ,  2.46153    ,  0.0496873  ])
110     , -1310.97    , array([ 1.00106    ,  0.0998444  ,  4.99104    ,  2.46153    ,  0.0496873  ])
115     , -1310.97    , array([ 1.00106    ,  0.0998444  ,  4.99561    ,  2.46153    ,  0.0496873  ])
120     , -1310.97    , array([ 1.00106    ,  0.0998444  ,  4.99557    ,  2.46153    ,  0.0496873  ])
125     , -1310.97    , array([ 1.00106    ,  0.0998444  ,  4.99557    ,  2.46771    ,  0.0496873  ])
130     , -1310.97    , array([ 1.00106    ,  0.0998444  ,  4.99557    ,  2.46771    ,  0.0496873  ])
140     , -1371.23    , array([ 1.00106    ,  0.0998444  ,  4.99557    ,  2.46771    ,  0.0547013  ])
145     , -1310.96    , array([ 1.00106    ,  0.0998444  ,  4.99557    ,  2.46771    ,  0.0497416  ])
