912     , -413.071    , array([ 31.2172    ,  0.244794   ,  5          ,  0.837499   ])
916     , -413.048    , array([ 33.1145    ,  0.244794   ,  5          ,  0.837499   ])
920     , -1734.73    , array([ 33.1193    ,  1.24479    ,  5          ,  0.837499   ])
924     , -1096.46    , array([ 33.1193    ,  0.62676    ,  5          ,  0.837499   ])
928     , -632.272    , array([ 33.1193    ,  0.317741   ,  5          ,  0.837499   ])
932     , -413.048    , array([ 33.1193    ,  0.244707   ,  5          ,  0.837499   ])
936     , -413.048    , array([ 33.1193    ,  0.244755   ,  5          ,  0.837499   ])
940     , -421.311    , array([ 33.1193    ,  0.244755   ,  4.38197    ,  0.837499   ])
992     , -414.146    , array([ 33.1193    ,  0.244755   ,  5          ,  0.828236   ])
996     , -413.048    , array([ 33.1193    ,  0.244755   ,  5          ,  0.83744    ])
