75      , -1310.99    , array([ 0.998306   ,  0.0996015  ,  0.0497104  ,  5.00819    ,  2.51284    ])
80      , -1402.81    , array([ 1.38027    ,  0.0996015  ,  0.0497104  ,  5.00819    ,  2.51284    ])
85      , -1310.99    , array([ 0.999214   ,  0.0996015  ,  0.0497104  ,  5.00819    ,  2.51284    ])
100     , -1321.38    , array([ 0.999205   ,  0.102359   ,  0.0497104  ,  5.00819    ,  2.51284    ])
105     , -1310.99    , array([ 0.999205   ,  0.0996019  ,  0.0497104  ,  5.00819    ,  2.51284    ])
110     , -1310.99    , array([ 0.999205   ,  0.099602   ,  0.0497104  ,  5.00819    ,  2.51284    ])
115     , -1310.99    , array([ 0.999205   ,  0.099602   ,  0.0497104  ,  5.00819    ,  2.51284    ])
125     , -1371.14    , array([ 0.999205   ,  0.099602   ,  0.0547062  ,  5.00819    ,  2.51284    ])
130     , -1310.99    , array([ 0.999205   ,  0.099602   ,  0.0497373  ,  5.00819    ,  2.51284    ])
135     , -1310.99    , array([ 0.999205   ,  0.099602   ,  0.0497376  ,  5.00819    ,  2.51284    ])
140     , -1310.99    , array([ 0.999205   ,  0.099602   ,  0.0497376  ,  5.00884    ,  2.51284    ])
145     , -1375.47    , array([ 0.999205   ,  0.099602   ,  0.0497376  ,  5.00881    ,  3.51284    ])
150     , -1311       , array([ 0.999205   ,  0.099602   ,  0.0497376  ,  5.00881    ,  2.52894    ])
