316     , -33188.2    , array([ 0.19908    ,  100        ,  0.0175624  ,  0.0288173  ])
324     , -52783      , array([ 0.00314013 ,  100        ,  0.0175624  ,  0.0288173  ])
328     , -24015.7    , array([ 0.00832866 ,  100        ,  0.0175624  ,  0.0288173  ])
332     , -24003.9    , array([ 0.00811099 ,  100        ,  0.0175624  ,  0.0288173  ])
336     , -24003.9    , array([ 0.00811152 ,  100        ,  0.0175624  ,  0.0288173  ])
376     , -24003.9    , array([ 0.00811152 ,  100        ,  0.0175624  ,  0.0288173  ])
380     , -24003.9    , array([ 0.00811152 ,  100        ,  0.0175624  ,  0.0288173  ])
384     , -24003.9    , array([ 0.00811152 ,  100        ,  0.0175624  ,  0.0288173  ])
388     , -24003.9    , array([ 0.00811152 ,  100        ,  0.0175624  ,  0.0288173  ])
396     , -46302.4    , array([ 0.00811152 ,  100        ,  0.0453899  ,  0.0288173  ])
400     , -24003.8    , array([ 0.00811152 ,  100        ,  0.0175159  ,  0.0288173  ])
404     , -58318.4    , array([ 0.00811152 ,  100        ,  0.0175154  ,  1.02882    ])
408     , -46222.7    , array([ 0.00811152 ,  100        ,  0.0175154  ,  0.410783   ])
412     , -29963.9    , array([ 0.00811152 ,  100        ,  0.0175154  ,  0.101698   ])
416     , -24137.4    , array([ 0.00811152 ,  100        ,  0.0175154  ,  0.0345885  ])
420     , -24003.7    , array([ 0.00811152 ,  100        ,  0.0175154  ,  0.0286475  ])
