5       , -1311.31    , array([ 0.995759   ,  0.10184    ,  0.0505865  ,  5.04327    ,  2.34454    ])
10      , -1311.39    , array([ 1.00621    ,  0.10184    ,  0.0505865  ,  5.04327    ,  2.34454    ])
15      , -1311.31    , array([ 0.997639   ,  0.10184    ,  0.0505865  ,  5.04327    ,  2.34454    ])
20      , -24303.9    , array([ 0.997639   ,  0.483806   ,  0.0505865  ,  5.04327    ,  2.34454    ])
25      , -3825.23    , array([ 0.997639   ,  0.0673985  ,  0.0505865  ,  5.04327    ,  2.34454    ])
30      , -1311.31    , array([ 0.997639   ,  0.101835   ,  0.0505865  ,  5.04327    ,  2.34454    ])
35      , -1311.31    , array([ 0.997639   ,  0.101831   ,  0.0505865  ,  5.04327    ,  2.34454    ])
40      , -1311.31    , array([ 0.997639   ,  0.101835   ,  0.0505865  ,  5.04327    ,  2.34454    ])
45      , -1311.31    , array([ 0.997639   ,  0.101835   ,  0.0505865  ,  5.04327    ,  2.34454    ])
55      , -1367.64    , array([ 0.997639   ,  0.101835   ,  0.0554064  ,  5.04327    ,  2.34454    ])
60      , -1311.3     , array([ 0.997639   ,  0.101835   ,  0.0505715  ,  5.04327    ,  2.34454    ])
65      , -1311.3     , array([ 0.997639   ,  0.101835   ,  0.050571   ,  5.04327    ,  2.34454    ])
70      , -1311.3     , array([ 0.997639   ,  0.101835   ,  0.0505715  ,  5.04327    ,  2.34454    ])
75      , -1311.3     , array([ 0.997639   ,  0.101835   ,  0.0505715  ,  5.04001    ,  2.34454    ])
80      , -1311.3     , array([ 0.997639   ,  0.101835   ,  0.0505715  ,  5.03995    ,  2.34454    ])
85      , -1311.26    , array([ 0.997639   ,  0.101835   ,  0.0505715  ,  5.03995    ,  2.36967    ])
