2236    , -2393.46    , array([ 1.04228    ,  0.992155   ,  0.0232778  ,  0.0456464  ])
2240    , -1915.46    , array([ 0.424249   ,  0.992155   ,  0.0232778  ,  0.0456464  ])
2244    , -719.015    , array([ 0.115227   ,  0.992155   ,  0.0232778  ,  0.0456464  ])
2248    , -114.81     , array([ 0.0487237  ,  0.992155   ,  0.0232778  ,  0.0456464  ])
2252    , -99.774     , array([ 0.0426946  ,  0.992155   ,  0.0232778  ,  0.0456464  ])
2256    , -168.304    , array([ 0.0426946  ,  1.99216    ,  0.0232778  ,  0.0456464  ])
2260    , -116.652    , array([ 0.0426946  ,  1.37412    ,  0.0232778  ,  0.0456464  ])
2264    , -99.7069    , array([ 0.0426946  ,  1.00989    ,  0.0232778  ,  0.0456464  ])
2268    , -25802.8    , array([ 0.0426946  ,  1.01019    ,  1.02328    ,  0.0456464  ])
2272    , -25758.4    , array([ 0.0426946  ,  1.01019    ,  0.405244   ,  0.0456464  ])
2276    , -5695.67    , array([ 0.0426946  ,  1.01019    ,  0.0961475  ,  0.0456464  ])
2280    , -100.177    , array([ 0.0426946  ,  1.01019    ,  0.0237298  ,  0.0456464  ])
2284    , -99.6826    , array([ 0.0426946  ,  1.01019    ,  0.0231519  ,  0.0456464  ])
2288    , -99.6826    , array([ 0.0426946  ,  1.01019    ,  0.0231506  ,  0.0456464  ])
2296    , -247.121    , array([ 0.0426946  ,  1.01019    ,  0.0231506  ,  0.0684135  ])
2300    , -99.6628    , array([ 0.0426946  ,  1.01019    ,  0.0231506  ,  0.0454089  ])
2304    , -99.797     , array([ 0.0431058  ,  1.02823    ,  0.0230234  ,  0.0452016  ])
2308    , -99.6627    , array([ 0.0426946  ,  1.01019    ,  0.0231506  ,  0.045424   ])
2316    , -294.413    , array([ 0.0705565  ,  1.01019    ,  0.0231506  ,  0.045424   ])
2320    , -99.6653    , array([ 0.0424609  ,  1.01019    ,  0.0231506  ,  0.045424   ])
2324    , -99.6571    , array([ 0.0425883  ,  1.01019    ,  0.0231506  ,  0.045424   ])
2328    , -364.819    , array([ 0.0425883  ,  0.392159   ,  0.0231506  ,  0.045424   ])
2332    , -99.6406    , array([ 0.0425883  ,  1.02453    ,  0.0231506  ,  0.045424   ])
2336    , -99.6371    , array([ 0.0425883  ,  1.02028    ,  0.0231506  ,  0.045424   ])
2348    , -900.763    , array([ 0.0425883  ,  1.02028    ,  0.0509843  ,  0.045424   ])
2352    , -99.6278    , array([ 0.0425883  ,  1.02028    ,  0.0230721  ,  0.045424   ])
2360    , -2287.47    , array([ 0.0425883  ,  1.02028    ,  0.0230721  ,  0.23638    ])
2364    , -1240.85    , array([ 0.0425883  ,  1.02028    ,  0.0230721  ,  0.0109822  ])
2368    , -99.6694    , array([ 0.0425883  ,  1.02028    ,  0.0230721  ,  0.0456373  ])
2372    , -99.6207    , array([ 0.0425883  ,  1.02028    ,  0.0230721  ,  0.0452906  ])
2376    , -99.5989    , array([ 0.04231    ,  1.0467     ,  0.0228664  ,  0.0449463  ])
2380    , -99.5927    , array([ 0.0424004  ,  1.03811    ,  0.0229333  ,  0.0450587  ])
2384    , -2431.91    , array([ 1.0424     ,  1.03811    ,  0.0229333  ,  0.0450587  ])
2388    , -1948.06    , array([ 0.424366   ,  1.03811    ,  0.0229333  ,  0.0450587  ])
2392    , -736.435    , array([ 0.115344   ,  1.03811    ,  0.0229333  ,  0.0450587  ])
2396    , -114.724    , array([ 0.0483296  ,  1.03811    ,  0.0229333  ,  0.0450587  ])
2400    , -99.5923    , array([ 0.0423724  ,  1.03811    ,  0.0229333  ,  0.0450587  ])
2404    , -3907.7     , array([ 0.0423724  ,  1.03811    ,  0.0229333  ,  1.04506    ])
2408    , -3499.55    , array([ 0.0423724  ,  1.03811    ,  0.0229333  ,  0.427025   ])
2412    , -931.548    , array([ 0.0423724  ,  1.03811    ,  0.0229333  ,  0.117997   ])
2416    , -102.866    , array([ 0.0423724  ,  1.03811    ,  0.0229333  ,  0.0479284  ])
2420    , -99.5923    , array([ 0.0423724  ,  1.03811    ,  0.0229333  ,  0.0450587  ])
2424    , -99.5923    , array([ 0.0423724  ,  1.03811    ,  0.0229333  ,  0.0450585  ])
2428    , -99.5923    , array([ 0.0423724  ,  1.03811    ,  0.0229333  ,  0.0450587  ])
2432    , -99.5923    , array([ 0.0423724  ,  1.03811    ,  0.0229333  ,  0.0450587  ])
2436    , -99.5923    , array([ 0.0423724  ,  1.03811    ,  0.0229333  ,  0.0450587  ])
2440    , -25945.1    , array([ 0.0423724  ,  1.03811    ,  1.02293    ,  0.0450587  ])
2444    , -25903      , array([ 0.0423724  ,  1.03811    ,  0.404899   ,  0.0450587  ])
2448    , -5763.02    , array([ 0.0423724  ,  1.03811    ,  0.0958026  ,  0.0450587  ])
2452    , -100.057    , array([ 0.0423724  ,  1.03811    ,  0.0234721  ,  0.0450587  ])
2456    , -99.5918    , array([ 0.0423724  ,  1.03811    ,  0.0229164  ,  0.0450587  ])
2460    , -99.6665    , array([ 0.0426763  ,  1.00927    ,  0.0231411  ,  0.0454362  ])
2464    , -99.5918    , array([ 0.0423724  ,  1.03811    ,  0.0229166  ,  0.0450587  ])
2468    , -99.5918    , array([ 0.0423724  ,  1.03811    ,  0.0229165  ,  0.0450586  ])
2472    , -99.5918    , array([ 0.0423724  ,  1.03811    ,  0.0229166  ,  0.0450587  ])
2476    , -99.5918    , array([ 0.0423724  ,  1.03811    ,  0.0229166  ,  0.0450587  ])
