4       , -393.296    , array([ 4.08023    ,  0.181149   ,  4.97227    ,  0.575034   ])
8       , -1904.07    , array([ 3.59148    ,  0.0684199  ,  4.72473    ,  0.456482   ])
12      , -1906.65    , array([ 3.59148    ,  0.0684199  ,  4.72473    ,  0.456939   ])
16      , -393.296    , array([ 4.07949    ,  0.18108    ,  4.96695    ,  0.574846   ])
20      , -393.294    , array([ 4.07936    ,  0.180838   ,  4.96692    ,  0.574714   ])
24      , -393.306    , array([ 4.07936    ,  0.180838   ,  4.96692    ,  0.575289   ])
28      , -393.294    , array([ 4.07885    ,  0.180776   ,  4.96679    ,  0.574187   ])
32      , -393.289    , array([ 4.07681    ,  0.179628   ,  4.96627    ,  0.572083   ])
36      , -393.301    , array([ 4.07681    ,  0.179628   ,  4.96627    ,  0.572656   ])
40      , -393.275    , array([ 4.06868    ,  0.175985   ,  4.9642     ,  0.563745   ])
44      , -393.231    , array([ 4.03631    ,  0.16133    ,  4.95595    ,  0.531591   ])
48      , -393.259    , array([ 4.03631    ,  0.16133    ,  4.95595    ,  0.532123   ])
52      , -394.405    , array([ 3.90939    ,  0.114509   ,  4.92305    ,  0.420297   ])
56      , -393.232    , array([ 4.01239    ,  0.151336   ,  4.94981    ,  0.508862   ])
60      , -393.282    , array([ 4.01239    ,  0.151336   ,  4.94981    ,  0.509371   ])
64      , -393.216    , array([ 4.03122    ,  0.159313   ,  4.95464    ,  0.526682   ])
68      , -393.227    , array([ 4.01879    ,  0.15395    ,  4.95145    ,  0.514852   ])
72      , -393.27     , array([ 4.01879    ,  0.15395    ,  4.95145    ,  0.515367   ])
76      , -393.208    , array([ 4.01457    ,  0.152372   ,  4.95037    ,  0.510891   ])
80      , -393.228    , array([ 4.01792    ,  0.153594   ,  4.95123    ,  0.514038   ])
84      , -393.271    , array([ 4.01792    ,  0.153594   ,  4.95123    ,  0.514553   ])
88      , -393.208    , array([ 4.01861    ,  0.154031   ,  4.95141    ,  0.514684   ])
92      , -393.227    , array([ 4.01875    ,  0.153935   ,  4.95144    ,  0.514818   ])
96      , -393.27     , array([ 4.01875    ,  0.153935   ,  4.95144    ,  0.515333   ])
100     , -393.208    , array([ 4.01878    ,  0.154101   ,  4.95145    ,  0.514845   ])
104     , -393.227    , array([ 4.01878    ,  0.153949   ,  4.95145    ,  0.514851   ])
108     , -393.27     , array([ 4.01878    ,  0.153949   ,  4.95145    ,  0.515366   ])
112     , -393.208    , array([ 4.01878    ,  0.154104   ,  4.95145    ,  0.514852   ])
116     , -393.227    , array([ 4.01879    ,  0.15395    ,  4.95145    ,  0.514852   ])
120     , -393.27     , array([ 4.01879    ,  0.15395    ,  4.95145    ,  0.515367   ])
124     , -393.208    , array([ 4.01879    ,  0.154104   ,  4.95145    ,  0.514852   ])
128     , -393.227    , array([ 4.01879    ,  0.15395    ,  4.95145    ,  0.514852   ])
132     , -393.27     , array([ 4.01879    ,  0.15395    ,  4.95145    ,  0.515367   ])
136     , -393.208    , array([ 4.01879    ,  0.154104   ,  4.95145    ,  0.514852   ])
140     , -393.227    , array([ 4.01879    ,  0.15395    ,  4.95145    ,  0.514852   ])
144     , -393.27     , array([ 4.01879    ,  0.15395    ,  4.95145    ,  0.515367   ])
148     , -393.208    , array([ 4.01879    ,  0.154104   ,  4.95145    ,  0.514852   ])
152     , -393.227    , array([ 4.01879    ,  0.15395    ,  4.95145    ,  0.514852   ])
156     , -393.27     , array([ 4.01879    ,  0.15395    ,  4.95145    ,  0.515367   ])
160     , -393.208    , array([ 4.01879    ,  0.154104   ,  4.95145    ,  0.514852   ])
164     , -393.227    , array([ 4.01879    ,  0.15395    ,  4.95145    ,  0.514852   ])
168     , -393.27     , array([ 4.01879    ,  0.15395    ,  4.95145    ,  0.515367   ])
172     , -393.208    , array([ 4.01879    ,  0.154104   ,  4.95145    ,  0.514852   ])
176     , -393.227    , array([ 4.01879    ,  0.15395    ,  4.95145    ,  0.514852   ])
180     , -393.27     , array([ 4.01879    ,  0.15395    ,  4.95145    ,  0.515367   ])
184     , -393.208    , array([ 4.01879    ,  0.154104   ,  4.95145    ,  0.514852   ])
188     , -393.227    , array([ 4.01879    ,  0.15395    ,  4.95145    ,  0.514852   ])
192     , -393.27     , array([ 4.01879    ,  0.15395    ,  4.95145    ,  0.515367   ])
196     , -393.208    , array([ 4.01879    ,  0.154104   ,  4.95145    ,  0.514852   ])
200     , -393.227    , array([ 4.01879    ,  0.15395    ,  4.95145    ,  0.514852   ])
204     , -393.27     , array([ 4.01879    ,  0.15395    ,  4.95145    ,  0.515367   ])
208     , -393.295    , array([ 4.07936    ,  0.181019   ,  4.96692    ,  0.574714   ])
212     , -393.294    , array([ 4.07923    ,  0.180777   ,  4.96688    ,  0.574582   ])
216     , -393.305    , array([ 4.07923    ,  0.180777   ,  4.96688    ,  0.575157   ])
220     , -393.295    , array([ 4.07898    ,  0.180837   ,  4.96682    ,  0.574319   ])
224     , -393.292    , array([ 4.07847    ,  0.180414   ,  4.96669    ,  0.573792   ])
228     , -393.304    , array([ 4.07847    ,  0.180414   ,  4.96669    ,  0.574366   ])
232     , -393.292    , array([ 4.07745    ,  0.18011    ,  4.96643    ,  0.57274    ])
236     , -393.286    , array([ 4.07542    ,  0.178966   ,  4.96591    ,  0.570641   ])
240     , -393.299    , array([ 4.07542    ,  0.178966   ,  4.96591    ,  0.571212   ])
244     , -393.28     , array([ 4.07135    ,  0.17723    ,  4.96488    ,  0.566468   ])
248     , -393.265    , array([ 4.06323    ,  0.17329    ,  4.96281    ,  0.558212   ])
252     , -393.28     , array([ 4.06323    ,  0.17329    ,  4.96281    ,  0.55877    ])
256     , -393.237    , array([ 4.04703    ,  0.166166   ,  4.95869    ,  0.542058   ])
260     , -393.23     , array([ 4.01483    ,  0.152329   ,  4.95044    ,  0.511141   ])
264     , -393.277    , array([ 4.01483    ,  0.152329   ,  4.95044    ,  0.511652   ])
268     , -393.525    , array([ 3.9512     ,  0.128399   ,  4.93398    ,  0.454496   ])
280     , -393.525    , array([ 3.95119    ,  0.128398   ,  4.93397    ,  0.454494   ])
284     , -393.617    , array([ 3.9512     ,  0.128271   ,  4.93398    ,  0.454496   ])
288     , -393.765    , array([ 3.9512     ,  0.128271   ,  4.93398    ,  0.45495    ])
292     , -393.525    , array([ 3.9512     ,  0.128399   ,  4.93398    ,  0.454496   ])
296     , -393.617    , array([ 3.9512     ,  0.128271   ,  4.93398    ,  0.454496   ])
300     , -393.765    , array([ 3.9512     ,  0.128271   ,  4.93398    ,  0.454951   ])
304     , -393.525    , array([ 3.9512     ,  0.128399   ,  4.93398    ,  0.454496   ])
308     , -393.617    , array([ 3.9512     ,  0.128271   ,  4.93398    ,  0.454496   ])
312     , -393.765    , array([ 3.9512     ,  0.128271   ,  4.93398    ,  0.454951   ])
316     , -393.525    , array([ 3.9512     ,  0.128399   ,  4.93398    ,  0.454496   ])
320     , -393.617    , array([ 3.9512     ,  0.128271   ,  4.93398    ,  0.454496   ])
324     , -393.765    , array([ 3.9512     ,  0.128271   ,  4.93398    ,  0.454951   ])
328     , -393.525    , array([ 3.9512     ,  0.128399   ,  4.93398    ,  0.454496   ])
332     , -393.617    , array([ 3.9512     ,  0.128271   ,  4.93398    ,  0.454496   ])
336     , -393.765    , array([ 3.9512     ,  0.128271   ,  4.93398    ,  0.454951   ])
340     , -393.525    , array([ 3.9512     ,  0.128399   ,  4.93398    ,  0.454496   ])
344     , -393.617    , array([ 3.9512     ,  0.128271   ,  4.93398    ,  0.454496   ])
348     , -393.765    , array([ 3.9512     ,  0.128271   ,  4.93398    ,  0.454951   ])
352     , -393.525    , array([ 3.9512     ,  0.128399   ,  4.93398    ,  0.454496   ])
356     , -393.617    , array([ 3.9512     ,  0.128271   ,  4.93398    ,  0.454496   ])
360     , -393.765    , array([ 3.9512     ,  0.128271   ,  4.93398    ,  0.454951   ])
364     , -393.525    , array([ 3.9512     ,  0.128399   ,  4.93398    ,  0.454496   ])
368     , -393.617    , array([ 3.9512     ,  0.128271   ,  4.93398    ,  0.454496   ])
372     , -393.765    , array([ 3.9512     ,  0.128271   ,  4.93398    ,  0.454951   ])
376     , -393.525    , array([ 3.9512     ,  0.128399   ,  4.93398    ,  0.454496   ])
380     , -393.617    , array([ 3.9512     ,  0.128271   ,  4.93398    ,  0.454496   ])
384     , -393.765    , array([ 3.9512     ,  0.128271   ,  4.93398    ,  0.454951   ])
388     , -393.525    , array([ 3.9512     ,  0.128399   ,  4.93398    ,  0.454496   ])
392     , -393.617    , array([ 3.9512     ,  0.128271   ,  4.93398    ,  0.454496   ])
396     , -393.765    , array([ 3.9512     ,  0.128271   ,  4.93398    ,  0.454951   ])
400     , -393.525    , array([ 3.9512     ,  0.128399   ,  4.93398    ,  0.454496   ])
404     , -393.617    , array([ 3.9512     ,  0.128271   ,  4.93398    ,  0.454496   ])
408     , -393.765    , array([ 3.9512     ,  0.128271   ,  4.93398    ,  0.454951   ])
412     , -393.525    , array([ 3.9512     ,  0.128399   ,  4.93398    ,  0.454496   ])
416     , -393.617    , array([ 3.9512     ,  0.128271   ,  4.93398    ,  0.454496   ])
420     , -393.765    , array([ 3.9512     ,  0.128271   ,  4.93398    ,  0.454951   ])
424     , -393.525    , array([ 3.9512     ,  0.128399   ,  4.93398    ,  0.454496   ])
428     , -393.617    , array([ 3.9512     ,  0.128271   ,  4.93398    ,  0.454496   ])
432     , -393.765    , array([ 3.9512     ,  0.128271   ,  4.93398    ,  0.454951   ])
436     , -393.525    , array([ 3.9512     ,  0.128399   ,  4.93398    ,  0.454496   ])
440     , -393.617    , array([ 3.9512     ,  0.128271   ,  4.93398    ,  0.454496   ])
444     , -393.765    , array([ 3.9512     ,  0.128271   ,  4.93398    ,  0.454951   ])
448     , -393.525    , array([ 3.9512     ,  0.128399   ,  4.93398    ,  0.454496   ])
452     , -393.617    , array([ 3.9512     ,  0.128271   ,  4.93398    ,  0.454496   ])
456     , -393.765    , array([ 3.9512     ,  0.128271   ,  4.93398    ,  0.454951   ])
460     , -393.525    , array([ 3.9512     ,  0.128399   ,  4.93398    ,  0.454496   ])
464     , -393.617    , array([ 3.9512     ,  0.128271   ,  4.93398    ,  0.454496   ])
468     , -393.765    , array([ 3.9512     ,  0.128271   ,  4.93398    ,  0.454951   ])
472     , -393.525    , array([ 3.9512     ,  0.128399   ,  4.93398    ,  0.454496   ])
476     , -393.617    , array([ 3.9512     ,  0.128271   ,  4.93398    ,  0.454496   ])
480     , -393.765    , array([ 3.9512     ,  0.128271   ,  4.93398    ,  0.454951   ])
484     , -393.525    , array([ 3.9512     ,  0.128399   ,  4.93398    ,  0.454496   ])
488     , -393.617    , array([ 3.9512     ,  0.128271   ,  4.93398    ,  0.454496   ])
492     , -393.765    , array([ 3.9512     ,  0.128271   ,  4.93398    ,  0.454951   ])
496     , -393.525    , array([ 3.9512     ,  0.128399   ,  4.93398    ,  0.454496   ])
500     , -393.617    , array([ 3.9512     ,  0.128271   ,  4.93398    ,  0.454496   ])
504     , -393.765    , array([ 3.9512     ,  0.128271   ,  4.93398    ,  0.454951   ])
508     , -393.525    , array([ 3.9512     ,  0.128399   ,  4.93398    ,  0.454496   ])
512     , -393.617    , array([ 3.9512     ,  0.128271   ,  4.93398    ,  0.454496   ])
516     , -393.765    , array([ 3.9512     ,  0.128271   ,  4.93398    ,  0.454951   ])
520     , -393.525    , array([ 3.9512     ,  0.128399   ,  4.93398    ,  0.454496   ])
524     , -393.617    , array([ 3.9512     ,  0.128271   ,  4.93398    ,  0.454496   ])
528     , -393.765    , array([ 3.9512     ,  0.128271   ,  4.93398    ,  0.454951   ])
532     , -393.525    , array([ 3.9512     ,  0.128399   ,  4.93398    ,  0.454496   ])
536     , -393.617    , array([ 3.9512     ,  0.128271   ,  4.93398    ,  0.454496   ])
540     , -393.765    , array([ 3.9512     ,  0.128271   ,  4.93398    ,  0.454951   ])
544     , -393.525    , array([ 3.9512     ,  0.128399   ,  4.93398    ,  0.454496   ])
548     , -393.617    , array([ 3.9512     ,  0.128271   ,  4.93398    ,  0.454496   ])
552     , -393.765    , array([ 3.9512     ,  0.128271   ,  4.93398    ,  0.454951   ])
556     , -393.525    , array([ 3.9512     ,  0.128399   ,  4.93398    ,  0.454496   ])
560     , -393.617    , array([ 3.9512     ,  0.128271   ,  4.93398    ,  0.454496   ])
564     , -393.765    , array([ 3.9512     ,  0.128271   ,  4.93398    ,  0.454951   ])
568     , -393.525    , array([ 3.9512     ,  0.128399   ,  4.93398    ,  0.454496   ])
572     , -393.617    , array([ 3.9512     ,  0.128271   ,  4.93398    ,  0.454496   ])
576     , -393.765    , array([ 3.9512     ,  0.128271   ,  4.93398    ,  0.454951   ])
580     , -393.525    , array([ 3.9512     ,  0.128399   ,  4.93398    ,  0.454496   ])
584     , -393.617    , array([ 3.9512     ,  0.128271   ,  4.93398    ,  0.454496   ])
588     , -393.765    , array([ 3.9512     ,  0.128271   ,  4.93398    ,  0.454951   ])
592     , -393.525    , array([ 3.9512     ,  0.128399   ,  4.93398    ,  0.454496   ])
596     , -393.617    , array([ 3.9512     ,  0.128271   ,  4.93398    ,  0.454496   ])
600     , -393.765    , array([ 3.9512     ,  0.128271   ,  4.93398    ,  0.454951   ])
604     , -393.525    , array([ 3.9512     ,  0.128399   ,  4.93398    ,  0.454496   ])
608     , -393.617    , array([ 3.9512     ,  0.128271   ,  4.93398    ,  0.454496   ])
612     , -393.765    , array([ 3.9512     ,  0.128271   ,  4.93398    ,  0.454951   ])
616     , -393.525    , array([ 3.9512     ,  0.128399   ,  4.93398    ,  0.454496   ])
620     , -393.617    , array([ 3.9512     ,  0.128271   ,  4.93398    ,  0.454496   ])
624     , -393.765    , array([ 3.9512     ,  0.128271   ,  4.93398    ,  0.454951   ])
628     , -393.525    , array([ 3.9512     ,  0.128399   ,  4.93398    ,  0.454496   ])
632     , -393.617    , array([ 3.9512     ,  0.128271   ,  4.93398    ,  0.454496   ])
636     , -393.765    , array([ 3.9512     ,  0.128271   ,  4.93398    ,  0.454951   ])
640     , -393.525    , array([ 3.9512     ,  0.128399   ,  4.93398    ,  0.454496   ])
644     , -393.617    , array([ 3.9512     ,  0.128271   ,  4.93398    ,  0.454496   ])
648     , -393.765    , array([ 3.9512     ,  0.128271   ,  4.93398    ,  0.454951   ])
652     , -393.525    , array([ 3.9512     ,  0.128399   ,  4.93398    ,  0.454496   ])
656     , -393.617    , array([ 3.9512     ,  0.128271   ,  4.93398    ,  0.454496   ])
660     , -393.765    , array([ 3.9512     ,  0.128271   ,  4.93398    ,  0.454951   ])
664     , -393.525    , array([ 3.9512     ,  0.128399   ,  4.93398    ,  0.454496   ])
668     , -393.617    , array([ 3.9512     ,  0.128271   ,  4.93398    ,  0.454496   ])
672     , -393.765    , array([ 3.9512     ,  0.128271   ,  4.93398    ,  0.454951   ])
676     , -393.525    , array([ 3.9512     ,  0.128399   ,  4.93398    ,  0.454496   ])
680     , -393.617    , array([ 3.9512     ,  0.128271   ,  4.93398    ,  0.454496   ])
684     , -393.765    , array([ 3.9512     ,  0.128271   ,  4.93398    ,  0.454951   ])
688     , -393.525    , array([ 3.9512     ,  0.128399   ,  4.93398    ,  0.454496   ])
692     , -393.617    , array([ 3.9512     ,  0.128271   ,  4.93398    ,  0.454496   ])
696     , -393.765    , array([ 3.9512     ,  0.128271   ,  4.93398    ,  0.454951   ])
700     , -393.525    , array([ 3.9512     ,  0.128399   ,  4.93398    ,  0.454496   ])
708     , -394.372    , array([ 3.483      ,  0.105745   ,  4.49892    ,  0.386247   ])
712     , -393.624    , array([ 3.9444     ,  0.127933   ,  4.92776    ,  0.453487   ])
