752     , -2433.89    , array([ 1.04274    ,  1.02546    ,  0.088474   ,  0.043757   ])
756     , -1725.9     , array([ 0.424709   ,  1.02546    ,  0.088474   ,  0.043757   ])
760     , -557.407    , array([ 0.115687   ,  1.02546    ,  0.088474   ,  0.043757   ])
764     , -109.188    , array([ 0.0486602  ,  1.02546    ,  0.088474   ,  0.043757   ])
768     , -100.134    , array([ 0.0430076  ,  1.02546    ,  0.088474   ,  0.043757   ])
776     , -102.791    , array([ 0.0430076  ,  1.16891    ,  0.088474   ,  0.043757   ])
780     , -100.119    , array([ 0.0430076  ,  1.0348     ,  0.088474   ,  0.043757   ])
788     , -2531.9     , array([ 0.0430076  ,  1.0348     ,  0.279385   ,  0.043757   ])
792     , -100.104    , array([ 0.0430076  ,  1.0348     ,  0.0880787  ,  0.043757   ])
796     , -100.104    , array([ 0.0430076  ,  1.0348     ,  0.0880899  ,  0.043757   ])
800     , -100.104    , array([ 0.0430076  ,  1.0348     ,  0.0880937  ,  0.043757   ])
808     , -262.29     , array([ 0.0430076  ,  1.0348     ,  0.0880937  ,  0.0671443  ])
812     , -100.103    , array([ 0.0430076  ,  1.0348     ,  0.0880937  ,  0.0436937  ])
816     , -100.166    , array([ 0.0432718  ,  1.04414    ,  0.0877135  ,  0.0436541  ])
820     , -100.103    , array([ 0.0430076  ,  1.0348     ,  0.0880937  ,  0.0437056  ])
828     , -235.661    , array([ 0.0708697  ,  1.0348     ,  0.0880937  ,  0.0437056  ])
832     , -100.102    , array([ 0.0427779  ,  1.0348     ,  0.0880937  ,  0.0437056  ])
836     , -100.098    , array([ 0.0428842  ,  1.0348     ,  0.0880937  ,  0.0437056  ])
840     , -327.188    , array([ 0.0428842  ,  0.416765   ,  0.0880937  ,  0.0437056  ])
844     , -100.099    , array([ 0.0428842  ,  1.04323    ,  0.0880937  ,  0.0437056  ])
848     , -100.095    , array([ 0.0428842  ,  1.03886    ,  0.0880937  ,  0.0437056  ])
856     , -102.982    , array([ 0.0428842  ,  1.03886    ,  0.0933417  ,  0.0437056  ])
860     , -100.088    , array([ 0.0428842  ,  1.03886    ,  0.0878276  ,  0.0437056  ])
868     , -2381.94    , array([ 0.0428842  ,  1.03886    ,  0.0878249  ,  0.234661   ])
872     , -1361.47    , array([ 0.0428842  ,  1.03886    ,  0.0878249  ,  0.00926371 ])
876     , -100.145    , array([ 0.0428842  ,  1.03886    ,  0.0878249  ,  0.0440355  ])
880     , -100.088    , array([ 0.0428842  ,  1.03886    ,  0.0878249  ,  0.0436732  ])
884     , -100.061    , array([ 0.0425612  ,  1.04949    ,  0.0871212  ,  0.0435895  ])
888     , -100.055    , array([ 0.0420997  ,  1.06468    ,  0.0861156  ,  0.0434695  ])
892     , -100.053    , array([ 0.0422542  ,  1.05959    ,  0.0864522  ,  0.0435097  ])
896     , -100.053    , array([ 0.0422604  ,  1.05939    ,  0.0864658  ,  0.0435113  ])
904     , -239.265    , array([ 0.0701225  ,  1.05939    ,  0.0864658  ,  0.0435113  ])
908     , -100.055    , array([ 0.0420961  ,  1.05939    ,  0.0864658  ,  0.0435113  ])
912     , -100.051    , array([ 0.0422017  ,  1.05939    ,  0.0864658  ,  0.0435113  ])
916     , -299.596    , array([ 0.0422017  ,  0.441353   ,  0.0864658  ,  0.0435113  ])
920     , -100.048    , array([ 0.0422017  ,  1.05763    ,  0.0864658  ,  0.0435113  ])
924     , -100.045    , array([ 0.0422017  ,  1.05297    ,  0.0864658  ,  0.0435113  ])
928     , -100.045    , array([ 0.0422017  ,  1.05304    ,  0.0864658  ,  0.0435113  ])
936     , -264.943    , array([ 0.0422017  ,  1.05304    ,  0.0864658  ,  0.0670487  ])
940     , -100.042    , array([ 0.0422017  ,  1.05304    ,  0.0864658  ,  0.0435875  ])
944     , -100.042    , array([ 0.0422017  ,  1.05304    ,  0.0864658  ,  0.0435954  ])
948     , -100.067    , array([ 0.0425872  ,  1.04035    ,  0.0873058  ,  0.0436956  ])
952     , -100.039    , array([ 0.0420337  ,  1.05857    ,  0.0860996  ,  0.0435517  ])
960     , -1205.09    , array([ 0.233005   ,  1.05851    ,  0.0861032  ,  0.0435521  ])
968     , -100.462    , array([ 0.0431236  ,  1.05851    ,  0.0861032  ,  0.0435521  ])
972     , -100.039    , array([ 0.0420095  ,  1.05851    ,  0.0861032  ,  0.0435521  ])
980     , -102.793    , array([ 0.0420095  ,  1.19329    ,  0.0861032  ,  0.0435521  ])
984     , -100.033    , array([ 0.0420095  ,  1.05241    ,  0.0861032  ,  0.0435521  ])
988     , -4005.67    , array([ 0.0420095  ,  1.05241    ,  0.0861032  ,  1.04355    ])
992     , -3609.75    , array([ 0.0420095  ,  1.05241    ,  0.0861032  ,  0.425518   ])
996     , -966.765    , array([ 0.0420095  ,  1.05241    ,  0.0861032  ,  0.11649    ])
1000    , -103.791    , array([ 0.0420095  ,  1.05241    ,  0.0861032  ,  0.0466314  ])
1004    , -100.03     , array([ 0.0420095  ,  1.05241    ,  0.0861032  ,  0.0436338  ])
1008    , -100.157    , array([ 0.0430187  ,  1.01919    ,  0.0883023  ,  0.043897   ])
1012    , -100.027    , array([ 0.0418424  ,  1.05791    ,  0.085739   ,  0.0435911  ])
1016    , -100.027    , array([ 0.0418407  ,  1.05796    ,  0.0857354  ,  0.0435907  ])
1020    , -99.9963    , array([ 0.0413312  ,  1.05652    ,  0.0847725  ,  0.0436918  ])
1024    , -98.9856    , array([ 0.0145549  ,  0.980789   ,  0.0341709  ,  0.0490022  ])
1028    , -98.952     , array([ 0.0161836  ,  0.985396   ,  0.0372488  ,  0.0486792  ])
1036    , -1657.05    , array([ 0.207151   ,  0.985396   ,  0.0372488  ,  0.0486792  ])
1044    , -200.872    , array([ 0.0111586  ,  0.985396   ,  0.0372488  ,  0.0486792  ])
1048    , -98.9187    , array([ 0.0163049  ,  0.985396   ,  0.0372488  ,  0.0486792  ])
1052    , -98.9187    , array([ 0.0163022  ,  0.985396   ,  0.0372488  ,  0.0486792  ])
1056    , -98.9569    , array([ 0.0152929  ,  1.01861    ,  0.0350496  ,  0.0484168  ])
1060    , -98.9024    , array([ 0.0159474  ,  0.997072   ,  0.0364757  ,  0.048587   ])
1064    , -98.9024    , array([ 0.0159509  ,  0.996956   ,  0.0364834  ,  0.0485879  ])
1072    , -233.157    , array([ 0.0159509  ,  0.996956   ,  0.0364834  ,  0.0712766  ])
1076    , -98.8831    , array([ 0.0159509  ,  0.996956   ,  0.0364834  ,  0.048811   ])
1088    , -98.8634    , array([ 0.014941   ,  0.994099   ,  0.0345748  ,  0.0490135  ])
1092    , -98.8599    , array([ 0.0143868  ,  0.992532   ,  0.0335275  ,  0.0491234  ])
1096    , -98.8599    , array([ 0.0143868  ,  0.992532   ,  0.0335275  ,  0.0491234  ])
1112    , -122.959    , array([ 0.0119763  ,  0.992532   ,  0.0335275  ,  0.0491234  ])
1116    , -98.8401    , array([ 0.0144679  ,  0.992532   ,  0.0335275  ,  0.0491234  ])
1120    , -98.9835    , array([ 0.0154771  ,  0.959316   ,  0.0357266  ,  0.0493859  ])
1124    , -98.8401    , array([ 0.0144556  ,  0.992935   ,  0.0335008  ,  0.0491203  ])
1128    , -98.8401    , array([ 0.0144567  ,  0.9929     ,  0.0335031  ,  0.0491205  ])
1136    , -2169.59    , array([ 0.0144575  ,  0.992874   ,  0.0335048  ,  0.240078   ])
1140    , -1118.51    , array([ 0.0144575  ,  0.992874   ,  0.0335048  ,  0.0146789  ])
1144    , -98.8749    , array([ 0.0144575  ,  0.992874   ,  0.0335048  ,  0.0494607  ])
1148    , -98.8396    , array([ 0.0144575  ,  0.992874   ,  0.0335048  ,  0.0491548  ])
1152    , -98.8396    , array([ 0.0144575  ,  0.992874   ,  0.0335048  ,  0.0491544  ])
1156    , -99.0562    , array([ 0.0107141  ,  0.982287   ,  0.0264307  ,  0.0498968  ])
1160    , -98.8236    , array([ 0.0133497  ,  0.989741   ,  0.0314113  ,  0.0493741  ])
1164    , -98.7934    , array([ 0.0123347  ,  0.987013   ,  0.0293371  ,  0.0496204  ])
1172    , -98.7628    , array([ 0.0109917  ,  0.983401   ,  0.0265944  ,  0.0499457  ])
1176    , -98.7518    , array([ 0.010159   ,  0.981161   ,  0.024894   ,  0.0501473  ])
1192    , -98.7427    , array([ 0.0104553  ,  0.982013   ,  0.0254389  ,  0.0500929  ])
1200    , -98.749     , array([ 0.010221   ,  0.989865   ,  0.0249272  ,  0.0500301  ])
1204    , -98.7426    , array([ 0.0104331  ,  0.982884   ,  0.0253895  ,  0.0500853  ])
1208    , -98.7426    , array([ 0.0104334  ,  0.982872   ,  0.0253902  ,  0.0500854  ])
1216    , -226.372    , array([ 0.0104334  ,  0.982872   ,  0.0253902  ,  0.07226    ])
1220    , -98.7422    , array([ 0.0104334  ,  0.982872   ,  0.0253902  ,  0.0500423  ])
1224    , -98.7421    , array([ 0.0104334  ,  0.982872   ,  0.0253902  ,  0.0500503  ])
1228    , -98.7898    , array([ 0.0124731  ,  0.988358   ,  0.0295553  ,  0.0495564  ])
1232    , -98.75      , array([ 0.010823   ,  0.98392    ,  0.0261857  ,  0.049956   ])
1236    , -98.7352    , array([ 0.0100222  ,  0.981766   ,  0.0245504  ,  0.0501499  ])
1240    , -98.735     , array([ 0.0100056  ,  0.981722   ,  0.0245165  ,  0.0501539  ])
1256    , -98.7345    , array([ 0.0100609  ,  0.981879   ,  0.0246204  ,  0.0501432  ])
1260    , -98.7344    , array([ 0.0101013  ,  0.981993   ,  0.0246967  ,  0.0501351  ])
1264    , -98.7344    , array([ 0.0101003  ,  0.98199    ,  0.0246949  ,  0.0501353  ])
1268    , -98.7344    , array([ 0.0100961  ,  0.982128   ,  0.0246857  ,  0.0501342  ])
1272    , -98.7344    , array([ 0.0100943  ,  0.982189   ,  0.0246817  ,  0.0501338  ])
1280    , -2131.6     , array([ 0.0100943  ,  0.982189   ,  0.0246817  ,  0.241091   ])
1284    , -1077.2     , array([ 0.0100943  ,  0.982189   ,  0.0246817  ,  0.0156919  ])
1288    , -98.7673    , array([ 0.0100943  ,  0.982189   ,  0.0246817  ,  0.0504294  ])
1292    , -98.7344    , array([ 0.0100943  ,  0.982189   ,  0.0246817  ,  0.0501263  ])
1296    , -98.7344    , array([ 0.0100943  ,  0.982189   ,  0.0246817  ,  0.050129   ])
1300    , -98.7344    , array([ 0.0100943  ,  0.982189   ,  0.0246817  ,  0.0501291  ])
1308    , -98.7332    , array([ 0.010024   ,  0.982      ,  0.0245382  ,  0.0501461  ])
