8       , -19478.1    , array([ 2.01677    ,  1.47588    ,  0.383005   ,  3.13479e-05,  1.5304     ,  5.5218     ,  3.11572    ,  1.14095    ])
16      , -19452.2    , array([ 2.12731    ,  1.47588    ,  0.383005   ,  3.13479e-05,  1.5304     ,  5.5218     ,  3.11572    ,  1.14095    ])
24      , -18239.7    , array([ 2.12731    ,  0.923644   ,  0.383005   ,  3.13479e-05,  1.5304     ,  5.5218     ,  3.11572    ,  1.14095    ])
32      , -15361.4    , array([ 2.12731    ,  0.923644   ,  0.737728   ,  3.13479e-05,  1.5304     ,  5.5218     ,  3.11572    ,  1.14095    ])
40      , -15356.4    , array([ 2.12731    ,  0.923644   ,  0.715267   ,  3.13479e-05,  1.5304     ,  5.5218     ,  3.11572    ,  1.14095    ])
48      , -15432.6    , array([ 2.12731    ,  0.923644   ,  0.715267   ,  0.027893   ,  1.5304     ,  5.5218     ,  3.11572    ,  1.14095    ])
56      , -15357.8    , array([ 2.12731    ,  0.923644   ,  0.715267   ,  0.000624417,  1.5304     ,  5.5218     ,  3.11572    ,  1.14095    ])
64      , -15356.3    , array([ 2.12731    ,  0.923644   ,  0.715267   ,  6.09725e-06,  1.5304     ,  5.5218     ,  3.11572    ,  1.14095    ])
72      , -15356.3    , array([ 2.12731    ,  0.923644   ,  0.715267   ,  1.36388e-07,  1.5304     ,  5.5218     ,  3.11572    ,  1.14095    ])
80      , -15770.5    , array([ 2.12731    ,  0.923644   ,  0.715267   ,  1.36388e-07,  1.16719    ,  5.5218     ,  3.11572    ,  1.14095    ])
88      , -15226      , array([ 2.12731    ,  0.923644   ,  0.715267   ,  1.36388e-07,  1.39801    ,  5.5218     ,  3.11572    ,  1.14095    ])
96      , -15216.4    , array([ 2.12731    ,  0.923644   ,  0.715267   ,  1.36388e-07,  1.39801    ,  5.26167    ,  3.11572    ,  1.14095    ])
104     , -15216.4    , array([ 2.12731    ,  0.923644   ,  0.715267   ,  1.36388e-07,  1.39801    ,  5.25891    ,  3.11572    ,  1.14095    ])
112     , -15284.5    , array([ 2.12731    ,  0.923644   ,  0.715267   ,  1.36388e-07,  1.39801    ,  5.25891    ,  2.47814    ,  3.75898    ])
120     , -14843.8    , array([ 2.12731    ,  0.923644   ,  0.715267   ,  1.36388e-07,  1.39801    ,  5.25891    ,  2.47814    ,  1.55993    ])
128     , -14926.1    , array([ 2.50928    ,  0.923644   ,  0.715267   ,  1.36388e-07,  1.39801    ,  5.25891    ,  2.47814    ,  1.55993    ])
144     , -14552      , array([ 2.24164    ,  0.767893   ,  0.715267   ,  1.36388e-07,  1.39801    ,  5.25891    ,  2.47814    ,  1.55993    ])
152     , -14616.3    , array([ 2.24164    ,  0.76632    ,  0.895478   ,  1.36388e-07,  1.39801    ,  5.25891    ,  2.47814    ,  1.55993    ])
168     , -14517.8    , array([ 2.24164    ,  0.76632    ,  0.779001   ,  0.0278626  ,  1.39801    ,  5.25891    ,  2.47814    ,  1.55993    ])
176     , -14507.9    , array([ 2.24164    ,  0.76632    ,  0.779001   ,  5.36953e-05,  1.39801    ,  5.25891    ,  2.47814    ,  1.55993    ])
184     , -14491.3    , array([ 2.24164    ,  0.76632    ,  0.779001   ,  5.3165e-05 ,  1.29318    ,  5.25891    ,  2.47814    ,  1.55993    ])
192     , -14478.4    , array([ 2.24164    ,  0.76632    ,  0.779001   ,  5.3165e-05 ,  1.33389    ,  5.25891    ,  2.47814    ,  1.55993    ])
200     , -14451.9    , array([ 2.24164    ,  0.76632    ,  0.779001   ,  5.3165e-05 ,  1.33389    ,  5.63705    ,  2.47814    ,  1.55993    ])
208     , -14451.5    , array([ 2.24164    ,  0.76632    ,  0.779001   ,  5.3165e-05 ,  1.33389    ,  5.64087    ,  2.44846    ,  1.55993    ])
216     , -15535.9    , array([ 2.24164    ,  0.76632    ,  0.779001   ,  5.3165e-05 ,  1.33389    ,  5.64087    ,  2.44944    ,  0.941898   ])
224     , -14440.3    , array([ 2.24164    ,  0.76632    ,  0.779001   ,  5.3165e-05 ,  1.33389    ,  5.64087    ,  2.44944    ,  1.69384    ])
232     , -32032.4    , array([ 0.623608   ,  0.76632    ,  0.779001   ,  5.3165e-05 ,  1.33389    ,  5.64087    ,  2.44944    ,  1.68416    ])
240     , -14439.9    , array([ 2.24847    ,  0.76632    ,  0.779001   ,  5.3165e-05 ,  1.33389    ,  5.64087    ,  2.44944    ,  1.68416    ])
248     , -14784.4    , array([ 2.24841    ,  0.917866   ,  0.779001   ,  5.3165e-05 ,  1.33389    ,  5.64087    ,  2.44944    ,  1.68416    ])
256     , -16953.9    , array([ 2.24841    ,  0.740252   ,  1.779      ,  5.3165e-05 ,  1.33389    ,  5.64087    ,  2.44944    ,  1.68416    ])
264     , -14425.6    , array([ 2.24841    ,  0.740252   ,  0.801432   ,  5.3165e-05 ,  1.33389    ,  5.64087    ,  2.44944    ,  1.68416    ])
280     , -14412      , array([ 2.24841    ,  0.740252   ,  0.801744   ,  0.0324373  ,  1.33389    ,  5.64087    ,  2.44944    ,  1.68416    ])
288     , -14929.6    , array([ 2.24841    ,  0.740252   ,  0.801744   ,  0.0324373  ,  1.04414    ,  5.64087    ,  2.44944    ,  1.68416    ])
296     , -14465.9    , array([ 2.24841    ,  0.740252   ,  0.801744   ,  0.0324373  ,  1.28248    ,  5.02284    ,  2.44944    ,  1.68416    ])
304     , -14392.8    , array([ 2.24841    ,  0.740252   ,  0.801744   ,  0.0324373  ,  1.28248    ,  5.64109    ,  2.44944    ,  1.68416    ])
312     , -14392.8    , array([ 2.24841    ,  0.740252   ,  0.801744   ,  0.0324373  ,  1.28248    ,  5.64078    ,  2.44944    ,  1.68416    ])
320     , -14392.6    , array([ 2.24841    ,  0.740252   ,  0.801744   ,  0.0324373  ,  1.28248    ,  5.64078    ,  2.42622    ,  1.68416    ])
328     , -14426.1    , array([ 2.24841    ,  0.740252   ,  0.801744   ,  0.0324373  ,  1.28248    ,  5.64078    ,  2.42622    ,  2.06613    ])
336     , -14392.2    , array([ 2.24841    ,  0.740252   ,  0.801744   ,  0.0324373  ,  1.28248    ,  5.64078    ,  2.42622    ,  1.72273    ])
344     , -14319.1    , array([ 2.26611    ,  0.672005   ,  0.861286   ,  0.11722    ,  1.1479     ,  5.64053    ,  2.36542    ,  1.8121     ])
352     , -14316.1    , array([ 2.26953    ,  0.658814   ,  0.872796   ,  0.133608   ,  1.12189    ,  5.64049    ,  2.35367    ,  1.82999    ])
360     , -14315.5    , array([ 2.23649    ,  0.657991   ,  0.873513   ,  0.13463    ,  1.12027    ,  5.64048    ,  2.35294    ,  1.83111    ])
368     , -97782.5    , array([ 2.24751    ,  0.039957   ,  0.873513   ,  0.13463    ,  1.12027    ,  5.64048    ,  2.35294    ,  1.83111    ])
376     , -14293.3    , array([ 2.24751    ,  0.693018   ,  0.873513   ,  0.13463    ,  1.12027    ,  5.64048    ,  2.35294    ,  1.83111    ])
384     , -14405.8    , array([ 2.24751    ,  0.692325   ,  1.02964    ,  0.13463    ,  1.12027    ,  5.64048    ,  2.35294    ,  1.83111    ])
400     , -14262.2    , array([ 2.24751    ,  0.692325   ,  0.885054   ,  0.184652   ,  1.12027    ,  5.64048    ,  2.35294    ,  1.83111    ])
408     , -14266.3    , array([ 2.24751    ,  0.692325   ,  0.885054   ,  0.184157   ,  1.12027    ,  5.64048    ,  2.35294    ,  1.86777    ])
416     , -14253.4    , array([ 2.24751    ,  0.692325   ,  0.885054   ,  0.184157   ,  1.12027    ,  5.64048    ,  2.35294    ,  1.68492    ])
424     , -14250.1    , array([ 2.24751    ,  0.692325   ,  0.885054   ,  0.184157   ,  1.12027    ,  5.52658    ,  2.35294    ,  1.68492    ])
432     , -15461.4    , array([ 2.24751    ,  0.692325   ,  0.885054   ,  0.184157   ,  1.12027    ,  5.51991    ,  0.734902   ,  1.68492    ])
440     , -14244.9    , array([ 2.24751    ,  0.692325   ,  0.885054   ,  0.184157   ,  1.12027    ,  5.51991    ,  2.4667     ,  1.68492    ])
448     , -14183.6    , array([ 2.2645     ,  0.626841   ,  0.942185   ,  0.265507   ,  0.991133   ,  5.51968    ,  2.40836    ,  1.77374    ])
456     , -15023.8    , array([ 1.64683    ,  0.62542    ,  0.943425   ,  0.267272   ,  0.988331   ,  5.51967    ,  2.4071     ,  1.77567    ])
464     , -19832.8    , array([ 2.23004    ,  1.62542    ,  0.943425   ,  0.267272   ,  0.988331   ,  5.51967    ,  2.4071     ,  1.77567    ])
472     , -14246.7    , array([ 2.23004    ,  0.717664   ,  0.943425   ,  0.267272   ,  0.988331   ,  5.51967    ,  2.4071     ,  1.77567    ])
480     , -14167.2    , array([ 2.23004    ,  0.65119    ,  0.943425   ,  0.267272   ,  0.988331   ,  5.51967    ,  2.4071     ,  1.77567    ])
488     , -14166.8    , array([ 2.23004    ,  0.65119    ,  0.951373   ,  0.267272   ,  0.988331   ,  5.51967    ,  2.4071     ,  1.77567    ])
496     , -14156.4    , array([ 2.23004    ,  0.65119    ,  0.951294   ,  0.28415    ,  0.988331   ,  5.51967    ,  2.4071     ,  1.77567    ])
504     , -14152.7    , array([ 2.23004    ,  0.65119    ,  0.951294   ,  0.302581   ,  0.988331   ,  5.51967    ,  2.4071     ,  1.77567    ])
512     , -14146.5    , array([ 2.23004    ,  0.65119    ,  0.951294   ,  0.302581   ,  0.988331   ,  5.51967    ,  2.4071     ,  1.60769    ])
520     , -14707.2    , array([ 2.23004    ,  0.65119    ,  0.951294   ,  0.302581   ,  0.988331   ,  3.90164    ,  2.4071     ,  1.64851    ])
528     , -14145      , array([ 2.23004    ,  0.65119    ,  0.951294   ,  0.302581   ,  0.988331   ,  5.44051    ,  2.4071     ,  1.64851    ])
536     , -14144.7    , array([ 2.23004    ,  0.65119    ,  0.951294   ,  0.302581   ,  0.988331   ,  5.45968    ,  2.4071     ,  1.64851    ])
544     , -14143      , array([ 2.23004    ,  0.65119    ,  0.951294   ,  0.302581   ,  0.988331   ,  5.45968    ,  2.47149    ,  1.64851    ])
552     , -14106.8    , array([ 2.24357    ,  0.599044   ,  0.996789   ,  0.367362   ,  0.8855     ,  5.4595     ,  2.42503    ,  1.71924    ])
560     , -14048.7    , array([ 2.22041    ,  0.579883   ,  1.04386    ,  0.458487   ,  0.796896   ,  5.39935    ,  2.44939    ,  1.65303    ])
568     , -14006.6    , array([ 2.18345    ,  0.542026   ,  1.12735    ,  0.617452   ,  0.63775    ,  5.29933    ,  2.48455    ,  1.55108    ])
576     , -14006.6    , array([ 2.18554    ,  0.542026   ,  1.12735    ,  0.617452   ,  0.63775    ,  5.29933    ,  2.48455    ,  1.55108    ])
592     , -13981.9    , array([ 2.18539    ,  0.5713     ,  1.12735    ,  0.617452   ,  0.63775    ,  5.29933    ,  2.48455    ,  1.55108    ])
600     , -14279.5    , array([ 2.18539    ,  0.570721   ,  1.50932    ,  0.617452   ,  0.63775    ,  5.29933    ,  2.48455    ,  1.55108    ])
608     , -13979.7    , array([ 2.18539    ,  0.570721   ,  1.15243    ,  0.617452   ,  0.63775    ,  5.29933    ,  2.48455    ,  1.55108    ])
616     , -13978      , array([ 2.18539    ,  0.570721   ,  1.15243    ,  0.634002   ,  0.63775    ,  5.29933    ,  2.48455    ,  1.55108    ])
624     , -15115.4    , array([ 2.18539    ,  0.570721   ,  1.15243    ,  0.630623   ,  0.63775    ,  5.29933    ,  2.48455    ,  0.933044   ])
632     , -13975.2    , array([ 2.18539    ,  0.570721   ,  1.15243    ,  0.630623   ,  0.63775    ,  5.29933    ,  2.48455    ,  1.62729    ])
640     , -13984.1    , array([ 2.18539    ,  0.570721   ,  1.15243    ,  0.630623   ,  0.63775    ,  5.68129    ,  2.48455    ,  1.62266    ])
648     , -13973.3    , array([ 2.18539    ,  0.570721   ,  1.15243    ,  0.630623   ,  0.63775    ,  5.42346    ,  2.48455    ,  1.62266    ])
656     , -13973.3    , array([ 2.18539    ,  0.570721   ,  1.15243    ,  0.630623   ,  0.63775    ,  5.42346    ,  2.48077    ,  1.62266    ])
664     , -13960.9    , array([ 2.16278    ,  0.547564   ,  1.20351    ,  0.727861   ,  0.5404     ,  5.36228    ,  2.50228    ,  1.5603     ])
672     , -35532.6    , array([ 0.547276   ,  0.550155   ,  1.19779    ,  0.716979   ,  0.551295   ,  5.36913    ,  2.49987    ,  1.56728    ])
680     , -13957.3    , array([ 2.20853    ,  0.550155   ,  1.19779    ,  0.716979   ,  0.551295   ,  5.36913    ,  2.49987    ,  1.56728    ])
688     , -14514.8    , array([ 2.20853    ,  0.428653   ,  1.19779    ,  0.716979   ,  0.551295   ,  5.36913    ,  2.49987    ,  1.56728    ])
696     , -15175.8    , array([ 2.20853    ,  0.544149   ,  2.19779    ,  0.716979   ,  0.551295   ,  5.36913    ,  2.49987    ,  1.56728    ])
704     , -13955.7    , array([ 2.20853    ,  0.544149   ,  1.20946    ,  0.716979   ,  0.551295   ,  5.36913    ,  2.49987    ,  1.56728    ])
712     , -15002.8    , array([ 2.20853    ,  0.544149   ,  1.2096     ,  1.09894    ,  0.551295   ,  5.36913    ,  2.49987    ,  1.56728    ])
720     , -14115.2    , array([ 2.20853    ,  0.544149   ,  1.2096     ,  0.716226   ,  0.551295   ,  5.36913    ,  2.49987    ,  2.56728    ])
728     , -13951.7    , array([ 2.20853    ,  0.544149   ,  1.2096     ,  0.716226   ,  0.551295   ,  5.36913    ,  2.49987    ,  1.64326    ])
736     , -13951.7    , array([ 2.20853    ,  0.544149   ,  1.2096     ,  0.716226   ,  0.551295   ,  5.36913    ,  2.49987    ,  1.64606    ])
744     , -13949      , array([ 2.20853    ,  0.544149   ,  1.2096     ,  0.716226   ,  0.551295   ,  5.50082    ,  2.49987    ,  1.64606    ])
752     , -13948.9    , array([ 2.20853    ,  0.544149   ,  1.2096     ,  0.716226   ,  0.551295   ,  5.50082    ,  2.49344    ,  1.64606    ])
760     , -13948.8    , array([ 2.20853    ,  0.544149   ,  1.2096     ,  0.716226   ,  0.551295   ,  5.50082    ,  2.47645    ,  1.64606    ])
768     , -13937.8    , array([ 2.2306     ,  0.516476   ,  1.26919    ,  0.80645    ,  0.460213   ,  5.57528    ,  2.47315    ,  1.66649    ])
776     , -13944.4    , array([ 2.21313    ,  0.533316   ,  1.23349    ,  0.761714   ,  0.505754   ,  5.4722     ,  2.48651    ,  1.61689    ])
792     , -13944      , array([ 2.21698    ,  0.52984    ,  1.23349    ,  0.761714   ,  0.505754   ,  5.4722     ,  2.48651    ,  1.61689    ])
800     , -14213.6    , array([ 2.21698    ,  0.52984    ,  1.61545    ,  0.761714   ,  0.505754   ,  5.4722     ,  2.48651    ,  1.61689    ])
808     , -18711.8    , array([ 2.21698    ,  0.52984    ,  1.24069    ,  1.76171    ,  0.505754   ,  5.4722     ,  2.48651    ,  1.61689    ])
816     , -13943.8    , array([ 2.21698    ,  0.52984    ,  1.24069    ,  0.76019    ,  0.505754   ,  5.4722     ,  2.48651    ,  1.61689    ])
824     , -13977      , array([ 2.21698    ,  0.52984    ,  1.24069    ,  0.760169   ,  0.505754   ,  5.4722     ,  2.48651    ,  1.99885    ])
832     , -13942.2    , array([ 2.21698    ,  0.52984    ,  1.24069    ,  0.760169   ,  0.505754   ,  5.4722     ,  2.48651    ,  1.67054    ])
840     , -13940.8    , array([ 2.21698    ,  0.52984    ,  1.24069    ,  0.760169   ,  0.505754   ,  5.5719     ,  2.48651    ,  1.67054    ])
848     , -15113.2    , array([ 2.21698    ,  0.52984    ,  1.24069    ,  0.760169   ,  0.505754   ,  5.57499    ,  0.868476   ,  1.67054    ])
856     , -13940.6    , array([ 2.21698    ,  0.52984    ,  1.24069    ,  0.760169   ,  0.505754   ,  5.57499    ,  2.46587    ,  1.67054    ])
864     , -13939.3    , array([ 2.21114    ,  0.523859   ,  1.25388    ,  0.785284   ,  0.48061    ,  5.55919    ,  2.47163    ,  1.65443    ])
872     , -13939.3    , array([ 2.21045    ,  0.523147   ,  1.25545    ,  0.788271   ,  0.47762    ,  5.55731    ,  2.47229    ,  1.65251    ])
880     , -13936.2    , array([ 2.23563    ,  0.503009   ,  1.29894    ,  0.840549   ,  0.422188   ,  5.72804    ,  2.44366    ,  1.7243     ])
888     , -13935.9    , array([ 2.23062    ,  0.507037   ,  1.29024    ,  0.830072   ,  0.433294   ,  5.69404    ,  2.44935    ,  1.71003    ])
896     , -13935.9    , array([ 2.23121    ,  0.507037   ,  1.29024    ,  0.830072   ,  0.433294   ,  5.69404    ,  2.44935    ,  1.71003    ])
904     , -14580.7    , array([ 2.23122    ,  0.393867   ,  1.29024    ,  0.830072   ,  0.433294   ,  5.69404    ,  2.44935    ,  1.71003    ])
912     , -14970.5    , array([ 2.23122    ,  0.507342   ,  2.29024    ,  0.830072   ,  0.433294   ,  5.69404    ,  2.44935    ,  1.71003    ])
920     , -13935.8    , array([ 2.23122    ,  0.507342   ,  1.29434    ,  0.830072   ,  0.433294   ,  5.69404    ,  2.44935    ,  1.71003    ])
928     , -14922.4    , array([ 2.23122    ,  0.507342   ,  1.29438    ,  1.21204    ,  0.433294   ,  5.69404    ,  2.44935    ,  1.71003    ])
936     , -14140.4    , array([ 2.17203    ,  0.446717   ,  1.42809    ,  1.08701    ,  0.17843    ,  5.53385    ,  2.50566    ,  1.54675    ])
944     , -13935.8    , array([ 2.23162    ,  0.50775    ,  1.29348    ,  0.83073    ,  0.435007   ,  5.69512    ,  2.44897    ,  1.71112    ])
952     , -13954.9    , array([ 2.23162    ,  0.50775    ,  1.29348    ,  0.83073    ,  0.435007   ,  6.07708    ,  2.44897    ,  1.71112    ])
960     , -13935.8    , array([ 2.23162    ,  0.50775    ,  1.29348    ,  0.83073    ,  0.435007   ,  5.68992    ,  2.44897    ,  1.71112    ])
968     , -13935.8    , array([ 2.23162    ,  0.50775    ,  1.29348    ,  0.83073    ,  0.435007   ,  5.68992    ,  2.44925    ,  1.71112    ])
976     , -13936.1    , array([ 2.2393     ,  0.501571   ,  1.30683    ,  0.846803   ,  0.417969   ,  5.74208    ,  2.44051    ,  1.73302    ])
