928     , -89.6438    , array([ 0.0771663  ,  1.14334    ,  0.044432   ,  0.0399151  ])
932     , -279.617    , array([ 0.0629701  ,  0.665649   ,  0.0211588  ,  0.0578098  ])
936     , -279.599    , array([ 0.0629701  ,  0.665649   ,  0.0211588  ,  0.0578676  ])
940     , -89.6308    , array([ 0.0770537  ,  1.14005    ,  0.0441522  ,  0.0400214  ])
944     , -89.6133    , array([ 0.0767842  ,  1.13488    ,  0.043989   ,  0.0401393  ])
948     , -89.613     , array([ 0.0767842  ,  1.13488    ,  0.043989   ,  0.0401795  ])
952     , -89.5914    , array([ 0.0763075  ,  1.12936    ,  0.043716   ,  0.0402171  ])
956     , -89.5639    , array([ 0.0755456  ,  1.12679    ,  0.0431964  ,  0.0403337  ])
960     , -89.562     , array([ 0.0755456  ,  1.12679    ,  0.0431964  ,  0.0403741  ])
964     , -89.4614    , array([ 0.0725733  ,  1.12216    ,  0.0411788  ,  0.0408037  ])
968     , -89.1987    , array([ 0.0618086  ,  1.09832    ,  0.034008   ,  0.042739   ])
972     , -89.206     , array([ 0.0618086  ,  1.09832    ,  0.034008   ,  0.0427817  ])
976     , -89.1669    , array([ 0.0478147  ,  1.04649    ,  0.0254061  ,  0.0456508  ])
980     , -89.1186    , array([ 0.0471417  ,  1.04424    ,  0.0250393  ,  0.0457076  ])
984     , -89.1401    , array([ 0.0471417  ,  1.04424    ,  0.0250393  ,  0.0457533  ])
988     , -88.9713    , array([ 0.0445433  ,  1.04046    ,  0.0236241  ,  0.0459354  ])
992     , -88.8341    , array([ 0.0392637  ,  1.03479    ,  0.020636   ,  0.0465272  ])
996     , -88.8491    , array([ 0.0392637  ,  1.03479    ,  0.020636   ,  0.0465737  ])
1000    , -88.7593    , array([ 0.0354018  ,  1.03034    ,  0.018483   ,  0.0469819  ])
1004    , -88.7267    , array([ 0.0330292  ,  1.02636    ,  0.0171672  ,  0.0472862  ])
1008    , -88.7385    , array([ 0.0330292  ,  1.02636    ,  0.0171672  ,  0.0473335  ])
1012    , -88.7203    , array([ 0.0250259  ,  1.01566    ,  0.0127762  ,  0.0485232  ])
1016    , -88.6955    , array([ 0.0242236  ,  1.0143     ,  0.0123538  ,  0.0485814  ])
1020    , -88.7095    , array([ 0.0242236  ,  1.0143     ,  0.0123538  ,  0.04863    ])
1024    , -88.6357    , array([ 0.0212637  ,  1.01397    ,  0.0107995  ,  0.0488147  ])
1028    , -88.6424    , array([ 0.0192237  ,  1.00911    ,  0.00971863 ,  0.0491556  ])
1032    , -88.6537    , array([ 0.0192237  ,  1.00911    ,  0.00971863 ,  0.0492048  ])
1036    , -88.6363    , array([ 0.0208309  ,  1.01318    ,  0.0105698  ,  0.048884   ])
1040    , -88.6341    , array([ 0.0211733  ,  1.01279    ,  0.0107515  ,  0.048829   ])
1044    , -88.6441    , array([ 0.0211733  ,  1.01279    ,  0.0107515  ,  0.0488779  ])
1048    , -88.6357    , array([ 0.0212449  ,  1.01393    ,  0.0107895  ,  0.0488177  ])
1052    , -88.634     , array([ 0.0212598  ,  1.01295    ,  0.0107974  ,  0.0488153  ])
1056    , -88.644     , array([ 0.0212598  ,  1.01295    ,  0.0107974  ,  0.0488641  ])
1060    , -88.6357    , array([ 0.0212629  ,  1.01396    ,  0.0107991  ,  0.0488148  ])
1064    , -88.634     , array([ 0.0212636  ,  1.01295    ,  0.0107994  ,  0.0488147  ])
1068    , -88.644     , array([ 0.0212636  ,  1.01295    ,  0.0107994  ,  0.0488635  ])
1072    , -88.6357    , array([ 0.0212637  ,  1.01397    ,  0.0107995  ,  0.0488147  ])
1076    , -88.634     , array([ 0.0212637  ,  1.01295    ,  0.0107995  ,  0.0488147  ])
1080    , -88.644     , array([ 0.0212637  ,  1.01295    ,  0.0107995  ,  0.0488635  ])
1084    , -88.6357    , array([ 0.0212637  ,  1.01397    ,  0.0107995  ,  0.0488147  ])
1088    , -88.634     , array([ 0.0212637  ,  1.01295    ,  0.0107995  ,  0.0488147  ])
1092    , -88.644     , array([ 0.0212637  ,  1.01295    ,  0.0107995  ,  0.0488635  ])
1096    , -88.6357    , array([ 0.0212637  ,  1.01397    ,  0.0107995  ,  0.0488147  ])
1100    , -88.634     , array([ 0.0212637  ,  1.01295    ,  0.0107995  ,  0.0488147  ])
1104    , -88.644     , array([ 0.0212637  ,  1.01295    ,  0.0107995  ,  0.0488635  ])
1108    , -88.6357    , array([ 0.0212637  ,  1.01397    ,  0.0107995  ,  0.0488147  ])
1112    , -88.634     , array([ 0.0212637  ,  1.01295    ,  0.0107995  ,  0.0488147  ])
1116    , -88.644     , array([ 0.0212637  ,  1.01295    ,  0.0107995  ,  0.0488635  ])
1120    , -88.6357    , array([ 0.0212637  ,  1.01397    ,  0.0107995  ,  0.0488147  ])
1124    , -88.634     , array([ 0.0212637  ,  1.01295    ,  0.0107995  ,  0.0488147  ])
1128    , -88.644     , array([ 0.0212637  ,  1.01295    ,  0.0107995  ,  0.0488635  ])
1132    , -88.6357    , array([ 0.0212637  ,  1.01397    ,  0.0107995  ,  0.0488147  ])
1136    , -88.634     , array([ 0.0212637  ,  1.01295    ,  0.0107995  ,  0.0488147  ])
1140    , -88.644     , array([ 0.0212637  ,  1.01295    ,  0.0107995  ,  0.0488635  ])
1144    , -88.6357    , array([ 0.0212637  ,  1.01397    ,  0.0107995  ,  0.0488147  ])
1148    , -88.634     , array([ 0.0212637  ,  1.01295    ,  0.0107995  ,  0.0488147  ])
1152    , -88.644     , array([ 0.0212637  ,  1.01295    ,  0.0107995  ,  0.0488635  ])
1156    , -88.6357    , array([ 0.0212637  ,  1.01397    ,  0.0107995  ,  0.0488147  ])
1160    , -88.634     , array([ 0.0212637  ,  1.01295    ,  0.0107995  ,  0.0488147  ])
1164    , -88.644     , array([ 0.0212637  ,  1.01295    ,  0.0107995  ,  0.0488635  ])
1168    , -88.6357    , array([ 0.0212637  ,  1.01397    ,  0.0107995  ,  0.0488147  ])
1172    , -88.634     , array([ 0.0212637  ,  1.01295    ,  0.0107995  ,  0.0488147  ])
1176    , -88.644     , array([ 0.0212637  ,  1.01295    ,  0.0107995  ,  0.0488635  ])
1180    , -88.6357    , array([ 0.0212637  ,  1.01397    ,  0.0107995  ,  0.0488147  ])
1184    , -88.634     , array([ 0.0212637  ,  1.01295    ,  0.0107995  ,  0.0488147  ])
1188    , -88.644     , array([ 0.0212637  ,  1.01295    ,  0.0107995  ,  0.0488635  ])
1192    , -88.6357    , array([ 0.0212637  ,  1.01397    ,  0.0107995  ,  0.0488147  ])
1196    , -88.634     , array([ 0.0212637  ,  1.01295    ,  0.0107995  ,  0.0488147  ])
1200    , -88.644     , array([ 0.0212637  ,  1.01295    ,  0.0107995  ,  0.0488635  ])
1204    , -88.6357    , array([ 0.0212637  ,  1.01397    ,  0.0107995  ,  0.0488147  ])
1208    , -88.634     , array([ 0.0212637  ,  1.01295    ,  0.0107995  ,  0.0488147  ])
1212    , -88.644     , array([ 0.0212637  ,  1.01295    ,  0.0107995  ,  0.0488635  ])
1216    , -88.6357    , array([ 0.0212637  ,  1.01397    ,  0.0107995  ,  0.0488147  ])
1220    , -88.634     , array([ 0.0212637  ,  1.01295    ,  0.0107995  ,  0.0488147  ])
1224    , -88.644     , array([ 0.0212637  ,  1.01295    ,  0.0107995  ,  0.0488635  ])
1228    , -88.6357    , array([ 0.0212637  ,  1.01397    ,  0.0107995  ,  0.0488147  ])
1232    , -88.634     , array([ 0.0212637  ,  1.01295    ,  0.0107995  ,  0.0488147  ])
1236    , -88.644     , array([ 0.0212637  ,  1.01295    ,  0.0107995  ,  0.0488635  ])
1240    , -88.6357    , array([ 0.0212637  ,  1.01397    ,  0.0107995  ,  0.0488147  ])
1244    , -88.634     , array([ 0.0212637  ,  1.01295    ,  0.0107995  ,  0.0488147  ])
1248    , -88.644     , array([ 0.0212637  ,  1.01295    ,  0.0107995  ,  0.0488635  ])
1252    , -88.6357    , array([ 0.0212637  ,  1.01397    ,  0.0107995  ,  0.0488147  ])
1256    , -88.634     , array([ 0.0212637  ,  1.01295    ,  0.0107995  ,  0.0488147  ])
1260    , -88.644     , array([ 0.0212637  ,  1.01295    ,  0.0107995  ,  0.0488635  ])
1264    , -88.6357    , array([ 0.0212637  ,  1.01397    ,  0.0107995  ,  0.0488147  ])
1268    , -88.634     , array([ 0.0212637  ,  1.01295    ,  0.0107995  ,  0.0488147  ])
1272    , -88.644     , array([ 0.0212637  ,  1.01295    ,  0.0107995  ,  0.0488635  ])
1276    , -88.6357    , array([ 0.0212637  ,  1.01397    ,  0.0107995  ,  0.0488147  ])
1280    , -88.634     , array([ 0.0212637  ,  1.01295    ,  0.0107995  ,  0.0488147  ])
1284    , -88.644     , array([ 0.0212637  ,  1.01295    ,  0.0107995  ,  0.0488635  ])
1288    , -88.6357    , array([ 0.0212637  ,  1.01397    ,  0.0107995  ,  0.0488147  ])
1292    , -88.634     , array([ 0.0212637  ,  1.01295    ,  0.0107995  ,  0.0488147  ])
1296    , -88.644     , array([ 0.0212637  ,  1.01295    ,  0.0107995  ,  0.0488635  ])
1300    , -88.6357    , array([ 0.0212637  ,  1.01397    ,  0.0107995  ,  0.0488147  ])
1304    , -88.634     , array([ 0.0212637  ,  1.01295    ,  0.0107995  ,  0.0488147  ])
1308    , -88.644     , array([ 0.0212637  ,  1.01295    ,  0.0107995  ,  0.0488635  ])
1312    , -88.6357    , array([ 0.0212637  ,  1.01397    ,  0.0107995  ,  0.0488147  ])
1316    , -88.634     , array([ 0.0212637  ,  1.01295    ,  0.0107995  ,  0.0488147  ])
1320    , -88.644     , array([ 0.0212637  ,  1.01295    ,  0.0107995  ,  0.0488635  ])
1324    , -88.6357    , array([ 0.0212637  ,  1.01397    ,  0.0107995  ,  0.0488147  ])
1328    , -88.634     , array([ 0.0212637  ,  1.01295    ,  0.0107995  ,  0.0488147  ])
1332    , -88.644     , array([ 0.0212637  ,  1.01295    ,  0.0107995  ,  0.0488635  ])
1336    , -88.6342    , array([ 0.021084   ,  1.01263    ,  0.0107041  ,  0.0488433  ])
1340    , -88.634     , array([ 0.0212577  ,  1.01294    ,  0.0107963  ,  0.0488156  ])
1344    , -88.634     , array([ 0.0212635  ,  1.01295    ,  0.0107994  ,  0.0488147  ])
