150     , -1310.97    , array([ 0.99822    ,  0.0993305  ,  5.00665    ,  2.54393    ,  0.0497627  ])
155     , -1311.05    , array([ 1.00776    ,  0.0993305  ,  5.00665    ,  2.54393    ,  0.0497627  ])
160     , -1310.97    , array([ 0.999067   ,  0.0993305  ,  5.00665    ,  2.54393    ,  0.0497627  ])
165     , -24712.2    , array([ 0.999067   ,  0.481296   ,  5.00665    ,  2.54393    ,  0.0497627  ])
170     , -3976.11    , array([ 0.999067   ,  0.0648886  ,  5.00665    ,  2.54393    ,  0.0497627  ])
175     , -1310.96    , array([ 0.999067   ,  0.0993803  ,  5.00665    ,  2.54393    ,  0.0497627  ])
180     , -1400.14    , array([ 0.999067   ,  0.0993803  ,  3.38861    ,  2.54393    ,  0.0497627  ])
185     , -1310.96    , array([ 0.999067   ,  0.0993803  ,  4.99736    ,  2.54393    ,  0.0497627  ])
190     , -1528.9     , array([ 0.999067   ,  0.0993803  ,  4.99751    ,  0.9259     ,  0.0497627  ])
195     , -1310.96    , array([ 0.999067   ,  0.0993803  ,  4.99751    ,  2.53933    ,  0.0497627  ])
200     , -13639.7    , array([ 0.999067   ,  0.0993803  ,  4.99751    ,  2.53961    ,  1.04976    ])
205     , -9067.21    , array([ 0.999067   ,  0.0993803  ,  4.99751    ,  2.53961    ,  0.240663   ])
210     , -2454.76    , array([ 0.999067   ,  0.0993803  ,  4.99751    ,  2.53961    ,  0.0776147  ])
215     , -1310.96    , array([ 0.999067   ,  0.0993803  ,  4.99751    ,  2.53961    ,  0.0497427  ])
