3528    , -90.0171    , array([ 0.0881574  ,  1.13978    ,  0.0522198  ,  0.038591   ])
3532    , -90.0171    , array([ 0.0881574  ,  1.13978    ,  0.0522198  ,  0.038591   ])
3540    , -122.189    , array([ 0.106809   ,  1.13978    ,  0.0522198  ,  0.038591   ])
3544    , -90.0159    , array([ 0.0882574  ,  1.13978    ,  0.0522198  ,  0.038591   ])
3548    , -130.42     , array([ 0.0882574  ,  2.13978    ,  0.0522198  ,  0.038591   ])
3552    , -100.164    , array([ 0.0882574  ,  1.52175    ,  0.0522198  ,  0.038591   ])
3556    , -90.0117    , array([ 0.0882574  ,  1.14582    ,  0.0522198  ,  0.038591   ])
3560    , -14237.7    , array([ 0.0882574  ,  1.14588    ,  1.05222    ,  0.038591   ])
3564    , -12729.2    , array([ 0.0882574  ,  1.14588    ,  0.434186   ,  0.038591   ])
3568    , -1062.35    , array([ 0.0882574  ,  1.14588    ,  0.12513    ,  0.038591   ])
3572    , -90.0029    , array([ 0.0882574  ,  1.14588    ,  0.0520346  ,  0.038591   ])
3576    , -4372.31    , array([ 0.0882574  ,  1.14588    ,  0.0520369  ,  1.03859    ])
3580    , -3934.38    , array([ 0.0882574  ,  1.14588    ,  0.0520369  ,  0.420557   ])
3584    , -1049.75    , array([ 0.0882574  ,  1.14588    ,  0.0520369  ,  0.111528   ])
3588    , -94.829     , array([ 0.0882574  ,  1.14588    ,  0.0520369  ,  0.0418365  ])
3592    , -90.0018    , array([ 0.0882574  ,  1.14588    ,  0.0520369  ,  0.0386375  ])
3596    , -2507.34    , array([ 1.08826    ,  1.14588    ,  0.0520369  ,  0.0386375  ])
3600    , -1631.69    , array([ 0.470223   ,  1.14588    ,  0.0520369  ,  0.0386375  ])
3604    , -382.671    , array([ 0.161202   ,  1.14588    ,  0.0520369  ,  0.0386375  ])
3608    , -90.0479    , array([ 0.0874575  ,  1.14588    ,  0.0520369  ,  0.0386375  ])
3612    , -89.9988    , array([ 0.088094   ,  1.14588    ,  0.0520369  ,  0.0386375  ])
3616    , -89.9988    , array([ 0.0880956  ,  1.14588    ,  0.0520369  ,  0.0386375  ])
3620    , -90.1914    , array([ 0.0880956  ,  1.10579    ,  0.0520369  ,  0.0386375  ])
3624    , -89.9988    , array([ 0.0880956  ,  1.14608    ,  0.0520369  ,  0.0386375  ])
3628    , -89.9988    , array([ 0.0880956  ,  1.14609    ,  0.0520369  ,  0.0386375  ])
3636    , -6197.67    , array([ 0.0880956  ,  1.14609    ,  0.242917   ,  0.0386375  ])
3640    , -99.9292    , array([ 0.0880956  ,  1.14609    ,  0.0460262  ,  0.0386375  ])
3644    , -89.9938    , array([ 0.0880956  ,  1.14609    ,  0.0519006  ,  0.0386375  ])
3652    , -2625.2     , array([ 0.0880956  ,  1.14609    ,  0.0519006  ,  0.229589   ])
3656    , -1615.29    , array([ 0.0880956  ,  1.14609    ,  0.0519006  ,  0.00419566 ])
3660    , -90.0727    , array([ 0.0880956  ,  1.14609    ,  0.0519006  ,  0.0390618  ])
3664    , -89.9935    , array([ 0.0880956  ,  1.14609    ,  0.0519006  ,  0.0386625  ])
