905     , -1310.95    , array([ 0.999829   ,  0.0996901  ,  4.98748    ,  2.50934    ,  0.0497554  ])
910     , -1311.03    , array([ 1.00959    ,  0.0996901  ,  4.98748    ,  2.50934    ,  0.0497554  ])
915     , -1310.95    , array([ 1.00098    ,  0.0996901  ,  4.98748    ,  2.50934    ,  0.0497554  ])
920     , -24676.5    , array([ 1.00098    ,  0.481656   ,  4.98748    ,  2.50934    ,  0.0497554  ])
925     , -3940.39    , array([ 1.00098    ,  0.0652483  ,  4.98748    ,  2.50934    ,  0.0497554  ])
930     , -1310.94    , array([ 1.00098    ,  0.0996343  ,  4.98748    ,  2.50934    ,  0.0497554  ])
935     , -1401.78    , array([ 1.00098    ,  0.0996343  ,  3.36945    ,  2.50934    ,  0.0497554  ])
940     , -1310.94    , array([ 1.00098    ,  0.0996343  ,  4.99125    ,  2.50934    ,  0.0497554  ])
945     , -1530.82    , array([ 1.00098    ,  0.0996343  ,  4.99125    ,  0.891306   ,  0.0497554  ])
950     , -1310.94    , array([ 1.00098    ,  0.0996343  ,  4.99125    ,  2.5073     ,  0.0497554  ])
955     , -13793.8    , array([ 1.00098    ,  0.0996343  ,  4.99125    ,  2.50752    ,  1.04976    ])
960     , -9154.99    , array([ 1.00098    ,  0.0996343  ,  4.99125    ,  2.50752    ,  0.240655   ])
965     , -2460.01    , array([ 1.00098    ,  0.0996343  ,  4.99125    ,  2.50752    ,  0.0776073  ])
970     , -1310.94    , array([ 1.00098    ,  0.0996343  ,  4.99125    ,  2.50752    ,  0.0497673  ])
