1724    , -393.067    , array([ 3.98985    ,  0.0628408  ,  1.64895    ,  0.239108   ])
1728    , -2876.24    , array([ 3.97344    ,  0.0374844  ,  1.64067    ,  0.100334   ])
1732    , -2877.38    , array([ 3.97344    ,  0.0374844  ,  1.64231    ,  0.100334   ])
1736    , -393.071    , array([ 3.99381    ,  0.0627192  ,  1.64894    ,  0.238731   ])
1740    , -393.06     , array([ 3.98984    ,  0.0627677  ,  1.64895    ,  0.239042   ])
1744    , -393.061    , array([ 3.98984    ,  0.0627677  ,  1.6506     ,  0.239042   ])
1748    , -393.06     , array([ 3.99384    ,  0.0627759  ,  1.64895    ,  0.239095   ])
1752    , -393.06     , array([ 3.98985    ,  0.0627775  ,  1.64895    ,  0.239105   ])
1756    , -393.06     , array([ 3.98985    ,  0.0627775  ,  1.6506     ,  0.239105   ])
1760    , -393.06     , array([ 3.99384    ,  0.0627779  ,  1.64895    ,  0.239107   ])
1764    , -393.06     , array([ 3.98985    ,  0.0627779  ,  1.64895    ,  0.239108   ])
1768    , -393.06     , array([ 3.98985    ,  0.0627779  ,  1.6506     ,  0.239108   ])
1772    , -393.06     , array([ 3.99384    ,  0.062778   ,  1.64895    ,  0.239108   ])
1776    , -393.06     , array([ 3.98985    ,  0.062778   ,  1.64895    ,  0.239108   ])
1780    , -393.06     , array([ 3.98985    ,  0.062778   ,  1.6506     ,  0.239108   ])
1784    , -393.06     , array([ 3.99384    ,  0.062778   ,  1.64895    ,  0.239108   ])
1788    , -393.06     , array([ 3.98985    ,  0.062778   ,  1.64895    ,  0.239108   ])
1792    , -393.06     , array([ 3.98985    ,  0.062778   ,  1.6506     ,  0.239108   ])
1796    , -393.06     , array([ 3.99384    ,  0.062778   ,  1.64895    ,  0.239108   ])
1800    , -393.06     , array([ 3.98985    ,  0.062778   ,  1.64895    ,  0.239108   ])
1804    , -393.06     , array([ 3.98985    ,  0.062778   ,  1.6506     ,  0.239108   ])
1808    , -393.06     , array([ 3.99384    ,  0.062778   ,  1.64895    ,  0.239108   ])
1812    , -393.06     , array([ 3.98985    ,  0.062778   ,  1.64895    ,  0.239108   ])
1816    , -393.06     , array([ 3.98985    ,  0.062778   ,  1.6506     ,  0.239108   ])
1820    , -393.06     , array([ 3.99384    ,  0.062778   ,  1.64895    ,  0.239108   ])
1824    , -393.06     , array([ 3.98985    ,  0.062778   ,  1.64895    ,  0.239108   ])
1828    , -393.06     , array([ 3.98985    ,  0.062778   ,  1.6506     ,  0.239108   ])
1832    , -393.06     , array([ 3.99384    ,  0.062778   ,  1.64895    ,  0.239108   ])
1836    , -393.06     , array([ 3.98985    ,  0.062778   ,  1.64895    ,  0.239108   ])
1840    , -393.06     , array([ 3.98985    ,  0.062778   ,  1.6506     ,  0.239108   ])
1844    , -393.06     , array([ 3.99384    ,  0.062778   ,  1.64895    ,  0.239108   ])
1848    , -393.06     , array([ 3.98985    ,  0.062778   ,  1.64895    ,  0.239108   ])
1852    , -393.06     , array([ 3.98985    ,  0.062778   ,  1.6506     ,  0.239108   ])
1856    , -393.06     , array([ 3.99384    ,  0.062778   ,  1.64895    ,  0.239108   ])
1860    , -393.06     , array([ 3.98985    ,  0.062778   ,  1.64895    ,  0.239108   ])
1864    , -393.06     , array([ 3.98985    ,  0.062778   ,  1.6506     ,  0.239108   ])
1868    , -393.06     , array([ 3.99384    ,  0.062778   ,  1.64895    ,  0.239108   ])
1872    , -393.06     , array([ 3.98985    ,  0.062778   ,  1.64895    ,  0.239108   ])
1876    , -393.06     , array([ 3.98985    ,  0.062778   ,  1.6506     ,  0.239108   ])
1880    , -393.06     , array([ 3.99384    ,  0.062778   ,  1.64895    ,  0.239108   ])
1884    , -393.06     , array([ 3.98985    ,  0.062778   ,  1.64895    ,  0.239108   ])
1888    , -393.06     , array([ 3.98985    ,  0.062778   ,  1.6506     ,  0.239108   ])
1892    , -393.06     , array([ 3.99384    ,  0.062778   ,  1.64895    ,  0.239108   ])
1896    , -393.06     , array([ 3.98985    ,  0.062778   ,  1.64895    ,  0.239108   ])
1900    , -393.06     , array([ 3.98985    ,  0.062778   ,  1.6506     ,  0.239108   ])
1904    , -393.06     , array([ 3.99384    ,  0.062778   ,  1.64895    ,  0.239108   ])
1908    , -393.06     , array([ 3.98985    ,  0.062778   ,  1.64895    ,  0.239108   ])
1912    , -393.06     , array([ 3.98985    ,  0.062778   ,  1.6506     ,  0.239108   ])
1916    , -393.06     , array([ 3.99384    ,  0.062778   ,  1.64895    ,  0.239108   ])
1920    , -393.06     , array([ 3.98985    ,  0.062778   ,  1.64895    ,  0.239108   ])
1924    , -393.06     , array([ 3.98985    ,  0.062778   ,  1.6506     ,  0.239108   ])
1928    , -393.06     , array([ 3.99384    ,  0.062778   ,  1.64895    ,  0.239108   ])
1932    , -393.06     , array([ 3.98985    ,  0.062778   ,  1.64895    ,  0.239108   ])
1936    , -393.06     , array([ 3.98985    ,  0.062778   ,  1.6506     ,  0.239108   ])
1940    , -393.06     , array([ 3.99384    ,  0.062778   ,  1.64895    ,  0.239108   ])
1944    , -393.06     , array([ 3.98985    ,  0.062778   ,  1.64895    ,  0.239108   ])
1948    , -393.06     , array([ 3.98985    ,  0.062778   ,  1.6506     ,  0.239108   ])
1952    , -393.06     , array([ 3.99384    ,  0.062778   ,  1.64895    ,  0.239108   ])
1956    , -393.06     , array([ 3.98985    ,  0.062778   ,  1.64895    ,  0.239108   ])
1960    , -393.06     , array([ 3.98985    ,  0.062778   ,  1.6506     ,  0.239108   ])
1964    , -393.06     , array([ 3.99384    ,  0.062778   ,  1.64895    ,  0.239108   ])
1968    , -393.06     , array([ 3.98985    ,  0.062778   ,  1.64895    ,  0.239108   ])
1972    , -393.06     , array([ 3.98985    ,  0.062778   ,  1.6506     ,  0.239108   ])
1976    , -393.06     , array([ 3.99384    ,  0.062778   ,  1.64895    ,  0.239108   ])
1980    , -393.06     , array([ 3.98985    ,  0.062778   ,  1.64895    ,  0.239108   ])
1984    , -393.06     , array([ 3.98985    ,  0.062778   ,  1.6506     ,  0.239108   ])
1988    , -393.06     , array([ 3.99384    ,  0.062778   ,  1.64895    ,  0.239108   ])
1992    , -393.06     , array([ 3.98985    ,  0.062778   ,  1.64895    ,  0.239108   ])
1996    , -393.06     , array([ 3.98985    ,  0.062778   ,  1.6506     ,  0.239108   ])
2000    , -393.06     , array([ 3.99384    ,  0.062778   ,  1.64895    ,  0.239108   ])
2004    , -393.06     , array([ 3.98985    ,  0.062778   ,  1.64895    ,  0.239108   ])
2008    , -393.06     , array([ 3.98985    ,  0.062778   ,  1.6506     ,  0.239108   ])
2012    , -393.06     , array([ 3.99384    ,  0.062778   ,  1.64895    ,  0.239108   ])
2016    , -393.06     , array([ 3.98985    ,  0.062778   ,  1.64895    ,  0.239108   ])
2020    , -393.06     , array([ 3.98985    ,  0.062778   ,  1.6506     ,  0.239108   ])
2024    , -393.06     , array([ 3.99384    ,  0.062778   ,  1.64895    ,  0.239108   ])
2028    , -393.06     , array([ 3.98985    ,  0.062778   ,  1.64895    ,  0.239108   ])
2032    , -393.06     , array([ 3.98985    ,  0.062778   ,  1.6506     ,  0.239108   ])
2036    , -393.06     , array([ 3.99384    ,  0.062778   ,  1.64895    ,  0.239108   ])
2040    , -393.06     , array([ 3.98985    ,  0.062778   ,  1.64895    ,  0.239108   ])
2044    , -393.06     , array([ 3.98985    ,  0.062778   ,  1.6506     ,  0.239108   ])
2048    , -393.06     , array([ 3.99384    ,  0.062778   ,  1.64895    ,  0.239108   ])
2052    , -393.06     , array([ 3.98985    ,  0.062778   ,  1.64895    ,  0.239108   ])
2056    , -393.06     , array([ 3.98985    ,  0.062778   ,  1.6506     ,  0.239108   ])
2060    , -393.06     , array([ 3.99384    ,  0.062778   ,  1.64895    ,  0.239108   ])
2064    , -393.06     , array([ 3.98985    ,  0.062778   ,  1.64895    ,  0.239108   ])
2068    , -393.06     , array([ 3.98985    ,  0.062778   ,  1.6506     ,  0.239108   ])
2072    , -393.06     , array([ 3.99384    ,  0.062778   ,  1.64895    ,  0.239108   ])
2076    , -393.06     , array([ 3.98985    ,  0.062778   ,  1.64895    ,  0.239108   ])
2080    , -393.06     , array([ 3.98985    ,  0.062778   ,  1.6506     ,  0.239108   ])
2084    , -393.06     , array([ 3.99384    ,  0.062778   ,  1.64895    ,  0.239108   ])
2088    , -2876.24    , array([ 3.97344    ,  0.0374844  ,  1.64067    ,  0.100334   ])
2092    , -403.836    , array([ 3.98882    ,  0.0607869  ,  1.64843    ,  0.226476   ])
2096    , -393.061    , array([ 3.98984    ,  0.0627577  ,  1.64895    ,  0.238978   ])
