1524    , -3064.93    , array([ 1.01204    ,  0.00598068 ,  0.0990004  ,  0.0225229  ])
1528    , -2885.18    , array([ 0.394003   ,  0.00598068 ,  0.0990004  ,  0.0225229  ])
1532    , -2182.94    , array([ 0.0849781  ,  0.00598068 ,  0.0990004  ,  0.0225229  ])
1536    , -834.492    , array([ 0.0226788  ,  0.00598068 ,  0.0990004  ,  0.0225229  ])
1540    , -394.202    , array([ 0.0124262  ,  0.00598068 ,  0.0990004  ,  0.0225229  ])
1544    , -392.966    , array([ 0.0120803  ,  0.00598068 ,  0.0990004  ,  0.0225229  ])
1548    , -392.966    , array([ 0.0120807  ,  0.00598068 ,  0.0990004  ,  0.0225229  ])
1552    , -2127.38    , array([ 0.0120807  ,  0.0219097  ,  0.0990004  ,  0.0225229  ])
1560    , -1211.14    , array([ 0.0120807  ,  0.0040613  ,  0.0990004  ,  0.0225229  ])
1564    , -406.626    , array([ 0.0120807  ,  0.00570065 ,  0.0990004  ,  0.0225229  ])
1568    , -392.966    , array([ 0.0120807  ,  0.00598088 ,  0.0990004  ,  0.0225229  ])
1576    , -1860.64    , array([ 0.0120807  ,  0.00598088 ,  0.28997    ,  0.0225229  ])
1580    , -695.63     , array([ 0.0120807  ,  0.00598088 ,  0.0645586  ,  0.0225229  ])
1584    , -392.966    , array([ 0.0120807  ,  0.00598088 ,  0.0990035  ,  0.0225229  ])
1588    , -392.966    , array([ 0.0120807  ,  0.00598088 ,  0.0990034  ,  0.0225229  ])
1600    , -4469.95    , array([ 0.0120807  ,  0.00598088 ,  0.0990034  ,  0.00936733 ])
1604    , -393.656    , array([ 0.0120807  ,  0.00598088 ,  0.0990034  ,  0.0227009  ])
1608    , -392.966    , array([ 0.0120807  ,  0.00598088 ,  0.0990034  ,  0.0225228  ])
