4       , -29796.3    , array([ 98.382     ,  100        ,  0.115296   ,  0.0359573  ])
8       , -29795.9    , array([ 99.691     ,  100        ,  0.115296   ,  0.0359573  ])
12      , -29795.8    , array([ 99.9549    ,  100        ,  0.115296   ,  0.0359573  ])
16      , -29795.8    , array([ 99.9934    ,  100        ,  0.115296   ,  0.0359573  ])
20      , -29795.8    , array([ 99.999     ,  100        ,  0.115296   ,  0.0359573  ])
24      , -29795.8    , array([ 99.9999    ,  100        ,  0.115296   ,  0.0359573  ])
28      , -29795.8    , array([ 100        ,  100        ,  0.115296   ,  0.0359573  ])
32      , -29795.8    , array([ 100        ,  100        ,  0.115296   ,  0.0359573  ])
36      , -29795.8    , array([ 100        ,  100        ,  0.115296   ,  0.0359573  ])
40      , -29795.8    , array([ 100        ,  100        ,  0.115296   ,  0.0359573  ])
44      , -29795.8    , array([ 100        ,  100        ,  0.115296   ,  0.0359573  ])
48      , -29795.8    , array([ 100        ,  100        ,  0.115296   ,  0.0359573  ])
52      , -29795.8    , array([ 100        ,  100        ,  0.115296   ,  0.0359573  ])
56      , -29795.8    , array([ 100        ,  100        ,  0.115296   ,  0.0359573  ])
60      , -29796.2    , array([ 100        ,  98.382     ,  0.115296   ,  0.0359573  ])
64      , -29795.9    , array([ 100        ,  99.691     ,  0.115296   ,  0.0359573  ])
68      , -29795.8    , array([ 100        ,  99.9549    ,  0.115296   ,  0.0359573  ])
72      , -29795.8    , array([ 100        ,  99.9934    ,  0.115296   ,  0.0359573  ])
76      , -29795.8    , array([ 100        ,  99.999     ,  0.115296   ,  0.0359573  ])
80      , -29795.8    , array([ 100        ,  99.9999    ,  0.115296   ,  0.0359573  ])
84      , -29795.8    , array([ 100        ,  100        ,  0.115296   ,  0.0359573  ])
88      , -29795.8    , array([ 100        ,  100        ,  0.115296   ,  0.0359573  ])
92      , -29795.8    , array([ 100        ,  100        ,  0.115296   ,  0.0359573  ])
96      , -29795.8    , array([ 100        ,  100        ,  0.115296   ,  0.0359573  ])
100     , -29795.8    , array([ 100        ,  100        ,  0.115296   ,  0.0359573  ])
104     , -29795.8    , array([ 100        ,  100        ,  0.115296   ,  0.0359573  ])
108     , -29795.8    , array([ 100        ,  100        ,  0.115296   ,  0.0359573  ])
112     , -29795.8    , array([ 100        ,  100        ,  0.115296   ,  0.0359573  ])
116     , -39376.5    , array([ 100        ,  100        ,  1.1153     ,  0.0359573  ])
120     , -33288.8    , array([ 100        ,  100        ,  0.497262   ,  0.0359573  ])
124     , -30605.2    , array([ 100        ,  100        ,  0.0268562  ,  0.0359573  ])
128     , -29795.8    , array([ 100        ,  100        ,  0.11511    ,  0.0359573  ])
132     , -39375      , array([ 100        ,  100        ,  0.115107   ,  1.03596    ])
136     , -33286.6    , array([ 100        ,  100        ,  0.115107   ,  0.417923   ])
144     , -29795.8    , array([ 100        ,  100        ,  0.115107   ,  0.0362884  ])
148     , -29795.8    , array([ 100        ,  100        ,  0.115107   ,  0.0359558  ])
152     , -29795.8    , array([ 100        ,  100        ,  0.115107   ,  0.0359571  ])
