15      , -16278.2    , array([ 1.28569    ,  1.52778    ,  1.65474    ,  0.501106   ,  1.03277    ,  0.120813   ,  0.0465773  ,  1.66474    ,  0.429317   ,  0.272264   ,  0.586764   ,  0.446397   ,  2.48658    ,  0.939665   ,  2.33214    ])
30      , -119388     , array([ 1.28569    ,  0.528436   ,  0.0367075  ,  0.501106   ,  1.03277    ,  0.120813   ,  0.0465773  ,  1.66474    ,  0.429317   ,  0.272264   ,  0.586764   ,  0.446397   ,  2.48658    ,  0.939665   ,  2.33214    ])
45      , -12193      , array([ 1.28569    ,  0.528436   ,  1.65069    ,  0.883072   ,  1.03277    ,  0.120813   ,  0.0465773  ,  1.66474    ,  0.429317   ,  0.272264   ,  0.586764   ,  0.446397   ,  2.48658    ,  0.939665   ,  2.33214    ])
60      , -11315.1    , array([ 1.28569    ,  0.528436   ,  1.65069    ,  0.5006     ,  1.41474    ,  0.120813   ,  0.0465773  ,  1.66474    ,  0.429317   ,  0.272264   ,  0.586764   ,  0.446397   ,  2.48658    ,  0.939665   ,  2.33214    ])
75      , -11183.3    , array([ 1.28569    ,  0.528436   ,  1.65069    ,  0.5006     ,  1.03226    ,  0.120813   ,  0.0465773  ,  1.66474    ,  0.429317   ,  0.272264   ,  0.586764   ,  0.446397   ,  2.48658    ,  0.939665   ,  2.33214    ])
90      , -22711.5    , array([ 1.28569    ,  0.528436   ,  1.65069    ,  0.5006     ,  1.03226    ,  0.120465   ,  1.04658    ,  1.66474    ,  0.429317   ,  0.272264   ,  0.586764   ,  0.446397   ,  2.48658    ,  0.939665   ,  2.33214    ])
105     , -11183.3    , array([ 1.28569    ,  0.528436   ,  1.65069    ,  0.5006     ,  1.03226    ,  0.120465   ,  0.0466046  ,  1.66474    ,  0.429317   ,  0.272264   ,  0.586764   ,  0.446397   ,  2.48658    ,  0.939665   ,  2.33214    ])
120     , -11183.2    , array([ 1.28569    ,  0.528436   ,  1.65069    ,  0.5006     ,  1.03226    ,  0.120465   ,  0.0466041  ,  1.64387    ,  0.429317   ,  0.272264   ,  0.586764   ,  0.446397   ,  2.48658    ,  0.939665   ,  2.33214    ])
135     , -11183.2    , array([ 1.28569    ,  0.528436   ,  1.65069    ,  0.5006     ,  1.03226    ,  0.120465   ,  0.0466041  ,  1.64408    ,  0.421665   ,  0.272264   ,  0.586764   ,  0.446397   ,  2.48658    ,  0.939665   ,  2.33214    ])
150     , -11190.5    , array([ 1.28569    ,  0.528436   ,  1.65069    ,  0.5006     ,  1.03226    ,  0.120465   ,  0.0466041  ,  1.64408    ,  0.421665   ,  0.281316   ,  0.777747   ,  0.446397   ,  2.48658    ,  0.939665   ,  2.33214    ])
165     , -11183.2    , array([ 1.28569    ,  0.528436   ,  1.65069    ,  0.5006     ,  1.03226    ,  0.120465   ,  0.0466041  ,  1.64408    ,  0.421665   ,  0.281316   ,  0.58746    ,  0.449737   ,  2.48658    ,  0.939665   ,  2.33214    ])
180     , -11183.2    , array([ 1.28569    ,  0.528436   ,  1.65069    ,  0.5006     ,  1.03226    ,  0.120465   ,  0.0466041  ,  1.64408    ,  0.421665   ,  0.281316   ,  0.58746    ,  0.449001   ,  2.49445    ,  0.939665   ,  2.33214    ])
195     , -11189.1    , array([ 1.28569    ,  0.528436   ,  1.65069    ,  0.5006     ,  1.03226    ,  0.120465   ,  0.0466041  ,  1.64408    ,  0.421665   ,  0.281316   ,  0.58746    ,  0.449001   ,  2.49445    ,  0.94201    ,  1.71411    ])
