656     , -2866.14    , array([ 1.14027    ,  2.24582    ,  0.095864   ,  0.031495   ])
660     , -1431.37    , array([ 0.52224    ,  2.24582    ,  0.095864   ,  0.031495   ])
664     , -258.881    , array([ 0.213219   ,  2.24582    ,  0.095864   ,  0.031495   ])
668     , -108.979    , array([ 0.141103   ,  2.24582    ,  0.095864   ,  0.031495   ])
672     , -108.946    , array([ 0.140238   ,  2.24582    ,  0.095864   ,  0.031495   ])
676     , -116.958    , array([ 0.140232   ,  3.24582    ,  0.095864   ,  0.031495   ])
680     , -110.556    , array([ 0.140232   ,  2.62779    ,  0.095864   ,  0.031495   ])
684     , -108.946    , array([ 0.140232   ,  2.24641    ,  0.095864   ,  0.031495   ])
688     , -108.946    , array([ 0.140232   ,  2.24655    ,  0.095864   ,  0.031495   ])
692     , -8210.48    , array([ 0.140232   ,  2.24653    ,  1.09586    ,  0.031495   ])
696     , -5548.04    , array([ 0.140232   ,  2.24653    ,  0.47783    ,  0.031495   ])
700     , -109.091    , array([ 0.140232   ,  2.24653    ,  0.0925642  ,  0.031495   ])
704     , -108.831    , array([ 0.140232   ,  2.24653    ,  0.0945207  ,  0.031495   ])
708     , -108.831    , array([ 0.140232   ,  2.24653    ,  0.094534   ,  0.031495   ])
716     , -428.959    , array([ 0.140232   ,  2.24653    ,  0.094534   ,  0.0593507  ])
720     , -108.78     , array([ 0.140232   ,  2.24653    ,  0.094534   ,  0.0318855  ])
724     , -108.717    , array([ 0.140191   ,  2.24724    ,  0.093204   ,  0.0320866  ])
728     , -108.717    , array([ 0.140191   ,  2.24724    ,  0.093204   ,  0.0320866  ])
732     , -108.717    , array([ 0.140191   ,  2.24723    ,  0.0932303  ,  0.0320807  ])
740     , -738.788    , array([ 0.331164   ,  2.24722    ,  0.0932432  ,  0.0320779  ])
744     , -1495.33    , array([ 0.0564675  ,  2.24722    ,  0.0932432  ,  0.0320779  ])
748     , -108.531    , array([ 0.138031   ,  2.24722    ,  0.0932432  ,  0.0320779  ])
752     , -108.53     , array([ 0.138155   ,  2.24722    ,  0.0932432  ,  0.0320779  ])
756     , -116.276    , array([ 0.138155   ,  1.62918    ,  0.0932432  ,  0.0320779  ])
760     , -108.505    , array([ 0.138155   ,  2.20572    ,  0.0932432  ,  0.0320779  ])
764     , -10842.7    , array([ 0.138155   ,  2.20629    ,  0.0932432  ,  1.03208    ])
768     , -7150.06    , array([ 0.138155   ,  2.20629    ,  0.0932432  ,  0.414044   ])
772     , -1449.97    , array([ 0.138155   ,  2.20629    ,  0.0932432  ,  0.105005   ])
776     , -130.575    , array([ 0.138155   ,  2.20629    ,  0.0932432  ,  0.0382635  ])
780     , -108.505    , array([ 0.138155   ,  2.20629    ,  0.0932432  ,  0.0320744  ])
784     , -108.546    , array([ 0.138155   ,  2.20629    ,  0.0932432  ,  0.0318233  ])
788     , -108.505    , array([ 0.138155   ,  2.20629    ,  0.0932432  ,  0.0320688  ])
792     , -108.505    , array([ 0.138155   ,  2.20629    ,  0.0932432  ,  0.0320741  ])
796     , -108.376    , array([ 0.138115   ,  2.20697    ,  0.0919524  ,  0.0323613  ])
800     , -108.365    , array([ 0.138074   ,  2.20766    ,  0.0906616  ,  0.0326484  ])
804     , -108.355    , array([ 0.138091   ,  2.20738    ,  0.0911933  ,  0.0325301  ])
808     , -107.989    , array([ 0.134091   ,  2.13423    ,  0.084952   ,  0.0339114  ])
812     , -107.989    , array([ 0.13401    ,  2.13276    ,  0.0848266  ,  0.0339391  ])
816     , -107.712    , array([ 0.134126   ,  2.13222    ,  0.0872852  ,  0.0333923  ])
820     , -107.713    , array([ 0.134135   ,  2.13206    ,  0.0875923  ,  0.033324   ])
824     , -107.711    , array([ 0.134129   ,  2.13216    ,  0.0874015  ,  0.0333665  ])
828     , -118.929    , array([ 0.134129   ,  1.51413    ,  0.0874015  ,  0.0333665  ])
832     , -107.708    , array([ 0.134129   ,  2.14528    ,  0.0874015  ,  0.0333665  ])
836     , -107.708    , array([ 0.134129   ,  2.14477    ,  0.0874015  ,  0.0333665  ])
848     , -685.307    , array([ 0.134129   ,  2.14477    ,  0.0874015  ,  0.00960941 ])
852     , -107.708    , array([ 0.134129   ,  2.14477    ,  0.0874015  ,  0.0333591  ])
856     , -107.708    , array([ 0.134129   ,  2.14477    ,  0.0874015  ,  0.0333562  ])
860     , -107.708    , array([ 0.134129   ,  2.14477    ,  0.0874015  ,  0.0333568  ])
864     , -107.453    , array([ 0.130089   ,  2.07089    ,  0.0810978  ,  0.0347519  ])
868     , -107.435    , array([ 0.130901   ,  2.08575    ,  0.0823654  ,  0.0344714  ])
872     , -107.79     , array([ 0.130828   ,  2.08584    ,  0.0810238  ,  0.0347697  ])
876     , -107.224    , array([ 0.130934   ,  2.08404    ,  0.0844031  ,  0.0340181  ])
880     , -107.225    , array([ 0.130933   ,  2.08405    ,  0.0843822  ,  0.0340228  ])
884     , -107.224    , array([ 0.130934   ,  2.08404    ,  0.0844031  ,  0.0340181  ])
888     , -107.221    , array([ 0.130934   ,  2.09183    ,  0.0844031  ,  0.0340181  ])
892     , -107.22     , array([ 0.130934   ,  2.09899    ,  0.0844031  ,  0.0340181  ])
896     , -107.22     , array([ 0.130934   ,  2.09914    ,  0.0844031  ,  0.0340181  ])
904     , -406.395    , array([ 0.130934   ,  2.09914    ,  0.0844031  ,  0.0618742  ])
908     , -107.224    , array([ 0.130934   ,  2.09914    ,  0.0844031  ,  0.0341     ])
912     , -107.22     , array([ 0.130934   ,  2.09914    ,  0.0844031  ,  0.0340192  ])
916     , -107.22     , array([ 0.130934   ,  2.09914    ,  0.0844031  ,  0.0340187  ])
920     , -107.064    , array([ 0.126894   ,  2.02526    ,  0.0780994  ,  0.0354138  ])
924     , -107.007    , array([ 0.128437   ,  2.05348    ,  0.0805072  ,  0.0348809  ])
928     , -107.006    , array([ 0.128227   ,  2.04964    ,  0.0801796  ,  0.0349534  ])
932     , -106.025    , array([ 0.121212   ,  1.95484    ,  0.0744358  ,  0.0362202  ])
936     , -104.749    , array([ 0.102863   ,  1.70723    ,  0.0594652  ,  0.0395217  ])
940     , -104.742    , array([ 0.103778   ,  1.71958    ,  0.0602122  ,  0.0393569  ])
944     , -104.604    , array([ 0.103844   ,  1.71847    ,  0.0623008  ,  0.0388924  ])
948     , -104.556    , array([ 0.103829   ,  1.71871    ,  0.0618395  ,  0.038995   ])
952     , -118.993    , array([ 0.10382    ,  2.71887    ,  0.0615543  ,  0.0390584  ])
956     , -106.077    , array([ 0.10382    ,  2.10083    ,  0.0615543  ,  0.0390584  ])
960     , -104.077    , array([ 0.10382    ,  1.83186    ,  0.0615543  ,  0.0390584  ])
964     , -10163.9    , array([ 0.10382    ,  1.83186    ,  0.0615543  ,  1.03906    ])
968     , -6501.72    , array([ 0.10382    ,  1.83186    ,  0.0615543  ,  0.421024   ])
972     , -1206.84    , array([ 0.10382    ,  1.83186    ,  0.0615543  ,  0.111988   ])
976     , -107.686    , array([ 0.10382    ,  1.83186    ,  0.0615543  ,  0.0419208  ])
980     , -104.072    , array([ 0.10382    ,  1.83186    ,  0.0615543  ,  0.0391539  ])
984     , -109.6      , array([ 0.143335   ,  2.36509    ,  0.0937932  ,  0.0320442  ])
988     , -104.404    , array([ 0.0835059  ,  1.55772    ,  0.0449803  ,  0.042809   ])
992     , -103.448    , array([ 0.0930269  ,  1.6862     ,  0.0527482  ,  0.041096   ])
996     , -103.448    , array([ 0.0930269  ,  1.6862     ,  0.0527482  ,  0.041096   ])
1000    , -103.456    , array([ 0.0930518  ,  1.68578    ,  0.053546   ,  0.0409185  ])
1004    , -103.428    , array([ 0.0930382  ,  1.68601    ,  0.0531094  ,  0.0410156  ])
1008    , -103.428    , array([ 0.0930383  ,  1.68601    ,  0.053113   ,  0.0410148  ])
1012    , -103.179    , array([ 0.0930383  ,  1.767      ,  0.053113   ,  0.0410148  ])
1016    , -103.179    , array([ 0.0930383  ,  1.76184    ,  0.053113   ,  0.0410148  ])
1020    , -103.179    , array([ 0.0930383  ,  1.7626     ,  0.053113   ,  0.0410148  ])
1028    , -249.444    , array([ 0.0930383  ,  1.7626     ,  0.053113   ,  0.0617326  ])
1032    , -103.172    , array([ 0.0930383  ,  1.7626     ,  0.053113   ,  0.0411334  ])
1036    , -103.172    , array([ 0.0930383  ,  1.7626     ,  0.053113   ,  0.0411365  ])
1040    , -105.046    , array([ 0.108131   ,  1.96628    ,  0.0654272  ,  0.0384208  ])
1044    , -102.853    , array([ 0.0866691  ,  1.67666    ,  0.0479166  ,  0.0422825  ])
1048    , -102.853    , array([ 0.0866691  ,  1.67666    ,  0.0479166  ,  0.0422825  ])
1052    , -102.312    , array([ 0.0763821  ,  1.66121    ,  0.0400989  ,  0.0442024  ])
1056    , -102.306    , array([ 0.0751707  ,  1.65939    ,  0.0391783  ,  0.0444285  ])
1060    , -102.306    , array([ 0.0752846  ,  1.65956    ,  0.0392648  ,  0.0444072  ])
1064    , -102.008    , array([ 0.0753153  ,  1.65904    ,  0.0402475  ,  0.0441886  ])
1068    , -3582.65    , array([ 0.0753156  ,  0.0409989  ,  0.0402575  ,  0.0441864  ])
1072    , -102.367    , array([ 0.0753156  ,  1.75567    ,  0.0402575  ,  0.0441864  ])
1076    , -102.004    , array([ 0.0753156  ,  1.66777    ,  0.0402575  ,  0.0441864  ])
1084    , -3384.87    , array([ 0.0753156  ,  1.66768    ,  0.0402575  ,  0.235118   ])
1088    , -1156.96    , array([ 0.0753156  ,  1.66768    ,  0.0402575  ,  0.00974459 ])
1092    , -102.013    , array([ 0.0753156  ,  1.66768    ,  0.0402575  ,  0.0444995  ])
1096    , -101.997    , array([ 0.0753156  ,  1.66768    ,  0.0402575  ,  0.0443091  ])
1100    , -102.479    , array([ 0.0823517  ,  1.67825    ,  0.0456046  ,  0.042996   ])
1104    , -101.796    , array([ 0.0693031  ,  1.65865    ,  0.0356882  ,  0.0454313  ])
1108    , -101.796    , array([ 0.0692429  ,  1.65856    ,  0.0356425  ,  0.0454425  ])
1112    , -101.744    , array([ 0.0692679  ,  1.65814    ,  0.0364402  ,  0.045265   ])
1116    , -101.706    , array([ 0.0692578  ,  1.65831    ,  0.0361191  ,  0.0453365  ])
1120    , -101.706    , array([ 0.069258   ,  1.65831    ,  0.0361239  ,  0.0453354  ])
1124    , -101.707    , array([ 0.069258   ,  1.61101    ,  0.0361239  ,  0.0453354  ])
1128    , -101.676    , array([ 0.069258   ,  1.63471    ,  0.0361239  ,  0.0453354  ])
1140    , -179.256    , array([ 0.069258   ,  1.63471    ,  0.0361239  ,  0.0330525  ])
1144    , -101.673    , array([ 0.069258   ,  1.63471    ,  0.0361239  ,  0.0454264  ])
1148    , -103.093    , array([ 0.0876786  ,  1.66236    ,  0.0501228  ,  0.0419886  ])
1152    , -101.6      , array([ 0.0655705  ,  1.62917    ,  0.0333216  ,  0.0461146  ])
1156    , -101.597    , array([ 0.0660815  ,  1.62994    ,  0.0337099  ,  0.0460193  ])
1160    , -101.237    , array([ 0.0579186  ,  1.55516    ,  0.028737   ,  0.0475081  ])
1164    , -101.585    , array([ 0.0455745  ,  1.44245    ,  0.0212097  ,  0.0497597  ])
1168    , -101.184    , array([ 0.0553221  ,  1.53146    ,  0.0271537  ,  0.0479817  ])
1172    , -109.171    , array([ 0.0424568  ,  1.50084    ,  0.017599   ,  0.0503765  ])
1176    , -102.054    , array([ 0.0494929  ,  1.51141    ,  0.0229461  ,  0.0490633  ])
1180    , -101.146    , array([ 0.055062   ,  1.51977    ,  0.0271784  ,  0.048024   ])
1188    , -101.476    , array([ 0.055062   ,  1.63865    ,  0.0271784  ,  0.048024   ])
1192    , -101.055    , array([ 0.055062   ,  1.556      ,  0.0271784  ,  0.048024   ])
1200    , -3339.81    , array([ 0.055062   ,  1.55564    ,  0.0271784  ,  0.238955   ])
1204    , -993.973    , array([ 0.055062   ,  1.55564    ,  0.0271784  ,  0.0135821  ])
1208    , -101.054    , array([ 0.055062   ,  1.55564    ,  0.0271784  ,  0.047995   ])
1212    , -101.054    , array([ 0.055062   ,  1.55564    ,  0.0271784  ,  0.0479737  ])
1216    , -101.406    , array([ 0.0626463  ,  1.62489    ,  0.0318032  ,  0.0465903  ])
1220    , -100.959    , array([ 0.0500605  ,  1.50997    ,  0.0241285  ,  0.048886   ])
1224    , -100.959    , array([ 0.0500104  ,  1.50951    ,  0.024098   ,  0.0488951  ])
1228    , -101.676    , array([ 0.0570465  ,  1.52008    ,  0.0294451  ,  0.047582   ])
1232    , -100.945    , array([ 0.0507341  ,  1.5106     ,  0.0246479  ,  0.0487601  ])
1236    , -100.945    , array([ 0.0507046  ,  1.51056    ,  0.0246255  ,  0.0487656  ])
1240    , -158.064    , array([ 0.0507046  ,  0.892521   ,  0.0246255  ,  0.0487656  ])
1244    , -100.899    , array([ 0.0507046  ,  1.53745    ,  0.0246255  ,  0.0487656  ])
1248    , -100.899    , array([ 0.0507046  ,  1.53613    ,  0.0246255  ,  0.0487656  ])
1260    , -108.107    , array([ 0.0507046  ,  1.53613    ,  0.0246255  ,  0.0531864  ])
1264    , -100.895    , array([ 0.0507046  ,  1.53613    ,  0.0246255  ,  0.0486736  ])
1268    , -101.985    , array([ 0.0705605  ,  1.71743    ,  0.0367334  ,  0.0450518  ])
1272    , -100.853    , array([ 0.0474814  ,  1.5067     ,  0.0226601  ,  0.0492615  ])
1276    , -100.853    , array([ 0.0476652  ,  1.50838    ,  0.0227721  ,  0.049228   ])
1280    , -100.649    , array([ 0.0416341  ,  1.50642    ,  0.0193673  ,  0.0500795  ])
1284    , -100.601    , array([ 0.0363617  ,  1.50447    ,  0.0163897  ,  0.050825   ])
1288    , -100.594    , array([ 0.0376094  ,  1.50493    ,  0.0170943  ,  0.0506486  ])
1292    , -102.374    , array([ 0.0446454  ,  1.51549    ,  0.0224414  ,  0.0493354  ])
1296    , -100.519    , array([ 0.0385861  ,  1.50639    ,  0.0178366  ,  0.0504663  ])
1300    , -100.519    , array([ 0.0385388  ,  1.50632    ,  0.0178006  ,  0.0504751  ])
1304    , -101.03     , array([ 0.046123   ,  1.57557    ,  0.0224254  ,  0.0490917  ])
1308    , -100.541    , array([ 0.0364877  ,  1.4876     ,  0.0165499  ,  0.0508492  ])
1312    , -100.512    , array([ 0.0378536  ,  1.50007    ,  0.0173828  ,  0.0506001  ])
1316    , -100.512    , array([ 0.0378466  ,  1.5        ,  0.0173786  ,  0.0506014  ])
1324    , -190.924    , array([ 0.0378466  ,  1.5        ,  0.0173786  ,  0.0681336  ])
1328    , -100.511    , array([ 0.0378466  ,  1.5        ,  0.0173786  ,  0.0505392  ])
1332    , -101.171    , array([ 0.0277607  ,  1.49628    ,  0.0116824  ,  0.0519652  ])
1336    , -100.49     , array([ 0.0339942  ,  1.49858    ,  0.0152028  ,  0.0510839  ])
1340    , -100.481    , array([ 0.0352313  ,  1.49904    ,  0.0159015  ,  0.050909   ])
1344    , -153.092    , array([ 0.0238203  ,  1.48193    ,  0.00723482 ,  0.0530374  ])
1348    , -104.478    , array([ 0.0308564  ,  1.4925     ,  0.0125819  ,  0.0517243  ])
1352    , -100.441    , array([ 0.0358075  ,  1.49993    ,  0.0163446  ,  0.0508002  ])
1356    , -108.627    , array([ 0.0235419  ,  1.38789    ,  0.00886605 ,  0.0530375  ])
1360    , -100.913    , array([ 0.0311262  ,  1.45714    ,  0.0134909  ,  0.0516541  ])
1364    , -100.437    , array([ 0.035375   ,  1.49594    ,  0.0160817  ,  0.0508791  ])
1368    , -10868.1    , array([ 0.0353796  ,  1.49598    ,  0.0160845  ,  1.05088    ])
1372    , -7100.04    , array([ 0.0353796  ,  1.49598    ,  0.0160845  ,  0.432844   ])
1376    , -1044.45    , array([ 0.0353796  ,  1.49598    ,  0.0160845  ,  0.123806   ])
1380    , -100.533    , array([ 0.0353796  ,  1.49598    ,  0.0160845  ,  0.0503035  ])
1384    , -100.436    , array([ 0.0353796  ,  1.49598    ,  0.0160845  ,  0.0508193  ])
1388    , -100.436    , array([ 0.0353796  ,  1.49598    ,  0.0160845  ,  0.0508187  ])
1392    , -100.42     , array([ 0.0338162  ,  1.4954     ,  0.0152016  ,  0.0510398  ])
1396    , -100.419    , array([ 0.0335835  ,  1.49531    ,  0.0150702  ,  0.0510727  ])
1400    , -100.297    , array([ 0.029403   ,  1.48562    ,  0.012969   ,  0.0514824  ])
1404    , -101.093    , array([ 0.0164302  ,  1.45564    ,  0.00644548 ,  0.0527562  ])
1408    , -100.221    , array([ 0.0241328  ,  1.47344    ,  0.0103188  ,  0.0519999  ])
1412    , -101.12     , array([ 0.0404521  ,  1.47947    ,  0.0195354  ,  0.0496925  ])
1416    , -100.241    , array([ 0.0264314  ,  1.47429    ,  0.011617   ,  0.0516749  ])
1420    , -100.201    , array([ 0.0250015  ,  1.47376    ,  0.0108094  ,  0.0518771  ])
1424    , -104.205    , array([ 0.0448487  ,  1.65505    ,  0.0229125  ,  0.0482565  ])
1428    , -100.373    , array([ 0.0272203  ,  1.4941     ,  0.0121628  ,  0.051472   ])
1432    , -100.196    , array([ 0.0253021  ,  1.47658    ,  0.0109932  ,  0.0518219  ])
1436    , -11270.8    , array([ 0.025299   ,  1.47655    ,  0.0109913  ,  1.05182    ])
1440    , -7614.54    , array([ 0.025299   ,  1.47655    ,  0.0109913  ,  0.433788   ])
1444    , -1064.2     , array([ 0.025299   ,  1.47655    ,  0.0109913  ,  0.124748   ])
1448    , -100.253    , array([ 0.025299   ,  1.47655    ,  0.0109913  ,  0.0515347  ])
1452    , -100.19     , array([ 0.025299   ,  1.47655    ,  0.0109913  ,  0.0519494  ])
1456    , -100.19     , array([ 0.025299   ,  1.47655    ,  0.0109913  ,  0.0519507  ])
1460    , -100.141    , array([ 0.0221235  ,  1.46921    ,  0.0093944  ,  0.0522625  ])
1464    , -100.139    , array([ 0.0214387  ,  1.46763    ,  0.00905004 ,  0.0523298  ])
1468    , -101.547    , array([ 0.0377962  ,  1.47375    ,  0.0182858  ,  0.0500186  ])
1472    , -100.223    , array([ 0.0234999  ,  1.46847    ,  0.0102118  ,  0.05204    ])
1476    , -100.134    , array([ 0.0218209  ,  1.46785    ,  0.00926355 ,  0.0522774  ])
1484    , -104.562    , array([ 0.0171302  ,  1.42505    ,  0.00640332 ,  0.0531328  ])
1488    , -100.131    , array([ 0.0219926  ,  1.46944    ,  0.00936837 ,  0.0522459  ])
1492    , -100.131    , array([ 0.0219868  ,  1.46939    ,  0.00936486 ,  0.052247   ])
1496    , -100.131    , array([ 0.0219885  ,  1.46941    ,  0.00936591 ,  0.0522467  ])
1504    , -181.555    , array([ 0.0219885  ,  1.46941    ,  0.00936591 ,  0.0689089  ])
1508    , -100.127    , array([ 0.0219885  ,  1.46941    ,  0.00936591 ,  0.0523519  ])
1512    , -102.581    , array([ 0.01252    ,  1.44753    ,  0.00460453 ,  0.0532817  ])
1516    , -100.141    , array([ 0.0183719  ,  1.46105    ,  0.00754722 ,  0.052707   ])
1520    , -100.105    , array([ 0.0200078  ,  1.46483    ,  0.00836987 ,  0.0525464  ])
1524    , -100.079    , array([ 0.0187521  ,  1.46243    ,  0.00777779 ,  0.0527459  ])
1528    , -100.062    , array([ 0.0150188  ,  1.45519    ,  0.00600834 ,  0.0533211  ])
1532    , -100.053    , array([ 0.0161091  ,  1.45731    ,  0.00652509 ,  0.0531531  ])
1540    , -104.733    , array([ 0.0122967  ,  1.45596    ,  0.00436834 ,  0.0536916  ])
1544    , -100.038    , array([ 0.0164855  ,  1.45751    ,  0.00673402 ,  0.0530994  ])
1548    , -100.038    , array([ 0.0164915  ,  1.45751    ,  0.00673744 ,  0.0530985  ])
1552    , -104.966    , array([ 0.0240758  ,  1.52676    ,  0.0113622  ,  0.0517151  ])
1556    , -100.07     , array([ 0.0169105  ,  1.46134    ,  0.00699291 ,  0.0530221  ])
1560    , -100.038    , array([ 0.0165337  ,  1.45789    ,  0.00676312 ,  0.0530908  ])
1568    , -3910.7     , array([ 0.0165332  ,  1.45789    ,  0.00676287 ,  0.244007   ])
1572    , -858.888    , array([ 0.0165332  ,  1.45789    ,  0.00676287 ,  0.018649   ])
1576    , -100.036    , array([ 0.0165332  ,  1.45789    ,  0.00676287 ,  0.0530345  ])
1580    , -100.036    , array([ 0.0165332  ,  1.45789    ,  0.00676287 ,  0.0530275  ])
1584    , -100.076    , array([ 0.018984   ,  1.46265    ,  0.00792443 ,  0.0526499  ])
1588    , -100.025    , array([ 0.0144665  ,  1.45388    ,  0.00578332 ,  0.0533459  ])
1592    , -100.023    , array([ 0.0149041  ,  1.45473    ,  0.00599071 ,  0.0532785  ])
1596    , -103.966    , array([ 0.0312395  ,  1.46079    ,  0.0152149  ,  0.0509686  ])
1600    , -100.466    , array([ 0.0171589  ,  1.45559    ,  0.0072627  ,  0.0529595  ])
1604    , -100.018    , array([ 0.0151116  ,  1.45483    ,  0.00610642 ,  0.053249   ])
1608    , -100.018    , array([ 0.0150614  ,  1.45481    ,  0.00607806 ,  0.0532561  ])
1612    , -100.018    , array([ 0.0150775  ,  1.45482    ,  0.00608715 ,  0.0532538  ])
1616    , -100.018    , array([ 0.015079   ,  1.45482    ,  0.00608805 ,  0.0532536  ])
1620    , -101.479    , array([ 0.0132886  ,  1.43847    ,  0.00499628 ,  0.0535801  ])
1624    , -100.017    , array([ 0.0151245  ,  1.45524    ,  0.00611578 ,  0.0532453  ])
1628    , -100.017    , array([ 0.0151308  ,  1.45529    ,  0.00611959 ,  0.0532441  ])
1636    , -3969.89    , array([ 0.0151303  ,  1.45529    ,  0.00611928 ,  0.244159   ])
1640    , -855.288    , array([ 0.0151303  ,  1.45529    ,  0.00611928 ,  0.0188024  ])
1644    , -100.016    , array([ 0.0151303  ,  1.45529    ,  0.00611928 ,  0.0531881  ])
1648    , -100.016    , array([ 0.0151303  ,  1.45529    ,  0.00611928 ,  0.0531823  ])
1652    , -100.056    , array([ 0.017581   ,  1.46004    ,  0.00728084 ,  0.0528047  ])
1656    , -100.009    , array([ 0.0142274  ,  1.45354    ,  0.00569134 ,  0.0533214  ])
1660    , -100.009    , array([ 0.0142274  ,  1.45354    ,  0.00569134 ,  0.0533214  ])
1664    , -99.9831    , array([ 0.0124135  ,  1.45033    ,  0.00488758 ,  0.0534402  ])
1668    , -99.9748    , array([ 0.0110886  ,  1.44798    ,  0.0043005  ,  0.053527   ])
1672    , -99.9748    , array([ 0.0111321  ,  1.44806    ,  0.00431978 ,  0.0535242  ])
1676    , -104.189    , array([ 0.0173655  ,  1.45037    ,  0.00784019 ,  0.0526428  ])
1680    , -100.291    , array([ 0.0123226  ,  1.4485     ,  0.00499212 ,  0.0533559  ])
1684    , -99.9659    , array([ 0.0112768  ,  1.44812    ,  0.0044015  ,  0.0535037  ])
1688    , -99.9659    , array([ 0.0112836  ,  1.44812    ,  0.00440532 ,  0.0535028  ])
1692    , -99.9659    , array([ 0.0112821  ,  1.44812    ,  0.00440447 ,  0.053503   ])
1700    , -99.9662    , array([ 0.0113135  ,  1.4484     ,  0.00442366 ,  0.0534972  ])
1704    , -99.9656    , array([ 0.0113022  ,  1.4483     ,  0.00441678 ,  0.0534993  ])
1708    , -12031.8    , array([ 0.011302   ,  1.4483     ,  0.00441663 ,  1.0535     ])
1712    , -9006.07    , array([ 0.011302   ,  1.4483     ,  0.00441663 ,  0.435465   ])
1716    , -1142.07    , array([ 0.011302   ,  1.4483     ,  0.00441663 ,  0.126421   ])
1720    , -102.543    , array([ 0.011302   ,  1.4483     ,  0.00441663 ,  0.056254   ])
1724    , -99.9646    , array([ 0.011302   ,  1.4483     ,  0.00441663 ,  0.053552   ])
1732    , -99.9539    , array([ 0.0101197  ,  1.44621    ,  0.00389274 ,  0.0536295  ])
1744    , -99.9537    , array([ 0.0100062  ,  1.44601    ,  0.00384243 ,  0.0536369  ])
1748    , -105.433    , array([ 0.0162396  ,  1.44831    ,  0.00736284 ,  0.0527556  ])
1752    , -100.467    , array([ 0.0111966  ,  1.44645    ,  0.00451477 ,  0.0534686  ])
1756    , -99.9519    , array([ 0.0100696  ,  1.44603    ,  0.00387828 ,  0.053628   ])
1760    , -99.9518    , array([ 0.0100631  ,  1.44603    ,  0.00387461 ,  0.0536289  ])
1764    , -99.9518    , array([ 0.0100637  ,  1.44603    ,  0.00387493 ,  0.0536288  ])
1776    , -99.9516    , array([ 0.010079   ,  1.44617    ,  0.00388422 ,  0.053626   ])
1780    , -99.9516    , array([ 0.0100783  ,  1.44616    ,  0.0038838  ,  0.0536261  ])
1788    , -4261.81    , array([ 0.010079   ,  1.44617    ,  0.00388422 ,  0.244535   ])
1796    , -99.9633    , array([ 0.010079   ,  1.44617    ,  0.00388422 ,  0.0534926  ])
1800    , -99.9506    , array([ 0.010079   ,  1.44617    ,  0.00388422 ,  0.0536776  ])
1804    , -99.9506    , array([ 0.010079   ,  1.44617    ,  0.00388422 ,  0.0536782  ])
1812    , -99.9498    , array([ 0.0100131  ,  1.44605    ,  0.00385503 ,  0.0536825  ])
1816    , -99.9499    , array([ 0.0100227  ,  1.44607    ,  0.00385929 ,  0.0536819  ])
