8       , -578.851    , array([ 0.374562   ,  4.6        ,  0.151732   ,  0.0184935  ])
12      , -116.283    , array([ 0.162621   ,  4.6        ,  0.151732   ,  0.0184935  ])
16      , -105.983    , array([ 0.183036   ,  4.6        ,  0.151732   ,  0.0184935  ])
20      , -107.097    , array([ 0.183031   ,  2.98197    ,  0.151732   ,  0.0184935  ])
24      , -105.979    , array([ 0.183031   ,  4.51087    ,  0.151732   ,  0.0184935  ])
28      , -105.978    , array([ 0.183031   ,  4.4538     ,  0.151732   ,  0.0184935  ])
32      , -105.978    , array([ 0.183031   ,  4.4538     ,  0.151732   ,  0.0184935  ])
40      , -110.659    , array([ 0.183031   ,  4.4538     ,  0.162384   ,  0.0184935  ])
44      , -105.697    , array([ 0.183031   ,  4.4538     ,  0.148475   ,  0.0184935  ])
52      , -7623.57    , array([ 0.183031   ,  4.4538     ,  0.148442   ,  0.209379   ])
60      , -125.001    , array([ 0.183031   ,  4.4538     ,  0.148442   ,  0.0227246  ])
64      , -105.27     , array([ 0.183031   ,  4.4538     ,  0.148442   ,  0.0190116  ])
68      , -104.117    , array([ 0.18157    ,  4.07103    ,  0.139827   ,  0.0203871  ])
72      , -104.11     , array([ 0.180221   ,  3.71753    ,  0.131871   ,  0.0216525  ])
76      , -103.971    , array([ 0.180895   ,  3.89422    ,  0.135848   ,  0.02102    ])
80      , -103.971    , array([ 0.180874   ,  3.88857    ,  0.135721   ,  0.0210402  ])
88      , -103.506    , array([ 0.173086   ,  3.88857    ,  0.135721   ,  0.0210402  ])
92      , -103.285    , array([ 0.175904   ,  3.88857    ,  0.135721   ,  0.0210402  ])
96      , -102.547    , array([ 0.175904   ,  3.27053    ,  0.135721   ,  0.0210402  ])
100     , -102.356    , array([ 0.175904   ,  2.87857    ,  0.135721   ,  0.0210402  ])
108     , -1142.93    , array([ 0.175904   ,  2.87857    ,  0.326677   ,  0.0210402  ])
112     , -102.33     , array([ 0.175904   ,  2.87857    ,  0.134658   ,  0.0210402  ])
116     , -102.329    , array([ 0.175904   ,  2.87857    ,  0.134808   ,  0.0210402  ])
120     , -103.846    , array([ 0.177237   ,  3.2279     ,  0.14267    ,  0.0197897  ])
124     , -101.898    , array([ 0.174875   ,  2.60898    ,  0.12874    ,  0.0220053  ])
128     , -2996.51    , array([ 1.17488    ,  2.60898    ,  0.12874    ,  0.0220053  ])
132     , -1381.35    , array([ 0.556841   ,  2.60898    ,  0.12874    ,  0.0220053  ])
136     , -174.386    , array([ 0.225447   ,  2.60898    ,  0.12874    ,  0.0220053  ])
140     , -106.736    , array([ 0.154956   ,  2.60898    ,  0.12874    ,  0.0220053  ])
144     , -100.814    , array([ 0.168666   ,  2.60898    ,  0.12874    ,  0.0220053  ])
148     , -102.029    , array([ 0.168666   ,  1.99095    ,  0.12874    ,  0.0220053  ])
152     , -100.968    , array([ 0.168666   ,  2.28923    ,  0.12874    ,  0.0220053  ])
156     , -100.79     , array([ 0.168666   ,  2.51513    ,  0.12874    ,  0.0220053  ])
164     , -120.944    , array([ 0.168666   ,  2.51513    ,  0.152199   ,  0.0220053  ])
168     , -100.74     , array([ 0.168666   ,  2.51513    ,  0.127566   ,  0.0220053  ])
172     , -106.745    , array([ 0.172156   ,  3.42968    ,  0.148149   ,  0.0187314  ])
176     , -100.361    , array([ 0.16761    ,  2.23865    ,  0.121344   ,  0.022995   ])
180     , -100.33     , array([ 0.167812   ,  2.29153    ,  0.122534   ,  0.0228057  ])
184     , -102.886    , array([ 0.149352   ,  1.46843    ,  0.106465   ,  0.0248725  ])
188     , -99.5855    , array([ 0.160463   ,  1.96497    ,  0.116163   ,  0.0236243  ])
192     , -99.5844    , array([ 0.160232   ,  1.95464    ,  0.115961   ,  0.0236502  ])
196     , -100.442    , array([ 0.161566   ,  2.30397    ,  0.123823   ,  0.0223997  ])
200     , -99.5164    , array([ 0.16049    ,  2.02212    ,  0.11748    ,  0.0234087  ])
204     , -100.387    , array([ 0.160486   ,  3.02105    ,  0.117456   ,  0.0234125  ])
208     , -99.0504    , array([ 0.160486   ,  2.40301    ,  0.117456   ,  0.0234125  ])
212     , -99.0186    , array([ 0.160486   ,  2.31482    ,  0.117456   ,  0.0234125  ])
220     , -1403.41    , array([ 0.160486   ,  2.31482    ,  0.308406   ,  0.0234125  ])
224     , -99.0269    , array([ 0.160486   ,  2.31482    ,  0.117085   ,  0.0234125  ])
228     , -99.0183    , array([ 0.160486   ,  2.31482    ,  0.117531   ,  0.0234125  ])
232     , -98.4689    , array([ 0.152897   ,  1.97572    ,  0.11091    ,  0.024265   ])
236     , -98.4684    , array([ 0.153096   ,  1.9846     ,  0.111083   ,  0.0242427  ])
240     , -98.4684    , array([ 0.153096   ,  1.9846     ,  0.111083   ,  0.0242427  ])
244     , -100.835    , array([ 0.154429   ,  2.33393    ,  0.118945   ,  0.0229922  ])
248     , -98.3824    , array([ 0.152834   ,  1.91592    ,  0.109537   ,  0.0244885  ])
252     , -100.229    , array([ 0.152837   ,  2.91669    ,  0.109555   ,  0.0244857  ])
256     , -98.1333    , array([ 0.152837   ,  2.29866    ,  0.109555   ,  0.0244857  ])
260     , -97.9885    , array([ 0.152837   ,  2.14183    ,  0.109555   ,  0.0244857  ])
268     , -1573       , array([ 0.152837   ,  2.1396     ,  0.300502   ,  0.0244857  ])
272     , -98.0264    , array([ 0.152837   ,  2.1396     ,  0.10878    ,  0.0244857  ])
276     , -97.9879    , array([ 0.152837   ,  2.1396     ,  0.109665   ,  0.0244857  ])
280     , -97.9879    , array([ 0.152837   ,  2.1396     ,  0.109665   ,  0.0244857  ])
284     , -98.5304    , array([ 0.157527   ,  2.34917    ,  0.113758   ,  0.0239589  ])
288     , -97.8047    , array([ 0.148886   ,  1.96305    ,  0.106217   ,  0.0249296  ])
292     , -97.2582    , array([ 0.144597   ,  1.93797    ,  0.101283   ,  0.0256254  ])
296     , -96.4271    , array([ 0.124668   ,  1.82862    ,  0.0783025  ,  0.0288677  ])
300     , -96.2496    , array([ 0.129654   ,  1.85598    ,  0.0840519  ,  0.0280565  ])
304     , -96.2494    , array([ 0.129412   ,  1.85465    ,  0.0837725  ,  0.028096   ])
308     , -100.029    , array([ 0.130745   ,  2.20398    ,  0.0916346  ,  0.0268455  ])
312     , -96.2464    , array([ 0.129444   ,  1.86328    ,  0.0839668  ,  0.0280651  ])
316     , -96.2464    , array([ 0.129445   ,  1.86346    ,  0.0839707  ,  0.0280644  ])
320     , -96.2464    , array([ 0.129445   ,  1.86337    ,  0.0839687  ,  0.0280648  ])
324     , -96.2422    , array([ 0.129886   ,  1.8831     ,  0.084354   ,  0.0280152  ])
328     , -96.2422    , array([ 0.129882   ,  1.8829     ,  0.0843501  ,  0.0280157  ])
332     , -96.2422    , array([ 0.129886   ,  1.8831     ,  0.084354   ,  0.0280152  ])
340     , -150.055    , array([ 0.129886   ,  1.8831     ,  0.113538   ,  0.0280152  ])
344     , -96.0233    , array([ 0.129886   ,  1.8831     ,  0.0859486  ,  0.0280152  ])
348     , -97.0208    , array([ 0.141898   ,  1.949      ,  0.099799   ,  0.026061   ])
352     , -95.855     , array([ 0.124398   ,  1.85299    ,  0.0796205  ,  0.028908   ])
356     , -95.855     , array([ 0.124398   ,  1.85299    ,  0.0796205  ,  0.028908   ])
360     , -101.377    , array([ 0.125732   ,  2.20232    ,  0.0874825  ,  0.0276575  ])
364     , -96.0631    , array([ 0.124021   ,  1.75414    ,  0.0773958  ,  0.0292619  ])
368     , -95.8123    , array([ 0.124285   ,  1.8234     ,  0.0789547  ,  0.0290139  ])
372     , -96.3091    , array([ 0.128975   ,  2.03298    ,  0.0830476  ,  0.0284871  ])
376     , -95.8115    , array([ 0.124113   ,  1.81568    ,  0.0788039  ,  0.0290333  ])
380     , -95.8115    , array([ 0.124087   ,  1.81453    ,  0.0787813  ,  0.0290362  ])
384     , -95.8115    , array([ 0.124111   ,  1.8156     ,  0.0788024  ,  0.0290335  ])
392     , -465.935    , array([ 0.124111   ,  1.8156     ,  0.15173    ,  0.0290335  ])
396     , -95.5442    , array([ 0.124111   ,  1.8156     ,  0.0804331  ,  0.0290335  ])
400     , -100.217    , array([ 0.104676   ,  1.70897    ,  0.0580227  ,  0.0321955  ])
404     , -95.6309    , array([ 0.116687   ,  1.77487    ,  0.0718731  ,  0.0302413  ])
408     , -95.4625    , array([ 0.120748   ,  1.79716    ,  0.0765557  ,  0.0295806  ])
412     , -95.4625    , array([ 0.120748   ,  1.79716    ,  0.0765557  ,  0.0295806  ])
416     , -94.4868    , array([ 0.111192   ,  1.65099    ,  0.0685322  ,  0.0313414  ])
420     , -93.7006    , array([ 0.101702   ,  1.50582    ,  0.0605633  ,  0.0330902  ])
424     , -93.5948    , array([ 0.0979189  ,  1.44796    ,  0.057387   ,  0.0337873  ])
428     , -154.775    , array([ 0.101409   ,  2.36252    ,  0.0779702  ,  0.0305134  ])
432     , -93.481     , array([ 0.0981662  ,  1.51278    ,  0.0588458  ,  0.0335552  ])
436     , -93.3883    , array([ 0.0980655  ,  1.48638    ,  0.0582517  ,  0.0336497  ])
440     , -93.3883    , array([ 0.0980655  ,  1.48638    ,  0.0582517  ,  0.0336497  ])
444     , -93.3884    , array([ 0.098107   ,  1.48823    ,  0.0582879  ,  0.0336451  ])
448     , -93.3883    , array([ 0.098077   ,  1.4869     ,  0.0582618  ,  0.0336484  ])
452     , -93.3883    , array([ 0.098079   ,  1.48698    ,  0.0582635  ,  0.0336482  ])
456     , -93.3883    , array([ 0.0980789  ,  1.48698    ,  0.0582634  ,  0.0336482  ])
460     , -93.3391    , array([ 0.0992193  ,  1.49324    ,  0.0595783  ,  0.0334627  ])
464     , -93.3385    , array([ 0.0993556  ,  1.49398    ,  0.0597355  ,  0.0334405  ])
468     , -93.3385    , array([ 0.0993685  ,  1.49405    ,  0.0597504  ,  0.0334384  ])
472     , -92.9596    , array([ 0.0933653  ,  1.40223    ,  0.0547098  ,  0.0345446  ])
476     , -115.589    , array([ 0.064679   ,  0.98737    ,  0.0317695  ,  0.0397488  ])
480     , -92.9543    , array([ 0.0927136  ,  1.39226    ,  0.0541626  ,  0.0346647  ])
484     , -92.8562    , array([ 0.0928072  ,  1.41677    ,  0.0547141  ,  0.034577   ])
488     , -92.8562    , array([ 0.0928044  ,  1.41604    ,  0.0546977  ,  0.0345796  ])
492     , -92.8562    , array([ 0.0928053  ,  1.41628    ,  0.0547032  ,  0.0345787  ])
496     , -92.8519    , array([ 0.0930192  ,  1.42584    ,  0.0548899  ,  0.0345547  ])
500     , -92.8522    , array([ 0.0929441  ,  1.42248    ,  0.0548243  ,  0.0345631  ])
504     , -92.8518    , array([ 0.0930016  ,  1.42505    ,  0.0548745  ,  0.0345567  ])
508     , -95.7527    , array([ 0.105013   ,  1.49095    ,  0.0687249  ,  0.0326025  ])
512     , -92.8367    , array([ 0.0936767  ,  1.42876    ,  0.0556529  ,  0.0344468  ])
516     , -92.8366    , array([ 0.0936509  ,  1.42861    ,  0.0556231  ,  0.034451   ])
520     , -96.6453    , array([ 0.130574   ,  1.99354    ,  0.0866204  ,  0.0276471  ])
524     , -92.626     , array([ 0.0901802  ,  1.37568    ,  0.052704   ,  0.0350902  ])
528     , -92.6136    , array([ 0.0892575  ,  1.36157    ,  0.0519293  ,  0.0352602  ])
532     , -92.3174    , array([ 0.085713   ,  1.32953    ,  0.0496217  ,  0.035872   ])
536     , -91.7743    , array([ 0.0627303  ,  1.12357    ,  0.0347139  ,  0.0398358  ])
540     , -91.5616    , array([ 0.0690435  ,  1.18014    ,  0.038809   ,  0.038747   ])
544     , -268.744    , array([ 0.072534   ,  2.0947     ,  0.0593921  ,  0.0354731  ])
548     , -91.6163    , array([ 0.0692265  ,  1.22809    ,  0.0398882  ,  0.0385753  ])
552     , -91.3738    , array([ 0.0691274  ,  1.20214    ,  0.0393041  ,  0.0386682  ])
556     , -91.3738    , array([ 0.0691283  ,  1.20236    ,  0.0393091  ,  0.0386674  ])
560     , -91.3072    , array([ 0.0696535  ,  1.22583    ,  0.0397674  ,  0.0386084  ])
564     , -91.3071    , array([ 0.0696325  ,  1.22489    ,  0.0397491  ,  0.0386108  ])
568     , -102.229    , array([ 0.0816441  ,  1.2908     ,  0.0535995  ,  0.0366566  ])
572     , -91.2466    , array([ 0.0688359  ,  1.22052    ,  0.0388306  ,  0.0387404  ])
576     , -91.2458    , array([ 0.0689186  ,  1.22098    ,  0.0389259  ,  0.0387269  ])
580     , -91.9858    , array([ 0.0813843  ,  1.33269    ,  0.0470118  ,  0.036577   ])
584     , -91.1245    , array([ 0.0652356  ,  1.18797    ,  0.0365369  ,  0.0393621  ])
588     , -99.0149    , array([ 0.0358575  ,  0.966653   ,  0.0176788  ,  0.0443873  ])
592     , -91.0935    , array([ 0.0625354  ,  1.16377    ,  0.0347855  ,  0.0398278  ])
596     , -91.0321    , array([ 0.0625831  ,  1.17627    ,  0.0350667  ,  0.0397831  ])
600     , -91.0317    , array([ 0.0625797  ,  1.17539    ,  0.0350469  ,  0.0397862  ])
604     , -95.4127    , array([ 0.0672696  ,  1.38496    ,  0.0391399  ,  0.0392594  ])
608     , -90.9752    , array([ 0.0630099  ,  1.19461    ,  0.0354223  ,  0.0397379  ])
612     , -132.437    , array([ 0.0944524  ,  1.36695    ,  0.0716794  ,  0.0346223  ])
616     , -91.8019    , array([ 0.0648301  ,  1.20443    ,  0.0375223  ,  0.0394416  ])
620     , -90.9169    , array([ 0.0624096  ,  1.19115    ,  0.0347313  ,  0.0398354  ])
624     , -94.5579    , array([ 0.0422465  ,  1.01043    ,  0.0216559  ,  0.0433129  ])
628     , -90.9569    , array([ 0.0547121  ,  1.12214    ,  0.0297417  ,  0.041163   ])
632     , -90.8451    , array([ 0.0586445  ,  1.15738    ,  0.0322925  ,  0.0404848  ])
636     , -90.8451    , array([ 0.0586445  ,  1.15738    ,  0.0322925  ,  0.0404848  ])
640     , -90.4304    , array([ 0.0484581  ,  1.14066    ,  0.0257657  ,  0.0422047  ])
644     , -90.4265    , array([ 0.0475522  ,  1.13917    ,  0.0251853  ,  0.0423577  ])
648     , -477.243    , array([ 0.0511525  ,  2.05391    ,  0.0458388  ,  0.0390653  ])
652     , -90.6824    , array([ 0.0478081  ,  1.17762    ,  0.026117   ,  0.0422021  ])
656     , -90.2542    , array([ 0.0477176  ,  1.1539     ,  0.0255833  ,  0.042287   ])
660     , -90.2542    , array([ 0.0477181  ,  1.15405    ,  0.0255866  ,  0.0422865  ])
664     , -90.2479    , array([ 0.0478577  ,  1.16029    ,  0.0257083  ,  0.0422708  ])
668     , -90.2477    , array([ 0.047837   ,  1.15936    ,  0.0256903  ,  0.0422731  ])
672     , -118.411    , array([ 0.0598486  ,  1.22527    ,  0.0395407  ,  0.0403189  ])
676     , -90.2577    , array([ 0.0479534  ,  1.16       ,  0.0258245  ,  0.0422542  ])
680     , -90.4224    , array([ 0.0471283  ,  1.15548    ,  0.0248732  ,  0.0423884  ])
684     , -90.2467    , array([ 0.0477694  ,  1.15899    ,  0.0256124  ,  0.0422841  ])
688     , -90.2466    , array([ 0.0477834  ,  1.15907    ,  0.0256285  ,  0.0422819  ])
692     , -90.5759    , array([ 0.0545709  ,  1.17022    ,  0.0299775  ,  0.0411358  ])
696     , -90.1511    , array([ 0.0436738  ,  1.15232    ,  0.0229953  ,  0.0429758  ])
700     , -90.1511    , array([ 0.0436327  ,  1.15225    ,  0.022969   ,  0.0429827  ])
704     , -179.899    , array([ 0.044966   ,  1.50158    ,  0.0308311  ,  0.0417322  ])
708     , -90.123     , array([ 0.0436538  ,  1.15777    ,  0.0230932  ,  0.0429629  ])
712     , -137.524    , array([ 0.0360652  ,  0.818616   ,  0.0164694  ,  0.0438156  ])
716     , -95.3735    , array([ 0.0407551  ,  1.02819    ,  0.0205624  ,  0.0432888  ])
720     , -90.1228    , array([ 0.0436675  ,  1.15834    ,  0.0231041  ,  0.0429616  ])
724     , -90.1228    , array([ 0.0436672  ,  1.15833    ,  0.0231039  ,  0.0429616  ])
728     , -90.1228    , array([ 0.0436672  ,  1.15833    ,  0.0231039  ,  0.0429616  ])
732     , -92.078     , array([ 0.041916   ,  1.14872    ,  0.0210846  ,  0.0432465  ])
736     , -90.1187    , array([ 0.0437574  ,  1.15882    ,  0.0232079  ,  0.0429469  ])
740     , -90.1187    , array([ 0.0437593  ,  1.15883    ,  0.02321    ,  0.0429466  ])
744     , -90.4501    , array([ 0.0505468  ,  1.16998    ,  0.027559   ,  0.0418006  ])
748     , -90.0786    , array([ 0.0414724  ,  1.15508    ,  0.0217448  ,  0.0433327  ])
752     , -90.0398    , array([ 0.0392664  ,  1.15782    ,  0.0204912  ,  0.0436905  ])
756     , -90.0306    , array([ 0.0374886  ,  1.16009    ,  0.0194823  ,  0.0439787  ])
760     , -90.0306    , array([ 0.0375282  ,  1.16004    ,  0.0195048  ,  0.0439723  ])
764     , -709.797    , array([ 0.0409791  ,  2.07465    ,  0.0400655  ,  0.0407049  ])
768     , -90.8132    , array([ 0.0375824  ,  1.18467    ,  0.0200354  ,  0.0438908  ])
772     , -90.0301    , array([ 0.0374864  ,  1.15951    ,  0.0194691  ,  0.0439808  ])
776     , -148.884    , array([ 0.029898   ,  0.820395   ,  0.0128463  ,  0.0448334  ])
780     , -96.1881    , array([ 0.0345878  ,  1.02997    ,  0.0169393  ,  0.0443065  ])
784     , -90.0252    , array([ 0.0373994  ,  1.15561    ,  0.019393   ,  0.0439906  ])
788     , -90.0252    , array([ 0.0374022  ,  1.15574    ,  0.0193955  ,  0.0439903  ])
792     , -214.782    , array([ 0.0688471  ,  1.32819    ,  0.0556547  ,  0.0388744  ])
796     , -97.0385    , array([ 0.0410691  ,  1.17578    ,  0.0236242  ,  0.0433937  ])
800     , -89.9959    , array([ 0.0375972  ,  1.15673    ,  0.0196208  ,  0.0439585  ])
804     , -90.0281    , array([ 0.0336337  ,  1.16177    ,  0.0173701  ,  0.0446011  ])
808     , -89.9994    , array([ 0.0360817  ,  1.15865    ,  0.0187593  ,  0.0442042  ])
812     , -89.9957    , array([ 0.037293   ,  1.1571     ,  0.0194467  ,  0.0440078  ])
816     , -89.9957    , array([ 0.037293   ,  1.1571     ,  0.0194467  ,  0.0440078  ])
820     , -90.0324    , array([ 0.0398619  ,  1.15583    ,  0.0208579  ,  0.043593   ])
824     , -89.9926    , array([ 0.0362217  ,  1.15763    ,  0.0188582  ,  0.0441808  ])
828     , -753.53     , array([ 0.0397229  ,  2.07219    ,  0.0394472  ,  0.0409053  ])
832     , -90.8256    , array([ 0.0363138  ,  1.17896    ,  0.0193442  ,  0.0441027  ])
836     , -89.9698    , array([ 0.0362168  ,  1.15354    ,  0.0187721  ,  0.0441937  ])
840     , -89.9698    , array([ 0.0362166  ,  1.1535     ,  0.0187712  ,  0.0441939  ])
844     , -89.9665    , array([ 0.0361747  ,  1.15163    ,  0.0187346  ,  0.0441986  ])
848     , -89.9655    , array([ 0.0361384  ,  1.15       ,  0.0187029  ,  0.0442027  ])
852     , -89.9935    , array([ 0.0385864  ,  1.14688    ,  0.0200921  ,  0.0438058  ])
856     , -89.9645    , array([ 0.0355418  ,  1.15077    ,  0.0183643  ,  0.0442994  ])
860     , -89.9529    , array([ 0.0345146  ,  1.15125    ,  0.0178006  ,  0.0444652  ])
864     , -89.9476    , array([ 0.0335568  ,  1.15172    ,  0.0172745  ,  0.0446199  ])
868     , -90.0297    , array([ 0.0285583  ,  1.14697    ,  0.0144088  ,  0.0454358  ])
872     , -89.9467    , array([ 0.0329256  ,  1.15204    ,  0.0169278  ,  0.0447218  ])
876     , -89.9536    , array([ 0.0329325  ,  1.15383    ,  0.0169682  ,  0.0447154  ])
880     , -89.9465    , array([ 0.0329245  ,  1.15174    ,  0.016921   ,  0.0447229  ])
884     , -153.136    , array([ 0.0452027  ,  1.70042    ,  0.0276366  ,  0.0433436  ])
888     , -90.0758    , array([ 0.0332411  ,  1.16589    ,  0.0171974  ,  0.0446873  ])
892     , -89.9384    , array([ 0.0328252  ,  1.1473     ,  0.0168344  ,  0.0447341  ])
896     , -89.9384    , array([ 0.0328242  ,  1.14726    ,  0.0168335  ,  0.0447342  ])
900     , -89.9285    , array([ 0.034509   ,  1.14511    ,  0.0177896  ,  0.044461   ])
904     , -89.9285    , array([ 0.0344921  ,  1.14513    ,  0.0177801  ,  0.0444638  ])
908     , -89.9078    , array([ 0.0316032  ,  1.14656    ,  0.016193   ,  0.0449303  ])
912     , -89.9078    , array([ 0.0315603  ,  1.14658    ,  0.0161695  ,  0.0449372  ])
916     , -89.8746    , array([ 0.0303385  ,  1.14106    ,  0.01549    ,  0.0451294  ])
920     , -89.8498    , array([ 0.0290449  ,  1.13557    ,  0.0147712  ,  0.0453332  ])
924     , -89.837     , array([ 0.0274747  ,  1.12891    ,  0.0138985  ,  0.0455806  ])
928     , -1145.57    , array([ 0.0309652  ,  2.04346    ,  0.0344817  ,  0.0423067  ])
932     , -92.1668    , array([ 0.027616   ,  1.16592    ,  0.0147317  ,  0.045448   ])
936     , -89.7922    , array([ 0.0274913  ,  1.13325    ,  0.0139964  ,  0.045565   ])
940     , -89.7922    , array([ 0.0274914  ,  1.1333     ,  0.0139974  ,  0.0455648  ])
944     , -89.7894    , array([ 0.0274699  ,  1.13234    ,  0.0139786  ,  0.0455673  ])
948     , -89.7867    , array([ 0.0274187  ,  1.13005    ,  0.013934   ,  0.045573   ])
952     , -89.7867    , array([ 0.0274195  ,  1.13008    ,  0.0139346  ,  0.0455729  ])
956     , -89.7632    , array([ 0.0297675  ,  1.12709    ,  0.0152671  ,  0.0451923  ])
960     , -89.7066    , array([ 0.0256101  ,  1.10944    ,  0.0129567  ,  0.0458472  ])
964     , -89.7119    , array([ 0.0271981  ,  1.11618    ,  0.0138392  ,  0.045597   ])
968     , -89.7052    , array([ 0.0260366  ,  1.11125    ,  0.0131938  ,  0.04578    ])
972     , -1243.92    , array([ 0.0295641  ,  2.02597    ,  0.0337974  ,  0.0425003  ])
976     , -92.4763    , array([ 0.0262171  ,  1.14902    ,  0.0140608  ,  0.0456396  ])
980     , -89.6691    , array([ 0.0260878  ,  1.11513    ,  0.0132979  ,  0.0457609  ])
984     , -89.6691    , array([ 0.0260879  ,  1.11516    ,  0.0132988  ,  0.0457608  ])
988     , -89.6713    , array([ 0.0261118  ,  1.11623    ,  0.0133196  ,  0.0457581  ])
992     , -89.6683    , array([ 0.0260709  ,  1.11441    ,  0.013284   ,  0.0457627  ])
996     , -89.6682    , array([ 0.0260629  ,  1.11405    ,  0.013277   ,  0.0457636  ])
1000    , -89.819     , array([ 0.022101   ,  1.11906    ,  0.0110283  ,  0.0464058  ])
1004    , -89.6877    , array([ 0.024549   ,  1.11594    ,  0.0124176  ,  0.0460089  ])
1008    , -89.6678    , array([ 0.0263127  ,  1.11369    ,  0.0134184  ,  0.045723   ])
1012    , -89.6825    , array([ 0.0221671  ,  1.09603    ,  0.0111148  ,  0.0463761  ])
1016    , -89.6438    , array([ 0.0247365  ,  1.10693    ,  0.0125426  ,  0.0459713  ])
1020    , -89.6421    , array([ 0.0242355  ,  1.10481    ,  0.0122642  ,  0.0460502  ])
1024    , -89.588     , array([ 0.0223975  ,  1.0982     ,  0.0113142  ,  0.0463262  ])
1028    , -89.4551    , array([ 0.015905   ,  1.07487    ,  0.0079584  ,  0.0473011  ])
1032    , -89.4358    , array([ 0.0134756  ,  1.06615    ,  0.00670267 ,  0.0476659  ])
1036    , -91.7727    , array([ 0.00931819 ,  1.0485     ,  0.00439231 ,  0.0483209  ])
1040    , -89.703     , array([ 0.0118876  ,  1.05941    ,  0.00582019 ,  0.0479161  ])
1044    , -89.4177    , array([ 0.0141341  ,  1.06894    ,  0.00706861 ,  0.0475622  ])
1048    , -1312.18    , array([ 0.00655235 ,  0.729868   ,  0.00044971 ,  0.0484136  ])
1052    , -133.589    , array([ 0.0112422  ,  0.939443   ,  0.00454267 ,  0.0478868  ])
1056    , -89.4149    , array([ 0.0141698  ,  1.07027    ,  0.00709767 ,  0.0475579  ])
1060    , -89.4149    , array([ 0.0141698  ,  1.07027    ,  0.00709767 ,  0.0475579  ])
1064    , -89.613     , array([ 0.0166178  ,  1.06715    ,  0.0084869  ,  0.047161   ])
1068    , -89.4132    , array([ 0.0139632  ,  1.07053    ,  0.00698042 ,  0.0475914  ])
1072    , -89.4132    , array([ 0.0139723  ,  1.07052    ,  0.0069856  ,  0.0475899  ])
1076    , -89.5357    , array([ 0.0206223  ,  1.09441    ,  0.0104228  ,  0.0465913  ])
1080    , -89.3953    , array([ 0.0112986  ,  1.06091    ,  0.00560361 ,  0.0479914  ])
1088    , -89.3941    , array([ 0.0117462  ,  1.06252    ,  0.005835   ,  0.0479242  ])
1092    , -89.3865    , array([ 0.0121086  ,  1.06406    ,  0.00603637 ,  0.0478671  ])
1096    , -89.3865    , array([ 0.0120954  ,  1.064      ,  0.00602903 ,  0.0478692  ])
1100    , -264.846    , array([ 0.0243788  ,  1.6127     ,  0.0167475  ,  0.046489   ])
1104    , -93.7252    , array([ 0.0132142  ,  1.11379    ,  0.00700381 ,  0.0477433  ])
1108    , -89.3847    , array([ 0.012121   ,  1.06494    ,  0.00604973 ,  0.0478661  ])
1112    , -92.2696    , array([ 0.00815984 ,  1.06998    ,  0.00380174 ,  0.0485082  ])
1116    , -89.5756    , array([ 0.0106079  ,  1.06686    ,  0.00519097 ,  0.0481114  ])
1120    , -89.3834    , array([ 0.0119865  ,  1.0651     ,  0.00597331 ,  0.0478879  ])
1124    , -89.3834    , array([ 0.0119904  ,  1.06509    ,  0.00597554 ,  0.0478872  ])
1128    , -89.3834    , array([ 0.0119878  ,  1.0651     ,  0.00597408 ,  0.0478877  ])
1132    , -89.3758    , array([ 0.010418   ,  1.05946    ,  0.00516265 ,  0.0481234  ])
1136    , -89.375     , array([ 0.0107427  ,  1.06062    ,  0.0053305  ,  0.0480746  ])
1140    , -89.375     , array([ 0.0107551  ,  1.06067    ,  0.00533693 ,  0.0480728  ])
1144    , -89.3361    , array([ 0.00816042 ,  1.05581    ,  0.00403297 ,  0.0484617  ])
1148    , -89.3213    , array([ 0.00613676 ,  1.05202    ,  0.00301599 ,  0.048765   ])
1152    , -89.3213    , array([ 0.00623866 ,  1.05221    ,  0.0030672  ,  0.0487498  ])
1156    , -90.1125    , array([ 0.00880808 ,  1.06312    ,  0.00449508 ,  0.048345   ])
1160    , -89.3105    , array([ 0.00646891 ,  1.05319    ,  0.00319515 ,  0.0487135  ])
1164    , -89.31      , array([ 0.00642859 ,  1.05302    ,  0.00317275 ,  0.0487199  ])
1168    , -89.31      , array([ 0.00642859 ,  1.05302    ,  0.00317275 ,  0.0487199  ])
1172    , -116.081    , array([ 0.00532147 ,  1.00355    ,  0.00220653 ,  0.0488442  ])
1176    , -89.3097    , array([ 0.00643303 ,  1.05322    ,  0.00317662 ,  0.0487194  ])
1180    , -89.3097    , array([ 0.00643298 ,  1.05322    ,  0.00317658 ,  0.0487194  ])
1184    , -92.1306    , array([ 0.012842   ,  1.04504    ,  0.00681365 ,  0.0476804  ])
1188    , -89.4425    , array([ 0.00707653 ,  1.0524     ,  0.0035418  ,  0.048615   ])
1192    , -89.3096    , array([ 0.00641199 ,  1.05325    ,  0.00316468 ,  0.0487228  ])
1196    , -89.3096    , array([ 0.00641366 ,  1.05324    ,  0.00316563 ,  0.0487225  ])
1200    , -90.3925    , array([ 0.00189685 ,  1.04479    ,  0.000895712,  0.0493996  ])
1204    , -89.302     , array([ 0.00468819 ,  1.05001    ,  0.00229848 ,  0.0489811  ])
1208    , -89.2997    , array([ 0.00517406 ,  1.05092    ,  0.00254265 ,  0.0489083  ])
1212    , -89.2997    , array([ 0.00511939 ,  1.05082    ,  0.00251518 ,  0.0489165  ])
1216    , -92.5417    , array([ 0.0118462  ,  1.07937    ,  0.00625342 ,  0.0478568  ])
1220    , -89.5129    , array([ 0.00600248 ,  1.05457    ,  0.00300593 ,  0.0487774  ])
1224    , -89.2956    , array([ 0.00521272 ,  1.05122    ,  0.00256704 ,  0.0489018  ])
1228    , -397.204    , array([ 0.0174909  ,  1.59989    ,  0.0132826  ,  0.0475225  ])
1232    , -137.963    , array([ 0.00740919 ,  1.14937    ,  0.00448397 ,  0.0486551  ])
1236    , -89.2991    , array([ 0.00520192 ,  1.05074    ,  0.00255762 ,  0.048903   ])
1240    , -89.2955    , array([ 0.00521408 ,  1.05128    ,  0.00256824 ,  0.0489016  ])
1244    , -89.2955    , array([ 0.00521473 ,  1.05131    ,  0.0025688  ,  0.0489016  ])
1248    , -371.27     , array([ 0.00125383 ,  1.05636    ,  0.000321059,  0.0495437  ])
1252    , -92.3943    , array([ 0.00370185 ,  1.05324    ,  0.00171028 ,  0.0491468  ])
1256    , -89.2959    , array([ 0.00517914 ,  1.05136    ,  0.00254863 ,  0.0489074  ])
1260    , -89.2955    , array([ 0.00520557 ,  1.05132    ,  0.00256363 ,  0.0489031  ])
1268    , -89.3216    , array([ 0.00348013 ,  1.04809    ,  0.0016965  ,  0.0491617  ])
1272    , -89.2913    , array([ 0.00453625 ,  1.05007    ,  0.00222725 ,  0.0490034  ])
1276    , -89.2913    , array([ 0.00455675 ,  1.05011    ,  0.00223755 ,  0.0490003  ])
