5       , -1311.03    , array([ 0.997241   ,  0.10089    ,  0.0507099  ,  5.0271     ,  2.527      ])
10      , -1311.11    , array([ 1.00628    ,  0.10089    ,  0.0507099  ,  5.0271     ,  2.527      ])
15      , -1311.03    , array([ 0.99753    ,  0.10089    ,  0.0507099  ,  5.0271     ,  2.527      ])
30      , -1320.7     , array([ 0.997523   ,  0.103509   ,  0.0507099  ,  5.0271     ,  2.527      ])
35      , -1311.02    , array([ 0.997523   ,  0.100815   ,  0.0507099  ,  5.0271     ,  2.527      ])
45      , -4994.03    , array([ 0.997523   ,  0.100814   ,  0.123628   ,  5.0271     ,  2.527      ])
50      , -1312.6     , array([ 0.997523   ,  0.100814   ,  0.0514612  ,  5.0271     ,  2.527      ])
55      , -1311.02    , array([ 0.997523   ,  0.100814   ,  0.050675   ,  5.0271     ,  2.527      ])
60      , -1315.89    , array([ 0.997523   ,  0.100814   ,  0.050675   ,  5.40907    ,  2.527      ])
65      , -1311.01    , array([ 0.997523   ,  0.100814   ,  0.050675   ,  5.01785    ,  2.527      ])
70      , -1321.71    , array([ 0.997523   ,  0.100814   ,  0.050675   ,  5.01785    ,  2.90897    ])
75      , -1311.01    , array([ 0.997523   ,  0.100814   ,  0.050675   ,  5.01785    ,  2.51964    ])
