80      , -1311.01    , array([ 0.993081   ,  0.099981   ,  0.0499053  ,  5.0361     ,  2.48674    ])
85      , -1311.07    , array([ 1.0054     ,  0.099981   ,  0.0499053  ,  5.0361     ,  2.48674    ])
90      , -1310.99    , array([ 0.997024   ,  0.099981   ,  0.0499053  ,  5.0361     ,  2.48674    ])
95      , -24630.4    , array([ 0.997024   ,  0.481947   ,  0.0499053  ,  5.0361     ,  2.48674    ])
100     , -3936.23    , array([ 0.997024   ,  0.0655392  ,  0.0499053  ,  5.0361     ,  2.48674    ])
105     , -1310.99    , array([ 0.997024   ,  0.0999781  ,  0.0499053  ,  5.0361     ,  2.48674    ])
110     , -1310.99    , array([ 0.997024   ,  0.0999778  ,  0.0499053  ,  5.0361     ,  2.48674    ])
125     , -2008.54    , array([ 0.997024   ,  0.0999778  ,  0.0367497  ,  5.0361     ,  2.48674    ])
130     , -1310.99    , array([ 0.997024   ,  0.0999778  ,  0.0499252  ,  5.0361     ,  2.48674    ])
135     , -1400.15    , array([ 0.997024   ,  0.0999778  ,  0.0499252  ,  3.41806    ,  2.48674    ])
140     , -1310.99    , array([ 0.997024   ,  0.0999778  ,  0.0499252  ,  5.02414    ,  2.48674    ])
145     , -1375.3     , array([ 0.997024   ,  0.0999778  ,  0.0499252  ,  5.02443    ,  3.48674    ])
150     , -1310.99    , array([ 0.997024   ,  0.0999778  ,  0.0499252  ,  5.02443    ,  2.50836    ])
