15      , -11180.7    , array([ 1.50991    ,  0.475951   ,  1.48581    ,  0.50927    ,  0.999553   ,  0.101377   ,  0.0515485  ,  0.0513711  ,  0.539467   ,  0.514365   ,  0.937177   ,  0.410594   ,  3.02932    ,  0.897866   ,  3.29198    ])
30      , -11180.6    , array([ 1.5099     ,  0.477001   ,  1.48581    ,  0.50927    ,  0.999553   ,  0.101377   ,  0.0515485  ,  0.0513711  ,  0.539467   ,  0.514365   ,  0.937177   ,  0.410594   ,  3.02932    ,  0.897866   ,  3.29198    ])
75      , -40118.2    , array([ 1.5099     ,  0.477012   ,  1.48788    ,  0.508038   ,  1.00003    ,  1.10138    ,  0.0515485  ,  0.0513711  ,  0.539467   ,  0.514365   ,  0.937177   ,  0.410594   ,  3.02932    ,  0.897866   ,  3.29198    ])
90      , -11180.6    , array([ 1.5099     ,  0.477012   ,  1.48788    ,  0.508038   ,  1.00003    ,  0.101359   ,  0.0515485  ,  0.0513711  ,  0.539467   ,  0.514365   ,  0.937177   ,  0.410594   ,  3.02932    ,  0.897866   ,  3.29198    ])
105     , -11196.9    , array([ 1.5099     ,  0.477012   ,  1.48788    ,  0.508038   ,  1.00003    ,  0.10136    ,  0.0549647  ,  0.0513711  ,  0.539467   ,  0.514365   ,  0.937177   ,  0.410594   ,  3.02932    ,  0.897866   ,  3.29198    ])
120     , -11180.5    , array([ 1.5099     ,  0.477012   ,  1.48788    ,  0.508038   ,  1.00003    ,  0.10136    ,  0.0513014  ,  0.0464549  ,  0.539467   ,  0.514365   ,  0.937177   ,  0.410594   ,  3.02932    ,  0.897866   ,  3.29198    ])
150     , -11211.6    , array([ 1.5099     ,  0.477012   ,  1.48788    ,  0.508038   ,  1.00003    ,  0.10136    ,  0.0513014  ,  0.0465036  ,  0.519446   ,  0.52146    ,  1.31914    ,  0.410594   ,  3.02932    ,  0.897866   ,  3.29198    ])
165     , -11180.4    , array([ 1.5099     ,  0.477012   ,  1.48788    ,  0.508038   ,  1.00003    ,  0.10136    ,  0.0513014  ,  0.0465036  ,  0.519446   ,  0.52146    ,  0.942983   ,  0.410816   ,  3.02932    ,  0.897866   ,  3.29198    ])
180     , -11180.4    , array([ 1.5099     ,  0.477012   ,  1.48788    ,  0.508038   ,  1.00003    ,  0.10136    ,  0.0513014  ,  0.0465036  ,  0.519446   ,  0.52146    ,  0.942983   ,  0.410823   ,  3.00123    ,  0.897866   ,  3.29198    ])
195     , -11194.8    , array([ 1.5099     ,  0.477012   ,  1.48788    ,  0.508038   ,  1.00003    ,  0.10136    ,  0.0513014  ,  0.0465036  ,  0.519446   ,  0.52146    ,  0.942983   ,  0.410823   ,  3.00123    ,  0.89714    ,  4.29198    ])
