230     , -1310.97    , array([ 0.998325   ,  0.0998836  ,  0.049966   ,  5.00818    ,  2.52243    ])
235     , -3302.53    , array([ 0.380291   ,  0.0998836  ,  0.049966   ,  5.00818    ,  2.52243    ])
240     , -1310.97    , array([ 0.999577   ,  0.0998836  ,  0.049966   ,  5.00818    ,  2.52243    ])
245     , -40380.3    , array([ 0.999152   ,  1.09988    ,  0.049966   ,  5.00818    ,  2.52243    ])
250     , -13992.8    , array([ 0.999152   ,  0.290678   ,  0.049966   ,  5.00818    ,  2.52243    ])
255     , -1566.85    , array([ 0.999152   ,  0.114518   ,  0.049966   ,  5.00818    ,  2.52243    ])
260     , -1310.97    , array([ 0.999152   ,  0.0998858  ,  0.049966   ,  5.00818    ,  2.52243    ])
265     , -1310.97    , array([ 0.999152   ,  0.0998858  ,  0.049966   ,  5.00818    ,  2.52243    ])
275     , -5101.42    , array([ 0.999152   ,  0.0998858  ,  0.122884   ,  5.00818    ,  2.52243    ])
280     , -1312.68    , array([ 0.999152   ,  0.0998858  ,  0.0507776  ,  5.00818    ,  2.52243    ])
285     , -1310.97    , array([ 0.999152   ,  0.0998858  ,  0.0499769  ,  5.00818    ,  2.52243    ])
290     , -1323.52    , array([ 0.999152   ,  0.0998858  ,  0.0499767  ,  4.39015    ,  2.52243    ])
295     , -1310.97    , array([ 0.999152   ,  0.0998858  ,  0.0499767  ,  5.00845    ,  2.52243    ])
300     , -1310.97    , array([ 0.999152   ,  0.0998858  ,  0.0499767  ,  5.00849    ,  2.52243    ])
305     , -1376.49    , array([ 0.999152   ,  0.0998858  ,  0.0499767  ,  5.00845    ,  3.52243    ])
310     , -1310.98    , array([ 0.999152   ,  0.0998858  ,  0.0499767  ,  5.00845    ,  2.5337     ])
315     , -1310.97    , array([ 0.999152   ,  0.0998858  ,  0.0499767  ,  5.00845    ,  2.52431    ])
320     , -1310.97    , array([ 0.999152   ,  0.0998858  ,  0.0499767  ,  5.00845    ,  2.52272    ])
