212     , -413.294    , array([ 31.4306    ,  0.299846   ,  5          ,  0.961515   ])
216     , -413.277    , array([ 33.0673    ,  0.299846   ,  5          ,  0.961515   ])
220     , -413.277    , array([ 33.0606    ,  0.299846   ,  5          ,  0.961515   ])
228     , -934.774    , array([ 33.0606    ,  0.209676   ,  5          ,  0.961515   ])
232     , -413.31     , array([ 33.0606    ,  0.300679   ,  5          ,  0.961515   ])
236     , -413.277    , array([ 33.0606    ,  0.299753   ,  5          ,  0.961515   ])
240     , -413.277    , array([ 33.0606    ,  0.299754   ,  5          ,  0.961515   ])
244     , -413.28     , array([ 33.0606    ,  0.299754   ,  4.99401    ,  0.961515   ])
288     , -413.277    , array([ 33.0606    ,  0.299754   ,  5          ,  0.961515   ])
292     , -2607.71    , array([ 33.0606    ,  0.299754   ,  5          ,  0.343481   ])
296     , -413.277    , array([ 33.0606    ,  0.299754   ,  5          ,  0.961422   ])
