284     , -88.57      , array([ 0.0135907  ,  1.00383    ,  0.00683746 ,  0.0496728  ])
288     , -88.5708    , array([ 0.0135771  ,  1.00383    ,  0.00683746 ,  0.0496728  ])
292     , -787.785    , array([ 0.0151601  ,  0.754465   ,  0.00472237 ,  0.0204359  ])
296     , -88.5641    , array([ 0.0135817  ,  1.00295    ,  0.0068297  ,  0.0495377  ])
300     , -88.5643    , array([ 0.0135817  ,  1.00295    ,  0.0068297  ,  0.0495872  ])
304     , -88.5756    , array([ 0.01353    ,  1.00392    ,  0.00683456 ,  0.0493951  ])
308     , -88.5632    , array([ 0.0135711  ,  1.00294    ,  0.00683069 ,  0.0495086  ])
312     , -88.5628    , array([ 0.0135711  ,  1.00294    ,  0.00683069 ,  0.0495581  ])
316     , -88.5626    , array([ 0.0135593  ,  1.00427    ,  0.00682426 ,  0.0495047  ])
320     , -88.563     , array([ 0.0135123  ,  1.00455    ,  0.00679859 ,  0.0494894  ])
324     , -88.5625    , array([ 0.0135123  ,  1.00455    ,  0.00679859 ,  0.0495389  ])
328     , -88.5668    , array([ 0.0133259  ,  1.01071    ,  0.00669687 ,  0.049428   ])
332     , -88.5631    , array([ 0.0134755  ,  1.00556    ,  0.00677851 ,  0.0494773  ])
336     , -88.5626    , array([ 0.0134755  ,  1.00556    ,  0.00677851 ,  0.0495268  ])
340     , -88.563     , array([ 0.0134743  ,  1.00656    ,  0.00677785 ,  0.0494775  ])
344     , -88.5631    , array([ 0.0134692  ,  1.00555    ,  0.00677522 ,  0.0494782  ])
348     , -88.5626    , array([ 0.0134692  ,  1.00555    ,  0.00677522 ,  0.0495277  ])
352     , -88.563     , array([ 0.0134487  ,  1.00654    ,  0.0067647  ,  0.0494809  ])
356     , -88.563     , array([ 0.0133674  ,  1.00545    ,  0.00672279 ,  0.0494918  ])
360     , -88.5625    , array([ 0.0133674  ,  1.00545    ,  0.00672279 ,  0.0495413  ])
364     , -88.5626    , array([ 0.0130471  ,  1.00615    ,  0.00655773 ,  0.0495355  ])
368     , -88.5614    , array([ 0.0118405  ,  1.0039     ,  0.00593703 ,  0.0497106  ])
372     , -88.5616    , array([ 0.0118405  ,  1.0039     ,  0.00593703 ,  0.0497603  ])
376     , -88.5769    , array([ 0.00803157 ,  0.99995    ,  0.0039887  ,  0.0504172  ])
380     , -88.5611    , array([ 0.0109092  ,  1.00285    ,  0.00545899 ,  0.0498589  ])
384     , -88.562     , array([ 0.0109092  ,  1.00285    ,  0.00545899 ,  0.0499088  ])
388     , -88.5675    , array([ 0.00891287 ,  1.00128    ,  0.00443779 ,  0.0502267  ])
392     , -88.5613    , array([ 0.0104565  ,  1.00231    ,  0.00522699 ,  0.0499358  ])
396     , -88.5628    , array([ 0.0104565  ,  1.00231    ,  0.00522699 ,  0.0499857  ])
400     , -88.5616    , array([ 0.0108122  ,  1.00374    ,  0.00540924 ,  0.0498751  ])
404     , -88.5611    , array([ 0.0108886  ,  1.00283    ,  0.00544845 ,  0.0498623  ])
408     , -88.5621    , array([ 0.0108886  ,  1.00283    ,  0.00544845 ,  0.0499122  ])
412     , -88.5615    , array([ 0.0109049  ,  1.00385    ,  0.00545676 ,  0.0498596  ])
416     , -88.5611    , array([ 0.0109083  ,  1.00285    ,  0.00545852 ,  0.049859   ])
420     , -88.562     , array([ 0.0109083  ,  1.00285    ,  0.00545852 ,  0.0499089  ])
424     , -88.5615    , array([ 0.010909   ,  1.00386    ,  0.00545889 ,  0.0498589  ])
428     , -88.5611    , array([ 0.0109092  ,  1.00285    ,  0.00545897 ,  0.0498589  ])
432     , -88.562     , array([ 0.0109092  ,  1.00285    ,  0.00545897 ,  0.0499088  ])
436     , -88.5615    , array([ 0.0109092  ,  1.00386    ,  0.00545898 ,  0.0498589  ])
440     , -88.5611    , array([ 0.0109092  ,  1.00285    ,  0.00545899 ,  0.0498589  ])
444     , -88.562     , array([ 0.0109092  ,  1.00285    ,  0.00545899 ,  0.0499088  ])
448     , -88.5615    , array([ 0.0109092  ,  1.00386    ,  0.00545899 ,  0.0498589  ])
452     , -88.5611    , array([ 0.0109092  ,  1.00285    ,  0.00545899 ,  0.0498589  ])
456     , -88.562     , array([ 0.0109092  ,  1.00285    ,  0.00545899 ,  0.0499088  ])
460     , -88.5615    , array([ 0.0109092  ,  1.00386    ,  0.00545899 ,  0.0498589  ])
464     , -88.5611    , array([ 0.0109092  ,  1.00285    ,  0.00545899 ,  0.0498589  ])
468     , -88.562     , array([ 0.0109092  ,  1.00285    ,  0.00545899 ,  0.0499088  ])
472     , -88.5615    , array([ 0.0109092  ,  1.00386    ,  0.00545899 ,  0.0498589  ])
476     , -88.5611    , array([ 0.0109092  ,  1.00285    ,  0.00545899 ,  0.0498589  ])
480     , -88.562     , array([ 0.0109092  ,  1.00285    ,  0.00545899 ,  0.0499088  ])
484     , -88.5615    , array([ 0.0109092  ,  1.00386    ,  0.00545899 ,  0.0498589  ])
488     , -88.5611    , array([ 0.0109092  ,  1.00285    ,  0.00545899 ,  0.0498589  ])
492     , -88.562     , array([ 0.0109092  ,  1.00285    ,  0.00545899 ,  0.0499088  ])
496     , -88.5615    , array([ 0.0109092  ,  1.00386    ,  0.00545899 ,  0.0498589  ])
500     , -88.5611    , array([ 0.0109092  ,  1.00285    ,  0.00545899 ,  0.0498589  ])
504     , -88.562     , array([ 0.0109092  ,  1.00285    ,  0.00545899 ,  0.0499088  ])
508     , -88.5615    , array([ 0.0109092  ,  1.00386    ,  0.00545899 ,  0.0498589  ])
512     , -88.5611    , array([ 0.0109092  ,  1.00285    ,  0.00545899 ,  0.0498589  ])
516     , -88.562     , array([ 0.0109092  ,  1.00285    ,  0.00545899 ,  0.0499088  ])
520     , -88.5615    , array([ 0.0109092  ,  1.00386    ,  0.00545899 ,  0.0498589  ])
524     , -88.5631    , array([ 0.0134743  ,  1.00556    ,  0.00677785 ,  0.0494775  ])
528     , -88.5626    , array([ 0.0134743  ,  1.00556    ,  0.00677785 ,  0.049527   ])
532     , -88.563     , array([ 0.013473   ,  1.00656    ,  0.0067772  ,  0.0494777  ])
536     , -88.5631    , array([ 0.0134704  ,  1.00555    ,  0.00677588 ,  0.049478   ])
540     , -88.5626    , array([ 0.0134704  ,  1.00555    ,  0.00677588 ,  0.0495275  ])
544     , -88.563     , array([ 0.0134653  ,  1.00655    ,  0.00677325 ,  0.0494787  ])
548     , -88.5631    , array([ 0.0134551  ,  1.00554    ,  0.00676799 ,  0.0494801  ])
552     , -88.5626    , array([ 0.0134551  ,  1.00554    ,  0.00676799 ,  0.0495296  ])
556     , -88.563     , array([ 0.0134347  ,  1.00652    ,  0.00675748 ,  0.0494828  ])
560     , -88.563     , array([ 0.0133941  ,  1.00548    ,  0.00673652 ,  0.0494882  ])
564     , -88.5625    , array([ 0.0133941  ,  1.00548    ,  0.00673652 ,  0.0495377  ])
568     , -88.5629    , array([ 0.0133131  ,  1.00641    ,  0.00669478 ,  0.0494992  ])
572     , -88.5628    , array([ 0.0131526  ,  1.00525    ,  0.00661208 ,  0.049521   ])
576     , -88.5623    , array([ 0.0131526  ,  1.00525    ,  0.00661208 ,  0.0495705  ])
580     , -88.5624    , array([ 0.0128373  ,  1.00594    ,  0.00644974 ,  0.0495647  ])
584     , -88.5618    , array([ 0.0122294  ,  1.00431    ,  0.00613691 ,  0.0496522  ])
588     , -88.5616    , array([ 0.0122294  ,  1.00431    ,  0.00613691 ,  0.0497019  ])
592     , -88.5619    , array([ 0.0122097  ,  1.00529    ,  0.00612679 ,  0.049655   ])
596     , -88.5617    , array([ 0.0121312  ,  1.00419    ,  0.00608647 ,  0.0496663  ])
600     , -88.5616    , array([ 0.0121312  ,  1.00419    ,  0.00608647 ,  0.049716   ])
604     , -88.5616    , array([ 0.0118225  ,  1.0048     ,  0.00592782 ,  0.0497115  ])
608     , -88.5611    , array([ 0.010664   ,  1.00223    ,  0.00533351 ,  0.0498927  ])
612     , -88.5618    , array([ 0.010664   ,  1.00223    ,  0.00533351 ,  0.0499426  ])
616     , -88.5897    , array([ 0.00705949 ,  0.996969   ,  0.00349532 ,  0.0506242  ])
620     , -88.5619    , array([ 0.00978572 ,  1.00092    ,  0.00488396 ,  0.0500443  ])
624     , -88.5635    , array([ 0.00978572 ,  1.00092    ,  0.00488396 ,  0.0500943  ])
628     , -88.5614    , array([ 0.0104728  ,  1.00296    ,  0.00523556 ,  0.0499246  ])
632     , -88.5611    , array([ 0.0106234  ,  1.00217    ,  0.0053127  ,  0.0498994  ])
636     , -88.5619    , array([ 0.0106234  ,  1.00217    ,  0.0053127  ,  0.0499494  ])
640     , -88.5614    , array([ 0.0106554  ,  1.00322    ,  0.00532911 ,  0.0498941  ])
644     , -88.5611    , array([ 0.0106622  ,  1.00223    ,  0.00533258 ,  0.049893   ])
648     , -88.5618    , array([ 0.0106622  ,  1.00223    ,  0.00533258 ,  0.0499429  ])
652     , -88.5614    , array([ 0.0106636  ,  1.00323    ,  0.00533332 ,  0.0498928  ])
656     , -88.5611    , array([ 0.0106639  ,  1.00223    ,  0.00533347 ,  0.0498927  ])
660     , -88.5618    , array([ 0.0106639  ,  1.00223    ,  0.00533347 ,  0.0499427  ])
664     , -88.5614    , array([ 0.010664   ,  1.00323    ,  0.0053335  ,  0.0498927  ])
668     , -88.5611    , array([ 0.010664   ,  1.00223    ,  0.00533351 ,  0.0498927  ])
672     , -88.5618    , array([ 0.010664   ,  1.00223    ,  0.00533351 ,  0.0499426  ])
676     , -88.5614    , array([ 0.010664   ,  1.00323    ,  0.00533351 ,  0.0498927  ])
680     , -88.5611    , array([ 0.010664   ,  1.00223    ,  0.00533351 ,  0.0498927  ])
684     , -88.5618    , array([ 0.010664   ,  1.00223    ,  0.00533351 ,  0.0499426  ])
688     , -88.5614    , array([ 0.010664   ,  1.00323    ,  0.00533351 ,  0.0498927  ])
692     , -88.5611    , array([ 0.010664   ,  1.00223    ,  0.00533351 ,  0.0498927  ])
696     , -88.5618    , array([ 0.010664   ,  1.00223    ,  0.00533351 ,  0.0499426  ])
700     , -88.5614    , array([ 0.010664   ,  1.00323    ,  0.00533351 ,  0.0498927  ])
704     , -88.5611    , array([ 0.010664   ,  1.00223    ,  0.00533351 ,  0.0498927  ])
708     , -88.5618    , array([ 0.010664   ,  1.00223    ,  0.00533351 ,  0.0499426  ])
712     , -88.5614    , array([ 0.010664   ,  1.00323    ,  0.00533351 ,  0.0498927  ])
716     , -88.5611    , array([ 0.010664   ,  1.00223    ,  0.00533351 ,  0.0498927  ])
720     , -88.5618    , array([ 0.010664   ,  1.00223    ,  0.00533351 ,  0.0499426  ])
724     , -88.5614    , array([ 0.010664   ,  1.00323    ,  0.00533351 ,  0.0498927  ])
728     , -88.5611    , array([ 0.010664   ,  1.00223    ,  0.00533351 ,  0.0498927  ])
732     , -88.5618    , array([ 0.010664   ,  1.00223    ,  0.00533351 ,  0.0499426  ])
736     , -88.5614    , array([ 0.010664   ,  1.00323    ,  0.00533351 ,  0.0498927  ])
740     , -88.5618    , array([ 0.0122097  ,  1.00429    ,  0.00612679 ,  0.049655   ])
744     , -88.5616    , array([ 0.0122097  ,  1.00429    ,  0.00612679 ,  0.0497047  ])
748     , -88.5618    , array([ 0.01219    ,  1.00527    ,  0.00611668 ,  0.0496579  ])
752     , -88.5617    , array([ 0.0121508  ,  1.00422    ,  0.00609652 ,  0.0496635  ])
756     , -88.5616    , array([ 0.0121508  ,  1.00422    ,  0.00609652 ,  0.0497132  ])
760     , -88.5618    , array([ 0.0120727  ,  1.00512    ,  0.0060564  ,  0.0496748  ])
764     , -88.5615    , array([ 0.0119181  ,  1.00392    ,  0.00597695 ,  0.0496974  ])
768     , -88.5615    , array([ 0.0119181  ,  1.00392    ,  0.00597695 ,  0.0497471  ])
772     , -88.5615    , array([ 0.0116148  ,  1.00453    ,  0.00582115 ,  0.0497426  ])
776     , -88.5611    , array([ 0.011031   ,  1.00274    ,  0.00552164 ,  0.0498332  ])
780     , -88.5615    , array([ 0.011031   ,  1.00274    ,  0.00552164 ,  0.0498831  ])
784     , -88.5611    , array([ 0.0107938  ,  1.00241    ,  0.00540004 ,  0.0498714  ])
788     , -88.5617    , array([ 0.0107938  ,  1.00241    ,  0.00540004 ,  0.0499213  ])
792     , -88.5611    , array([ 0.0107792  ,  1.00239    ,  0.00539256 ,  0.0498738  ])
796     , -88.5611    , array([ 0.0107933  ,  1.00241    ,  0.00539977 ,  0.0498715  ])
