1420    , -90.7185    , array([ 0.0986924  ,  1.22318    ,  0.0597303  ,  0.0362891  ])
1424    , -90.7135    , array([ 0.0986924  ,  1.22318    ,  0.0597303  ,  0.0363254  ])
1428    , -2873.14    , array([ 0.045883   ,  1.14663    ,  0.0645334  ,  0.0694749  ])
1432    , -90.9799    , array([ 0.0972769  ,  1.22169    ,  0.0598174  ,  0.0367358  ])
1436    , -91.012     , array([ 0.0972769  ,  1.22169    ,  0.0598773  ,  0.0367358  ])
1440    , -90.7055    , array([ 0.0985341  ,  1.22291    ,  0.059746   ,  0.0363692  ])
1444    , -90.6834    , array([ 0.0981964  ,  1.22046    ,  0.0595182  ,  0.0364653  ])
1448    , -90.6882    , array([ 0.0981964  ,  1.22046    ,  0.0595778  ,  0.0364653  ])
1452    , -90.619     , array([ 0.0973428  ,  1.21068    ,  0.0586156  ,  0.0368524  ])
1456    , -90.4726    , array([ 0.0950539  ,  1.19112    ,  0.0570688  ,  0.037276   ])
1460    , -90.4759    , array([ 0.0950539  ,  1.19112    ,  0.0571259  ,  0.037276   ])
1464    , -90.0956    , array([ 0.0868571  ,  1.11597    ,  0.0512789  ,  0.0390199  ])
1468    , -89.6723    , array([ 0.0742675  ,  1.12433    ,  0.041921   ,  0.0411707  ])
1472    , -89.6658    , array([ 0.0742675  ,  1.12433    ,  0.0419629  ,  0.0411707  ])
1476    , -89.3555    , array([ 0.0619554  ,  1.07791    ,  0.0339913  ,  0.0433385  ])
1480    , -89.0081    , array([ 0.0545421  ,  1.07144    ,  0.0296567  ,  0.0439823  ])
1484    , -89.0045    , array([ 0.0545421  ,  1.07144    ,  0.0296864  ,  0.0439823  ])
1488    , -88.915     , array([ 0.0429238  ,  1.03795    ,  0.0226871  ,  0.0460692  ])
1492    , -88.8339    , array([ 0.0396175  ,  1.03298    ,  0.0208393  ,  0.0464775  ])
1496    , -88.8261    , array([ 0.0396175  ,  1.03298    ,  0.0208601  ,  0.0464775  ])
1500    , -88.8012    , array([ 0.0376528  ,  1.03102    ,  0.0197189  ,  0.0467012  ])
1504    , -88.7019    , array([ 0.0305678  ,  1.02323    ,  0.0158082  ,  0.0476069  ])
1508    , -88.6955    , array([ 0.0305678  ,  1.02323    ,  0.0158241  ,  0.0476069  ])
1512    , -88.6773    , array([ 0.0269247  ,  1.01695    ,  0.0138168  ,  0.0481026  ])
1516    , -88.658     , array([ 0.0260037  ,  1.01616    ,  0.0133366  ,  0.0482068  ])
1520    , -88.652     , array([ 0.0260037  ,  1.01616    ,  0.0133499  ,  0.0482068  ])
1524    , -88.6435    , array([ 0.0227377  ,  1.01303    ,  0.0115769  ,  0.0486263  ])
1528    , -88.6298    , array([ 0.0219204  ,  1.01177    ,  0.0111561  ,  0.0487309  ])
1532    , -88.6241    , array([ 0.0219204  ,  1.01177    ,  0.0111673  ,  0.0487309  ])
1536    , -88.631     , array([ 0.0190297  ,  1.00674    ,  0.00962056 ,  0.0491519  ])
1540    , -88.6196    , array([ 0.0187606  ,  1.00654    ,  0.00949039 ,  0.0491774  ])
1544    , -88.6136    , array([ 0.0187606  ,  1.00654    ,  0.00949988 ,  0.0491774  ])
1548    , -88.6181    , array([ 0.0178107  ,  1.00574    ,  0.0089871  ,  0.0492794  ])
1552    , -88.5944    , array([ 0.0143961  ,  1.00256    ,  0.00722704 ,  0.0496898  ])
1556    , -88.5893    , array([ 0.0143961  ,  1.00256    ,  0.00723427 ,  0.0496898  ])
1560    , -88.6051    , array([ 0.0139191  ,  1.00178    ,  0.00697244 ,  0.0497741  ])
1564    , -88.595     , array([ 0.0142978  ,  1.0024     ,  0.00717603 ,  0.0497064  ])
1568    , -88.5898    , array([ 0.0142978  ,  1.0024     ,  0.00718321 ,  0.0497064  ])
1572    , -88.6017    , array([ 0.014391   ,  1.00253    ,  0.00721691 ,  0.0496931  ])
1576    , -88.5944    , array([ 0.0143923  ,  1.00255    ,  0.00722503 ,  0.0496905  ])
1580    , -88.5893    , array([ 0.0143923  ,  1.00255    ,  0.00723226 ,  0.0496905  ])
1584    , -88.6016    , array([ 0.0144098  ,  1.00256    ,  0.00722664 ,  0.0496899  ])
1588    , -88.5944    , array([ 0.014396   ,  1.00256    ,  0.00722696 ,  0.0496898  ])
1592    , -88.5893    , array([ 0.014396   ,  1.00256    ,  0.00723419 ,  0.0496898  ])
1596    , -88.6016    , array([ 0.0144105  ,  1.00256    ,  0.00722703 ,  0.0496898  ])
1600    , -88.5944    , array([ 0.0143961  ,  1.00256    ,  0.00722704 ,  0.0496898  ])
1604    , -88.5893    , array([ 0.0143961  ,  1.00256    ,  0.00723427 ,  0.0496898  ])
1608    , -88.6016    , array([ 0.0144105  ,  1.00256    ,  0.00722704 ,  0.0496898  ])
1612    , -88.5944    , array([ 0.0143961  ,  1.00256    ,  0.00722704 ,  0.0496898  ])
1616    , -88.5893    , array([ 0.0143961  ,  1.00256    ,  0.00723427 ,  0.0496898  ])
1620    , -88.6016    , array([ 0.0144105  ,  1.00256    ,  0.00722704 ,  0.0496898  ])
1624    , -88.5944    , array([ 0.0143961  ,  1.00256    ,  0.00722704 ,  0.0496898  ])
1628    , -88.5893    , array([ 0.0143961  ,  1.00256    ,  0.00723427 ,  0.0496898  ])
1632    , -88.6016    , array([ 0.0144105  ,  1.00256    ,  0.00722704 ,  0.0496898  ])
1636    , -88.5944    , array([ 0.0143961  ,  1.00256    ,  0.00722704 ,  0.0496898  ])
1640    , -88.5893    , array([ 0.0143961  ,  1.00256    ,  0.00723427 ,  0.0496898  ])
1644    , -88.6016    , array([ 0.0144105  ,  1.00256    ,  0.00722704 ,  0.0496898  ])
1648    , -88.5944    , array([ 0.0143961  ,  1.00256    ,  0.00722704 ,  0.0496898  ])
1652    , -88.5893    , array([ 0.0143961  ,  1.00256    ,  0.00723427 ,  0.0496898  ])
1656    , -88.6016    , array([ 0.0144105  ,  1.00256    ,  0.00722704 ,  0.0496898  ])
1660    , -88.5944    , array([ 0.0143961  ,  1.00256    ,  0.00722704 ,  0.0496898  ])
1664    , -88.5893    , array([ 0.0143961  ,  1.00256    ,  0.00723427 ,  0.0496898  ])
1668    , -88.6016    , array([ 0.0144105  ,  1.00256    ,  0.00722704 ,  0.0496898  ])
1672    , -88.5944    , array([ 0.0143961  ,  1.00256    ,  0.00722704 ,  0.0496898  ])
1676    , -88.5893    , array([ 0.0143961  ,  1.00256    ,  0.00723427 ,  0.0496898  ])
1680    , -88.6016    , array([ 0.0144105  ,  1.00256    ,  0.00722704 ,  0.0496898  ])
1684    , -88.5944    , array([ 0.0143961  ,  1.00256    ,  0.00722704 ,  0.0496898  ])
1688    , -88.5893    , array([ 0.0143961  ,  1.00256    ,  0.00723427 ,  0.0496898  ])
1692    , -88.6016    , array([ 0.0144105  ,  1.00256    ,  0.00722704 ,  0.0496898  ])
1696    , -88.5944    , array([ 0.0143961  ,  1.00256    ,  0.00722704 ,  0.0496898  ])
1700    , -88.5893    , array([ 0.0143961  ,  1.00256    ,  0.00723427 ,  0.0496898  ])
1704    , -88.6016    , array([ 0.0144105  ,  1.00256    ,  0.00722704 ,  0.0496898  ])
1708    , -88.5944    , array([ 0.0143961  ,  1.00256    ,  0.00722704 ,  0.0496898  ])
1712    , -88.5893    , array([ 0.0143961  ,  1.00256    ,  0.00723427 ,  0.0496898  ])
1716    , -88.6016    , array([ 0.0144105  ,  1.00256    ,  0.00722704 ,  0.0496898  ])
1720    , -88.5944    , array([ 0.0143961  ,  1.00256    ,  0.00722704 ,  0.0496898  ])
1724    , -88.5893    , array([ 0.0143961  ,  1.00256    ,  0.00723427 ,  0.0496898  ])
1728    , -88.6016    , array([ 0.0144105  ,  1.00256    ,  0.00722704 ,  0.0496898  ])
1732    , -88.5944    , array([ 0.0143961  ,  1.00256    ,  0.00722704 ,  0.0496898  ])
1736    , -88.5893    , array([ 0.0143961  ,  1.00256    ,  0.00723427 ,  0.0496898  ])
1740    , -88.6016    , array([ 0.0144105  ,  1.00256    ,  0.00722704 ,  0.0496898  ])
1744    , -88.5944    , array([ 0.0143961  ,  1.00256    ,  0.00722704 ,  0.0496898  ])
1748    , -88.5893    , array([ 0.0143961  ,  1.00256    ,  0.00723427 ,  0.0496898  ])
1752    , -88.6016    , array([ 0.0144105  ,  1.00256    ,  0.00722704 ,  0.0496898  ])
1756    , -88.5944    , array([ 0.0143961  ,  1.00256    ,  0.00722704 ,  0.0496898  ])
1760    , -88.5893    , array([ 0.0143961  ,  1.00256    ,  0.00723427 ,  0.0496898  ])
1764    , -88.6016    , array([ 0.0144105  ,  1.00256    ,  0.00722704 ,  0.0496898  ])
1768    , -88.5944    , array([ 0.0143961  ,  1.00256    ,  0.00722704 ,  0.0496898  ])
1772    , -88.5893    , array([ 0.0143961  ,  1.00256    ,  0.00723427 ,  0.0496898  ])
1776    , -88.6016    , array([ 0.0144105  ,  1.00256    ,  0.00722704 ,  0.0496898  ])
1780    , -88.5944    , array([ 0.0143961  ,  1.00256    ,  0.00722704 ,  0.0496898  ])
1784    , -88.5893    , array([ 0.0143961  ,  1.00256    ,  0.00723427 ,  0.0496898  ])
1788    , -88.6016    , array([ 0.0144105  ,  1.00256    ,  0.00722704 ,  0.0496898  ])
1792    , -88.5944    , array([ 0.0143961  ,  1.00256    ,  0.00722704 ,  0.0496898  ])
1796    , -88.5893    , array([ 0.0143961  ,  1.00256    ,  0.00723427 ,  0.0496898  ])
1800    , -88.6016    , array([ 0.0144105  ,  1.00256    ,  0.00722704 ,  0.0496898  ])
1804    , -88.5944    , array([ 0.0143961  ,  1.00256    ,  0.00722704 ,  0.0496898  ])
1808    , -88.5893    , array([ 0.0143961  ,  1.00256    ,  0.00723427 ,  0.0496898  ])
1812    , -88.6016    , array([ 0.0144105  ,  1.00256    ,  0.00722704 ,  0.0496898  ])
1816    , -88.5944    , array([ 0.0143961  ,  1.00256    ,  0.00722704 ,  0.0496898  ])
1820    , -88.5893    , array([ 0.0143961  ,  1.00256    ,  0.00723427 ,  0.0496898  ])
1824    , -88.6016    , array([ 0.0144105  ,  1.00256    ,  0.00722704 ,  0.0496898  ])
1828    , -88.5944    , array([ 0.0143961  ,  1.00256    ,  0.00722704 ,  0.0496898  ])
1832    , -88.5893    , array([ 0.0143961  ,  1.00256    ,  0.00723427 ,  0.0496898  ])
1836    , -88.6016    , array([ 0.0144105  ,  1.00256    ,  0.00722704 ,  0.0496898  ])
1840    , -88.5944    , array([ 0.0143961  ,  1.00256    ,  0.00722704 ,  0.0496898  ])
1844    , -88.5893    , array([ 0.0143961  ,  1.00256    ,  0.00723427 ,  0.0496898  ])
1848    , -88.6016    , array([ 0.0144105  ,  1.00256    ,  0.00722704 ,  0.0496898  ])
1852    , -88.5944    , array([ 0.0143961  ,  1.00256    ,  0.00722704 ,  0.0496898  ])
1856    , -88.5893    , array([ 0.0143961  ,  1.00256    ,  0.00723427 ,  0.0496898  ])
1860    , -88.6016    , array([ 0.0144105  ,  1.00256    ,  0.00722704 ,  0.0496898  ])
1864    , -88.5944    , array([ 0.0143961  ,  1.00256    ,  0.00722704 ,  0.0496898  ])
1868    , -88.5893    , array([ 0.0143961  ,  1.00256    ,  0.00723427 ,  0.0496898  ])
1872    , -88.6016    , array([ 0.0144105  ,  1.00256    ,  0.00722704 ,  0.0496898  ])
1876    , -88.5944    , array([ 0.0143961  ,  1.00256    ,  0.00722704 ,  0.0496898  ])
1880    , -88.5893    , array([ 0.0143961  ,  1.00256    ,  0.00723427 ,  0.0496898  ])
1884    , -88.6016    , array([ 0.0144105  ,  1.00256    ,  0.00722704 ,  0.0496898  ])
1888    , -88.5944    , array([ 0.0143961  ,  1.00256    ,  0.00722704 ,  0.0496898  ])
1892    , -88.5893    , array([ 0.0143961  ,  1.00256    ,  0.00723427 ,  0.0496898  ])
1896    , -88.6016    , array([ 0.0144105  ,  1.00256    ,  0.00722704 ,  0.0496898  ])
1900    , -88.5944    , array([ 0.0143961  ,  1.00256    ,  0.00722704 ,  0.0496898  ])
1904    , -88.5893    , array([ 0.0143961  ,  1.00256    ,  0.00723427 ,  0.0496898  ])
1908    , -88.6016    , array([ 0.0144105  ,  1.00256    ,  0.00722704 ,  0.0496898  ])
1912    , -88.5944    , array([ 0.0143961  ,  1.00256    ,  0.00722704 ,  0.0496898  ])
1916    , -88.5893    , array([ 0.0143961  ,  1.00256    ,  0.00723427 ,  0.0496898  ])
1920    , -88.6016    , array([ 0.0144105  ,  1.00256    ,  0.00722704 ,  0.0496898  ])
1924    , -88.5944    , array([ 0.0143961  ,  1.00256    ,  0.00722704 ,  0.0496898  ])
1928    , -88.5893    , array([ 0.0143961  ,  1.00256    ,  0.00723427 ,  0.0496898  ])
1932    , -88.6016    , array([ 0.0144105  ,  1.00256    ,  0.00722704 ,  0.0496898  ])
1936    , -88.5944    , array([ 0.0143961  ,  1.00256    ,  0.00722704 ,  0.0496898  ])
1940    , -88.5893    , array([ 0.0143961  ,  1.00256    ,  0.00723427 ,  0.0496898  ])
1944    , -88.6016    , array([ 0.0144105  ,  1.00256    ,  0.00722704 ,  0.0496898  ])
1948    , -88.5944    , array([ 0.0143961  ,  1.00256    ,  0.00722704 ,  0.0496898  ])
1952    , -88.5893    , array([ 0.0143961  ,  1.00256    ,  0.00723427 ,  0.0496898  ])
1956    , -88.6016    , array([ 0.0144105  ,  1.00256    ,  0.00722704 ,  0.0496898  ])
1960    , -88.5944    , array([ 0.0143961  ,  1.00256    ,  0.00722704 ,  0.0496898  ])
1964    , -88.5893    , array([ 0.0143961  ,  1.00256    ,  0.00723427 ,  0.0496898  ])
1968    , -88.6016    , array([ 0.0144105  ,  1.00256    ,  0.00722704 ,  0.0496898  ])
1972    , -88.5944    , array([ 0.0143961  ,  1.00256    ,  0.00722704 ,  0.0496898  ])
1976    , -88.5893    , array([ 0.0143961  ,  1.00256    ,  0.00723427 ,  0.0496898  ])
1980    , -88.6016    , array([ 0.0144105  ,  1.00256    ,  0.00722704 ,  0.0496898  ])
1984    , -88.5944    , array([ 0.0143961  ,  1.00256    ,  0.00722704 ,  0.0496898  ])
1988    , -88.5893    , array([ 0.0143961  ,  1.00256    ,  0.00723427 ,  0.0496898  ])
1992    , -88.6016    , array([ 0.0144105  ,  1.00256    ,  0.00722704 ,  0.0496898  ])
1996    , -88.5944    , array([ 0.0143961  ,  1.00256    ,  0.00722704 ,  0.0496898  ])
2000    , -88.5893    , array([ 0.0143961  ,  1.00256    ,  0.00723427 ,  0.0496898  ])
2004    , -88.6016    , array([ 0.0144105  ,  1.00256    ,  0.00722704 ,  0.0496898  ])
2008    , -88.5976    , array([ 0.0139052  ,  1.00178    ,  0.00697244 ,  0.0497741  ])
2012    , -88.5945    , array([ 0.01438    ,  1.00253    ,  0.0072187  ,  0.0496925  ])
2016    , -88.5944    , array([ 0.0143957  ,  1.00256    ,  0.0072268  ,  0.0496899  ])
