4608    , -24272.6    , array([ 1.59023    ,  1.45354    ,  1.69291    ,  0.0642206  ,  0.700351   ,  4.34582    ,  2.60599    ,  2.22987    ])
4616    , -17770.1    , array([ 3.38258    ,  1.45354    ,  1.69291    ,  0.0642206  ,  0.700351   ,  4.34582    ,  2.60599    ,  2.22987    ])
4624    , -15808.4    , array([ 3.38085    ,  0.868272   ,  1.69291    ,  0.0642206  ,  0.700351   ,  4.34582    ,  2.60599    ,  2.22987    ])
4632    , -15859.1    , array([ 3.38085    ,  0.894438   ,  1.07488    ,  0.0642206  ,  0.700351   ,  4.34582    ,  2.60599    ,  2.22987    ])
4640    , -15577.1    , array([ 3.38085    ,  0.894438   ,  1.34923    ,  0.0642206  ,  0.700351   ,  4.34582    ,  2.60599    ,  2.22987    ])
4648    , -14885.2    , array([ 3.38085    ,  0.894438   ,  1.35263    ,  0.249311   ,  0.700351   ,  4.34582    ,  2.60599    ,  2.22987    ])
4664    , -14867.1    , array([ 3.38085    ,  0.894438   ,  1.35263    ,  0.22429    ,  0.681419   ,  4.34582    ,  2.60599    ,  2.22987    ])
4672    , -14959.4    , array([ 3.38085    ,  0.894438   ,  1.35263    ,  0.22429    ,  0.681419   ,  3.34582    ,  2.60599    ,  2.22987    ])
4680    , -14825.4    , array([ 3.38085    ,  0.894438   ,  1.35263    ,  0.22429    ,  0.681419   ,  3.94471    ,  2.60599    ,  2.22987    ])
4688    , -14221.2    , array([ 3.38085    ,  0.894438   ,  1.35263    ,  0.22429    ,  0.681419   ,  3.94471    ,  4.14025    ,  2.22987    ])
4696    , -14200.5    , array([ 3.38085    ,  0.894438   ,  1.35263    ,  0.22429    ,  0.681419   ,  3.94471    ,  4.14025    ,  2.45389    ])
4704    , -14199.7    , array([ 3.38085    ,  0.894438   ,  1.35263    ,  0.22429    ,  0.681419   ,  3.94471    ,  4.14025    ,  2.50843    ])
4712    , -14165.6    , array([ 3.16881    ,  0.894438   ,  1.35263    ,  0.22429    ,  0.681419   ,  3.94471    ,  4.14025    ,  2.50843    ])
4720    , -15161.7    , array([ 3.17144    ,  1.2764     ,  1.35263    ,  0.22429    ,  0.681419   ,  3.94471    ,  4.14025    ,  2.50843    ])
4728    , -15280.6    , array([ 3.17144    ,  0.897538   ,  2.35263    ,  0.22429    ,  0.681419   ,  3.94471    ,  4.14025    ,  2.50843    ])
4736    , -14163.9    , array([ 3.17144    ,  0.897538   ,  1.37643    ,  0.22429    ,  0.681419   ,  3.94471    ,  4.14025    ,  2.50843    ])
4744    , -16123.9    , array([ 3.17144    ,  0.897538   ,  1.37666    ,  0.606256   ,  0.681419   ,  3.94471    ,  4.14025    ,  2.50843    ])
4752    , -21145.7    , array([ 3.17144    ,  0.897538   ,  1.37666    ,  0.231237   ,  1.68142    ,  3.94471    ,  4.14025    ,  2.50843    ])
4760    , -14151.7    , array([ 3.17144    ,  0.897538   ,  1.37666    ,  0.231237   ,  0.656506   ,  3.94471    ,  4.14025    ,  2.50843    ])
4768    , -14257.2    , array([ 3.17144    ,  0.897538   ,  1.37666    ,  0.231237   ,  0.655352   ,  3.32668    ,  4.14025    ,  2.50843    ])
4776    , -14149.6    , array([ 3.17144    ,  0.897538   ,  1.37666    ,  0.231237   ,  0.655352   ,  3.86636    ,  4.14025    ,  2.50843    ])
4784    , -14144.4    , array([ 3.17144    ,  0.897538   ,  1.37666    ,  0.231237   ,  0.655352   ,  3.86714    ,  3.98345    ,  2.50843    ])
4792    , -14288.7    , array([ 3.17144    ,  0.897538   ,  1.37666    ,  0.231237   ,  0.655352   ,  3.86714    ,  3.97867    ,  1.89039    ])
4800    , -14143.5    , array([ 3.17144    ,  0.897538   ,  1.37666    ,  0.231237   ,  0.655352   ,  3.86714    ,  3.97867    ,  2.45835    ])
4808    , -14143.4    , array([ 3.17144    ,  0.897538   ,  1.37666    ,  0.231237   ,  0.655352   ,  3.86714    ,  3.97867    ,  2.45635    ])
4816    , -14143.4    , array([ 3.16522    ,  0.897538   ,  1.37666    ,  0.231237   ,  0.655352   ,  3.86714    ,  3.97867    ,  2.45635    ])
4824    , -14143.4    , array([ 3.16522    ,  0.904257   ,  1.37666    ,  0.231237   ,  0.655352   ,  3.86714    ,  3.97867    ,  2.45635    ])
4832    , -16448.7    , array([ 3.16522    ,  0.900524   ,  0.758629   ,  0.231237   ,  0.655352   ,  3.86714    ,  3.97867    ,  2.45635    ])
4840    , -14142.1    , array([ 3.16522    ,  0.900524   ,  1.39813    ,  0.231237   ,  0.655352   ,  3.86714    ,  3.97867    ,  2.45635    ])
4848    , -14134.8    , array([ 3.16522    ,  0.900524   ,  1.39813    ,  0.256795   ,  0.655352   ,  3.86714    ,  3.97867    ,  2.45635    ])
4856    , -34451.6    , array([ 3.16522    ,  0.900524   ,  1.39813    ,  0.250389   ,  0.0373184  ,  3.86714    ,  3.97867    ,  2.45635    ])
4864    , -14125      , array([ 3.16522    ,  0.900524   ,  1.39813    ,  0.250389   ,  0.632151   ,  3.86714    ,  3.97867    ,  2.45635    ])
4872    , -14124.9    , array([ 3.16522    ,  0.900524   ,  1.39813    ,  0.250389   ,  0.63238    ,  3.85215    ,  3.97867    ,  2.45635    ])
4880    , -14124.2    , array([ 3.16522    ,  0.900524   ,  1.39813    ,  0.250389   ,  0.63238    ,  3.82462    ,  3.97867    ,  2.45635    ])
4888    , -14124.2    , array([ 3.16522    ,  0.900524   ,  1.39813    ,  0.250389   ,  0.63238    ,  3.82662    ,  3.97867    ,  2.45635    ])
4896    , -14242.3    , array([ 3.16522    ,  0.900524   ,  1.39813    ,  0.250389   ,  0.63238    ,  3.82662    ,  4.01708    ,  3.45635    ])
4904    , -14123.7    , array([ 3.16522    ,  0.900524   ,  1.39813    ,  0.250389   ,  0.63238    ,  3.82662    ,  4.01708    ,  2.43142    ])
4912    , -14123.7    , array([ 3.16522    ,  0.900524   ,  1.39813    ,  0.250389   ,  0.63238    ,  3.82662    ,  4.01708    ,  2.43001    ])
4920    , -14086.4    , array([ 3.1259     ,  0.919379   ,  1.53368    ,  0.371336   ,  0.487312   ,  3.57077    ,  4.25961    ,  2.26552    ])
4928    , -14080.2    , array([ 3.13637    ,  0.914355   ,  1.49757    ,  0.33911    ,  0.525965   ,  3.63894    ,  4.19499    ,  2.30942    ])
4936    , -14073.4    , array([ 3.22337    ,  0.914355   ,  1.49757    ,  0.33911    ,  0.525965   ,  3.63894    ,  4.19499    ,  2.30942    ])
4944    , -14060.2    , array([ 3.22337    ,  0.885149   ,  1.49757    ,  0.33911    ,  0.525965   ,  3.63894    ,  4.19499    ,  2.30942    ])
4952    , -14059.8    , array([ 3.22337    ,  0.879581   ,  1.49757    ,  0.33911    ,  0.525965   ,  3.63894    ,  4.19499    ,  2.30942    ])
4960    , -14049.6    , array([ 3.22337    ,  0.879581   ,  1.56819    ,  0.33911    ,  0.525965   ,  3.63894    ,  4.19499    ,  2.30942    ])
4968    , -14648.5    , array([ 3.22337    ,  0.879581   ,  1.56749    ,  0.530077   ,  0.525965   ,  3.63894    ,  4.19499    ,  2.30942    ])
4976    , -27251.8    , array([ 3.22337    ,  0.879581   ,  1.56749    ,  0.346008   ,  0.525965   ,  3.63894    ,  4.19499    ,  0.691385   ])
4984    , -14046.3    , array([ 3.22337    ,  0.879581   ,  1.56749    ,  0.346008   ,  0.525965   ,  3.63894    ,  4.19499    ,  2.43155    ])
4992    , -15848.7    , array([ 3.22337    ,  0.879581   ,  1.56749    ,  0.346008   ,  0.525965   ,  2.02091    ,  4.19499    ,  2.4175     ])
5000    , -14045.5    , array([ 3.22337    ,  0.879581   ,  1.56749    ,  0.346008   ,  0.525965   ,  3.68037    ,  4.19499    ,  2.4175     ])
5008    , -14685.1    , array([ 3.22337    ,  0.879581   ,  1.56749    ,  0.346008   ,  0.525965   ,  3.68152    ,  2.57696    ,  2.4175     ])
5016    , -14045.5    , array([ 3.22337    ,  0.879581   ,  1.56749    ,  0.346008   ,  0.525965   ,  3.68152    ,  4.19426    ,  2.4175     ])
5024    , -14034.6    , array([ 3.209      ,  0.886472   ,  1.61703    ,  0.390211   ,  0.472946   ,  3.58801    ,  4.28291    ,  2.35729    ])
5032    , -14058.1    , array([ 3.25553    ,  0.871107   ,  1.82648    ,  0.521606   ,  0.323619   ,  3.36723    ,  4.53183    ,  2.29579    ])
5040    , -14032.4    , array([ 3.26121    ,  0.885815   ,  1.61231    ,  0.385998   ,  0.478      ,  3.59692    ,  4.27446    ,  2.36303    ])
5048    , -28519.9    , array([ 3.25985    ,  0.267781   ,  1.61231    ,  0.385998   ,  0.478      ,  3.59692    ,  4.27446    ,  2.36303    ])
5056    , -14019.7    , array([ 3.25985    ,  0.853878   ,  1.61231    ,  0.385998   ,  0.478      ,  3.59692    ,  4.27446    ,  2.36303    ])
5064    , -14018.3    , array([ 3.25985    ,  0.853556   ,  1.63369    ,  0.385998   ,  0.478      ,  3.59692    ,  4.27446    ,  2.36303    ])
5072    , -14018.2    , array([ 3.25985    ,  0.853556   ,  1.64117    ,  0.385998   ,  0.478      ,  3.59692    ,  4.27446    ,  2.36303    ])
5080    , -14018.2    , array([ 3.25985    ,  0.853556   ,  1.64117    ,  0.385048   ,  0.478      ,  3.59692    ,  4.27446    ,  2.36303    ])
5088    , -14018.4    , array([ 3.25985    ,  0.853556   ,  1.64117    ,  0.385048   ,  0.478      ,  3.59692    ,  4.27446    ,  2.51063    ])
5096    , -14016.8    , array([ 3.25985    ,  0.853556   ,  1.64117    ,  0.385048   ,  0.478      ,  3.59692    ,  4.27446    ,  2.41998    ])
5104    , -14227.1    , array([ 3.25985    ,  0.853556   ,  1.64117    ,  0.385048   ,  0.478      ,  2.97889    ,  4.27446    ,  2.41906    ])
5112    , -14014.2    , array([ 3.25985    ,  0.853556   ,  1.64117    ,  0.385048   ,  0.478      ,  3.67727    ,  4.27446    ,  2.41906    ])
5120    , -14084      , array([ 3.25985    ,  0.853556   ,  1.64117    ,  0.385048   ,  0.478      ,  3.6794     ,  3.65642    ,  2.41906    ])
5128    , -14024.4    , array([ 3.23101    ,  0.867388   ,  1.74061    ,  0.473769   ,  0.371584   ,  3.49172    ,  4.40797    ,  2.29821    ])
5136    , -14005.1    , array([ 3.24708    ,  0.859682   ,  1.68521    ,  0.424341   ,  0.43087    ,  3.59628    ,  4.30885    ,  2.36554    ])
5144    , -13976.8    , array([ 3.30954    ,  0.815125   ,  1.81116    ,  0.491022   ,  0.348942   ,  3.59293    ,  4.36984    ,  2.36838    ])
5152    , -14384.4    , array([ 2.70619    ,  0.804657   ,  1.84061    ,  0.506574   ,  0.32983    ,  3.59234    ,  4.38397    ,  2.36918    ])
5160    , -14089.5    , array([ 3.30581    ,  0.818489   ,  1.94004    ,  0.595295   ,  0.223415   ,  3.40466    ,  4.56188    ,  2.24833    ])
5168    , -13971.9    , array([ 3.34159    ,  0.801333   ,  1.81671    ,  0.485255   ,  0.355401   ,  3.63744    ,  4.34122    ,  2.39822    ])
5176    , -13970.4    , array([ 3.34152    ,  0.801366   ,  1.84684    ,  0.485466   ,  0.355148   ,  3.63699    ,  4.34164    ,  2.39793    ])
5184    , -13970.4    , array([ 3.34152    ,  0.801366   ,  1.85124    ,  0.485466   ,  0.355148   ,  3.63699    ,  4.34164    ,  2.39793    ])
5192    , -13970.1    , array([ 3.34152    ,  0.801366   ,  1.85124    ,  0.489265   ,  0.355148   ,  3.63699    ,  4.34164    ,  2.39793    ])
5200    , -13965.7    , array([ 3.34152    ,  0.801366   ,  1.85124    ,  0.489303   ,  0.355148   ,  3.63699    ,  4.34164    ,  2.57409    ])
5208    , -15778.3    , array([ 3.34152    ,  0.801366   ,  1.85124    ,  0.489303   ,  0.355148   ,  2.01896    ,  4.34164    ,  2.53617    ])
5216    , -13964      , array([ 3.34152    ,  0.801366   ,  1.85124    ,  0.489303   ,  0.355148   ,  3.70271    ,  4.34164    ,  2.53617    ])
5224    , -13994.5    , array([ 3.34152    ,  0.801366   ,  1.85124    ,  0.489303   ,  0.355148   ,  3.70271    ,  4.72361    ,  2.53617    ])
5232    , -14063.5    , array([ 3.21648    ,  0.890497   ,  1.60051    ,  0.356883   ,  0.517873   ,  3.70774    ,  4.18879    ,  2.52942    ])
5240    , -14015      , array([ 3.50819    ,  0.691598   ,  2.16139    ,  0.630225   ,  0.186073   ,  3.80707    ,  4.37782    ,  2.71123    ])
5248    , -13956.2    , array([ 3.36042    ,  0.775671   ,  1.92352    ,  0.527479   ,  0.308236   ,  3.70126    ,  4.34373    ,  2.53812    ])
5256    , -13979.8    , array([ 3.38247    ,  0.767122   ,  1.86206    ,  0.472647   ,  0.374004   ,  3.81725    ,  4.23377    ,  2.6128     ])
5264    , -13956.1    , array([ 3.36413    ,  0.775916   ,  1.92528    ,  0.529052   ,  0.30635    ,  3.69793    ,  4.34688    ,  2.53597    ])
5272    , -13962.4    , array([ 3.36413    ,  0.775916   ,  2.01528    ,  0.529052   ,  0.30635    ,  3.69793    ,  4.34688    ,  2.53597    ])
5288    , -13955.8    , array([ 3.36413    ,  0.775916   ,  1.93687    ,  0.531767   ,  0.30635    ,  3.69793    ,  4.34688    ,  2.53597    ])
5296    , -13971.6    , array([ 3.36413    ,  0.775916   ,  1.93687    ,  0.531767   ,  0.30635    ,  3.69793    ,  4.34688    ,  2.91794    ])
5304    , -13955.2    , array([ 3.36413    ,  0.775916   ,  1.93687    ,  0.531767   ,  0.30635    ,  3.69793    ,  4.34688    ,  2.58244    ])
5312    , -13954.5    , array([ 3.36413    ,  0.775916   ,  1.93687    ,  0.531767   ,  0.30635    ,  3.74293    ,  4.34688    ,  2.58291    ])
5328    , -13954.3    , array([ 3.36413    ,  0.775916   ,  1.93687    ,  0.531767   ,  0.30635    ,  3.73838    ,  4.31189    ,  2.58291    ])
5336    , -13953.4    , array([ 3.37485    ,  0.768273   ,  1.95837    ,  0.543121   ,  0.292397   ,  3.73795    ,  4.32185    ,  2.58349    ])
5344    , -18232.1    , array([ 1.75776    ,  0.767604   ,  1.96026    ,  0.544117   ,  0.291174   ,  3.73791    ,  4.32275    ,  2.58354    ])
5352    , -13953.4    , array([ 3.37601    ,  0.767604   ,  1.96026    ,  0.544117   ,  0.291174   ,  3.73791    ,  4.32275    ,  2.58354    ])
5360    , -13953.5    , array([ 3.37669    ,  0.767279   ,  1.95792    ,  0.542036   ,  0.293671   ,  3.74232    ,  4.31858    ,  2.58637    ])
5368    , -13953.4    , array([ 3.37595    ,  0.767633   ,  1.96046    ,  0.544302   ,  0.290952   ,  3.73752    ,  4.32313    ,  2.58329    ])
5376    , -13953.4    , array([ 3.37595    ,  0.767633   ,  1.9602     ,  0.544302   ,  0.290952   ,  3.73752    ,  4.32313    ,  2.58329    ])
5384    , -14016.8    , array([ 3.37595    ,  0.767633   ,  1.9602     ,  0.493348   ,  0.290952   ,  3.73752    ,  4.32313    ,  2.58329    ])
5392    , -20372      , array([ 3.37595    ,  0.767633   ,  1.9602     ,  0.54608    ,  0.290952   ,  3.73752    ,  4.32313    ,  0.965252   ])
5400    , -13953.1    , array([ 3.37595    ,  0.767633   ,  1.9602     ,  0.54608    ,  0.290952   ,  3.73752    ,  4.32313    ,  2.60934    ])
5408    , -14114.5    , array([ 3.37595    ,  0.767633   ,  1.9602     ,  0.54608    ,  0.290952   ,  3.11949    ,  4.32313    ,  2.609      ])
5416    , -13953      , array([ 3.37595    ,  0.767633   ,  1.9602     ,  0.54608    ,  0.290952   ,  3.76566    ,  4.32313    ,  2.609      ])
5424    , -13980.5    , array([ 3.37595    ,  0.767633   ,  1.9602     ,  0.54608    ,  0.290952   ,  3.76566    ,  4.70509    ,  2.609      ])
5432    , -14033.3    , array([ 3.25091    ,  0.856763   ,  1.70948    ,  0.413659   ,  0.453676   ,  3.7707     ,  4.18686    ,  2.60225    ])
5440    , -13952.7    , array([ 3.38166    ,  0.763567   ,  1.97164    ,  0.55212    ,  0.283529   ,  3.76543    ,  4.31262    ,  2.60931    ])
