4       , -395.664    , array([ 6.56693    ,  0.0308429  ,  3.30432    ,  0.156181   ])
8       , -392.952    , array([ 8.30639    ,  0.0308429  ,  3.30432    ,  0.156181   ])
12      , -392.952    , array([ 8.29148    ,  0.0308429  ,  3.30432    ,  0.156181   ])
16      , -392.952    , array([ 8.29043    ,  0.0308429  ,  3.30432    ,  0.156181   ])
24      , -3133.62    , array([ 8.29043    ,  0.0587038  ,  3.30432    ,  0.156181   ])
28      , -393.339    , array([ 8.29043    ,  0.0306734  ,  3.30432    ,  0.156181   ])
32      , -392.952    , array([ 8.29043    ,  0.0308428  ,  3.30432    ,  0.156181   ])
36      , -488.741    , array([ 8.29043    ,  0.0308428  ,  1.68629    ,  0.156181   ])
40      , -392.97     , array([ 8.29043    ,  0.0308428  ,  3.3324     ,  0.156181   ])
44      , -392.952    , array([ 8.29043    ,  0.0308428  ,  3.30443    ,  0.156181   ])
52      , -2324.12    , array([ 8.29043    ,  0.0308428  ,  3.30443    ,  0.347148   ])
56      , -1563.46    , array([ 8.29043    ,  0.0308428  ,  3.30443    ,  0.121739   ])
60      , -392.952    , array([ 8.29043    ,  0.0308428  ,  3.30443    ,  0.156184   ])
