95      , -1317.68    , array([ 0.938122   ,  0.103333   ,  0.0512007  ,  4.9505     ,  2.3184     ])
100     , -1311.82    , array([ 1.00604    ,  0.103333   ,  0.0512007  ,  4.9505     ,  2.3184     ])
110     , -4974.42    , array([ 1.006      ,  0.176212   ,  0.0512007  ,  4.9505     ,  2.3184     ])
115     , -1311.72    , array([ 1.006      ,  0.10306    ,  0.0512007  ,  4.9505     ,  2.3184     ])
130     , -1968.35    , array([ 1.006      ,  0.10306    ,  0.0380451  ,  4.9505     ,  2.3184     ])
135     , -1311.71    , array([ 1.006      ,  0.10306    ,  0.0511364  ,  4.9505     ,  2.3184     ])
140     , -1311.71    , array([ 1.006      ,  0.10306    ,  0.0511358  ,  4.9505     ,  2.3184     ])
145     , -1311.63    , array([ 1.006      ,  0.10306    ,  0.0511358  ,  4.99873    ,  2.3184     ])
150     , -1311.63    , array([ 1.006      ,  0.10306    ,  0.0511358  ,  4.99873    ,  2.3184     ])
155     , -1311.63    , array([ 1.006      ,  0.10306    ,  0.0511358  ,  4.99873    ,  2.32577    ])
160     , -1311.54    , array([ 0.996104   ,  0.102345   ,  0.0509658  ,  5.125      ,  2.34506    ])
165     , -1311.5     , array([ 0.999734   ,  0.102607   ,  0.0510282  ,  5.07869    ,  2.33799    ])
170     , -1311.5     , array([ 0.999671   ,  0.102602   ,  0.0510271  ,  5.0795     ,  2.33811    ])
175     , -1311.57    , array([ 1.0042     ,  0.102602   ,  0.0510271  ,  5.0795     ,  2.33811    ])
180     , -1311.47    , array([ 0.994585   ,  0.102602   ,  0.0510271  ,  5.0795     ,  2.33811    ])
185     , -1322.08    , array([ 0.994585   ,  0.102602   ,  0.0510271  ,  5.0795     ,  2.72007    ])
190     , -1311.47    , array([ 0.994585   ,  0.102602   ,  0.0510271  ,  5.0795     ,  2.33955    ])
205     , -1983.64    , array([ 0.994585   ,  0.102602   ,  0.0378715  ,  5.0795     ,  2.33959    ])
210     , -1311.44    , array([ 0.994585   ,  0.102602   ,  0.0511327  ,  5.0795     ,  2.33959    ])
215     , -1311.44    , array([ 0.994585   ,  0.102602   ,  0.0511327  ,  5.0795     ,  2.33959    ])
220     , -1311.42    , array([ 0.994585   ,  0.102602   ,  0.0511327  ,  5.05819    ,  2.33959    ])
225     , -1311.42    , array([ 0.994585   ,  0.102602   ,  0.0511327  ,  5.05819    ,  2.33959    ])
230     , -1311.42    , array([ 0.993157   ,  0.102499   ,  0.0511081  ,  5.0764     ,  2.34237    ])
