282     , -13589      , array([ 0.291487   ,  1.07159    ,  0.103858   ,  0.0481153  ,  4.92861    ,  2.44734    ])
288     , -1541.8     , array([ 0.87824    ,  1.07159    ,  0.103858   ,  0.0481153  ,  4.92861    ,  2.44734    ])
294     , -1311.13    , array([ 0.909439   ,  1.07159    ,  0.103858   ,  0.0481153  ,  4.92861    ,  2.44734    ])
300     , -1663.56    , array([ 0.909439   ,  0.453557   ,  0.103858   ,  0.0481153  ,  4.92861    ,  2.44734    ])
306     , -1311.13    , array([ 0.909439   ,  1.07107    ,  0.103858   ,  0.0481153  ,  4.92861    ,  2.44734    ])
312     , -1311.13    , array([ 0.909439   ,  1.07107    ,  0.103858   ,  0.0481153  ,  4.92861    ,  2.44734    ])
318     , -2672.62    , array([ 0.909439   ,  1.07107    ,  0.176773   ,  0.0481153  ,  4.92861    ,  2.44734    ])
324     , -1311.13    , array([ 0.909439   ,  1.07107    ,  0.103804   ,  0.0481153  ,  4.92861    ,  2.44734    ])
336     , -14492.5    , array([ 0.909439   ,  1.07107    ,  0.103804   ,  0.0136734  ,  4.92861    ,  2.44734    ])
342     , -1311.13    , array([ 0.909439   ,  1.07107    ,  0.103804   ,  0.0481045  ,  4.92861    ,  2.44734    ])
348     , -1400.77    , array([ 0.909439   ,  1.07107    ,  0.103804   ,  0.0481039  ,  3.31057    ,  2.44734    ])
354     , -1311.13    , array([ 0.909439   ,  1.07107    ,  0.103804   ,  0.0481039  ,  4.92467    ,  2.44734    ])
360     , -1340.6     , array([ 0.909439   ,  1.07107    ,  0.103804   ,  0.0481039  ,  4.92463    ,  1.82931    ])
366     , -1311.13    , array([ 0.909439   ,  1.07107    ,  0.103804   ,  0.0481039  ,  4.92463    ,  2.44897    ])
