52      , -393.072    , array([ 2.04459    ,  0.0413281  ,  0.203709   ,  0.149427   ])
56      , -394.335    , array([ 1.42655    ,  0.0413281  ,  0.203709   ,  0.149427   ])
60      , -393.072    , array([ 2.04417    ,  0.0413281  ,  0.203709   ,  0.149427   ])
64      , -393.072    , array([ 2.04314    ,  0.0413281  ,  0.203709   ,  0.149427   ])
76      , -1140.17    , array([ 2.04314    ,  0.0281725  ,  0.203709   ,  0.149427   ])
80      , -393.103    , array([ 2.04314    ,  0.0414294  ,  0.203709   ,  0.149427   ])
84      , -393.072    , array([ 2.04314    ,  0.0413264  ,  0.203709   ,  0.149427   ])
88      , -393.072    , array([ 2.04314    ,  0.0413264  ,  0.203709   ,  0.149427   ])
92      , -393.238    , array([ 2.04314    ,  0.0413264  ,  0.17086    ,  0.149427   ])
96      , -393.072    , array([ 2.04314    ,  0.0413264  ,  0.204044   ,  0.149427   ])
104     , -2275.49    , array([ 2.04314    ,  0.0413264  ,  0.204047   ,  0.340394   ])
108     , -1024.95    , array([ 2.04314    ,  0.0413264  ,  0.204047   ,  0.114985   ])
112     , -393.072    , array([ 2.04314    ,  0.0413264  ,  0.204047   ,  0.149431   ])
