164     , -929.989    , array([ 0.287894   ,  1.18469    ,  0.0584854  ,  0.0370052  ])
168     , -293.124    , array([ 0.0624808  ,  1.18469    ,  0.0584854  ,  0.0370052  ])
172     , -90.5672    , array([ 0.0966268  ,  1.18469    ,  0.0584854  ,  0.0370052  ])
176     , -125.934    , array([ 0.0966239  ,  2.18469    ,  0.0584854  ,  0.0370052  ])
180     , -99.6175    , array([ 0.0966239  ,  1.56666    ,  0.0584854  ,  0.0370052  ])
184     , -90.5668    , array([ 0.0966239  ,  1.18281    ,  0.0584854  ,  0.0370052  ])
188     , -90.5668    , array([ 0.0966239  ,  1.18266    ,  0.0584854  ,  0.0370052  ])
200     , -90.5605    , array([ 0.0966239  ,  1.18266    ,  0.0583401  ,  0.0370052  ])
204     , -90.5603    , array([ 0.0966239  ,  1.18266    ,  0.0583075  ,  0.0370052  ])
216     , -215.114    , array([ 0.0966239  ,  1.18266    ,  0.0583075  ,  0.0238496  ])
220     , -90.5588    , array([ 0.0966239  ,  1.18266    ,  0.0583075  ,  0.0370583  ])
224     , -90.5588    , array([ 0.0966239  ,  1.18266    ,  0.0583075  ,  0.0370583  ])
228     , -90.7133    , array([ 0.0807416  ,  1.07496    ,  0.0488527  ,  0.0398791  ])
232     , -90.3723    , array([ 0.0899013  ,  1.13708    ,  0.0543056  ,  0.0382523  ])
236     , -4363.55    , array([ 0.0899013  ,  1.13708    ,  0.0543056  ,  1.03825    ])
240     , -3952.12    , array([ 0.0899013  ,  1.13708    ,  0.0543056  ,  0.420218   ])
244     , -1065.26    , array([ 0.0899013  ,  1.13708    ,  0.0543056  ,  0.111189   ])
248     , -95.315     , array([ 0.0899013  ,  1.13708    ,  0.0543056  ,  0.0413105  ])
252     , -90.3609    , array([ 0.0899013  ,  1.13708    ,  0.0543056  ,  0.0381033  ])
260     , -92.0497    , array([ 0.0899013  ,  1.27194    ,  0.0543056  ,  0.0381018  ])
264     , -90.3605    , array([ 0.0899013  ,  1.13894    ,  0.0543056  ,  0.0381018  ])
268     , -13893.8    , array([ 0.0899013  ,  1.13894    ,  1.05431    ,  0.0381018  ])
272     , -12318.2    , array([ 0.0899013  ,  1.13894    ,  0.436272   ,  0.0381018  ])
276     , -1015.78    , array([ 0.0899013  ,  1.13894    ,  0.127217   ,  0.0381018  ])
280     , -90.2394    , array([ 0.0899013  ,  1.13894    ,  0.0535904  ,  0.0381018  ])
284     , -90.1496    , array([ 0.0831788  ,  1.09336    ,  0.0495956  ,  0.0392957  ])
288     , -90.1425    , array([ 0.0857466  ,  1.11077    ,  0.0511242  ,  0.0388397  ])
292     , -90.2821    , array([ 0.0730146  ,  1.0263     ,  0.0428368  ,  0.0409504  ])
296     , -90.1392    , array([ 0.0848192  ,  1.10448    ,  0.0505721  ,  0.0390044  ])
304     , -279.301    , array([ 0.0848192  ,  1.10448    ,  0.0505721  ,  0.0633487  ])
308     , -90.128     , array([ 0.0848192  ,  1.10448    ,  0.0505721  ,  0.0391481  ])
312     , -90.128     , array([ 0.0848192  ,  1.10448    ,  0.0505721  ,  0.039156   ])
316     , -247.97     , array([ 0.0848192  ,  0.486448   ,  0.0505721  ,  0.039156   ])
320     , -90.1192    , array([ 0.0848192  ,  1.1174     ,  0.0505721  ,  0.039156   ])
324     , -90.1174    , array([ 0.0848192  ,  1.11362    ,  0.0505721  ,  0.039156   ])
336     , -89.999     , array([ 0.0848192  ,  1.11362    ,  0.050007   ,  0.039156   ])
340     , -89.9967    , array([ 0.0848192  ,  1.11362    ,  0.049917   ,  0.039156   ])
344     , -90.0754    , array([ 0.0739419  ,  1.03986    ,  0.0434417  ,  0.0410878  ])
348     , -89.9277    , array([ 0.0803052  ,  1.08301    ,  0.0472298  ,  0.0399577  ])
352     , -89.7778    , array([ 0.0686488  ,  1.02789    ,  0.0385756  ,  0.0424248  ])
356     , -89.7095    , array([ 0.0720806  ,  1.04415    ,  0.0411216  ,  0.0416989  ])
360     , -3900.68    , array([ 0.0720806  ,  1.04415    ,  0.0411216  ,  1.0417     ])
364     , -3518.2     , array([ 0.0720806  ,  1.04415    ,  0.0411216  ,  0.423665   ])
368     , -939.971    , array([ 0.0720806  ,  1.04415    ,  0.0411216  ,  0.114637   ])
372     , -93.5976    , array([ 0.0720806  ,  1.04415    ,  0.0411216  ,  0.0448936  ])
376     , -89.7025    , array([ 0.0720806  ,  1.04415    ,  0.0411216  ,  0.0418247  ])
384     , -91.5332    , array([ 0.0720806  ,  1.19388    ,  0.0411216  ,  0.041826   ])
388     , -89.5842    , array([ 0.0720806  ,  1.07112    ,  0.0411216  ,  0.041826   ])
392     , -89.5767    , array([ 0.0653581  ,  1.0259     ,  0.0371196  ,  0.04302    ])
396     , -89.55      , array([ 0.0679259  ,  1.04331    ,  0.0386482  ,  0.0425639  ])
400     , -89.5492    , array([ 0.0684124  ,  1.04661    ,  0.0389379  ,  0.0424775  ])
404     , -89.5492    , array([ 0.0684487  ,  1.04685    ,  0.0389595  ,  0.0424711  ])
408     , -89.513     , array([ 0.0660893  ,  1.03568    ,  0.0372091  ,  0.0429701  ])
412     , -90.9144    , array([ 0.0516662  ,  0.987276   ,  0.0270412  ,  0.0460249  ])
416     , -89.513     , array([ 0.066008   ,  1.03529    ,  0.0371488  ,  0.0429873  ])
424     , -248.429    , array([ 0.066008   ,  1.03529    ,  0.0371488  ,  0.0661538  ])
428     , -89.4818    , array([ 0.066008   ,  1.03529    ,  0.0371488  ,  0.0426971  ])
432     , -89.4816    , array([ 0.066008   ,  1.03529    ,  0.0371488  ,  0.0427154  ])
436     , -322.768    , array([ 0.066008   ,  0.417261   ,  0.0371488  ,  0.0427154  ])
440     , -89.3784    , array([ 0.066008   ,  1.06433    ,  0.0371488  ,  0.0427154  ])
444     , -89.3759    , array([ 0.066008   ,  1.06071    ,  0.0371488  ,  0.0427154  ])
448     , -89.3759    , array([ 0.066008   ,  1.06046    ,  0.0371488  ,  0.0427154  ])
452     , -89.3517    , array([ 0.0629261  ,  1.03956    ,  0.0353141  ,  0.0432627  ])
456     , -90.065     , array([ 0.0546569  ,  1.00039    ,  0.0291793  ,  0.0450119  ])
460     , -89.3719    , array([ 0.0597676  ,  1.0246     ,  0.0329708  ,  0.0439308  ])
464     , -89.3353    , array([ 0.0615878  ,  1.03322    ,  0.0343213  ,  0.0435458  ])
468     , -89.1832    , array([ 0.0571677  ,  1.03114    ,  0.0314937  ,  0.0441043  ])
472     , -89.0696    , array([ 0.0527475  ,  1.02907    ,  0.0286662  ,  0.0446627  ])
476     , -89.0357    , array([ 0.0493576  ,  1.02748    ,  0.0264978  ,  0.045091   ])
480     , -89.0357    , array([ 0.0494787  ,  1.02753    ,  0.0265753  ,  0.0450757  ])
488     , -235.93     , array([ 0.0494787  ,  1.02753    ,  0.0265753  ,  0.0680303  ])
492     , -89.0349    , array([ 0.0494787  ,  1.02753    ,  0.0265753  ,  0.0450202  ])
496     , -89.0348    , array([ 0.0494787  ,  1.02753    ,  0.0265753  ,  0.0450306  ])
500     , -89.1678    , array([ 0.0545894  ,  1.05174    ,  0.0303668  ,  0.0439495  ])
504     , -88.9617    , array([ 0.0512232  ,  1.03579    ,  0.0278694  ,  0.0446616  ])
508     , -89.1488    , array([ 0.0444701  ,  0.990063   ,  0.0238448  ,  0.045862   ])
512     , -88.9837    , array([ 0.0486248  ,  1.01824    ,  0.0263182  ,  0.0451241  ])
516     , -88.9616    , array([ 0.0510864  ,  1.03493    ,  0.0277835  ,  0.0446869  ])
520     , -89.652     , array([ 0.0706783  ,  1.04412    ,  0.0403162  ,  0.0422116  ])
524     , -88.9265    , array([ 0.0450427  ,  1.03208    ,  0.0239175  ,  0.0454505  ])
528     , -88.9069    , array([ 0.0469586  ,  1.03298    ,  0.0251431  ,  0.0452085  ])
536     , -2254.06    , array([ 0.0469995  ,  1.033      ,  0.0251692  ,  0.23616    ])
540     , -1227.34    , array([ 0.0469995  ,  1.033      ,  0.0251692  ,  0.0107615  ])
544     , -88.9527    , array([ 0.0469995  ,  1.033      ,  0.0251692  ,  0.0455496  ])
548     , -88.9068    , array([ 0.0469995  ,  1.033      ,  0.0251692  ,  0.0452126  ])
552     , -88.9068    , array([ 0.0469995  ,  1.033      ,  0.0251692  ,  0.0452127  ])
556     , -88.876     , array([ 0.0481027  ,  1.03823    ,  0.0259877  ,  0.0449793  ])
560     , -88.8758    , array([ 0.0480149  ,  1.03781    ,  0.0259226  ,  0.0449979  ])
564     , -88.8758    , array([ 0.0480049  ,  1.03777    ,  0.0259152  ,  0.045      ])
568     , -88.8752    , array([ 0.0476252  ,  1.03519    ,  0.0256891  ,  0.0450675  ])
572     , -88.8752    , array([ 0.0475983  ,  1.03501    ,  0.0256731  ,  0.0450722  ])
576     , -89.0926    , array([ 0.0550822  ,  1.03852    ,  0.0304604  ,  0.0441267  ])
580     , -88.8523    , array([ 0.045196   ,  1.03388    ,  0.0241364  ,  0.0453758  ])
584     , -88.8072    , array([ 0.043518   ,  1.03482    ,  0.0231838  ,  0.0455324  ])
588     , -88.6903    , array([ 0.0346956  ,  1.03941    ,  0.0181525  ,  0.0463663  ])
592     , -88.7048    , array([ 0.0369896  ,  1.03822    ,  0.0194607  ,  0.0461494  ])
596     , -88.6878    , array([ 0.0332375  ,  1.04017    ,  0.017321   ,  0.0465041  ])
600     , -88.6878    , array([ 0.0333565  ,  1.04011    ,  0.0173888  ,  0.0464929  ])
608     , -231.624    , array([ 0.0333565  ,  1.04011    ,  0.0173888  ,  0.0694499  ])
612     , -88.6695    , array([ 0.0333565  ,  1.04011    ,  0.0173888  ,  0.046704   ])
616     , -99.2905    , array([ 0.0212474  ,  1.03442    ,  0.00964284 ,  0.0482365  ])
620     , -89.3545    , array([ 0.0287313  ,  1.03794    ,  0.0144301  ,  0.047291   ])
624     , -88.668     , array([ 0.0336418  ,  1.04024    ,  0.0175713  ,  0.0466706  ])
628     , -88.668     , array([ 0.0336486  ,  1.04024    ,  0.0175756  ,  0.0466697  ])
632     , -88.8516    , array([ 0.0378033  ,  1.06842    ,  0.020049   ,  0.0459318  ])
636     , -88.6651    , array([ 0.0331369  ,  1.03677    ,  0.017271   ,  0.0467606  ])
640     , -89.4704    , array([ 0.021242   ,  1.04302    ,  0.0104877  ,  0.0478843  ])
644     , -88.691     , array([ 0.0285979  ,  1.03919    ,  0.0146827  ,  0.047189   ])
648     , -88.662     , array([ 0.0318738  ,  1.03749    ,  0.0165509  ,  0.0468794  ])
652     , -90.5575    , array([ 0.0184021  ,  1.04111    ,  0.00887579 ,  0.0483991  ])
656     , -88.662     , array([ 0.0318304  ,  1.03751    ,  0.0165261  ,  0.0468835  ])
664     , -230.14     , array([ 0.0318304  ,  1.03751    ,  0.0165261  ,  0.0696219  ])
668     , -88.6609    , array([ 0.0318304  ,  1.03751    ,  0.0165261  ,  0.0469305  ])
672     , -88.6608    , array([ 0.0318304  ,  1.03751    ,  0.0165261  ,  0.0469374  ])
676     , -89.1734    , array([ 0.0393142  ,  1.04102    ,  0.0213134  ,  0.0459918  ])
680     , -88.656     , array([ 0.0323833  ,  1.03777    ,  0.0168798  ,  0.0468675  ])
684     , -88.6559    , array([ 0.03232    ,  1.03774    ,  0.0168393  ,  0.0468755  ])
688     , -89.46      , array([ 0.0431925  ,  1.1115     ,  0.0233115  ,  0.0449442  ])
692     , -88.6551    , array([ 0.0322341  ,  1.03719    ,  0.016788   ,  0.0468905  ])
696     , -88.6534    , array([ 0.0318786  ,  1.03478    ,  0.0165763  ,  0.0469536  ])
700     , -89.1353    , array([ 0.0511367  ,  1.02475    ,  0.027559   ,  0.0451333  ])
704     , -88.6547    , array([ 0.0321752  ,  1.03462    ,  0.0167455  ,  0.0469256  ])
708     , -88.6516    , array([ 0.0309348  ,  1.03527    ,  0.0160381  ,  0.0470429  ])
712     , -88.6516    , array([ 0.030945   ,  1.03526    ,  0.0160439  ,  0.0470419  ])
716     , -88.7637    , array([ 0.0185896  ,  1.00391    ,  0.00931484 ,  0.0492527  ])
720     , -88.6191    , array([ 0.0253507  ,  1.02107    ,  0.0129971  ,  0.0480429  ])
724     , -3722.38    , array([ 0.0252876  ,  1.02091    ,  0.0129628  ,  1.04805    ])
728     , -3308.54    , array([ 0.0252876  ,  1.02091    ,  0.0129628  ,  0.43002    ])
732     , -867.886    , array([ 0.0252876  ,  1.02091    ,  0.0129628  ,  0.120993   ])
736     , -91.2973    , array([ 0.0252876  ,  1.02091    ,  0.0129628  ,  0.0506588  ])
740     , -88.6154    , array([ 0.0252876  ,  1.02091    ,  0.0129628  ,  0.0479573  ])
744     , -88.9863    , array([ 0.0445458  ,  1.01088    ,  0.0239455  ,  0.046136   ])
748     , -88.6236    , array([ 0.0279976  ,  1.01949    ,  0.0145082  ,  0.0477001  ])
752     , -88.6114    , array([ 0.0261688  ,  1.02045    ,  0.0134653  ,  0.047873   ])
756     , -89.7756    , array([ 0.0370461  ,  1.09421    ,  0.0199406  ,  0.0459411  ])
760     , -88.6157    , array([ 0.0268855  ,  1.02531    ,  0.0138919  ,  0.0477457  ])
764     , -88.6103    , array([ 0.0263894  ,  1.02194    ,  0.0135966  ,  0.0478338  ])
768     , -88.6103    , array([ 0.0263916  ,  1.02196    ,  0.0135979  ,  0.0478334  ])
772     , -88.6047    , array([ 0.0241316  ,  1.01622    ,  0.0123671  ,  0.0482378  ])
776     , -88.7073    , array([ 0.0172153  ,  0.996922   ,  0.00863414 ,  0.0494522  ])
780     , -88.6047    , array([ 0.0240802  ,  1.01609    ,  0.012339   ,  0.048247   ])
788     , -223.49     , array([ 0.0240802  ,  1.01609    ,  0.012339   ,  0.0706359  ])
792     , -88.6011    , array([ 0.0240802  ,  1.01609    ,  0.012339   ,  0.0481391  ])
796     , -88.601     , array([ 0.0240802  ,  1.01609    ,  0.012339   ,  0.0481494  ])
800     , -88.7261    , array([ 0.0314361  ,  1.01226    ,  0.0165341  ,  0.0474541  ])
804     , -88.6004    , array([ 0.0246336  ,  1.0158     ,  0.0126547  ,  0.0480971  ])
808     , -88.6002    , array([ 0.0244429  ,  1.0159     ,  0.0125459  ,  0.0481151  ])
812     , -88.6002    , array([ 0.0244465  ,  1.0159     ,  0.012548   ,  0.0481148  ])
816     , -88.599     , array([ 0.0247003  ,  1.01762    ,  0.012699   ,  0.0480697  ])
820     , -88.5989    , array([ 0.0246586  ,  1.01734    ,  0.0126742  ,  0.0480771  ])
824     , -88.6192    , array([ 0.028155   ,  1.02621    ,  0.0145785  ,  0.0474515  ])
828     , -88.5956    , array([ 0.023015   ,  1.01317    ,  0.0117791  ,  0.0483712  ])
832     , -88.5956    , array([ 0.023015   ,  1.01317    ,  0.0117791  ,  0.0483712  ])
836     , -88.5851    , array([ 0.0196771  ,  1.00401    ,  0.0100243  ,  0.0487603  ])
840     , -88.585     , array([ 0.0199867  ,  1.00486    ,  0.010187   ,  0.0487242  ])
844     , -88.6536    , array([ 0.0291704  ,  1.02817    ,  0.0151882  ,  0.0470828  ])
848     , -88.5859    , array([ 0.0208195  ,  1.00698    ,  0.0106401  ,  0.0485771  ])
852     , -88.5849    , array([ 0.020164   ,  1.00531    ,  0.010283   ,  0.0486944  ])
856     , -109.904    , array([ 0.0082637  ,  1.01151    ,  0.00349639 ,  0.0498191  ])
860     , -89.1496    , array([ 0.0156197  ,  1.00768    ,  0.00769141 ,  0.0491238  ])
864     , -88.5849    , array([ 0.0202135  ,  1.00529    ,  0.0103112  ,  0.0486895  ])
868     , -88.5849    , array([ 0.0201746  ,  1.00531    ,  0.010289   ,  0.0486932  ])
872     , -88.5849    , array([ 0.0201745  ,  1.00531    ,  0.010289   ,  0.0486932  ])
876     , -88.5839    , array([ 0.0202502  ,  1.00583    ,  0.0103341  ,  0.0486798  ])
880     , -88.5834    , array([ 0.0203575  ,  1.00655    ,  0.0103979  ,  0.0486607  ])
884     , -88.5834    , array([ 0.0203557  ,  1.00654    ,  0.0103968  ,  0.0486611  ])
888     , -88.5832    , array([ 0.0199953  ,  1.00555    ,  0.0102074  ,  0.0487031  ])
