5       , -1311.14    , array([ 1.00207    ,  0.101798   ,  4.985      ,  2.44984    ,  0.0510014  ])
10      , -1311.23    , array([ 1.01044    ,  0.101798   ,  4.985      ,  2.44984    ,  0.0510014  ])
15      , -1311.14    , array([ 1.00175    ,  0.101798   ,  4.985      ,  2.44984    ,  0.0510014  ])
20      , -24285.2    , array([ 1.00175    ,  0.483764   ,  4.985      ,  2.44984    ,  0.0510014  ])
25      , -3802.11    , array([ 1.00175    ,  0.0673558  ,  4.985      ,  2.44984    ,  0.0510014  ])
30      , -1311.13    , array([ 1.00175    ,  0.101716   ,  4.985      ,  2.44984    ,  0.0510014  ])
35      , -1407.73    , array([ 1.00175    ,  0.101716   ,  3.36697    ,  2.44984    ,  0.0510014  ])
40      , -1311.12    , array([ 1.00175    ,  0.101716   ,  5.00644    ,  2.44984    ,  0.0510014  ])
45      , -1543.21    , array([ 1.00175    ,  0.101716   ,  5.00622    ,  0.831804   ,  0.0510014  ])
50      , -1311.12    , array([ 1.00175    ,  0.101716   ,  5.00622    ,  2.44997    ,  0.0510014  ])
55      , -13741.9    , array([ 1.00175    ,  0.101716   ,  5.00622    ,  2.45016    ,  1.051      ])
60      , -9023.01    , array([ 1.00175    ,  0.101716   ,  5.00622    ,  2.45016    ,  0.241902   ])
65      , -2414.08    , array([ 1.00175    ,  0.101716   ,  5.00622    ,  2.45016    ,  0.0788534  ])
70      , -1311.12    , array([ 1.00175    ,  0.101716   ,  5.00622    ,  2.45016    ,  0.0509744  ])
