75      , -1312.8     , array([ 0.991592   ,  0.0947323  ,  4.97736    ,  2.68212    ,  0.0469552  ])
80      , -1395.25    , array([ 1.37356    ,  0.0947323  ,  4.97736    ,  2.68212    ,  0.0469552  ])
85      , -1312.73    , array([ 1.00018    ,  0.0947323  ,  4.97736    ,  2.68212    ,  0.0469552  ])
90      , -1312.73    , array([ 1.0001     ,  0.0947323  ,  4.97736    ,  2.68212    ,  0.0469552  ])
95      , -112825     , array([ 1.0001     ,  0.00456238 ,  4.97736    ,  2.68212    ,  0.0469552  ])
100     , -1312.85    , array([ 1.0001     ,  0.0944785  ,  4.97736    ,  2.68212    ,  0.0469552  ])
105     , -1312.73    , array([ 1.0001     ,  0.0947637  ,  4.97736    ,  2.68212    ,  0.0469552  ])
110     , -1317.61    , array([ 1.0001     ,  0.0947637  ,  5.35933    ,  2.68212    ,  0.0469552  ])
115     , -1312.69    , array([ 1.0001     ,  0.0947637  ,  4.94372    ,  2.68212    ,  0.0469552  ])
120     , -1322.25    , array([ 1.0001     ,  0.0947637  ,  4.94372    ,  3.06408    ,  0.0469552  ])
125     , -1312.68    , array([ 1.0001     ,  0.0947637  ,  4.94372    ,  2.67003    ,  0.0469552  ])
135     , -5406.11    , array([ 1.0001     ,  0.0947637  ,  4.94372    ,  2.67015    ,  0.119872   ])
140     , -1315.11    , array([ 1.0001     ,  0.0947637  ,  4.94372    ,  2.67015    ,  0.0479195  ])
145     , -1312.67    , array([ 1.0001     ,  0.0947637  ,  4.94372    ,  2.67015    ,  0.0470246  ])
150     , -1312.67    , array([ 1.0001     ,  0.0947637  ,  4.94372    ,  2.67015    ,  0.0470253  ])
155     , -1312.73    , array([ 1.01153    ,  0.0947637  ,  4.94372    ,  2.67015    ,  0.0470253  ])
160     , -1312.66    , array([ 1.00304    ,  0.0947637  ,  4.94372    ,  2.67015    ,  0.0470253  ])
165     , -25581      , array([ 1.00304    ,  0.47673    ,  4.94372    ,  2.67015    ,  0.0470253  ])
170     , -4343.51    , array([ 1.00304    ,  0.0603218  ,  4.94372    ,  2.67015    ,  0.0470253  ])
175     , -1312.58    , array([ 1.00304    ,  0.0949939  ,  4.94372    ,  2.67015    ,  0.0470253  ])
180     , -1393.91    , array([ 1.00304    ,  0.0949939  ,  3.32569    ,  2.67015    ,  0.0470253  ])
185     , -1312.57    , array([ 1.00304    ,  0.0949939  ,  4.93019    ,  2.67015    ,  0.0470253  ])
190     , -1504.4     , array([ 1.00304    ,  0.0949939  ,  4.93037    ,  1.05212    ,  0.0470253  ])
195     , -1312.56    , array([ 1.00304    ,  0.0949939  ,  4.93037    ,  2.65433    ,  0.0470253  ])
200     , -13852.7    , array([ 1.00304    ,  0.0949939  ,  4.93037    ,  2.65479    ,  1.04703    ])
205     , -9430.51    , array([ 1.00304    ,  0.0949939  ,  4.93037    ,  2.65479    ,  0.237923   ])
210     , -2573.66    , array([ 1.00304    ,  0.0949939  ,  4.93037    ,  2.65479    ,  0.074877   ])
215     , -1312.54    , array([ 1.00304    ,  0.0949939  ,  4.93037    ,  2.65479    ,  0.0471052  ])
