1748    , -393.099    , array([ 1.63265    ,  0.0686703  ,  4.14714    ,  0.237997   ])
1752    , -393.099    , array([ 1.63102    ,  0.0686703  ,  4.14714    ,  0.237997   ])
1756    , -2829.14    , array([ 1.57253    ,  0.0428966  ,  4.1606     ,  0.0974982  ])
1760    , -393.104    , array([ 1.63093    ,  0.0686227  ,  4.14716    ,  0.237685   ])
1764    , -393.099    , array([ 1.63093    ,  0.0686227  ,  4.14716    ,  0.237923   ])
1768    , -393.105    , array([ 1.63101    ,  0.0687306  ,  4.14715    ,  0.237942   ])
1772    , -393.099    , array([ 1.63102    ,  0.0686685  ,  4.14714    ,  0.237986   ])
1776    , -393.107    , array([ 1.63102    ,  0.0686685  ,  4.14714    ,  0.238224   ])
1780    , -393.103    , array([ 1.63102    ,  0.0687386  ,  4.14714    ,  0.237995   ])
1784    , -393.099    , array([ 1.63102    ,  0.068669   ,  4.14714    ,  0.237989   ])
1788    , -393.107    , array([ 1.63102    ,  0.068669   ,  4.14714    ,  0.238227   ])
1792    , -393.104    , array([ 1.63102    ,  0.0687384  ,  4.14714    ,  0.237993   ])
1796    , -393.099    , array([ 1.63102    ,  0.0686692  ,  4.14714    ,  0.23799    ])
1800    , -393.107    , array([ 1.63102    ,  0.0686692  ,  4.14714    ,  0.238229   ])
1804    , -393.104    , array([ 1.63102    ,  0.0687383  ,  4.14714    ,  0.237993   ])
1808    , -393.099    , array([ 1.63102    ,  0.0686694  ,  4.14714    ,  0.237991   ])
1812    , -393.107    , array([ 1.63102    ,  0.0686694  ,  4.14714    ,  0.238229   ])
1816    , -393.104    , array([ 1.63102    ,  0.0687383  ,  4.14714    ,  0.237992   ])
1820    , -393.099    , array([ 1.63102    ,  0.0686694  ,  4.14714    ,  0.237992   ])
1824    , -393.107    , array([ 1.63102    ,  0.0686694  ,  4.14714    ,  0.23823    ])
1828    , -393.104    , array([ 1.63102    ,  0.0687382  ,  4.14714    ,  0.237992   ])
1832    , -393.099    , array([ 1.63102    ,  0.0686695  ,  4.14714    ,  0.237992   ])
1836    , -393.108    , array([ 1.63102    ,  0.0686695  ,  4.14714    ,  0.23823    ])
1840    , -393.104    , array([ 1.63102    ,  0.0687382  ,  4.14714    ,  0.237992   ])
1844    , -393.099    , array([ 1.63102    ,  0.0686695  ,  4.14714    ,  0.237992   ])
1848    , -393.108    , array([ 1.63102    ,  0.0686695  ,  4.14714    ,  0.23823    ])
1852    , -393.104    , array([ 1.63102    ,  0.0687382  ,  4.14714    ,  0.237992   ])
1856    , -393.099    , array([ 1.63102    ,  0.0686695  ,  4.14714    ,  0.237992   ])
1860    , -393.108    , array([ 1.63102    ,  0.0686695  ,  4.14714    ,  0.23823    ])
1864    , -393.104    , array([ 1.63102    ,  0.0687382  ,  4.14714    ,  0.237992   ])
1868    , -393.099    , array([ 1.63102    ,  0.0686695  ,  4.14714    ,  0.237992   ])
1872    , -393.108    , array([ 1.63102    ,  0.0686695  ,  4.14714    ,  0.23823    ])
1876    , -393.104    , array([ 1.63102    ,  0.0687382  ,  4.14714    ,  0.237992   ])
1880    , -393.099    , array([ 1.63102    ,  0.0686695  ,  4.14714    ,  0.237992   ])
1884    , -393.108    , array([ 1.63102    ,  0.0686695  ,  4.14714    ,  0.23823    ])
1888    , -393.104    , array([ 1.63102    ,  0.0687382  ,  4.14714    ,  0.237992   ])
1892    , -393.099    , array([ 1.63102    ,  0.0686695  ,  4.14714    ,  0.237992   ])
1896    , -393.108    , array([ 1.63102    ,  0.0686695  ,  4.14714    ,  0.23823    ])
1900    , -393.104    , array([ 1.63102    ,  0.0687382  ,  4.14714    ,  0.237992   ])
1904    , -393.099    , array([ 1.63102    ,  0.0686695  ,  4.14714    ,  0.237992   ])
1908    , -393.108    , array([ 1.63102    ,  0.0686695  ,  4.14714    ,  0.23823    ])
1912    , -393.104    , array([ 1.63102    ,  0.0687382  ,  4.14714    ,  0.237992   ])
1916    , -393.099    , array([ 1.63102    ,  0.0686695  ,  4.14714    ,  0.237992   ])
1920    , -393.108    , array([ 1.63102    ,  0.0686695  ,  4.14714    ,  0.23823    ])
1924    , -393.104    , array([ 1.63102    ,  0.0687382  ,  4.14714    ,  0.237992   ])
1928    , -393.099    , array([ 1.63102    ,  0.0686695  ,  4.14714    ,  0.237992   ])
1932    , -393.108    , array([ 1.63102    ,  0.0686695  ,  4.14714    ,  0.23823    ])
1936    , -393.104    , array([ 1.63102    ,  0.0687382  ,  4.14714    ,  0.237992   ])
1940    , -393.099    , array([ 1.63102    ,  0.0686695  ,  4.14714    ,  0.237992   ])
1944    , -393.108    , array([ 1.63102    ,  0.0686695  ,  4.14714    ,  0.23823    ])
1948    , -393.104    , array([ 1.63102    ,  0.0687382  ,  4.14714    ,  0.237992   ])
1952    , -393.099    , array([ 1.63102    ,  0.0686695  ,  4.14714    ,  0.237992   ])
1956    , -393.108    , array([ 1.63102    ,  0.0686695  ,  4.14714    ,  0.23823    ])
1960    , -393.104    , array([ 1.63102    ,  0.0687382  ,  4.14714    ,  0.237992   ])
1964    , -393.099    , array([ 1.63102    ,  0.0686695  ,  4.14714    ,  0.237992   ])
1968    , -393.108    , array([ 1.63102    ,  0.0686695  ,  4.14714    ,  0.23823    ])
1972    , -393.104    , array([ 1.63102    ,  0.0687382  ,  4.14714    ,  0.237992   ])
1976    , -393.099    , array([ 1.63102    ,  0.0686695  ,  4.14714    ,  0.237992   ])
1980    , -393.108    , array([ 1.63102    ,  0.0686695  ,  4.14714    ,  0.23823    ])
1984    , -393.104    , array([ 1.63102    ,  0.0687382  ,  4.14714    ,  0.237992   ])
1988    , -393.099    , array([ 1.63102    ,  0.0686695  ,  4.14714    ,  0.237992   ])
1992    , -393.108    , array([ 1.63102    ,  0.0686695  ,  4.14714    ,  0.23823    ])
1996    , -393.104    , array([ 1.63102    ,  0.0687382  ,  4.14714    ,  0.237992   ])
2000    , -393.099    , array([ 1.63102    ,  0.0686695  ,  4.14714    ,  0.237992   ])
2004    , -393.108    , array([ 1.63102    ,  0.0686695  ,  4.14714    ,  0.23823    ])
2008    , -393.104    , array([ 1.63102    ,  0.0687382  ,  4.14714    ,  0.237992   ])
2012    , -393.099    , array([ 1.63102    ,  0.0686695  ,  4.14714    ,  0.237992   ])
2016    , -393.108    , array([ 1.63102    ,  0.0686695  ,  4.14714    ,  0.23823    ])
2020    , -393.104    , array([ 1.63102    ,  0.0687382  ,  4.14714    ,  0.237992   ])
2024    , -393.099    , array([ 1.63102    ,  0.0686695  ,  4.14714    ,  0.237992   ])
2028    , -393.108    , array([ 1.63102    ,  0.0686695  ,  4.14714    ,  0.23823    ])
2032    , -393.104    , array([ 1.63102    ,  0.0687382  ,  4.14714    ,  0.237992   ])
2036    , -393.099    , array([ 1.63102    ,  0.0686695  ,  4.14714    ,  0.237992   ])
2040    , -393.108    , array([ 1.63102    ,  0.0686695  ,  4.14714    ,  0.23823    ])
2044    , -393.104    , array([ 1.63102    ,  0.0687382  ,  4.14714    ,  0.237992   ])
2048    , -393.099    , array([ 1.63102    ,  0.0686695  ,  4.14714    ,  0.237992   ])
2052    , -393.108    , array([ 1.63102    ,  0.0686695  ,  4.14714    ,  0.23823    ])
2056    , -393.104    , array([ 1.63102    ,  0.0687382  ,  4.14714    ,  0.237992   ])
2060    , -393.099    , array([ 1.63102    ,  0.0686695  ,  4.14714    ,  0.237992   ])
2064    , -393.108    , array([ 1.63102    ,  0.0686695  ,  4.14714    ,  0.23823    ])
2068    , -393.104    , array([ 1.63102    ,  0.0687382  ,  4.14714    ,  0.237992   ])
2072    , -393.099    , array([ 1.63102    ,  0.0686695  ,  4.14714    ,  0.237992   ])
2076    , -393.108    , array([ 1.63102    ,  0.0686695  ,  4.14714    ,  0.23823    ])
2080    , -393.104    , array([ 1.63102    ,  0.0687382  ,  4.14714    ,  0.237992   ])
2084    , -393.099    , array([ 1.63102    ,  0.0686695  ,  4.14714    ,  0.237992   ])
2088    , -393.108    , array([ 1.63102    ,  0.0686695  ,  4.14714    ,  0.23823    ])
2092    , -438.584    , array([ 1.62359    ,  0.0647398  ,  4.14882    ,  0.212875   ])
2096    , -393.271    , array([ 1.63056    ,  0.0684178  ,  4.14725    ,  0.236344   ])
2100    , -393.099    , array([ 1.63102    ,  0.0686678  ,  4.14714    ,  0.237981   ])
