735     , -1317.1     , array([ 0.932606   ,  0.102932   ,  5.02859    ,  2.44076    ,  0.0518316  ])
740     , -1311.5     , array([ 0.998014   ,  0.102932   ,  5.02859    ,  2.44076    ,  0.0518316  ])
750     , -4963.7     , array([ 0.998003   ,  0.175811   ,  5.02859    ,  2.44076    ,  0.0518316  ])
755     , -1311.48    , array([ 0.998003   ,  0.102794   ,  5.02859    ,  2.44076    ,  0.0518316  ])
760     , -1408.31    , array([ 0.998003   ,  0.102792   ,  3.41055    ,  2.44076    ,  0.0518316  ])
765     , -1311.48    , array([ 0.998003   ,  0.102792   ,  5.03411    ,  2.44076    ,  0.0518316  ])
770     , -1551.15    , array([ 0.998003   ,  0.102792   ,  5.03411    ,  0.822725   ,  0.0518316  ])
775     , -1311.48    , array([ 0.998003   ,  0.102792   ,  5.03411    ,  2.44432    ,  0.0518316  ])
780     , -13553.2    , array([ 0.998003   ,  0.102792   ,  5.03411    ,  2.44446    ,  1.05183    ])
785     , -8850.74    , array([ 0.998003   ,  0.102792   ,  5.03411    ,  2.44446    ,  0.242733   ])
790     , -2380.15    , array([ 0.998003   ,  0.102792   ,  5.03411    ,  2.44446    ,  0.0796837  ])
795     , -1311.46    , array([ 0.998003   ,  0.102792   ,  5.03411    ,  2.44446    ,  0.0517443  ])
