1048    , -392.994    , array([ 8.60996    ,  0.068728   ,  3.40618    ,  0.29409    ])
1052    , -4325.84    , array([ 8.64752    ,  0.0464125  ,  3.41766    ,  0.11597    ])
1056    , -4319.34    , array([ 8.64752    ,  0.0464125  ,  3.41766    ,  0.116086   ])
1060    , -393.025    , array([ 8.61       ,  0.0687635  ,  3.4028     ,  0.293753   ])
1064    , -392.994    , array([ 8.60996    ,  0.0687217  ,  3.40278    ,  0.294027   ])
1068    , -393.006    , array([ 8.60996    ,  0.0687217  ,  3.40278    ,  0.294321   ])
1072    , -393.002    , array([ 8.60996    ,  0.0687954  ,  3.40278    ,  0.294076   ])
1076    , -392.994    , array([ 8.60996    ,  0.0687234  ,  3.40278    ,  0.294043   ])
1080    , -393.007    , array([ 8.60996    ,  0.0687234  ,  3.40278    ,  0.294338   ])
1084    , -393.003    , array([ 8.60996    ,  0.0687917  ,  3.40278    ,  0.294042   ])
1088    , -392.994    , array([ 8.60996    ,  0.0687213  ,  3.40278    ,  0.294037   ])
1092    , -393.007    , array([ 8.60996    ,  0.0687213  ,  3.40278    ,  0.294331   ])
1096    , -393.003    , array([ 8.60994    ,  0.0687835  ,  3.40275    ,  0.294015   ])
1100    , -392.994    , array([ 8.60986    ,  0.0686885  ,  3.40266    ,  0.293928   ])
1104    , -393.007    , array([ 8.60986    ,  0.0686885  ,  3.40266    ,  0.294222   ])
1108    , -393.003    , array([ 8.60954    ,  0.0686522  ,  3.40228    ,  0.293581   ])
1112    , -392.993    , array([ 8.60826    ,  0.0681656  ,  3.40077    ,  0.292195   ])
1116    , -393.006    , array([ 8.60826    ,  0.0681656  ,  3.40077    ,  0.292487   ])
1120    , -393        , array([ 8.60316    ,  0.0665854  ,  3.39475    ,  0.286718   ])
1124    , -392.984    , array([ 8.58279    ,  0.0603201  ,  3.37075    ,  0.265819   ])
1128    , -393.01     , array([ 8.58279    ,  0.0603201  ,  3.37075    ,  0.266085   ])
1132    , -393.572    , array([ 8.50179    ,  0.0408286  ,  3.27644    ,  0.196384   ])
1136    , -392.992    , array([ 8.56699    ,  0.0559038  ,  3.35221    ,  0.250632   ])
1140    , -393.039    , array([ 8.56699    ,  0.0559038  ,  3.35221    ,  0.250883   ])
1144    , -392.982    , array([ 8.57951    ,  0.059434   ,  3.36689    ,  0.262589   ])
1148    , -392.984    , array([ 8.5821     ,  0.0601196  ,  3.36994    ,  0.265135   ])
1152    , -393.011    , array([ 8.5821     ,  0.0601196  ,  3.36994    ,  0.2654     ])
1156    , -392.984    , array([ 8.58155    ,  0.0600218  ,  3.36929    ,  0.264596   ])
1160    , -392.984    , array([ 8.58198    ,  0.0600863  ,  3.3698     ,  0.265021   ])
1164    , -393.011    , array([ 8.58198    ,  0.0600863  ,  3.3698     ,  0.265286   ])
1168    , -392.984    , array([ 8.58189    ,  0.06012    ,  3.36969    ,  0.264931   ])
1172    , -392.984    , array([ 8.58196    ,  0.0600807  ,  3.36978    ,  0.265002   ])
1176    , -393.011    , array([ 8.58196    ,  0.0600807  ,  3.36978    ,  0.265267   ])
1180    , -392.984    , array([ 8.58198    ,  0.0601452  ,  3.36979    ,  0.265017   ])
1184    , -392.984    , array([ 8.58198    ,  0.060086   ,  3.3698     ,  0.26502    ])
1188    , -393.011    , array([ 8.58198    ,  0.060086   ,  3.3698     ,  0.265285   ])
1192    , -392.984    , array([ 8.58198    ,  0.0601463  ,  3.3698     ,  0.265021   ])
1196    , -392.984    , array([ 8.58198    ,  0.0600862  ,  3.3698     ,  0.265021   ])
1200    , -393.011    , array([ 8.58198    ,  0.0600862  ,  3.3698     ,  0.265286   ])
1204    , -392.984    , array([ 8.58198    ,  0.0601464  ,  3.3698     ,  0.265021   ])
1208    , -392.984    , array([ 8.58198    ,  0.0600863  ,  3.3698     ,  0.265021   ])
1212    , -393.011    , array([ 8.58198    ,  0.0600863  ,  3.3698     ,  0.265286   ])
1216    , -392.984    , array([ 8.58198    ,  0.0601464  ,  3.3698     ,  0.265021   ])
1220    , -392.984    , array([ 8.58198    ,  0.0600863  ,  3.3698     ,  0.265021   ])
1224    , -393.011    , array([ 8.58198    ,  0.0600863  ,  3.3698     ,  0.265286   ])
1228    , -392.984    , array([ 8.58198    ,  0.0601464  ,  3.3698     ,  0.265021   ])
1232    , -392.984    , array([ 8.58198    ,  0.0600863  ,  3.3698     ,  0.265021   ])
1236    , -393.011    , array([ 8.58198    ,  0.0600863  ,  3.3698     ,  0.265286   ])
1240    , -392.984    , array([ 8.58198    ,  0.0601464  ,  3.3698     ,  0.265021   ])
1244    , -392.984    , array([ 8.58198    ,  0.0600863  ,  3.3698     ,  0.265021   ])
1248    , -393.011    , array([ 8.58198    ,  0.0600863  ,  3.3698     ,  0.265286   ])
1252    , -392.984    , array([ 8.58198    ,  0.0601464  ,  3.3698     ,  0.265021   ])
1256    , -392.984    , array([ 8.58198    ,  0.0600863  ,  3.3698     ,  0.265021   ])
1260    , -393.011    , array([ 8.58198    ,  0.0600863  ,  3.3698     ,  0.265286   ])
1264    , -392.984    , array([ 8.58198    ,  0.0601464  ,  3.3698     ,  0.265021   ])
1268    , -392.984    , array([ 8.58198    ,  0.0600863  ,  3.3698     ,  0.265021   ])
1272    , -393.011    , array([ 8.58198    ,  0.0600863  ,  3.3698     ,  0.265286   ])
1276    , -393.003    , array([ 8.60996    ,  0.0687917  ,  3.40278    ,  0.294042   ])
1280    , -392.994    , array([ 8.60996    ,  0.0687226  ,  3.40278    ,  0.294041   ])
1284    , -393.007    , array([ 8.60996    ,  0.0687226  ,  3.40278    ,  0.294335   ])
1288    , -393.003    , array([ 8.60996    ,  0.0687905  ,  3.40278    ,  0.294038   ])
1292    , -392.994    , array([ 8.60995    ,  0.0687201  ,  3.40277    ,  0.294032   ])
1296    , -393.007    , array([ 8.60995    ,  0.0687201  ,  3.40277    ,  0.294327   ])
1300    , -393.003    , array([ 8.60994    ,  0.0687856  ,  3.40276    ,  0.294022   ])
1304    , -392.994    , array([ 8.60992    ,  0.0687103  ,  3.40274    ,  0.294      ])
1308    , -393.007    , array([ 8.60992    ,  0.0687103  ,  3.40274    ,  0.294294   ])
1312    , -393.003    , array([ 8.60988    ,  0.0687659  ,  3.40269    ,  0.293956   ])
1316    , -392.994    , array([ 8.6098     ,  0.0686709  ,  3.40259    ,  0.29387    ])
1320    , -393.007    , array([ 8.6098     ,  0.0686709  ,  3.40259    ,  0.294164   ])
1324    , -393.003    , array([ 8.60964    ,  0.0686871  ,  3.40241    ,  0.293696   ])
1328    , -392.994    , array([ 8.60932    ,  0.0685136  ,  3.40203    ,  0.293349   ])
1332    , -393.007    , array([ 8.60932    ,  0.0685136  ,  3.40203    ,  0.293642   ])
1336    , -393.003    , array([ 8.60869    ,  0.0683729  ,  3.40127    ,  0.292656   ])
1340    , -406.643    , array([ 8.3165     ,  0.183791   ,  3.24261    ,  0.616955   ])
1344    , -393.002    , array([ 8.58735    ,  0.0733402  ,  3.38962    ,  0.308769   ])
1348    , -392.994    , array([ 8.60732    ,  0.0686165  ,  3.40053    ,  0.293662   ])
