2200    , -2385.15    , array([ 1.03266    ,  0.611958   ,  0.412051   ,  0.00239522 ])
2204    , -811.173    , array([ 0.414628   ,  0.611958   ,  0.412051   ,  0.00239522 ])
2208    , -984.465    , array([ 0.105609   ,  0.611958   ,  0.412051   ,  0.00239522 ])
2212    , -362.867    , array([ 0.0433051  ,  0.611958   ,  0.412051   ,  0.00239522 ])
2216    , -150.756    , array([ 0.0326774  ,  0.611958   ,  0.412051   ,  0.00239522 ])
2220    , -150.755    , array([ 0.0326943  ,  0.611958   ,  0.412051   ,  0.00239522 ])
2228    , -150.662    , array([ 0.0326943  ,  0.733421   ,  0.412051   ,  0.00239522 ])
2232    , -150.661    , array([ 0.0326943  ,  0.718471   ,  0.412051   ,  0.00239522 ])
2236    , -150.661    , array([ 0.0326943  ,  0.719547   ,  0.412051   ,  0.00239522 ])
2240    , -2738.9     , array([ 0.0326943  ,  0.719547   ,  0.175983   ,  0.00239522 ])
2244    , -150.649    , array([ 0.0326943  ,  0.719547   ,  0.411518   ,  0.00239522 ])
2248    , -150.649    , array([ 0.0326943  ,  0.719547   ,  0.411554   ,  0.00239522 ])
2268    , -150.589    , array([ 0.0326943  ,  0.719547   ,  0.411554   ,  0.00236177 ])
2272    , -150.569    , array([ 0.0327262  ,  0.827135   ,  0.411057   ,  0.00233699 ])
2276    , -150.569    , array([ 0.0327262  ,  0.827135   ,  0.411057   ,  0.00233699 ])
2280    , -150.556    , array([ 0.0327138  ,  0.785375   ,  0.41125    ,  0.00234829 ])
2288    , -640.074    , array([ 0.223692   ,  0.78604    ,  0.411247   ,  0.00234811 ])
2296    , -272.321    , array([ 0.027689   ,  0.78604    ,  0.411247   ,  0.00234811 ])
2300    , -150.502    , array([ 0.0325911  ,  0.78604    ,  0.411247   ,  0.00234811 ])
2304    , -6478.03    , array([ 0.0325911  ,  0.78604    ,  0.411247   ,  1.00235    ])
2308    , -16201.3    , array([ 0.0325911  ,  0.78604    ,  0.411247   ,  0.384314   ])
2312    , -15039.3    , array([ 0.0325911  ,  0.78604    ,  0.411247   ,  0.0752475  ])
2316    , -3137.06    , array([ 0.0325911  ,  0.78604    ,  0.411247   ,  0.012984   ])
2320    , -473.577    , array([ 0.0325911  ,  0.78604    ,  0.411247   ,  0.000549601])
2324    , -150.492    , array([ 0.0325911  ,  0.78604    ,  0.411247   ,  0.00233621 ])
2328    , -3569       , array([ 0.0325911  ,  0.78604    ,  1.41125    ,  0.00233633 ])
2332    , -2400.57    , array([ 0.0325911  ,  0.78604    ,  0.793213   ,  0.00233633 ])
2336    , -170.307    , array([ 0.0325911  ,  0.78604    ,  0.4328     ,  0.00233633 ])
2340    , -150.45     , array([ 0.0325911  ,  0.78604    ,  0.412159   ,  0.00233633 ])
2344    , -150.377    , array([ 0.0326108  ,  0.852533   ,  0.411861   ,  0.00231834 ])
2348    , -150.364    , array([ 0.0326233  ,  0.894704   ,  0.411666   ,  0.00230693 ])
2352    , -150.484    , array([ 0.0324365  ,  1.34938    ,  0.411978   ,  0.00215305 ])
2356    , -150.265    , array([ 0.0325427  ,  1.08977    ,  0.411803   ,  0.00224087 ])
2360    , -2418.93    , array([ 1.03254    ,  1.09173    ,  0.411805   ,  0.0022402  ])
2364    , -803.02     , array([ 0.414508   ,  1.09173    ,  0.411805   ,  0.0022402  ])
2368    , -972.872    , array([ 0.105489   ,  1.09173    ,  0.411805   ,  0.0022402  ])
2372    , -369.359    , array([ 0.0431847  ,  1.09173    ,  0.411805   ,  0.0022402  ])
2376    , -150.157    , array([ 0.0323328  ,  1.09173    ,  0.411805   ,  0.0022402  ])
2380    , -150.153    , array([ 0.0323663  ,  1.09173    ,  0.411805   ,  0.0022402  ])
2400    , -150.152    , array([ 0.0323663  ,  1.09173    ,  0.411805   ,  0.002233   ])
2404    , -150.151    , array([ 0.0323663  ,  1.09173    ,  0.411805   ,  0.00223552 ])
2412    , -598.181    , array([ 0.0323663  ,  1.09173    ,  0.321635   ,  0.00223552 ])
2416    , -150.135    , array([ 0.0323663  ,  1.09173    ,  0.412372   ,  0.00223552 ])
2420    , -150.062    , array([ 0.0322853  ,  1.28984    ,  0.412505   ,  0.00216851 ])
2424    , -150.063    , array([ 0.0323162  ,  1.21417    ,  0.412454   ,  0.0021941  ])
2428    , -150.18     , array([ 0.0319763  ,  1.61576    ,  0.413292   ,  0.00205357 ])
2432    , -150.058    , array([ 0.0322996  ,  1.25469    ,  0.412482   ,  0.0021804  ])
2440    , -770.45     , array([ 0.0601629  ,  1.25469    ,  0.412482   ,  0.0021804  ])
2444    , -161.58     , array([ 0.0341201  ,  1.25469    ,  0.412482   ,  0.0021804  ])
2448    , -150.042    , array([ 0.032234   ,  1.25469    ,  0.412482   ,  0.0021804  ])
2456    , -24685.8    , array([ 0.032234   ,  1.25469    ,  0.412482   ,  0.192972   ])
2468    , -170.232    , array([ 0.032234   ,  1.25469    ,  0.412482   ,  0.00268427 ])
2472    , -150.085    , array([ 0.032234   ,  1.25469    ,  0.412482   ,  0.00220507 ])
2476    , -150.041    , array([ 0.032234   ,  1.25469    ,  0.412482   ,  0.00218245 ])
2480    , -150.041    , array([ 0.032234   ,  1.25469    ,  0.412482   ,  0.00218247 ])
2484    , -2793.81    , array([ 0.032234   ,  1.25469    ,  0.176414   ,  0.00218247 ])
2488    , -150.04     , array([ 0.032234   ,  1.25469    ,  0.412635   ,  0.00218247 ])
2492    , -150.04     , array([ 0.032234   ,  1.25469    ,  0.412656   ,  0.00218247 ])
2496    , -150.143    , array([ 0.0322841  ,  1.13226    ,  0.412574   ,  0.00222389 ])
2500    , -150.02     , array([ 0.0322019  ,  1.33307    ,  0.412709   ,  0.00215596 ])
2504    , -150.006    , array([ 0.0321049  ,  1.4099     ,  0.412935   ,  0.00213204 ])
2508    , -150.009    , array([ 0.0321421  ,  1.38026    ,  0.412848   ,  0.00214128 ])
2512    , -150.006    , array([ 0.0320978  ,  1.41554    ,  0.412952   ,  0.00213028 ])
2524    , -1771.93    , array([ 0.0189422  ,  1.41554    ,  0.412952   ,  0.00213028 ])
2528    , -150.306    , array([ 0.0323916  ,  1.41554    ,  0.412952   ,  0.00213028 ])
2532    , -150.006    , array([ 0.0321033  ,  1.41554    ,  0.412952   ,  0.00213028 ])
2536    , -14778.4    , array([ 0.0321035  ,  1.41554    ,  0.412952   ,  1.00213    ])
2540    , -25975.7    , array([ 0.0321035  ,  1.41554    ,  0.412952   ,  0.384096   ])
2544    , -19283      , array([ 0.0321035  ,  1.41554    ,  0.412952   ,  0.0749995  ])
2548    , -3728.01    , array([ 0.0321035  ,  1.41554    ,  0.412952   ,  0.0127618  ])
2552    , -467.708    , array([ 0.0321035  ,  1.41554    ,  0.412952   ,  0.000483241])
2556    , -150        , array([ 0.0321035  ,  1.41554    ,  0.412952   ,  0.00213836 ])
2560    , -3481.28    , array([ 0.0321035  ,  1.41554    ,  1.41295    ,  0.00213836 ])
2564    , -2361.89    , array([ 0.0321035  ,  1.41554    ,  0.794918   ,  0.00213836 ])
2568    , -171.246    , array([ 0.0321035  ,  1.41554    ,  0.434075   ,  0.00213836 ])
2572    , -149.999    , array([ 0.0321035  ,  1.41554    ,  0.412777   ,  0.00213836 ])
2576    , -150.039    , array([ 0.0322725  ,  1.28085    ,  0.412382   ,  0.00218032 ])
2580    , -149.999    , array([ 0.0320898  ,  1.42644    ,  0.412807   ,  0.00213497 ])
