8       , -558.801    , array([ 5.74923    ,  0.0716787  ,  1.82109    ,  0.309125   ])
12      , -561.333    , array([ 5.74923    ,  0.0716787  ,  1.82109    ,  0.309434   ])
16      , -412.099    , array([ 5.74923    ,  0.0717504  ,  3.57073    ,  0.309125   ])
20      , -395.124    , array([ 5.74923    ,  0.0716787  ,  4.46923    ,  0.309125   ])
24      , -395.483    , array([ 5.74923    ,  0.0716787  ,  4.46923    ,  0.309434   ])
28      , -393.128    , array([ 5.74923    ,  0.0717504  ,  4.81642    ,  0.309125   ])
32      , -393.002    , array([ 5.74923    ,  0.0716787  ,  4.93804    ,  0.309125   ])
36      , -393.052    , array([ 5.74923    ,  0.0716787  ,  4.93804    ,  0.309434   ])
40      , -392.983    , array([ 5.74923    ,  0.0717504  ,  4.97926    ,  0.309125   ])
44      , -392.98     , array([ 5.74923    ,  0.0716787  ,  4.99308    ,  0.309125   ])
48      , -392.995    , array([ 5.74923    ,  0.0716787  ,  4.99308    ,  0.309434   ])
52      , -392.991    , array([ 5.74923    ,  0.0717504  ,  4.99769    ,  0.309125   ])
56      , -392.981    , array([ 5.74923    ,  0.0716787  ,  4.99951    ,  0.309125   ])
60      , -392.991    , array([ 5.74923    ,  0.0716787  ,  4.99951    ,  0.309434   ])
64      , -392.992    , array([ 5.74923    ,  0.0717504  ,  4.9999     ,  0.309125   ])
68      , -392.981    , array([ 5.74923    ,  0.0716787  ,  4.99998    ,  0.309125   ])
72      , -392.991    , array([ 5.74923    ,  0.0716787  ,  4.99998    ,  0.309434   ])
76      , -392.992    , array([ 5.74923    ,  0.0717504  ,  5          ,  0.309125   ])
80      , -392.981    , array([ 5.74923    ,  0.0716787  ,  5          ,  0.309125   ])
84      , -392.991    , array([ 5.74923    ,  0.0716787  ,  5          ,  0.309434   ])
88      , -392.992    , array([ 5.74923    ,  0.0717504  ,  5          ,  0.309125   ])
92      , -392.981    , array([ 5.74923    ,  0.0716787  ,  5          ,  0.309125   ])
96      , -392.991    , array([ 5.74923    ,  0.0716787  ,  5          ,  0.309434   ])
100     , -392.992    , array([ 5.74923    ,  0.0717504  ,  5          ,  0.309125   ])
104     , -392.981    , array([ 5.74923    ,  0.0716787  ,  5          ,  0.309125   ])
108     , -392.991    , array([ 5.74923    ,  0.0716787  ,  5          ,  0.309434   ])
112     , -392.992    , array([ 5.74923    ,  0.0717504  ,  5          ,  0.309125   ])
116     , -392.981    , array([ 5.74923    ,  0.0716787  ,  5          ,  0.309125   ])
120     , -392.991    , array([ 5.74923    ,  0.0716787  ,  5          ,  0.309434   ])
124     , -392.992    , array([ 5.74923    ,  0.0717504  ,  5          ,  0.309125   ])
128     , -392.981    , array([ 5.74923    ,  0.0716787  ,  5          ,  0.309125   ])
132     , -392.991    , array([ 5.74923    ,  0.0716787  ,  5          ,  0.309434   ])
136     , -392.992    , array([ 5.74923    ,  0.0717504  ,  5          ,  0.309125   ])
140     , -392.981    , array([ 5.74923    ,  0.0716787  ,  5          ,  0.309125   ])
144     , -392.991    , array([ 5.74923    ,  0.0716787  ,  5          ,  0.309434   ])
148     , -392.992    , array([ 5.74923    ,  0.0717504  ,  5          ,  0.309125   ])
152     , -392.981    , array([ 5.74923    ,  0.0716787  ,  5          ,  0.309125   ])
156     , -392.991    , array([ 5.74923    ,  0.0716787  ,  5          ,  0.309434   ])
160     , -392.992    , array([ 5.74923    ,  0.0717504  ,  5          ,  0.309125   ])
164     , -392.981    , array([ 5.74923    ,  0.0716787  ,  5          ,  0.309125   ])
168     , -392.991    , array([ 5.74923    ,  0.0716787  ,  5          ,  0.309434   ])
172     , -392.992    , array([ 5.74923    ,  0.0717504  ,  5          ,  0.309125   ])
176     , -392.981    , array([ 5.74923    ,  0.0716787  ,  5          ,  0.309125   ])
180     , -392.991    , array([ 5.74923    ,  0.0716787  ,  5          ,  0.309434   ])
184     , -392.992    , array([ 5.74923    ,  0.0717504  ,  5          ,  0.309125   ])
188     , -392.981    , array([ 5.74923    ,  0.0716787  ,  5          ,  0.309125   ])
192     , -392.991    , array([ 5.74923    ,  0.0716787  ,  5          ,  0.309434   ])
196     , -392.992    , array([ 5.74923    ,  0.0717504  ,  5          ,  0.309125   ])
200     , -392.981    , array([ 5.74923    ,  0.0716787  ,  5          ,  0.309125   ])
204     , -392.991    , array([ 5.74923    ,  0.0716787  ,  5          ,  0.309434   ])
208     , -392.992    , array([ 5.74923    ,  0.0717504  ,  5          ,  0.309125   ])
212     , -392.981    , array([ 5.74923    ,  0.0716787  ,  5          ,  0.309125   ])
216     , -392.991    , array([ 5.74923    ,  0.0716787  ,  5          ,  0.309434   ])
220     , -392.992    , array([ 5.74923    ,  0.0717504  ,  5          ,  0.309125   ])
224     , -392.981    , array([ 5.74923    ,  0.0716787  ,  5          ,  0.309125   ])
228     , -392.991    , array([ 5.74923    ,  0.0716787  ,  5          ,  0.309434   ])
232     , -392.992    , array([ 5.74923    ,  0.0717504  ,  5          ,  0.309125   ])
236     , -392.981    , array([ 5.74923    ,  0.0716787  ,  5          ,  0.309125   ])
240     , -392.991    , array([ 5.74923    ,  0.0716787  ,  5          ,  0.309434   ])
244     , -392.992    , array([ 5.74923    ,  0.0717504  ,  5          ,  0.309125   ])
248     , -392.981    , array([ 5.74923    ,  0.0716787  ,  5          ,  0.309125   ])
252     , -392.991    , array([ 5.74923    ,  0.0716787  ,  5          ,  0.309434   ])
256     , -392.992    , array([ 5.74923    ,  0.0717504  ,  5          ,  0.309125   ])
260     , -392.981    , array([ 5.74923    ,  0.0716787  ,  5          ,  0.309125   ])
264     , -392.991    , array([ 5.74923    ,  0.0716787  ,  5          ,  0.309434   ])
268     , -392.992    , array([ 5.74923    ,  0.0717504  ,  5          ,  0.309125   ])
272     , -392.981    , array([ 5.74923    ,  0.0716787  ,  5          ,  0.309125   ])
276     , -392.991    , array([ 5.74923    ,  0.0716787  ,  5          ,  0.309434   ])
280     , -392.992    , array([ 5.74923    ,  0.0717504  ,  5          ,  0.309125   ])
284     , -392.981    , array([ 5.74923    ,  0.0716787  ,  5          ,  0.309125   ])
288     , -392.991    , array([ 5.74923    ,  0.0716787  ,  5          ,  0.309434   ])
292     , -392.992    , array([ 5.74923    ,  0.0717504  ,  5          ,  0.309125   ])
296     , -392.981    , array([ 5.74923    ,  0.0716787  ,  5          ,  0.309125   ])
300     , -392.991    , array([ 5.74923    ,  0.0716787  ,  5          ,  0.309434   ])
304     , -392.992    , array([ 5.74923    ,  0.0717504  ,  5          ,  0.309125   ])
308     , -392.981    , array([ 5.74923    ,  0.0716787  ,  5          ,  0.309125   ])
312     , -392.991    , array([ 5.74923    ,  0.0716787  ,  5          ,  0.309434   ])
316     , -392.992    , array([ 5.74923    ,  0.0717504  ,  5          ,  0.309125   ])
320     , -392.981    , array([ 5.74923    ,  0.0716787  ,  5          ,  0.309125   ])
324     , -392.991    , array([ 5.74923    ,  0.0716787  ,  5          ,  0.309434   ])
328     , -392.992    , array([ 5.74923    ,  0.0717504  ,  5          ,  0.309125   ])
332     , -392.981    , array([ 5.74923    ,  0.0716787  ,  5          ,  0.309125   ])
336     , -392.991    , array([ 5.74923    ,  0.0716787  ,  5          ,  0.309434   ])
340     , -392.992    , array([ 5.74923    ,  0.0717504  ,  5          ,  0.309125   ])
344     , -392.981    , array([ 5.74923    ,  0.0716787  ,  5          ,  0.309125   ])
348     , -392.991    , array([ 5.74923    ,  0.0716787  ,  5          ,  0.309434   ])
352     , -392.992    , array([ 5.74923    ,  0.0717504  ,  5          ,  0.309125   ])
356     , -392.981    , array([ 5.74923    ,  0.0716787  ,  5          ,  0.309125   ])
360     , -392.991    , array([ 5.74923    ,  0.0716787  ,  5          ,  0.309434   ])
364     , -392.992    , array([ 5.74923    ,  0.0717504  ,  5          ,  0.309125   ])
368     , -392.981    , array([ 5.74923    ,  0.0716787  ,  5          ,  0.309125   ])
372     , -392.991    , array([ 5.74923    ,  0.0716787  ,  5          ,  0.309434   ])
376     , -392.992    , array([ 5.74923    ,  0.0717504  ,  5          ,  0.309125   ])
380     , -392.981    , array([ 5.74923    ,  0.0716787  ,  5          ,  0.309125   ])
384     , -392.991    , array([ 5.74923    ,  0.0716787  ,  5          ,  0.309434   ])
388     , -392.992    , array([ 5.74923    ,  0.0717504  ,  5          ,  0.309125   ])
392     , -392.981    , array([ 5.74923    ,  0.0716787  ,  5          ,  0.309125   ])
396     , -392.991    , array([ 5.74923    ,  0.0716787  ,  5          ,  0.309434   ])
400     , -392.992    , array([ 5.74923    ,  0.0717504  ,  5          ,  0.309125   ])
404     , -392.981    , array([ 5.74923    ,  0.0716787  ,  5          ,  0.309125   ])
408     , -392.991    , array([ 5.74923    ,  0.0716787  ,  5          ,  0.309434   ])
412     , -392.992    , array([ 5.74923    ,  0.0717504  ,  5          ,  0.309125   ])
416     , -392.981    , array([ 5.74923    ,  0.0716787  ,  5          ,  0.309125   ])
420     , -392.991    , array([ 5.74923    ,  0.0716787  ,  5          ,  0.309434   ])
424     , -392.992    , array([ 5.74923    ,  0.0717504  ,  5          ,  0.309125   ])
428     , -392.981    , array([ 5.74923    ,  0.0716787  ,  5          ,  0.309125   ])
432     , -392.991    , array([ 5.74923    ,  0.0716787  ,  5          ,  0.309434   ])
436     , -392.992    , array([ 5.74923    ,  0.0717504  ,  5          ,  0.309125   ])
440     , -392.981    , array([ 5.74923    ,  0.0716787  ,  5          ,  0.309125   ])
444     , -392.991    , array([ 5.74923    ,  0.0716787  ,  5          ,  0.309434   ])
448     , -392.992    , array([ 5.74923    ,  0.0717504  ,  5          ,  0.309125   ])
452     , -392.981    , array([ 5.74923    ,  0.0716787  ,  5          ,  0.309125   ])
456     , -392.991    , array([ 5.74923    ,  0.0716787  ,  5          ,  0.309434   ])
460     , -392.992    , array([ 5.74923    ,  0.0717504  ,  5          ,  0.309125   ])
464     , -392.981    , array([ 5.74923    ,  0.0716787  ,  5          ,  0.309125   ])
468     , -392.991    , array([ 5.74923    ,  0.0716787  ,  5          ,  0.309434   ])
472     , -392.992    , array([ 5.74923    ,  0.0717504  ,  5          ,  0.309125   ])
476     , -392.981    , array([ 5.74923    ,  0.0716787  ,  5          ,  0.309125   ])
480     , -392.991    , array([ 5.74923    ,  0.0716787  ,  5          ,  0.309434   ])
484     , -392.992    , array([ 5.74923    ,  0.0717504  ,  5          ,  0.309125   ])
488     , -392.981    , array([ 5.74923    ,  0.0716787  ,  5          ,  0.309125   ])
492     , -392.991    , array([ 5.74923    ,  0.0716787  ,  5          ,  0.309434   ])
496     , -392.992    , array([ 5.74923    ,  0.0717504  ,  5          ,  0.309125   ])
500     , -392.981    , array([ 5.74923    ,  0.0716787  ,  5          ,  0.309125   ])
504     , -392.991    , array([ 5.74923    ,  0.0716787  ,  5          ,  0.309434   ])
508     , -394.446    , array([ 5.74923    ,  0.0716787  ,  4.55543    ,  0.309125   ])
512     , -392.981    , array([ 5.74923    ,  0.0716787  ,  4.98348    ,  0.309125   ])
516     , -392.98     , array([ 5.74923    ,  0.0716787  ,  4.99941    ,  0.309125   ])
