75      , -1644.96    , array([ 1.99566    ,  0.100679   ,  5.02354    ,  2.52519    ,  0.0506929  ])
80      , -1332.18    , array([ 1.15217    ,  0.100679   ,  5.02354    ,  2.52519    ,  0.0506929  ])
85      , -1311.03    , array([ 0.997769   ,  0.100679   ,  5.02354    ,  2.52519    ,  0.0506929  ])
90      , -1311.03    , array([ 0.997769   ,  0.100679   ,  5.02354    ,  2.52519    ,  0.0506929  ])
95      , -77694.3    , array([ 0.997769   ,  0.0105087  ,  5.02354    ,  2.52519    ,  0.0506929  ])
100     , -1311.1     , array([ 0.997769   ,  0.100489   ,  5.02354    ,  2.52519    ,  0.0506929  ])
105     , -1311.03    , array([ 0.997769   ,  0.100715   ,  5.02354    ,  2.52519    ,  0.0506929  ])
110     , -1315.88    , array([ 0.997769   ,  0.100715   ,  5.4055     ,  2.52519    ,  0.0506929  ])
115     , -1311.03    , array([ 0.997769   ,  0.100715   ,  5.01548    ,  2.52519    ,  0.0506929  ])
120     , -1321.55    , array([ 0.997769   ,  0.100715   ,  5.01548    ,  2.90716    ,  0.0506929  ])
125     , -1311.03    , array([ 0.997769   ,  0.100715   ,  5.01548    ,  2.5211     ,  0.0506929  ])
135     , -4998.77    , array([ 0.997769   ,  0.100715   ,  5.01548    ,  2.52114    ,  0.123611   ])
140     , -1312.61    , array([ 0.997769   ,  0.100715   ,  5.01548    ,  2.52114    ,  0.051407   ])
