5328    , -99.7359    , array([ 0.036723   ,  1.03921    ,  0.0757244  ,  0.0447695  ])
5332    , -99.7359    , array([ 0.036723   ,  1.03921    ,  0.0757244  ,  0.0447695  ])
5340    , -270.077    , array([ 0.064585   ,  1.03921    ,  0.0757244  ,  0.0447695  ])
5344    , -99.7395    , array([ 0.0363216  ,  1.03921    ,  0.0757244  ,  0.0447695  ])
5348    , -99.7189    , array([ 0.0365304  ,  1.03921    ,  0.0757244  ,  0.0447695  ])
5352    , -323.277    , array([ 0.0365304  ,  0.421176   ,  0.0757244  ,  0.0447695  ])
5356    , -99.7185    , array([ 0.0365304  ,  1.039      ,  0.0757244  ,  0.0447695  ])
5360    , -99.7146    , array([ 0.0365304  ,  1.03439    ,  0.0757244  ,  0.0447695  ])
5368    , -3455.46    , array([ 0.0365304  ,  1.03434    ,  0.266611   ,  0.0447695  ])
5372    , -99.7149    , array([ 0.0365304  ,  1.03434    ,  0.0756416  ,  0.0447695  ])
5376    , -99.7145    , array([ 0.0365304  ,  1.03434    ,  0.0756943  ,  0.0447695  ])
5388    , -196.734    , array([ 0.0365304  ,  1.03434    ,  0.0756943  ,  0.0316139  ])
5392    , -99.7144    , array([ 0.0365304  ,  1.03434    ,  0.0756943  ,  0.0447848  ])
5396    , -99.7144    , array([ 0.0365304  ,  1.03434    ,  0.0756943  ,  0.0447848  ])
5400    , -99.7249    , array([ 0.0366494  ,  1.03735    ,  0.0757129  ,  0.0447754  ])
5404    , -99.7125    , array([ 0.0364524  ,  1.03237    ,  0.0756822  ,  0.044791   ])
5408    , -99.7125    , array([ 0.0364532  ,  1.03239    ,  0.0756823  ,  0.0447909  ])
5416    , -256.104    , array([ 0.0364532  ,  1.03239    ,  0.0756823  ,  0.0680184  ])
5420    , -99.7125    , array([ 0.0364532  ,  1.03239    ,  0.0756823  ,  0.0447908  ])
5424    , -99.7124    , array([ 0.0364532  ,  1.03239    ,  0.0756823  ,  0.0448002  ])
5428    , -164.21     , array([ 0.0364532  ,  2.03239    ,  0.0756823  ,  0.0448002  ])
5432    , -116.471    , array([ 0.0364532  ,  1.41436    ,  0.0756823  ,  0.0448002  ])
5436    , -99.7124    , array([ 0.0364532  ,  1.03242    ,  0.0756823  ,  0.0448002  ])
5440    , -99.7124    , array([ 0.0364532  ,  1.03211    ,  0.0756823  ,  0.0448002  ])
5444    , -99.7124    , array([ 0.0364532  ,  1.03227    ,  0.0756823  ,  0.0448002  ])
5448    , -99.7124    , array([ 0.0364532  ,  1.03227    ,  0.0756823  ,  0.0448002  ])
5452    , -236.08     , array([ 0.0364532  ,  1.03227    ,  0.0481638  ,  0.0448002  ])
5456    , -99.7108    , array([ 0.0364532  ,  1.03227    ,  0.0755724  ,  0.0448002  ])
5460    , -99.7097    , array([ 0.036376   ,  1.03032    ,  0.0755603  ,  0.0448063  ])
5464    , -99.7097    , array([ 0.0364055  ,  1.03107    ,  0.0755649  ,  0.044804   ])
