1844    , -1062.48    , array([ 0.271824   ,  1.14139    ,  0.0476113  ,  0.0389943  ])
1848    , -463.974    , array([ 0.0464125  ,  1.14139    ,  0.0476113  ,  0.0389943  ])
1852    , -101.408    , array([ 0.0810561  ,  1.14139    ,  0.0476113  ,  0.0389943  ])
1856    , -101.396    , array([ 0.0807687  ,  1.14139    ,  0.0476113  ,  0.0389943  ])
1860    , -101.396    , array([ 0.0807672  ,  1.14139    ,  0.0476113  ,  0.0389943  ])
1864    , -101.688    , array([ 0.0807672  ,  1.08201    ,  0.0476113  ,  0.0389943  ])
1868    , -101.384    , array([ 0.0807672  ,  1.13114    ,  0.0476113  ,  0.0389943  ])
1876    , -7429.22    , array([ 0.0807672  ,  1.13104    ,  0.23848    ,  0.0389943  ])
1880    , -120.693    , array([ 0.0807672  ,  1.13104    ,  0.040283   ,  0.0389943  ])
1884    , -101.383    , array([ 0.0807672  ,  1.13104    ,  0.0475852  ,  0.0389943  ])
1888    , -4373.82    , array([ 0.0807672  ,  1.13104    ,  0.0475852  ,  1.03899    ])
1892    , -3943.26    , array([ 0.0807672  ,  1.13104    ,  0.0475852  ,  0.42096    ])
1896    , -1059.07    , array([ 0.0807672  ,  1.13104    ,  0.0475852  ,  0.111931   ])
1900    , -106.223    , array([ 0.0807672  ,  1.13104    ,  0.0475852  ,  0.042318   ])
1904    , -101.377    , array([ 0.0807672  ,  1.13104    ,  0.0475852  ,  0.0391072  ])
1908    , -101.366    , array([ 0.08068    ,  1.12069    ,  0.0475591  ,  0.0392223  ])
1912    , -101.365    , array([ 0.0805928  ,  1.11035    ,  0.047533   ,  0.0393364  ])
1916    , -101.364    , array([ 0.080631   ,  1.11488    ,  0.0475444  ,  0.0392865  ])
1928    , -145.939    , array([ 0.0650558  ,  1.11488    ,  0.0475444  ,  0.0392865  ])
1932    , -101.361    , array([ 0.0804677  ,  1.11488    ,  0.0475444  ,  0.0392865  ])
1936    , -4308.78    , array([ 0.0804677  ,  1.11488    ,  0.0475444  ,  1.03929    ])
1940    , -3892.32    , array([ 0.0804677  ,  1.11488    ,  0.0475444  ,  0.421252   ])
1944    , -1049.6     , array([ 0.0804677  ,  1.11488    ,  0.0475444  ,  0.112224   ])
1948    , -106.042    , array([ 0.0804677  ,  1.11488    ,  0.0475444  ,  0.042445   ])
1952    , -101.361    , array([ 0.0804677  ,  1.11488    ,  0.0475444  ,  0.0392728  ])
1956    , -101.361    , array([ 0.0804677  ,  1.11488    ,  0.0475444  ,  0.0392726  ])
1968    , -101.359    , array([ 0.0804677  ,  1.11488    ,  0.0475186  ,  0.0392726  ])
1972    , -101.354    , array([ 0.0804677  ,  1.11488    ,  0.0474043  ,  0.0392726  ])
1976    , -101.354    , array([ 0.0804677  ,  1.11488    ,  0.0474057  ,  0.0392726  ])
1980    , -101.354    , array([ 0.0804674  ,  1.11484    ,  0.0474056  ,  0.039273   ])
1984    , -101.354    , array([ 0.0804677  ,  1.11487    ,  0.0474057  ,  0.0392727  ])
1988    , -101.354    , array([ 0.0804676  ,  1.11486    ,  0.0474057  ,  0.0392728  ])
