3496    , -24326      , array([ 3.68544    ,  0.576625   ,  1.36248    ,  0.389773   ,  0.000634081,  0.000904204,  0.0870051  ,  0.127611   ])
3504    , -23038.1    , array([ 2.00886    ,  0.576625   ,  1.36248    ,  0.389773   ,  0.000634081,  0.000904204,  0.0870051  ,  0.127611   ])
3512    , -20666.8    , array([ 2.06741    ,  0.873215   ,  1.36248    ,  0.389773   ,  0.000634081,  0.000904204,  0.0870051  ,  0.127611   ])
3520    , -19227.2    , array([ 2.06741    ,  0.873215   ,  2.98051    ,  0.389773   ,  0.000634081,  0.000904204,  0.0870051  ,  0.127611   ])
3536    , -19107.6    , array([ 2.06741    ,  0.873215   ,  2.69251    ,  0.252627   ,  0.000634081,  0.000904204,  0.0870051  ,  0.127611   ])
3544    , -19149.7    , array([ 2.06741    ,  0.873215   ,  2.69251    ,  0.252627   ,  0.191613   ,  0.000904204,  0.0870051  ,  0.127611   ])
3552    , -16096.1    , array([ 2.06741    ,  0.873215   ,  2.69251    ,  0.252627   ,  0.0755619  ,  2.2081     ,  0.0870051  ,  0.127611   ])
3560    , -16062.6    , array([ 2.06741    ,  0.873215   ,  2.69251    ,  0.252627   ,  0.0755619  ,  2.55868    ,  0.0870051  ,  0.127611   ])
3576    , -34336.6    , array([ 2.06741    ,  0.873215   ,  2.69251    ,  0.252627   ,  0.0755619  ,  2.58452    ,  0.110016   ,  1.12761    ])
3584    , -14670.2    , array([ 2.06741    ,  0.873215   ,  2.69251    ,  0.252627   ,  0.0755619  ,  2.58452    ,  0.110016   ,  0.0888385  ])
3592    , -15451.3    , array([ 3.06741    ,  0.873215   ,  2.69251    ,  0.252627   ,  0.0755619  ,  2.58452    ,  0.110016   ,  0.0717231  ])
3600    , -14470.5    , array([ 1.91873    ,  0.873215   ,  2.69251    ,  0.252627   ,  0.0755619  ,  2.58452    ,  0.110016   ,  0.0717231  ])
3608    , -26342.6    , array([ 1.91725    ,  0.255181   ,  2.69251    ,  0.252627   ,  0.0755619  ,  2.58452    ,  0.110016   ,  0.0717231  ])
3616    , -12941.4    , array([ 1.91725    ,  0.615118   ,  2.69251    ,  0.252627   ,  0.0755619  ,  2.58452    ,  0.110016   ,  0.0717231  ])
3624    , -12677.6    , array([ 1.91725    ,  0.615118   ,  1.97267    ,  0.252627   ,  0.0755619  ,  2.58452    ,  0.110016   ,  0.0717231  ])
3632    , -12586.6    , array([ 1.91725    ,  0.615118   ,  1.51613    ,  0.252627   ,  0.0755619  ,  2.58452    ,  0.110016   ,  0.0717231  ])
3640    , -12301.3    , array([ 1.91725    ,  0.615118   ,  1.51613    ,  0.609703   ,  0.0755619  ,  2.58452    ,  0.110016   ,  0.0717231  ])
3648    , -11909.3    , array([ 1.91725    ,  0.615118   ,  1.51613    ,  0.609703   ,  0.461842   ,  2.58452    ,  0.110016   ,  0.0717231  ])
3656    , -11903.1    , array([ 1.91725    ,  0.615118   ,  1.51613    ,  0.609703   ,  0.461842   ,  2.83156    ,  0.110016   ,  0.0717231  ])
3672    , -11868      , array([ 1.91725    ,  0.615118   ,  1.51613    ,  0.609703   ,  0.461842   ,  2.83618    ,  0.117291   ,  0.0717231  ])
3688    , -11783.2    , array([ 1.91725    ,  0.615118   ,  1.51613    ,  0.609703   ,  0.461842   ,  2.83618    ,  0.117364   ,  0.0647062  ])
3696    , -11765.7    , array([ 1.91725    ,  0.615118   ,  1.51613    ,  0.609703   ,  0.461842   ,  2.83618    ,  0.117364   ,  0.0601979  ])
3704    , -11721.1    , array([ 1.74264    ,  0.615118   ,  1.51613    ,  0.609703   ,  0.461842   ,  2.83618    ,  0.117364   ,  0.0601979  ])
3720    , -12096.3    , array([ 1.7385     ,  0.467549   ,  1.51613    ,  0.609703   ,  0.461842   ,  2.83618    ,  0.117364   ,  0.0601979  ])
3728    , -12001.4    , array([ 1.7385     ,  0.562552   ,  2.51613    ,  0.609703   ,  0.461842   ,  2.83618    ,  0.117364   ,  0.0601979  ])
3736    , -11586.3    , array([ 1.7385     ,  0.562552   ,  1.31453    ,  0.609703   ,  0.461842   ,  2.83618    ,  0.117364   ,  0.0601979  ])
3760    , -11421.6    , array([ 1.7385     ,  0.562552   ,  1.30806    ,  0.685548   ,  0.783977   ,  2.83618    ,  0.117364   ,  0.0601979  ])
3768    , -11420.1    , array([ 1.7385     ,  0.562552   ,  1.30806    ,  0.685548   ,  0.783977   ,  2.6893     ,  0.117364   ,  0.0601979  ])
3776    , -35217.6    , array([ 1.7385     ,  0.562552   ,  1.30806    ,  0.685548   ,  0.783977   ,  2.6893     ,  0.49933    ,  0.0601979  ])
3784    , -11419.9    , array([ 1.7385     ,  0.562552   ,  1.30806    ,  0.685548   ,  0.783977   ,  2.6893     ,  0.116857   ,  0.0601979  ])
3800    , -11432.7    , array([ 1.7385     ,  0.562552   ,  1.30806    ,  0.685548   ,  0.783977   ,  2.6893     ,  0.116824   ,  0.0611913  ])
3808    , -11384.7    , array([ 1.7385     ,  0.562552   ,  1.30806    ,  0.685548   ,  0.783977   ,  2.6893     ,  0.116824   ,  0.0546252  ])
3816    , -11258      , array([ 1.56867    ,  0.51261    ,  1.11038    ,  0.757608   ,  1.09004    ,  2.54975    ,  0.11631    ,  0.0493306  ])
3824    , -11258.3    , array([ 1.49194    ,  0.513105   ,  1.11233    ,  0.756895   ,  1.08701    ,  2.55113    ,  0.116315   ,  0.049383   ])
3840    , -11250.5    , array([ 1.53114    ,  0.523024   ,  1.11233    ,  0.756895   ,  1.08701    ,  2.55113    ,  0.116315   ,  0.049383   ])
3848    , -12754.3    , array([ 1.53114    ,  0.522801   ,  0.494301   ,  0.756895   ,  1.08701    ,  2.55113    ,  0.116315   ,  0.049383   ])
3856    , -11246.8    , array([ 1.53114    ,  0.522801   ,  1.06015    ,  0.756895   ,  1.08701    ,  2.55113    ,  0.116315   ,  0.049383   ])
3864    , -11236.4    , array([ 1.53114    ,  0.522801   ,  1.05963    ,  0.640265   ,  1.08701    ,  2.55113    ,  0.116315   ,  0.049383   ])
3880    , -11637.5    , array([ 1.53114    ,  0.522801   ,  1.05963    ,  0.655264   ,  1.08701    ,  2.55113    ,  0.116315   ,  0.0362274  ])
3888    , -11296.5    , array([ 1.53114    ,  0.522801   ,  1.05963    ,  0.655264   ,  1.08701    ,  3.55113    ,  0.116315   ,  0.0496456  ])
3896    , -11235.2    , array([ 1.53114    ,  0.522801   ,  1.05963    ,  0.655264   ,  1.08701    ,  2.42657    ,  0.116315   ,  0.0496456  ])
3904    , -22839.5    , array([ 1.53114    ,  0.522801   ,  1.05963    ,  0.655264   ,  1.08701    ,  2.42531    ,  0.307082   ,  0.0496456  ])
3912    , -11206.1    , array([ 1.53114    ,  0.522801   ,  1.05963    ,  0.655264   ,  1.08701    ,  2.42531    ,  0.109876   ,  0.0496456  ])
3920    , -11271.4    , array([ 1.63506    ,  0.553361   ,  1.18059    ,  0.611169   ,  0.899724   ,  2.5107     ,  0.110343   ,  0.0528855  ])
3928    , -11204.4    , array([ 1.51265    ,  0.517363   ,  1.0381     ,  0.66311    ,  1.12033    ,  2.41011    ,  0.109973   ,  0.0490691  ])
3936    , -11204.1    , array([ 1.50149    ,  0.517363   ,  1.0381     ,  0.66311    ,  1.12033    ,  2.41011    ,  0.109973   ,  0.0490691  ])
3952    , -11204      , array([ 1.50042    ,  0.516087   ,  1.0381     ,  0.66311    ,  1.12033    ,  2.41011    ,  0.109973   ,  0.0490691  ])
3960    , -11230.9    , array([ 1.50042    ,  0.516087   ,  1.18819    ,  0.66311    ,  1.12033    ,  2.41011    ,  0.109973   ,  0.0490691  ])
3968    , -12111.2    , array([ 1.50042    ,  0.516087   ,  1.04003    ,  1.66311    ,  1.12033    ,  2.41011    ,  0.109973   ,  0.0490691  ])
3976    , -11197.6    , array([ 1.50042    ,  0.516087   ,  1.04003    ,  0.584894   ,  1.12033    ,  2.41011    ,  0.109973   ,  0.0490691  ])
3984    , -19638.8    , array([ 1.50042    ,  0.516087   ,  1.04003    ,  0.585677   ,  1.12033    ,  2.41011    ,  0.109973   ,  0.431035   ])
3992    , -11213      , array([ 1.50042    ,  0.516087   ,  1.04003    ,  0.585677   ,  1.12033    ,  2.41011    ,  0.109973   ,  0.0511556  ])
4000    , -11338.4    , array([ 1.50042    ,  0.516087   ,  1.04003    ,  0.585677   ,  1.12033    ,  0.79208    ,  0.109973   ,  0.047954   ])
4008    , -11195.1    , array([ 1.50042    ,  0.516087   ,  1.04003    ,  0.585677   ,  1.12033    ,  2.33454    ,  0.109973   ,  0.047954   ])
4024    , -11188.7    , array([ 1.50042    ,  0.516087   ,  1.04003    ,  0.585677   ,  1.12033    ,  2.33529    ,  0.107175   ,  0.047954   ])
4032    , -11188.7    , array([ 1.50357    ,  0.517016   ,  1.0437     ,  0.584337   ,  1.11464    ,  2.33788    ,  0.107156   ,  0.0480524  ])
4040    , -11206.7    , array([ 1.46856    ,  0.5128     ,  1.04528    ,  0.382877   ,  1.12001    ,  2.13955    ,  0.0997485  ,  0.0450401  ])
4048    , -12097.9    , array([ 2.49098    ,  0.51512    ,  1.04163    ,  0.52535    ,  1.12017    ,  2.27711    ,  0.104947   ,  0.0470885  ])
4056    , -11184.9    , array([ 1.49571    ,  0.51512    ,  1.04163    ,  0.52535    ,  1.12017    ,  2.27711    ,  0.104947   ,  0.0470885  ])
4064    , -14653      , array([ 1.49576    ,  0.897086   ,  1.04163    ,  0.52535    ,  1.12017    ,  2.27711    ,  0.104947   ,  0.0470885  ])
4072    , -11184.4    , array([ 1.49576    ,  0.512022   ,  1.04163    ,  0.52535    ,  1.12017    ,  2.27711    ,  0.104947   ,  0.0470885  ])
4080    , -11200.5    , array([ 1.49576    ,  0.512053   ,  0.917372   ,  0.52535    ,  1.12017    ,  2.27711    ,  0.104947   ,  0.0470885  ])
4096    , -11183.1    , array([ 1.49576    ,  0.512053   ,  1.01261    ,  0.519405   ,  1.12017    ,  2.27711    ,  0.104947   ,  0.0470885  ])
4104    , -18246.3    , array([ 1.49576    ,  0.512053   ,  1.01261    ,  0.519464   ,  1.12017    ,  2.27711    ,  0.104947   ,  0.237998   ])
4112    , -11183.3    , array([ 1.49576    ,  0.512053   ,  1.01261    ,  0.519464   ,  1.12017    ,  2.27711    ,  0.104947   ,  0.0472032  ])
4120    , -11182.8    , array([ 1.49576    ,  0.512053   ,  1.01261    ,  0.519464   ,  1.12017    ,  2.27711    ,  0.104947   ,  0.046729   ])
4128    , -11376.1    , array([ 1.32761    ,  0.462605   ,  0.816877   ,  0.590811   ,  1.4232     ,  2.1566     ,  0.104438   ,  0.0414868  ])
4136    , -11182.1    , array([ 1.5073     ,  0.515447   ,  1.02604    ,  0.514565   ,  1.09937    ,  2.30425    ,  0.104982   ,  0.0470889  ])
4144    , -11182.1    , array([ 1.50673    ,  0.51541    ,  1.02629    ,  0.510131   ,  1.09915    ,  2.30012    ,  0.104822   ,  0.0470295  ])
4152    , -12794.5    , array([ 0.888684   ,  0.51541    ,  1.02629    ,  0.510083   ,  1.09915    ,  2.30007    ,  0.10482    ,  0.0470288  ])
4160    , -11182.1    , array([ 1.5025     ,  0.51541    ,  1.02629    ,  0.510083   ,  1.09915    ,  2.30007    ,  0.10482    ,  0.0470288  ])
4168    , -11229.3    , array([ 1.5025     ,  0.545891   ,  1.02629    ,  0.510083   ,  1.09915    ,  2.30007    ,  0.10482    ,  0.0470288  ])
4184    , -11181.6    , array([ 1.5025     ,  0.513866   ,  1.01206    ,  0.510083   ,  1.09915    ,  2.30007    ,  0.10482    ,  0.0470288  ])
4192    , -11316.6    , array([ 1.5025     ,  0.513866   ,  1.0122     ,  0.892049   ,  1.09915    ,  2.30007    ,  0.10482    ,  0.0470288  ])
4200    , -21318.2    , array([ 1.5025     ,  0.513866   ,  1.0122     ,  0.512451   ,  1.09915    ,  2.30007    ,  0.10482    ,  1.04703    ])
4208    , -14391.6    , array([ 1.5025     ,  0.513866   ,  1.0122     ,  0.512451   ,  1.09915    ,  2.30007    ,  0.10482    ,  0.11995    ])
4216    , -11181.6    , array([ 1.5025     ,  0.513866   ,  1.0122     ,  0.512451   ,  1.09915    ,  2.30007    ,  0.10482    ,  0.0469977  ])
4224    , -11181.6    , array([ 1.5025     ,  0.513866   ,  1.0122     ,  0.512451   ,  1.09915    ,  2.32869    ,  0.10482    ,  0.0469974  ])
4232    , -11224.6    , array([ 1.60642    ,  0.544426   ,  1.13317    ,  0.468356   ,  0.911872   ,  2.40319    ,  0.105134   ,  0.0502372  ])
4240    , -11192.2    , array([ 1.52473    ,  0.517477   ,  1.01771    ,  0.607109   ,  1.08687    ,  2.41766    ,  0.108401   ,  0.0486147  ])
