5       , -1310.96    , array([ 0.998333   ,  0.100381   ,  0.0502015  ,  5.01762    ,  2.49395    ])
10      , -1311.05    , array([ 1.00735    ,  0.100381   ,  0.0502015  ,  5.01762    ,  2.49395    ])
15      , -1310.96    , array([ 0.998588   ,  0.100381   ,  0.0502015  ,  5.01762    ,  2.49395    ])
20      , -24552.8    , array([ 0.998588   ,  0.482347   ,  0.0502015  ,  5.01762    ,  2.49395    ])
25      , -3906.75    , array([ 0.998588   ,  0.0659394  ,  0.0502015  ,  5.01762    ,  2.49395    ])
30      , -1310.96    , array([ 0.998588   ,  0.10037    ,  0.0502015  ,  5.01762    ,  2.49395    ])
45      , -1994.05    , array([ 0.998588   ,  0.10037    ,  0.0370459  ,  5.01762    ,  2.49395    ])
50      , -1310.96    , array([ 0.998588   ,  0.10037    ,  0.0502002  ,  5.01762    ,  2.49395    ])
55      , -1310.96    , array([ 0.998588   ,  0.10037    ,  0.0502002  ,  5.01762    ,  2.49395    ])
60      , -1323.51    , array([ 0.998588   ,  0.10037    ,  0.0502001  ,  4.39958    ,  2.49395    ])
65      , -1310.96    , array([ 0.998588   ,  0.10037    ,  0.0502001  ,  5.01543    ,  2.49395    ])
70      , -1310.96    , array([ 0.998588   ,  0.10037    ,  0.0502001  ,  5.01543    ,  2.49395    ])
75      , -1310.96    , array([ 0.998588   ,  0.10037    ,  0.0502001  ,  5.01543    ,  2.49695    ])
