344     , -29795.8    , array([ 100        ,  100        ,  0.049887   ,  0.100942   ])
348     , -29795.8    , array([ 100        ,  100        ,  0.049887   ,  0.100942   ])
400     , -29795.8    , array([ 100        ,  100        ,  0.049887   ,  0.100942   ])
404     , -29796.5    , array([ 100        ,  98.382     ,  0.049887   ,  0.100942   ])
408     , -29795.9    , array([ 100        ,  99.691     ,  0.049887   ,  0.100942   ])
412     , -29795.8    , array([ 100        ,  99.9549    ,  0.049887   ,  0.100942   ])
416     , -29795.8    , array([ 100        ,  99.9934    ,  0.049887   ,  0.100942   ])
420     , -29795.8    , array([ 100        ,  99.999     ,  0.049887   ,  0.100942   ])
424     , -29795.8    , array([ 100        ,  99.9999    ,  0.049887   ,  0.100942   ])
428     , -29795.8    , array([ 100        ,  100        ,  0.049887   ,  0.100942   ])
432     , -29795.8    , array([ 100        ,  100        ,  0.049887   ,  0.100942   ])
436     , -29795.8    , array([ 100        ,  100        ,  0.049887   ,  0.100942   ])
440     , -29795.8    , array([ 100        ,  100        ,  0.049887   ,  0.100942   ])
444     , -29795.8    , array([ 100        ,  100        ,  0.049887   ,  0.100942   ])
448     , -29795.8    , array([ 100        ,  100        ,  0.049887   ,  0.100942   ])
452     , -29795.8    , array([ 100        ,  100        ,  0.049887   ,  0.100942   ])
464     , -31142.8    , array([ 100        ,  100        ,  0.240842   ,  0.100942   ])
468     , -30073.5    , array([ 100        ,  100        ,  0.122825   ,  0.100942   ])
472     , -29795.8    , array([ 100        ,  100        ,  0.0501212  ,  0.100942   ])
476     , -39375      , array([ 100        ,  100        ,  0.0501212  ,  1.10094    ])
480     , -33286.6    , array([ 100        ,  100        ,  0.0501212  ,  0.482908   ])
484     , -30598.6    , array([ 100        ,  100        ,  0.0501212  ,  0.0129806  ])
488     , -29795.8    , array([ 100        ,  100        ,  0.0501212  ,  0.100948   ])
492     , -29795.8    , array([ 100        ,  100        ,  0.0501212  ,  0.100943   ])
