2468    , -393.113    , array([ 15.7057    ,  0.105422   ,  2.64883    ,  0.398235   ])
2472    , -393.113    , array([ 15.69      ,  0.105422   ,  2.64883    ,  0.398235   ])
2476    , -1190.14    , array([ 15.4671    ,  0.0427653  ,  2.40098    ,  0.256248   ])
2480    , -393.126    , array([ 15.6886    ,  0.104833   ,  2.64722    ,  0.397146   ])
2484    , -393.163    , array([ 15.6886    ,  0.104833   ,  2.64722    ,  0.397543   ])
2488    , -393.117    , array([ 15.6897    ,  0.105401   ,  2.64849    ,  0.398002   ])
2492    , -393.112    , array([ 15.6897    ,  0.105278   ,  2.64845    ,  0.397953   ])
2496    , -393.124    , array([ 15.6897    ,  0.105278   ,  2.64845    ,  0.398351   ])
2500    , -393.117    , array([ 15.6896    ,  0.105314   ,  2.64829    ,  0.397757   ])
2504    , -393.111    , array([ 15.689     ,  0.104929   ,  2.64765    ,  0.396974   ])
2508    , -393.123    , array([ 15.689     ,  0.104929   ,  2.64765    ,  0.397371   ])
2512    , -393.112    , array([ 15.6869    ,  0.103924   ,  2.64509    ,  0.393859   ])
2516    , -393.094    , array([ 15.6785    ,  0.0994972  ,  2.63489    ,  0.38164    ])
2520    , -393.111    , array([ 15.6785    ,  0.0994972  ,  2.63489    ,  0.382022   ])
2524    , -393.078    , array([ 15.6447    ,  0.0840177  ,  2.59446    ,  0.33644    ])
2528    , -393.086    , array([ 15.6715    ,  0.0960589  ,  2.62648    ,  0.371822   ])
2532    , -393.109    , array([ 15.6715    ,  0.0960589  ,  2.62648    ,  0.372194   ])
2536    , -393.076    , array([ 15.666     ,  0.0935144  ,  2.61984    ,  0.364228   ])
2540    , -393.082    , array([ 15.6616    ,  0.0913865  ,  2.6146     ,  0.358333   ])
2544    , -393.117    , array([ 15.6616    ,  0.0913865  ,  2.6146     ,  0.358692   ])
2548    , -393.068    , array([ 15.6581    ,  0.0898993  ,  2.61047    ,  0.35374    ])
2552    , -393.082    , array([ 15.6609    ,  0.0910539  ,  2.61373    ,  0.357366   ])
2556    , -393.119    , array([ 15.6609    ,  0.0910539  ,  2.61373    ,  0.357724   ])
2560    , -393.071    , array([ 15.6614    ,  0.0914078  ,  2.61442    ,  0.358129   ])
2564    , -393.082    , array([ 15.6616    ,  0.0913718  ,  2.61456    ,  0.35829    ])
2568    , -393.117    , array([ 15.6616    ,  0.0913718  ,  2.61456    ,  0.358649   ])
2572    , -393.071    , array([ 15.6616    ,  0.0914749  ,  2.61459    ,  0.358324   ])
2576    , -393.082    , array([ 15.6616    ,  0.0913859  ,  2.6146     ,  0.358331   ])
2580    , -393.117    , array([ 15.6616    ,  0.0913859  ,  2.6146     ,  0.35869    ])
2584    , -393.071    , array([ 15.6616    ,  0.0914778  ,  2.6146     ,  0.358333   ])
2588    , -393.082    , array([ 15.6616    ,  0.0913865  ,  2.6146     ,  0.358333   ])
2592    , -393.117    , array([ 15.6616    ,  0.0913865  ,  2.6146     ,  0.358692   ])
2596    , -393.071    , array([ 15.6616    ,  0.091478   ,  2.6146     ,  0.358333   ])
2600    , -393.082    , array([ 15.6616    ,  0.0913865  ,  2.6146     ,  0.358333   ])
2604    , -393.117    , array([ 15.6616    ,  0.0913865  ,  2.6146     ,  0.358692   ])
2608    , -393.071    , array([ 15.6616    ,  0.091478   ,  2.6146     ,  0.358333   ])
2612    , -393.082    , array([ 15.6616    ,  0.0913865  ,  2.6146     ,  0.358333   ])
2616    , -393.117    , array([ 15.6616    ,  0.0913865  ,  2.6146     ,  0.358692   ])
2620    , -393.071    , array([ 15.6616    ,  0.091478   ,  2.6146     ,  0.358333   ])
2624    , -393.082    , array([ 15.6616    ,  0.0913865  ,  2.6146     ,  0.358333   ])
2628    , -393.117    , array([ 15.6616    ,  0.0913865  ,  2.6146     ,  0.358692   ])
2632    , -393.071    , array([ 15.6616    ,  0.091478   ,  2.6146     ,  0.358333   ])
2636    , -393.082    , array([ 15.6616    ,  0.0913865  ,  2.6146     ,  0.358333   ])
2640    , -393.117    , array([ 15.6616    ,  0.0913865  ,  2.6146     ,  0.358692   ])
2644    , -393.071    , array([ 15.6616    ,  0.091478   ,  2.6146     ,  0.358333   ])
2648    , -393.082    , array([ 15.6616    ,  0.0913865  ,  2.6146     ,  0.358333   ])
2652    , -393.117    , array([ 15.6616    ,  0.0913865  ,  2.6146     ,  0.358692   ])
2656    , -393.071    , array([ 15.6616    ,  0.091478   ,  2.6146     ,  0.358333   ])
2660    , -393.082    , array([ 15.6616    ,  0.0913865  ,  2.6146     ,  0.358333   ])
2664    , -393.117    , array([ 15.6616    ,  0.0913865  ,  2.6146     ,  0.358692   ])
2668    , -393.071    , array([ 15.6616    ,  0.091478   ,  2.6146     ,  0.358333   ])
2672    , -393.082    , array([ 15.6616    ,  0.0913865  ,  2.6146     ,  0.358333   ])
2676    , -393.117    , array([ 15.6616    ,  0.0913865  ,  2.6146     ,  0.358692   ])
2680    , -393.117    , array([ 15.6897    ,  0.105384   ,  2.64845    ,  0.397953   ])
2684    , -393.112    , array([ 15.6897    ,  0.105261   ,  2.64841    ,  0.397904   ])
2688    , -393.124    , array([ 15.6897    ,  0.105261   ,  2.64841    ,  0.398302   ])
2692    , -393.117    , array([ 15.6896    ,  0.105331   ,  2.64833    ,  0.397806   ])
2696    , -393.111    , array([ 15.6895    ,  0.105156   ,  2.64817    ,  0.39761    ])
2700    , -393.123    , array([ 15.6895    ,  0.105156   ,  2.64817    ,  0.398008   ])
2704    , -393.116    , array([ 15.6892    ,  0.105122   ,  2.64785    ,  0.397218   ])
2708    , -393.11     , array([ 15.6887    ,  0.104738   ,  2.64721    ,  0.396437   ])
2712    , -393.122    , array([ 15.6887    ,  0.104738   ,  2.64721    ,  0.396833   ])
2716    , -393.113    , array([ 15.6876    ,  0.104287   ,  2.64593    ,  0.394878   ])
2720    , -393.105    , array([ 15.6855    ,  0.103081   ,  2.64337    ,  0.391779   ])
2724    , -393.118    , array([ 15.6855    ,  0.103081   ,  2.64337    ,  0.392171   ])
2728    , -393.102    , array([ 15.6813    ,  0.101013   ,  2.63827    ,  0.385654   ])
2732    , -393.087    , array([ 15.6728    ,  0.0967107  ,  2.62809    ,  0.37369    ])
2736    , -393.109    , array([ 15.6728    ,  0.0967107  ,  2.62809    ,  0.374064   ])
2740    , -393.068    , array([ 15.6559    ,  0.0889143  ,  2.60785    ,  0.350864   ])
2744    , -393.11     , array([ 15.7766    ,  0.0877471  ,  2.73215    ,  0.350746   ])
2748    , -393.176    , array([ 15.7766    ,  0.0877471  ,  2.73215    ,  0.351097   ])
2752    , -393.068    , array([ 15.6731    ,  0.0887597  ,  2.62521    ,  0.350847   ])
2756    , -393.085    , array([ 15.6585    ,  0.088802   ,  2.61048    ,  0.350861   ])
2760    , -393.131    , array([ 15.6585    ,  0.088802   ,  2.61048    ,  0.351212   ])
2764    , -393.068    , array([ 15.6563    ,  0.0889107  ,  2.60826    ,  0.350863   ])
2768    , -393.085    , array([ 15.656     ,  0.0888249  ,  2.60791    ,  0.350864   ])
2772    , -393.13     , array([ 15.656     ,  0.0888249  ,  2.60791    ,  0.351215   ])
2776    , -393.068    , array([ 15.656     ,  0.0889142  ,  2.60786    ,  0.350864   ])
2780    , -393.085    , array([ 15.6559    ,  0.0888254  ,  2.60785    ,  0.350864   ])
2784    , -393.13     , array([ 15.6559    ,  0.0888254  ,  2.60785    ,  0.351215   ])
2788    , -393.068    , array([ 15.6559    ,  0.0889143  ,  2.60785    ,  0.350864   ])
2792    , -393.085    , array([ 15.6559    ,  0.0888254  ,  2.60785    ,  0.350864   ])
2796    , -393.13     , array([ 15.6559    ,  0.0888254  ,  2.60785    ,  0.351215   ])
2800    , -393.068    , array([ 15.6559    ,  0.0889143  ,  2.60785    ,  0.350864   ])
2804    , -393.085    , array([ 15.6559    ,  0.0888254  ,  2.60785    ,  0.350864   ])
2808    , -393.13     , array([ 15.6559    ,  0.0888254  ,  2.60785    ,  0.351215   ])
2812    , -393.068    , array([ 15.6559    ,  0.0889143  ,  2.60785    ,  0.350864   ])
2816    , -393.085    , array([ 15.6559    ,  0.0888254  ,  2.60785    ,  0.350864   ])
2820    , -393.13     , array([ 15.6559    ,  0.0888254  ,  2.60785    ,  0.351215   ])
2824    , -393.068    , array([ 15.6559    ,  0.0889143  ,  2.60785    ,  0.350864   ])
2828    , -393.085    , array([ 15.6559    ,  0.0888254  ,  2.60785    ,  0.350864   ])
2832    , -393.13     , array([ 15.6559    ,  0.0888254  ,  2.60785    ,  0.351215   ])
2836    , -393.068    , array([ 15.6559    ,  0.0889143  ,  2.60785    ,  0.350864   ])
2840    , -393.085    , array([ 15.6559    ,  0.0888254  ,  2.60785    ,  0.350864   ])
2844    , -393.13     , array([ 15.6559    ,  0.0888254  ,  2.60785    ,  0.351215   ])
2848    , -393.068    , array([ 15.6559    ,  0.0889143  ,  2.60785    ,  0.350864   ])
2852    , -393.085    , array([ 15.6559    ,  0.0888254  ,  2.60785    ,  0.350864   ])
2856    , -393.13     , array([ 15.6559    ,  0.0888254  ,  2.60785    ,  0.351215   ])
2860    , -393.068    , array([ 15.6559    ,  0.0889143  ,  2.60785    ,  0.350864   ])
2864    , -393.085    , array([ 15.6559    ,  0.0888254  ,  2.60785    ,  0.350864   ])
2868    , -393.13     , array([ 15.6559    ,  0.0888254  ,  2.60785    ,  0.351215   ])
2872    , -393.068    , array([ 15.6559    ,  0.0889143  ,  2.60785    ,  0.350864   ])
2876    , -393.085    , array([ 15.6559    ,  0.0888254  ,  2.60785    ,  0.350864   ])
2880    , -393.13     , array([ 15.6559    ,  0.0888254  ,  2.60785    ,  0.351215   ])
2884    , -393.068    , array([ 15.6559    ,  0.0889143  ,  2.60785    ,  0.350864   ])
2888    , -393.085    , array([ 15.6559    ,  0.0888254  ,  2.60785    ,  0.350864   ])
2892    , -393.13     , array([ 15.6559    ,  0.0888254  ,  2.60785    ,  0.351215   ])
2896    , -393.068    , array([ 15.6559    ,  0.0889143  ,  2.60785    ,  0.350864   ])
2900    , -393.085    , array([ 15.6559    ,  0.0888254  ,  2.60785    ,  0.350864   ])
2904    , -393.13     , array([ 15.6559    ,  0.0888254  ,  2.60785    ,  0.351215   ])
2908    , -393.068    , array([ 15.6559    ,  0.0889143  ,  2.60785    ,  0.350864   ])
2912    , -393.085    , array([ 15.6559    ,  0.0888254  ,  2.60785    ,  0.350864   ])
2916    , -393.13     , array([ 15.6559    ,  0.0888254  ,  2.60785    ,  0.351215   ])
2920    , -393.068    , array([ 15.6559    ,  0.0889143  ,  2.60785    ,  0.350864   ])
2924    , -393.085    , array([ 15.6559    ,  0.0888254  ,  2.60785    ,  0.350864   ])
2928    , -393.13     , array([ 15.6559    ,  0.0888254  ,  2.60785    ,  0.351215   ])
2932    , -393.068    , array([ 15.6559    ,  0.0889143  ,  2.60785    ,  0.350864   ])
2936    , -393.085    , array([ 15.6559    ,  0.0888254  ,  2.60785    ,  0.350864   ])
2940    , -393.13     , array([ 15.6559    ,  0.0888254  ,  2.60785    ,  0.351215   ])
2944    , -393.068    , array([ 15.6559    ,  0.0889143  ,  2.60785    ,  0.350864   ])
2948    , -393.085    , array([ 15.6559    ,  0.0888254  ,  2.60785    ,  0.350864   ])
2952    , -393.13     , array([ 15.6559    ,  0.0888254  ,  2.60785    ,  0.351215   ])
2956    , -393.068    , array([ 15.6559    ,  0.0889143  ,  2.60785    ,  0.350864   ])
2960    , -393.085    , array([ 15.6559    ,  0.0888254  ,  2.60785    ,  0.350864   ])
2964    , -393.13     , array([ 15.6559    ,  0.0888254  ,  2.60785    ,  0.351215   ])
2968    , -393.068    , array([ 15.6559    ,  0.0889143  ,  2.60785    ,  0.350864   ])
2972    , -393.085    , array([ 15.6559    ,  0.0888254  ,  2.60785    ,  0.350864   ])
2976    , -393.13     , array([ 15.6559    ,  0.0888254  ,  2.60785    ,  0.351215   ])
2980    , -393.068    , array([ 15.6559    ,  0.0889143  ,  2.60785    ,  0.350864   ])
2984    , -393.085    , array([ 15.6559    ,  0.0888254  ,  2.60785    ,  0.350864   ])
2988    , -393.13     , array([ 15.6559    ,  0.0888254  ,  2.60785    ,  0.351215   ])
2992    , -393.068    , array([ 15.6559    ,  0.0889143  ,  2.60785    ,  0.350864   ])
2996    , -393.085    , array([ 15.6559    ,  0.0888254  ,  2.60785    ,  0.350864   ])
3000    , -393.13     , array([ 15.6559    ,  0.0888254  ,  2.60785    ,  0.351215   ])
3004    , -393.068    , array([ 15.6559    ,  0.0889143  ,  2.60785    ,  0.350864   ])
3008    , -393.085    , array([ 15.6559    ,  0.0888254  ,  2.60785    ,  0.350864   ])
3012    , -393.13     , array([ 15.6559    ,  0.0888254  ,  2.60785    ,  0.351215   ])
3016    , -393.068    , array([ 15.6559    ,  0.0889143  ,  2.60785    ,  0.350864   ])
3020    , -393.085    , array([ 15.6559    ,  0.0888254  ,  2.60785    ,  0.350864   ])
3024    , -393.13     , array([ 15.6559    ,  0.0888254  ,  2.60785    ,  0.351215   ])
3028    , -393.068    , array([ 15.6559    ,  0.0889143  ,  2.60785    ,  0.350864   ])
3032    , -393.085    , array([ 15.6559    ,  0.0888254  ,  2.60785    ,  0.350864   ])
3036    , -393.13     , array([ 15.6559    ,  0.0888254  ,  2.60785    ,  0.351215   ])
3040    , -393.068    , array([ 15.6559    ,  0.0889143  ,  2.60785    ,  0.350864   ])
3044    , -393.085    , array([ 15.6559    ,  0.0888254  ,  2.60785    ,  0.350864   ])
3048    , -393.13     , array([ 15.6559    ,  0.0888254  ,  2.60785    ,  0.351215   ])
3052    , -393.068    , array([ 15.6559    ,  0.0889143  ,  2.60785    ,  0.350864   ])
3056    , -393.085    , array([ 15.6559    ,  0.0888254  ,  2.60785    ,  0.350864   ])
3060    , -393.13     , array([ 15.6559    ,  0.0888254  ,  2.60785    ,  0.351215   ])
3064    , -393.068    , array([ 15.6559    ,  0.0889143  ,  2.60785    ,  0.350864   ])
3068    , -393.085    , array([ 15.6559    ,  0.0888254  ,  2.60785    ,  0.350864   ])
3072    , -393.13     , array([ 15.6559    ,  0.0888254  ,  2.60785    ,  0.351215   ])
3076    , -393.068    , array([ 15.6559    ,  0.0889143  ,  2.60785    ,  0.350864   ])
3080    , -393.085    , array([ 15.6559    ,  0.0888254  ,  2.60785    ,  0.350864   ])
3084    , -393.13     , array([ 15.6559    ,  0.0888254  ,  2.60785    ,  0.351215   ])
3088    , -393.068    , array([ 15.6559    ,  0.0889143  ,  2.60785    ,  0.350864   ])
3092    , -393.085    , array([ 15.6559    ,  0.0888254  ,  2.60785    ,  0.350864   ])
3096    , -393.13     , array([ 15.6559    ,  0.0888254  ,  2.60785    ,  0.351215   ])
3100    , -393.068    , array([ 15.6559    ,  0.0889143  ,  2.60785    ,  0.350864   ])
3104    , -393.085    , array([ 15.6559    ,  0.0888254  ,  2.60785    ,  0.350864   ])
3108    , -393.13     , array([ 15.6559    ,  0.0888254  ,  2.60785    ,  0.351215   ])
3112    , -393.068    , array([ 15.6559    ,  0.0889143  ,  2.60785    ,  0.350864   ])
3116    , -393.085    , array([ 15.6559    ,  0.0888254  ,  2.60785    ,  0.350864   ])
3120    , -393.13     , array([ 15.6559    ,  0.0888254  ,  2.60785    ,  0.351215   ])
3124    , -393.068    , array([ 15.6559    ,  0.0889143  ,  2.60785    ,  0.350864   ])
3128    , -393.085    , array([ 15.6559    ,  0.0888254  ,  2.60785    ,  0.350864   ])
3132    , -393.13     , array([ 15.6559    ,  0.0888254  ,  2.60785    ,  0.351215   ])
3136    , -393.068    , array([ 15.6559    ,  0.0889143  ,  2.60785    ,  0.350864   ])
3140    , -393.085    , array([ 15.6559    ,  0.0888254  ,  2.60785    ,  0.350864   ])
3144    , -393.13     , array([ 15.6559    ,  0.0888254  ,  2.60785    ,  0.351215   ])
3148    , -393.068    , array([ 15.6559    ,  0.0889143  ,  2.60785    ,  0.350864   ])
3152    , -393.085    , array([ 15.6559    ,  0.0888254  ,  2.60785    ,  0.350864   ])
3156    , -393.13     , array([ 15.6559    ,  0.0888254  ,  2.60785    ,  0.351215   ])
3160    , -393.068    , array([ 15.6559    ,  0.0889143  ,  2.60785    ,  0.350864   ])
3164    , -393.085    , array([ 15.6559    ,  0.0888254  ,  2.60785    ,  0.350864   ])
3168    , -393.13     , array([ 15.6559    ,  0.0888254  ,  2.60785    ,  0.351215   ])
3172    , -393.068    , array([ 15.6559    ,  0.0889143  ,  2.60785    ,  0.350864   ])
3176    , -393.085    , array([ 15.6559    ,  0.0888254  ,  2.60785    ,  0.350864   ])
3180    , -393.13     , array([ 15.6559    ,  0.0888254  ,  2.60785    ,  0.351215   ])
3184    , -393.068    , array([ 15.6559    ,  0.0889143  ,  2.60785    ,  0.350864   ])
3188    , -393.085    , array([ 15.6559    ,  0.0888254  ,  2.60785    ,  0.350864   ])
3192    , -393.13     , array([ 15.6559    ,  0.0888254  ,  2.60785    ,  0.351215   ])
3196    , -393.068    , array([ 15.6559    ,  0.0889143  ,  2.60785    ,  0.350864   ])
3200    , -393.085    , array([ 15.6559    ,  0.0888254  ,  2.60785    ,  0.350864   ])
3204    , -393.13     , array([ 15.6559    ,  0.0888254  ,  2.60785    ,  0.351215   ])
3208    , -393.086    , array([ 15.6603    ,  0.0887863  ,  2.61223    ,  0.350859   ])
3212    , -393.085    , array([ 15.656     ,  0.0888249  ,  2.60791    ,  0.350864   ])
3216    , -393.085    , array([ 15.6559    ,  0.0888254  ,  2.60785    ,  0.350864   ])
