80      , -1651.62    , array([ 1.99956    ,  0.102258   ,  0.0512742  ,  5.02526    ,  2.43341    ])
85      , -1333.16    , array([ 1.15478    ,  0.102258   ,  0.0512742  ,  5.02526    ,  2.43341    ])
90      , -1311.21    , array([ 0.998454   ,  0.102258   ,  0.0512742  ,  5.02526    ,  2.43341    ])
95      , -1311.21    , array([ 0.998441   ,  0.102258   ,  0.0512742  ,  5.02526    ,  2.43341    ])
100     , -71416.9    , array([ 0.998441   ,  0.0120883  ,  0.0512742  ,  5.02526    ,  2.43341    ])
105     , -1311.28    , array([ 0.998441   ,  0.101981   ,  0.0512742  ,  5.02526    ,  2.43341    ])
110     , -1311.21    , array([ 0.998441   ,  0.102205   ,  0.0512742  ,  5.02526    ,  2.43341    ])
120     , -5015.38    , array([ 0.998441   ,  0.102204   ,  0.124192   ,  5.02526    ,  2.43341    ])
125     , -1312.68    , array([ 0.998441   ,  0.102204   ,  0.0519732  ,  5.02526    ,  2.43341    ])
130     , -1311.2     , array([ 0.998441   ,  0.102204   ,  0.0512088  ,  5.02526    ,  2.43341    ])
135     , -1315.93    , array([ 0.998441   ,  0.102204   ,  0.0512088  ,  5.40722    ,  2.43341    ])
140     , -1311.2     , array([ 0.998441   ,  0.102204   ,  0.0512088  ,  5.02528    ,  2.43341    ])
145     , -1311.2     , array([ 0.998441   ,  0.102204   ,  0.0512088  ,  5.02524    ,  2.43341    ])
150     , -1380.05    , array([ 0.998441   ,  0.102204   ,  0.0512088  ,  5.02524    ,  3.43341    ])
155     , -1311.21    , array([ 0.998441   ,  0.102204   ,  0.0512088  ,  5.02524    ,  2.44447    ])
160     , -1311.2     , array([ 0.998441   ,  0.102204   ,  0.0512088  ,  5.02524    ,  2.43321    ])
165     , -1311.2     , array([ 0.998441   ,  0.102204   ,  0.0512088  ,  5.02524    ,  2.43318    ])
