355     , -1311.2     , array([ 0.99685    ,  0.102024   ,  5.02835    ,  2.44654    ,  0.0512567  ])
360     , -1406.74    , array([ 1.37882    ,  0.102024   ,  5.02835    ,  2.44654    ,  0.0512567  ])
365     , -1311.2     , array([ 0.99801    ,  0.102024   ,  5.02835    ,  2.44654    ,  0.0512567  ])
380     , -1320.26    , array([ 0.997999   ,  0.104624   ,  5.02835    ,  2.44654    ,  0.0512567  ])
385     , -1311.2     , array([ 0.997999   ,  0.101987   ,  5.02835    ,  2.44654    ,  0.0512567  ])
390     , -1324.27    , array([ 0.997999   ,  0.101986   ,  4.41032    ,  2.44654    ,  0.0512567  ])
395     , -1311.2     , array([ 0.997999   ,  0.101986   ,  5.02855    ,  2.44654    ,  0.0512567  ])
400     , -1311.2     , array([ 0.997999   ,  0.101986   ,  5.02855    ,  2.44654    ,  0.0512567  ])
405     , -1311.2     , array([ 0.997999   ,  0.101986   ,  5.02855    ,  2.45203    ,  0.0512567  ])
410     , -1311.2     , array([ 0.997999   ,  0.101986   ,  5.02855    ,  2.45203    ,  0.0512567  ])
420     , -1364.34    , array([ 0.997999   ,  0.101986   ,  5.02855    ,  2.45203    ,  0.0560332  ])
425     , -1311.19    , array([ 0.997999   ,  0.101986   ,  5.02855    ,  2.45203    ,  0.0512081  ])
