5       , -1311.04    , array([ 0.999545   ,  0.0987258  ,  5.01057    ,  2.54612    ,  0.0493342  ])
10      , -1311.12    , array([ 1.00764    ,  0.0987258  ,  5.01057    ,  2.54612    ,  0.0493342  ])
15      , -1311.04    , array([ 0.998676   ,  0.0987258  ,  5.01057    ,  2.54612    ,  0.0493342  ])
20      , -24831.7    , array([ 0.998676   ,  0.480692   ,  5.01057    ,  2.54612    ,  0.0493342  ])
25      , -4019.79    , array([ 0.998676   ,  0.064284   ,  5.01057    ,  2.54612    ,  0.0493342  ])
30      , -1311.03    , array([ 0.998676   ,  0.0987789  ,  5.01057    ,  2.54612    ,  0.0493342  ])
35      , -1398.28    , array([ 0.998676   ,  0.0987789  ,  3.39254    ,  2.54612    ,  0.0493342  ])
40      , -1311.02    , array([ 0.998676   ,  0.0987789  ,  4.99458    ,  2.54612    ,  0.0493342  ])
45      , -1526.43    , array([ 0.998676   ,  0.0987789  ,  4.9948     ,  0.928086   ,  0.0493342  ])
50      , -1311.02    , array([ 0.998676   ,  0.0987789  ,  4.9948     ,  2.54413    ,  0.0493342  ])
55      , -13729.6    , array([ 0.998676   ,  0.0987789  ,  4.9948     ,  2.54435    ,  1.04933    ])
60      , -9153.3     , array([ 0.998676   ,  0.0987789  ,  4.9948     ,  2.54435    ,  0.240234   ])
65      , -2473.38    , array([ 0.998676   ,  0.0987789  ,  4.9948     ,  2.54435    ,  0.0771861  ])
70      , -1311.02    , array([ 0.998676   ,  0.0987789  ,  4.9948     ,  2.54435    ,  0.0493427  ])
