436     , -33416.6    , array([ 0.193485   ,  17.3507    ,  0.0067107  ,  0.0181856  ])
448     , -27878      , array([ 0.00184018 ,  17.3507    ,  0.0067107  ,  0.0181856  ])
452     , -23923      , array([ 0.00257491 ,  17.3507    ,  0.0067107  ,  0.0181856  ])
456     , -23922.8    , array([ 0.00256899 ,  17.3507    ,  0.0067107  ,  0.0181856  ])
460     , -23922.8    , array([ 0.00256903 ,  16.2467    ,  0.0067107  ,  0.0181856  ])
464     , -23922.8    , array([ 0.00256903 ,  16.279     ,  0.0067107  ,  0.0181856  ])
468     , -65373.1    , array([ 0.00256903 ,  16.2683    ,  1.00671    ,  0.0181856  ])
472     , -65373.1    , array([ 0.00256903 ,  16.2683    ,  0.388677   ,  0.0181856  ])
476     , -65373.1    , array([ 0.00256903 ,  16.2683    ,  0.0795317  ,  0.0181856  ])
480     , -56235.5    , array([ 0.00256903 ,  16.2683    ,  0.0173351  ,  0.0181856  ])
484     , -23922.8    , array([ 0.00256903 ,  16.2683    ,  0.00670763 ,  0.0181856  ])
488     , -23922.8    , array([ 0.00256903 ,  16.2683    ,  0.00670769 ,  0.0181856  ])
500     , -29119.4    , array([ 0.00256903 ,  16.2683    ,  0.00670769 ,  0.00503    ])
504     , -23923.1    , array([ 0.00256903 ,  16.2683    ,  0.00670769 ,  0.0183182  ])
508     , -23922.8    , array([ 0.00256903 ,  16.2683    ,  0.00670769 ,  0.0181563  ])
