4       , -376.471    , array([ 98.382     ,  0.180174   ,  0.153345   ,  0.359979   ])
8       , -376.47     , array([ 99.691     ,  0.180174   ,  0.153345   ,  0.359979   ])
12      , -376.47     , array([ 99.9549    ,  0.180174   ,  0.153345   ,  0.359979   ])
16      , -376.47     , array([ 99.9934    ,  0.180174   ,  0.153345   ,  0.359979   ])
52      , -376.47     , array([ 100        ,  0.180174   ,  0.153345   ,  0.359979   ])
56      , -376.47     , array([ 100        ,  0.180174   ,  0.153345   ,  0.359979   ])
60      , -376.47     , array([ 100        ,  0.180174   ,  0.153345   ,  0.359979   ])
64      , -405.132    , array([ 100        ,  0.21688    ,  0.153345   ,  0.359979   ])
68      , -380.632    , array([ 100        ,  0.185596   ,  0.153345   ,  0.359979   ])
72      , -386.356    , array([ 100        ,  0.178255   ,  0.153345   ,  0.359979   ])
76      , -376.492    , array([ 100        ,  0.179894   ,  0.153345   ,  0.359979   ])
80      , -376.385    , array([ 100        ,  0.17995    ,  0.153345   ,  0.359979   ])
84      , -376.34     , array([ 100        ,  0.179993   ,  0.153345   ,  0.359979   ])
92      , -407.56     , array([ 100        ,  0.179991   ,  0.344327   ,  0.359979   ])
96      , -376.331    , array([ 100        ,  0.179991   ,  0.156043   ,  0.359979   ])
104     , -914.431    , array([ 100        ,  0.179991   ,  0.156043   ,  0.550952   ])
108     , -399.663    , array([ 100        ,  0.179991   ,  0.156043   ,  0.337218   ])
112     , -376.799    , array([ 100        ,  0.179991   ,  0.156043   ,  0.359062   ])
116     , -376.338    , array([ 100        ,  0.179991   ,  0.156043   ,  0.359965   ])
120     , -376.33     , array([ 100        ,  0.179991   ,  0.156043   ,  0.359982   ])
124     , -376.33     , array([ 100        ,  0.179991   ,  0.156043   ,  0.359982   ])
128     , -376.33     , array([ 100        ,  0.179991   ,  0.156043   ,  0.359981   ])
132     , -376.33     , array([ 100        ,  0.179991   ,  0.156043   ,  0.359981   ])
136     , -376.33     , array([ 99.382     ,  0.179991   ,  0.156043   ,  0.359981   ])
140     , -376.33     , array([ 99.882     ,  0.179991   ,  0.156043   ,  0.359981   ])
144     , -376.33     , array([ 99.9828    ,  0.179991   ,  0.156043   ,  0.359981   ])
148     , -376.33     , array([ 99.9975    ,  0.179991   ,  0.156043   ,  0.359981   ])
152     , -376.33     , array([ 99.9996    ,  0.179991   ,  0.156043   ,  0.359981   ])
172     , -376.33     , array([ 100        ,  0.179991   ,  0.156043   ,  0.359981   ])
176     , -376.33     , array([ 100        ,  0.179991   ,  0.156043   ,  0.359981   ])
180     , -376.33     , array([ 100        ,  0.179991   ,  0.156043   ,  0.359981   ])
192     , -423.352    , array([ 100        ,  0.166835   ,  0.156043   ,  0.359981   ])
196     , -376.895    , array([ 100        ,  0.180754   ,  0.156043   ,  0.359981   ])
200     , -376.412    , array([ 100        ,  0.180102   ,  0.156043   ,  0.359981   ])
204     , -376.332    , array([ 100        ,  0.179987   ,  0.156043   ,  0.359981   ])
208     , -376.33     , array([ 100        ,  0.17999    ,  0.156043   ,  0.359981   ])
212     , -376.33     , array([ 100        ,  0.179991   ,  0.156043   ,  0.359981   ])
216     , -376.33     , array([ 100        ,  0.179991   ,  0.156043   ,  0.359981   ])
220     , -376.33     , array([ 100        ,  0.179991   ,  0.156043   ,  0.359981   ])
228     , -408.39     , array([ 100        ,  0.179991   ,  0.347025   ,  0.359981   ])
232     , -376.33     , array([ 100        ,  0.179991   ,  0.156071   ,  0.359981   ])
236     , -376.331    , array([ 100        ,  0.179991   ,  0.155297   ,  0.359981   ])
240     , -376.33     , array([ 100        ,  0.179991   ,  0.156027   ,  0.359981   ])
244     , -376.33     , array([ 100        ,  0.179991   ,  0.156056   ,  0.359981   ])
248     , -376.33     , array([ 100        ,  0.179991   ,  0.156054   ,  0.359981   ])
252     , -376.33     , array([ 100        ,  0.179991   ,  0.156054   ,  0.359981   ])
260     , -389.174    , array([ 100        ,  0.179991   ,  0.156054   ,  0.364478   ])
264     , -377.834    , array([ 100        ,  0.179991   ,  0.156054   ,  0.357258   ])
268     , -376.447    , array([ 100        ,  0.179991   ,  0.156054   ,  0.359745   ])
272     , -376.336    , array([ 100        ,  0.179991   ,  0.156054   ,  0.360004   ])
276     , -376.331    , array([ 100        ,  0.179991   ,  0.156054   ,  0.359979   ])
280     , -376.33     , array([ 100        ,  0.179991   ,  0.156054   ,  0.359981   ])
284     , -376.33     , array([ 100        ,  0.179991   ,  0.156054   ,  0.359981   ])
288     , -376.33     , array([ 100        ,  0.179991   ,  0.156054   ,  0.359981   ])
292     , -376.33     , array([ 100        ,  0.179991   ,  0.156054   ,  0.359981   ])
