1024    , -94.8203    , array([ 0.106676   ,  1.95698    ,  0.214637   ,  0.0350298  ])
1032    , -10989.5    , array([ 0.0165065  ,  1.95698    ,  0.214637   ,  0.0350298  ])
1036    , -95.1615    , array([ 0.108804   ,  1.95698    ,  0.214637   ,  0.0350298  ])
1040    , -94.808     , array([ 0.106202   ,  1.95698    ,  0.214637   ,  0.0350298  ])
1044    , -94.808     , array([ 0.106197   ,  1.95698    ,  0.214637   ,  0.0350298  ])
1048    , -94.8107    , array([ 0.106197   ,  1.94958    ,  0.214637   ,  0.0350298  ])
1052    , -94.8077    , array([ 0.106197   ,  1.96078    ,  0.214637   ,  0.0350298  ])
1060    , -455.052    , array([ 0.106197   ,  1.9607     ,  0.405609   ,  0.0350298  ])
1064    , -94.726     , array([ 0.106197   ,  1.9607     ,  0.211999   ,  0.0350298  ])
1072    , -3872.18    , array([ 0.106197   ,  1.9607     ,  0.211999   ,  0.225958   ])
1076    , -1751.07    , array([ 0.106197   ,  1.9607     ,  0.211999   ,  0.000587999])
1080    , -94.7422    , array([ 0.106197   ,  1.9607     ,  0.211999   ,  0.0355619  ])
1084    , -94.5906    , array([ 0.105718   ,  1.96443    ,  0.20936    ,  0.0355066  ])
1088    , -94.4613    , array([ 0.104221   ,  1.97607    ,  0.201116   ,  0.0362514  ])
1092    , -94.4613    , array([ 0.104497   ,  1.97393    ,  0.202634   ,  0.0361142  ])
1096    , -94.4599    , array([ 0.10436    ,  1.97499    ,  0.201881   ,  0.0361823  ])
1104    , -13690.8    , array([ 0.0141902  ,  1.97499    ,  0.201881   ,  0.0361823  ])
1108    , -94.6308    , array([ 0.104956   ,  1.97499    ,  0.201881   ,  0.0361823  ])
1112    , -94.1696    , array([ 0.102115   ,  1.97499    ,  0.201881   ,  0.0361823  ])
1116    , -595.469    , array([ 0.102115   ,  0.356955   ,  0.201881   ,  0.0361823  ])
1120    , -94.3134    , array([ 0.102115   ,  2.01462    ,  0.201881   ,  0.0361823  ])
1124    , -94.096     , array([ 0.102115   ,  1.92226    ,  0.201881   ,  0.0361823  ])
1132    , -3816.36    , array([ 0.102115   ,  1.92141    ,  0.201881   ,  0.22711    ])
1136    , -1639.67    , array([ 0.102115   ,  1.92141    ,  0.201881   ,  0.0017404  ])
1140    , -94.1443    , array([ 0.102115   ,  1.92141    ,  0.201881   ,  0.0364655  ])
1144    , -94.0959    , array([ 0.102115   ,  1.92141    ,  0.201881   ,  0.0361708  ])
1148    , -94.0959    , array([ 0.102115   ,  1.92141    ,  0.201881   ,  0.0361707  ])
1152    , -93.8711    , array([ 0.100277   ,  1.9357     ,  0.191764   ,  0.0370848  ])
1156    , -93.8692    , array([ 0.100426   ,  1.93454    ,  0.192581   ,  0.037011   ])
1160    , -93.7484    , array([ 0.0946542  ,  1.90838    ,  0.173163   ,  0.0387538  ])
1164    , -93.6732    , array([ 0.0968588  ,  1.91837    ,  0.18058    ,  0.0380881  ])
1168    , -93.6728    , array([ 0.0966555  ,  1.91745    ,  0.179896   ,  0.0381495  ])
1172    , -93.6728    , array([ 0.0966928  ,  1.91762    ,  0.180021   ,  0.0381382  ])
1176    , -93.5197    , array([ 0.0979016  ,  1.90822    ,  0.186678   ,  0.0375368  ])
1180    , -770.403    , array([ 0.0979016  ,  0.290187   ,  0.186678   ,  0.0375368  ])
1184    , -93.7144    , array([ 0.0979016  ,  1.98387    ,  0.186678   ,  0.0375368  ])
1188    , -93.5171    , array([ 0.0979016  ,  1.89867    ,  0.186678   ,  0.0375368  ])
1192    , -93.5171    , array([ 0.0979016  ,  1.89835    ,  0.186678   ,  0.0375368  ])
1200    , -3709.36    , array([ 0.0979016  ,  1.89867    ,  0.186678   ,  0.228466   ])
1204    , -1512.41    , array([ 0.0979016  ,  1.89867    ,  0.186678   ,  0.00309494 ])
1208    , -93.6999    , array([ 0.0979016  ,  1.89867    ,  0.186678   ,  0.0369602  ])
1212    , -93.517     , array([ 0.0979016  ,  1.89867    ,  0.186678   ,  0.0375424  ])
1216    , -93.517     , array([ 0.0979016  ,  1.89867    ,  0.186678   ,  0.0375456  ])
1220    , -93.3687    , array([ 0.0941687  ,  1.88175    ,  0.174119   ,  0.0386729  ])
1224    , -93.3627    , array([ 0.0947357  ,  1.88432    ,  0.176027   ,  0.0385017  ])
1228    , -94.2958    , array([ 0.0928985  ,  1.89861    ,  0.165909   ,  0.0394157  ])
1232    , -93.3091    , array([ 0.0965729  ,  1.87004    ,  0.186144   ,  0.0375876  ])
1236    , -93.2432    , array([ 0.0957487  ,  1.87644    ,  0.181605   ,  0.0379977  ])
1240    , -93.2432    , array([ 0.0957589  ,  1.87637    ,  0.181661   ,  0.0379926  ])
1244    , -93.2465    , array([ 0.0957589  ,  1.86964    ,  0.181661   ,  0.0379926  ])
1248    , -93.2425    , array([ 0.0957589  ,  1.88131    ,  0.181661   ,  0.0379926  ])
1256    , -3683.45    , array([ 0.0957589  ,  1.88119    ,  0.181661   ,  0.228922   ])
1260    , -1481.96    , array([ 0.0957589  ,  1.88119    ,  0.181661   ,  0.00355078 ])
1264    , -93.406     , array([ 0.0957589  ,  1.88119    ,  0.181661   ,  0.0374547  ])
1268    , -93.2423    , array([ 0.0957589  ,  1.88119    ,  0.181661   ,  0.038013   ])
1272    , -93.1453    , array([ 0.092026   ,  1.86427    ,  0.169102   ,  0.0391404  ])
1276    , -93.1233    , array([ 0.093089   ,  1.86908    ,  0.172679   ,  0.0388194  ])
1280    , -92.8972    , array([ 0.0914423  ,  1.85385    ,  0.169331   ,  0.0391372  ])
1284    , -91.0286    , array([ 0.0628724  ,  1.58947    ,  0.111244   ,  0.0446501  ])
1288    , -90.9914    , array([ 0.0659109  ,  1.61758    ,  0.117421   ,  0.0440638  ])
1292    , -92.6915    , array([ 0.0619062  ,  1.59815    ,  0.10431    ,  0.0452434  ])
1296    , -91.3355    , array([ 0.0642132  ,  1.60861    ,  0.112072   ,  0.0445468  ])
1300    , -90.9249    , array([ 0.0666595  ,  1.6197     ,  0.120302   ,  0.0438081  ])
1304    , -7484.62    , array([ 0.0666698  ,  0.00170775 ,  0.120337   ,  0.043805   ])
1308    , -90.8135    , array([ 0.0666698  ,  1.759      ,  0.120337   ,  0.043805   ])
1312    , -90.6307    , array([ 0.0666698  ,  1.69625    ,  0.120337   ,  0.043805   ])
1320    , -3468.46    , array([ 0.0666698  ,  1.69549    ,  0.120337   ,  0.234735   ])
1324    , -1176.85    , array([ 0.0666698  ,  1.69549    ,  0.120337   ,  0.00936313 ])
1328    , -90.6344    , array([ 0.0666698  ,  1.69549    ,  0.120337   ,  0.0441509  ])
1332    , -90.6195    , array([ 0.0666698  ,  1.69549    ,  0.120337   ,  0.0439653  ])
1336    , -92.1382    , array([ 0.0836348  ,  1.85248    ,  0.154829   ,  0.0406917  ])
1340    , -90.223     , array([ 0.0566814  ,  1.60306    ,  0.100029   ,  0.0458926  ])
1344    , -90.223     , array([ 0.0566814  ,  1.60306    ,  0.100029   ,  0.0458926  ])
1348    , -90.4923    , array([ 0.0589885  ,  1.61352    ,  0.107791   ,  0.045196   ])
1352    , -90.1976    , array([ 0.0571812  ,  1.60532    ,  0.10171    ,  0.0457417  ])
1356    , -115.978    , array([ 0.0571812  ,  2.60532    ,  0.10171    ,  0.0457417  ])
1360    , -94.9606    , array([ 0.0571812  ,  1.98729    ,  0.10171    ,  0.0457417  ])
1364    , -90.1041    , array([ 0.0571812  ,  1.64607    ,  0.10171    ,  0.0457417  ])
1368    , -10601.4    , array([ 0.0571812  ,  1.64607    ,  0.10171    ,  1.04574    ])
1372    , -6692.07    , array([ 0.0571812  ,  1.64607    ,  0.10171    ,  0.427708   ])
1376    , -1084.05    , array([ 0.0571812  ,  1.64607    ,  0.10171    ,  0.11867    ])
1380    , -91.3048    , array([ 0.0571812  ,  1.64607    ,  0.10171    ,  0.0476458  ])
1384    , -90.0925    , array([ 0.0571812  ,  1.64607    ,  0.10171    ,  0.0459109  ])
1388    , -90.0925    , array([ 0.0571812  ,  1.64607    ,  0.10171    ,  0.0459092  ])
1392    , -89.9175    , array([ 0.0521517  ,  1.59952    ,  0.0914845  ,  0.0468797  ])
1396    , -89.9155    , array([ 0.0516555  ,  1.59493    ,  0.0904757  ,  0.0469755  ])
1400    , -89.7167    , array([ 0.0465179  ,  1.58577    ,  0.0806957  ,  0.0480798  ])
1404    , -89.6641    , array([ 0.0414362  ,  1.57713    ,  0.0710292  ,  0.0491734  ])
1408    , -89.659     , array([ 0.0425629  ,  1.57905    ,  0.0731723  ,  0.0489309  ])
1412    , -89.9935    , array([ 0.0448699  ,  1.5895     ,  0.0809344  ,  0.0482343  ])
1416    , -89.5222    , array([ 0.0433336  ,  1.58254    ,  0.0757654  ,  0.0486982  ])
1420    , -122.311    , array([ 0.0433336  ,  2.58254    ,  0.0757654  ,  0.0486982  ])
1424    , -96.8773    , array([ 0.0433336  ,  1.96451    ,  0.0757654  ,  0.0486982  ])
1428    , -89.5151    , array([ 0.0433336  ,  1.5721     ,  0.0757654  ,  0.0486982  ])
1432    , -10798.7    , array([ 0.0433336  ,  1.57199    ,  0.0757654  ,  1.0487     ])
1436    , -6887.07    , array([ 0.0433336  ,  1.57199    ,  0.0757654  ,  0.430664   ])
1440    , -1048.8     , array([ 0.0433336  ,  1.57199    ,  0.0757654  ,  0.121626   ])
1444    , -89.6372    , array([ 0.0433336  ,  1.57199    ,  0.0757654  ,  0.0482299  ])
1448    , -89.5109    , array([ 0.0433336  ,  1.57199    ,  0.0757654  ,  0.0488013  ])
1452    , -89.5028    , array([ 0.0342968  ,  1.55662    ,  0.0585755  ,  0.050747   ])
1456    , -89.424     , array([ 0.0380002  ,  1.56292    ,  0.0656201  ,  0.04995    ])
1460    , -90.0268    , array([ 0.0245073  ,  1.53161    ,  0.0410809  ,  0.0528909  ])
1464    , -89.424     , array([ 0.0380535  ,  1.56301    ,  0.0657216  ,  0.0499386  ])
1468    , -89.3904    , array([ 0.0384035  ,  1.5646     ,  0.066899   ,  0.0498329  ])
1472    , -89.3903    , array([ 0.0383882  ,  1.56453    ,  0.0668475  ,  0.0498375  ])
1476    , -135.665    , array([ 0.0383882  ,  0.946496   ,  0.0668475  ,  0.0498375  ])
1480    , -89.3547    , array([ 0.0383882  ,  1.54215    ,  0.0668475  ,  0.0498375  ])
1484    , -89.3547    , array([ 0.0383882  ,  1.54147    ,  0.0668475  ,  0.0498375  ])
1488    , -89.3547    , array([ 0.0383882  ,  1.5417     ,  0.0668475  ,  0.0498375  ])
1496    , -182.82     , array([ 0.0383882  ,  1.5417     ,  0.0668475  ,  0.0676362  ])
1500    , -89.3541    , array([ 0.0383882  ,  1.5417     ,  0.0668475  ,  0.0498769  ])
1504    , -89.6       , array([ 0.0293514  ,  1.52633    ,  0.0496576  ,  0.0518216  ])
1508    , -89.3198    , array([ 0.0349364  ,  1.53583    ,  0.0602816  ,  0.0506197  ])
1512    , -89.3183    , array([ 0.035464   ,  1.53672    ,  0.0612851  ,  0.0505062  ])
1516    , -89.3183    , array([ 0.035464   ,  1.53672    ,  0.0612851  ,  0.0505062  ])
1520    , -89.1913    , array([ 0.0286844  ,  1.4679     ,  0.0496702  ,  0.0519922  ])
1524    , -89.1913    , array([ 0.0286167  ,  1.46721    ,  0.0495541  ,  0.0520071  ])
1528    , -89.1913    , array([ 0.0286844  ,  1.4679     ,  0.0496702  ,  0.0519922  ])
1532    , -89.1645    , array([ 0.028905   ,  1.4689     ,  0.0504122  ,  0.0519257  ])
1536    , -89.1645    , array([ 0.0289079  ,  1.46891    ,  0.050422   ,  0.0519248  ])
1540    , -153.935    , array([ 0.0289079  ,  0.850875   ,  0.050422   ,  0.0519248  ])
1544    , -89.136     , array([ 0.0289079  ,  1.48887    ,  0.050422   ,  0.0519248  ])
1548    , -89.1359    , array([ 0.0289079  ,  1.48766    ,  0.050422   ,  0.0519248  ])
1560    , -94.2484    , array([ 0.0289079  ,  1.48766    ,  0.050422   ,  0.0556752  ])
1564    , -89.1293    , array([ 0.0289079  ,  1.48766    ,  0.050422   ,  0.0517877  ])
1568    , -89.5238    , array([ 0.0398774  ,  1.59903    ,  0.0692153  ,  0.0493846  ])
1572    , -89.1162    , array([ 0.0266741  ,  1.46498    ,  0.0465949  ,  0.0522787  ])
1576    , -89.3034    , array([ 0.0181411  ,  1.39585    ,  0.032345   ,  0.053995   ])
1580    , -89.1161    , array([ 0.0268025  ,  1.46629    ,  0.046815   ,  0.0522506  ])
1584    , -89.1161    , array([ 0.0268035  ,  1.46629    ,  0.0468181  ,  0.0522503  ])
1588    , -89.1161    , array([ 0.0267935  ,  1.46625    ,  0.0467846  ,  0.0522533  ])
1596    , -89.7177    , array([ 0.0267933  ,  1.57559    ,  0.0467838  ,  0.0522534  ])
1600    , -89.092     , array([ 0.0267933  ,  1.48355    ,  0.0467838  ,  0.0522534  ])
1608    , -3577.66    , array([ 0.0267933  ,  1.48338    ,  0.0467838  ,  0.243177   ])
1612    , -853.14     , array([ 0.0267933  ,  1.48338    ,  0.0467838  ,  0.0178115  ])
1616    , -89.0858    , array([ 0.0267933  ,  1.48338    ,  0.0467838  ,  0.0521294  ])
1620    , -89.0858    , array([ 0.0267933  ,  1.48338    ,  0.0467838  ,  0.0521215  ])
1624    , -89.1737    , array([ 0.0309832  ,  1.52591    ,  0.0539622  ,  0.051203   ])
1628    , -89.076     , array([ 0.0249567  ,  1.46473    ,  0.0436374  ,  0.052524   ])
1632    , -89.0391    , array([ 0.023111   ,  1.46318    ,  0.0404598  ,  0.0527975  ])
1636    , -88.9216    , array([ 0.0039033  ,  1.44699    ,  0.00739305 ,  0.0556429  ])
1640    , -88.8762    , array([ 0.00746967 ,  1.44999    ,  0.0135327  ,  0.0551146  ])
1644    , -88.8481    , array([ 0.00532622 ,  1.44819    ,  0.00984267 ,  0.0554322  ])
1648    , -174.047    , array([ 0.0113662  ,  1.47556    ,  0.030164   ,  0.0536083  ])
1652    , -91.7489    , array([ 0.00593256 ,  1.45093    ,  0.0118827  ,  0.0552491  ])
1656    , -88.8475    , array([ 0.00533383 ,  1.44822    ,  0.00986829 ,  0.0554299  ])
1664    , -89.8754    , array([ 0.00274421 ,  1.42193    ,  0.00543153 ,  0.0559975  ])
1668    , -88.849     , array([ 0.00515427 ,  1.4464     ,  0.00956052 ,  0.0554692  ])
1672    , -88.8475    , array([ 0.0053546  ,  1.44843    ,  0.00990374 ,  0.0554253  ])
1676    , -88.8475    , array([ 0.00536748 ,  1.44856    ,  0.00992581 ,  0.0554225  ])
1688    , -132.92     , array([ 0.00536748 ,  1.44856    ,  0.00992581 ,  0.0448144  ])
1692    , -88.8221    , array([ 0.00536748 ,  1.44856    ,  0.00992581 ,  0.0551584  ])
1696    , -89.4502    , array([ 0.0371303  ,  1.47533    ,  0.0646069  ,  0.050453   ])
1700    , -88.9256    , array([ 0.0114336  ,  1.45368    ,  0.020369   ,  0.0542597  ])
1704    , -88.8149    , array([ 0.00497165 ,  1.44823    ,  0.00924436 ,  0.055217   ])
1708    , -88.8138    , array([ 0.00477597 ,  1.44806    ,  0.00890749 ,  0.055246   ])
1712    , -88.8138    , array([ 0.00477597 ,  1.44806    ,  0.00890749 ,  0.055246   ])
1716    , -118.187    , array([ 0.00708304 ,  1.45852    ,  0.0166695  ,  0.0545494  ])
1720    , -88.8514    , array([ 0.00483106 ,  1.44831    ,  0.00909287 ,  0.0552294  ])
1724    , -88.8138    , array([ 0.00477399 ,  1.44806    ,  0.00890083 ,  0.0552466  ])
1728    , -88.8138    , array([ 0.00477403 ,  1.44806    ,  0.00890097 ,  0.0552466  ])
1732    , -89.2253    , array([ 0.0157435  ,  1.55942    ,  0.0276941  ,  0.0528421  ])
1736    , -88.8908    , array([ 0.00668946 ,  1.4675     ,  0.0121825  ,  0.0548268  ])
1740    , -88.8138    , array([ 0.00485247 ,  1.44885    ,  0.00903529 ,  0.0552294  ])
1744    , -88.8137    , array([ 0.00481402 ,  1.44846    ,  0.00896943 ,  0.0552379  ])
1752    , -4775.93    , array([ 0.00481494 ,  1.44847    ,  0.008971   ,  0.246136   ])
1760    , -88.8138    , array([ 0.00481494 ,  1.44847    ,  0.008971   ,  0.0552401  ])
1764    , -88.8114    , array([ 0.00481494 ,  1.44847    ,  0.008971   ,  0.0551592  ])
1768    , -88.8114    , array([ 0.00481494 ,  1.44847    ,  0.008971   ,  0.0551584  ])
1772    , -90.9963    , array([ 0.00195088 ,  1.44606    ,  0.00404041 ,  0.0555827  ])
1776    , -88.8108    , array([ 0.00476961 ,  1.44843    ,  0.00889295 ,  0.0551651  ])
1780    , -88.8095    , array([ 0.00458181 ,  1.44827    ,  0.00856965 ,  0.055193   ])
