708     , -1318.56    , array([ 0.709755   ,  1.07189    ,  0.0815587  ,  0.0806361  ,  6.09749    ,  2.84268    ])
714     , -2007.82    , array([ 0.400745   ,  1.07189    ,  0.0815587  ,  0.0806361  ,  6.09749    ,  2.84268    ])
720     , -1318.56    , array([ 0.710169   ,  1.07189    ,  0.0815587  ,  0.0806361  ,  6.09749    ,  2.84268    ])
732     , -1318.55    , array([ 0.710173   ,  1.0797     ,  0.0815587  ,  0.0806361  ,  6.09749    ,  2.84268    ])
750     , -1318.51    , array([ 0.710173   ,  1.07708    ,  0.0817428  ,  0.0806361  ,  6.09749    ,  2.84268    ])
768     , -1318.56    , array([ 0.710173   ,  1.07708    ,  0.0817187  ,  0.0808545  ,  6.09749    ,  2.84268    ])
774     , -1318.51    , array([ 0.710173   ,  1.07708    ,  0.0817187  ,  0.0806231  ,  6.09749    ,  2.84268    ])
780     , -1332.9     , array([ 0.710173   ,  1.07708    ,  0.0817187  ,  0.0806224  ,  5.47946    ,  2.84268    ])
786     , -1318.47    , array([ 0.710173   ,  1.07708    ,  0.0817187  ,  0.0806224  ,  6.06364    ,  2.84268    ])
792     , -1318.48    , array([ 0.710173   ,  1.07708    ,  0.0817187  ,  0.0806224  ,  6.06364    ,  2.86034    ])
