402     , -1311.76    , array([ 0.863328   ,  1.06538    ,  0.0919979  ,  0.0575503  ,  5.32978    ,  2.63995    ])
408     , -1976.79    , array([ 0.919056   ,  1.06538    ,  0.0919979  ,  0.0575503  ,  5.32978    ,  2.63995    ])
414     , -1311.76    , array([ 0.863407   ,  1.06538    ,  0.0919979  ,  0.0575503  ,  5.32978    ,  2.63995    ])
420     , -1783.6     , array([ 0.863407   ,  0.44735    ,  0.0919979  ,  0.0575503  ,  5.32978    ,  2.63995    ])
426     , -1311.76    , array([ 0.863407   ,  1.06607    ,  0.0919979  ,  0.0575503  ,  5.32978    ,  2.63995    ])
432     , -1311.76    , array([ 0.863407   ,  1.06603    ,  0.0919979  ,  0.0575503  ,  5.32978    ,  2.63995    ])
438     , -1311.76    , array([ 0.863407   ,  1.06604    ,  0.0919979  ,  0.0575503  ,  5.32978    ,  2.63995    ])
444     , -2884.18    , array([ 0.863407   ,  1.06604    ,  0.164918   ,  0.0575503  ,  5.32978    ,  2.63995    ])
450     , -1311.75    , array([ 0.863407   ,  1.06604    ,  0.092076   ,  0.0575503  ,  5.32978    ,  2.63995    ])
456     , -1311.75    , array([ 0.863407   ,  1.06604    ,  0.092076   ,  0.0575503  ,  5.32978    ,  2.63995    ])
462     , -4334.95    , array([ 0.863407   ,  1.06604    ,  0.092076   ,  0.13047    ,  5.32978    ,  2.63995    ])
468     , -1311.75    , array([ 0.863407   ,  1.06604    ,  0.092076   ,  0.0575387  ,  5.32978    ,  2.63995    ])
474     , -1410.42    , array([ 0.863407   ,  1.06604    ,  0.092076   ,  0.0575671  ,  3.71174    ,  2.63995    ])
480     , -1311.75    , array([ 0.863407   ,  1.06604    ,  0.092076   ,  0.0575671  ,  5.32312    ,  2.63995    ])
486     , -1341.89    , array([ 0.863407   ,  1.06604    ,  0.092076   ,  0.0575671  ,  5.32312    ,  2.02191    ])
492     , -1311.75    , array([ 0.863407   ,  1.06604    ,  0.092076   ,  0.0575671  ,  5.32312    ,  2.63948    ])
