355     , -1648.36    , array([ 2.00352    ,  0.101233   ,  5.00125    ,  2.51938    ,  0.0509773  ])
360     , -1333.16    , array([ 1.15766    ,  0.101233   ,  5.00125    ,  2.51938    ,  0.0509773  ])
365     , -1311.11    , array([ 0.999748   ,  0.101233   ,  5.00125    ,  2.51938    ,  0.0509773  ])
370     , -1311.11    , array([ 0.999748   ,  0.101233   ,  5.00125    ,  2.51938    ,  0.0509773  ])
375     , -75155.6    , array([ 0.999748   ,  0.0110633  ,  5.00125    ,  2.51938    ,  0.0509773  ])
380     , -1311.18    , array([ 0.999748   ,  0.10095    ,  5.00125    ,  2.51938    ,  0.0509773  ])
385     , -1311.1     , array([ 0.999748   ,  0.10118    ,  5.00125    ,  2.51938    ,  0.0509773  ])
390     , -1315.63    , array([ 0.999748   ,  0.10118    ,  5.38322    ,  2.51938    ,  0.0509773  ])
395     , -1311.1     , array([ 0.999748   ,  0.10118    ,  5.00842    ,  2.51938    ,  0.0509773  ])
400     , -1321.92    , array([ 0.999748   ,  0.10118    ,  5.00842    ,  2.90134    ,  0.0509773  ])
405     , -1311.1     , array([ 0.999748   ,  0.10118    ,  5.00842    ,  2.51165    ,  0.0509773  ])
415     , -4971.85    , array([ 0.999748   ,  0.10118    ,  5.00842    ,  2.51172    ,  0.123895   ])
420     , -1312.63    , array([ 0.999748   ,  0.10118    ,  5.00842    ,  2.51172    ,  0.0516711  ])
