5       , -1311.99    , array([ 0.999035   ,  0.0961592  ,  0.0478438  ,  4.97691    ,  2.65172    ])
10      , -1312.06    , array([ 1.00924    ,  0.0961592  ,  0.0478438  ,  4.97691    ,  2.65172    ])
15      , -1311.98    , array([ 1.00058    ,  0.0961592  ,  0.0478438  ,  4.97691    ,  2.65172    ])
25      , -5324.27    , array([ 1.00056    ,  0.169034   ,  0.0478438  ,  4.97691    ,  2.65172    ])
30      , -1311.97    , array([ 1.00056    ,  0.0962618  ,  0.0478438  ,  4.97691    ,  2.65172    ])
35      , -1311.97    , array([ 1.00056    ,  0.0962407  ,  0.0478438  ,  4.97691    ,  2.65172    ])
40      , -13618.1    , array([ 1.00056    ,  0.0962546  ,  1.04784    ,  4.97691    ,  2.65172    ])
45      , -9213.65    , array([ 1.00056    ,  0.0962546  ,  0.238744   ,  4.97691    ,  2.65172    ])
50      , -2521.37    , array([ 1.00056    ,  0.0962546  ,  0.0756958  ,  4.97691    ,  2.65172    ])
55      , -1311.92    , array([ 1.00056    ,  0.0962546  ,  0.0479713  ,  4.97691    ,  2.65172    ])
60      , -1397.1     , array([ 1.00056    ,  0.0962546  ,  0.0479692  ,  3.35887    ,  2.65172    ])
65      , -1311.92    , array([ 1.00056    ,  0.0962546  ,  0.0479692  ,  4.97953    ,  2.65172    ])
70      , -1311.92    , array([ 1.00056    ,  0.0962546  ,  0.0479692  ,  4.97957    ,  2.65172    ])
75      , -1320.96    , array([ 1.00056    ,  0.0962546  ,  0.0479692  ,  4.97957    ,  3.03369    ])
