212     , -393.028    , array([ 7.86273    ,  0.077357   ,  2.87706    ,  0.312399   ])
216     , -393.269    , array([ 7.2447     ,  0.077357   ,  2.87706    ,  0.312399   ])
220     , -393.06     , array([ 7.60243    ,  0.077357   ,  2.87706    ,  0.312399   ])
224     , -393.027    , array([ 7.82691    ,  0.077357   ,  2.87706    ,  0.312399   ])
236     , -640.607    , array([ 7.82691    ,  0.0642014  ,  2.87706    ,  0.312399   ])
240     , -393.027    , array([ 7.82691    ,  0.077355   ,  2.87706    ,  0.312399   ])
244     , -393.027    , array([ 7.82691    ,  0.0773549  ,  2.87706    ,  0.312399   ])
248     , -407.039    , array([ 7.82691    ,  0.0773549  ,  2.25903    ,  0.312399   ])
252     , -393.027    , array([ 7.82691    ,  0.0773549  ,  2.87789    ,  0.312399   ])
256     , -2336.79    , array([ 7.82691    ,  0.0773549  ,  2.87788    ,  1.3124     ])
260     , -2292.18    , array([ 7.82691    ,  0.0773549  ,  2.87788    ,  0.694365   ])
264     , -609.053    , array([ 7.82691    ,  0.0773549  ,  2.87788    ,  0.357973   ])
268     , -393.027    , array([ 7.82691    ,  0.0773549  ,  2.87788    ,  0.312408   ])
