188     , -393.507    , array([ 9.73102    ,  0.272728   ,  5          ,  0.849287   ])
192     , -393.507    , array([ 9.73102    ,  0.272728   ,  5          ,  0.849287   ])
196     , -393.506    , array([ 9.7272     ,  0.272728   ,  5          ,  0.849287   ])
200     , -393.506    , array([ 9.72812    ,  0.272728   ,  5          ,  0.849287   ])
208     , -998.666    , array([ 9.72812    ,  0.182558   ,  5          ,  0.849287   ])
212     , -393.563    , array([ 9.72812    ,  0.273785   ,  5          ,  0.849287   ])
216     , -393.506    , array([ 9.72812    ,  0.272629   ,  5          ,  0.849287   ])
220     , -393.506    , array([ 9.72812    ,  0.27263    ,  5          ,  0.849287   ])
224     , -393.509    , array([ 9.72812    ,  0.27263    ,  4.99142    ,  0.849287   ])
268     , -393.506    , array([ 9.72812    ,  0.27263    ,  5          ,  0.849287   ])
272     , -2597.2     , array([ 9.72812    ,  0.27263    ,  5          ,  0.231253   ])
276     , -393.506    , array([ 9.72812    ,  0.27263    ,  5          ,  0.849176   ])
