430     , -1311.16    , array([ 1.00493    ,  0.101293   ,  4.99544    ,  2.51896    ,  0.0510716  ])
435     , -1311.24    , array([ 1.00959    ,  0.101293   ,  4.99544    ,  2.51896    ,  0.0510716  ])
440     , -1311.14    , array([ 1.00025    ,  0.101293   ,  4.99544    ,  2.51896    ,  0.0510716  ])
445     , -24338.5    , array([ 1.00025    ,  0.483259   ,  4.99544    ,  2.51896    ,  0.0510716  ])
450     , -3841.97    , array([ 1.00025    ,  0.066851   ,  4.99544    ,  2.51896    ,  0.0510716  ])
455     , -1311.14    , array([ 1.00025    ,  0.101321   ,  4.99544    ,  2.51896    ,  0.0510716  ])
460     , -1406.45    , array([ 1.00025    ,  0.101321   ,  3.37741    ,  2.51896    ,  0.0510716  ])
465     , -1311.13    , array([ 1.00025    ,  0.101321   ,  5.00673    ,  2.51896    ,  0.0510716  ])
470     , -1538.4     , array([ 1.00025    ,  0.101321   ,  5.00673    ,  0.900921   ,  0.0510716  ])
475     , -1311.13    , array([ 1.00025    ,  0.101321   ,  5.00673    ,  2.50974    ,  0.0510716  ])
480     , -13442.5    , array([ 1.00025    ,  0.101321   ,  5.00673    ,  2.51011    ,  1.05107    ])
485     , -8852.16    , array([ 1.00025    ,  0.101321   ,  5.00673    ,  2.51011    ,  0.241974   ])
490     , -2403.08    , array([ 1.00025    ,  0.101321   ,  5.00673    ,  2.51011    ,  0.0789239  ])
495     , -1311.11    , array([ 1.00025    ,  0.101321   ,  5.00673    ,  2.51011    ,  0.050977   ])
