75      , -1642.61    , array([ 2.00035    ,  0.100518   ,  5.00841    ,  2.50007    ,  0.0503721  ])
80      , -1332.35    , array([ 1.15563    ,  0.100518   ,  5.00841    ,  2.50007    ,  0.0503721  ])
85      , -1310.96    , array([ 0.999288   ,  0.100518   ,  5.00841    ,  2.50007    ,  0.0503721  ])
90      , -1310.96    , array([ 0.999288   ,  0.100518   ,  5.00841    ,  2.50007    ,  0.0503721  ])
95      , -78669.6    , array([ 0.999288   ,  0.0103483  ,  5.00841    ,  2.50007    ,  0.0503721  ])
100     , -1311.03    , array([ 0.999288   ,  0.100249   ,  5.00841    ,  2.50007    ,  0.0503721  ])
105     , -1310.95    , array([ 0.999288   ,  0.100484   ,  5.00841    ,  2.50007    ,  0.0503721  ])
110     , -1315.6     , array([ 0.999288   ,  0.100484   ,  5.39038    ,  2.50007    ,  0.0503721  ])
115     , -1310.95    , array([ 0.999288   ,  0.100484   ,  5.00739    ,  2.50007    ,  0.0503721  ])
120     , -1340.38    , array([ 0.999288   ,  0.100484   ,  5.0074     ,  1.88204    ,  0.0503721  ])
125     , -1310.95    , array([ 0.999288   ,  0.100484   ,  5.0074     ,  2.49929    ,  0.0503721  ])
130     , -1310.95    , array([ 0.999288   ,  0.100484   ,  5.0074     ,  2.49928    ,  0.0503721  ])
140     , -1367.93    , array([ 0.999288   ,  0.100484   ,  5.0074     ,  2.49928    ,  0.0552544  ])
145     , -1310.95    , array([ 0.999288   ,  0.100484   ,  5.0074     ,  2.49928    ,  0.0503439  ])
