3240    , -31740      , array([ 15.0399    ,  0.341344   ,  0.771021   ,  2.66342    ,  4.15646e-06,  5.40737    ,  1.55326    ,  3.16119    ])
3248    , -19569.2    , array([ 2.64047    ,  0.341344   ,  0.771021   ,  2.66342    ,  4.15646e-06,  5.40737    ,  1.55326    ,  3.16119    ])
3264    , -17772.5    , array([ 1.48493    ,  0.290869   ,  0.771021   ,  2.66342    ,  4.15646e-06,  5.40737    ,  1.55326    ,  3.16119    ])
3272    , -46365.9    , array([ 1.48493    ,  0.286759   ,  0.152987   ,  2.66342    ,  4.15646e-06,  5.40737    ,  1.55326    ,  3.16119    ])
3280    , -17515.3    , array([ 1.48493    ,  0.286759   ,  0.941904   ,  2.66342    ,  4.15646e-06,  5.40737    ,  1.55326    ,  3.16119    ])
3288    , -16439.6    , array([ 1.48493    ,  0.286759   ,  0.94363    ,  2.00608    ,  4.15646e-06,  5.40737    ,  1.55326    ,  3.16119    ])
3304    , -16281.2    , array([ 1.48493    ,  0.286759   ,  0.94363    ,  1.99696    ,  0.145554   ,  5.40737    ,  1.55326    ,  3.16119    ])
3312    , -14658.4    , array([ 1.48493    ,  0.286759   ,  0.94363    ,  1.99696    ,  0.145554   ,  9.58061    ,  1.55326    ,  3.16119    ])
3320    , -14657.6    , array([ 1.48493    ,  0.286759   ,  0.94363    ,  1.99696    ,  0.145554   ,  9.47484    ,  1.55326    ,  3.16119    ])
3328    , -14360.2    , array([ 1.48493    ,  0.286759   ,  0.94363    ,  1.99696    ,  0.145554   ,  9.47484    ,  0.156581   ,  3.16119    ])
3336    , -14249.6    , array([ 1.48493    ,  0.286759   ,  0.94363    ,  1.99696    ,  0.145554   ,  9.47484    ,  0.156581   ,  2.15794    ])
3344    , -14715.4    , array([ 1.8669     ,  0.286759   ,  0.94363    ,  1.99696    ,  0.145554   ,  9.47484    ,  0.156581   ,  2.14791    ])
3360    , -14182.9    , array([ 1.45704    ,  0.27076    ,  0.94363    ,  1.99696    ,  0.145554   ,  9.47484    ,  0.156581   ,  2.14791    ])
3376    , -14175.6    , array([ 1.45704    ,  0.263746   ,  0.951945   ,  1.99696    ,  0.145554   ,  9.47484    ,  0.156581   ,  2.14791    ])
3384    , -14173      , array([ 1.45704    ,  0.263746   ,  0.951945   ,  1.9905     ,  0.145554   ,  9.47484    ,  0.156581   ,  2.14791    ])
3400    , -14154.9    , array([ 1.45704    ,  0.263746   ,  0.951945   ,  1.92817    ,  0.181476   ,  9.47484    ,  0.156581   ,  2.14791    ])
3424    , -14135      , array([ 1.45704    ,  0.263746   ,  0.951945   ,  1.92817    ,  0.181121   ,  9.99747    ,  0.774615   ,  2.14791    ])
3432    , -14293.1    , array([ 1.45704    ,  0.263746   ,  0.951945   ,  1.92817    ,  0.181121   ,  9.99747    ,  0.587341   ,  3.14791    ])
3440    , -14096.4    , array([ 1.45704    ,  0.263746   ,  0.951945   ,  1.92817    ,  0.181121   ,  9.99747    ,  0.587341   ,  1.58841    ])
3448    , -16616      , array([ 0.839003   ,  0.263746   ,  0.951945   ,  1.92817    ,  0.181121   ,  9.99747    ,  0.587341   ,  1.62458    ])
3456    , -14085.2    , array([ 1.40465    ,  0.263746   ,  0.951945   ,  1.92817    ,  0.181121   ,  9.99747    ,  0.587341   ,  1.62458    ])
3464    , -76656.4    , array([ 1.40517    ,  0.0276784  ,  0.951945   ,  1.92817    ,  0.181121   ,  9.99747    ,  0.587341   ,  1.62458    ])
3472    , -14084.5    , array([ 1.40517    ,  0.261626   ,  0.951945   ,  1.92817    ,  0.181121   ,  9.99747    ,  0.587341   ,  1.62458    ])
3480    , -14084      , array([ 1.40517    ,  0.261626   ,  0.945652   ,  1.92817    ,  0.181121   ,  9.99747    ,  0.587341   ,  1.62458    ])
3488    , -14083.8    , array([ 1.40517    ,  0.261626   ,  0.93799    ,  1.92817    ,  0.181121   ,  9.99747    ,  0.587341   ,  1.62458    ])
3496    , -14083.7    , array([ 1.40517    ,  0.261626   ,  0.93799    ,  1.93161    ,  0.181121   ,  9.99747    ,  0.587341   ,  1.62458    ])
3504    , -14079.3    , array([ 1.40517    ,  0.261626   ,  0.93799    ,  1.93164    ,  0.201248   ,  9.99747    ,  0.587341   ,  1.62458    ])
3512    , -14078.5    , array([ 1.40517    ,  0.261626   ,  0.93799    ,  1.93164    ,  0.214566   ,  9.99747    ,  0.587341   ,  1.62458    ])
3528    , -14078.4    , array([ 1.40517    ,  0.261626   ,  0.93799    ,  1.93164    ,  0.214566   ,  9.99984    ,  0.587341   ,  1.62458    ])
3536    , -14334.7    , array([ 1.40517    ,  0.261626   ,  0.93799    ,  1.93164    ,  0.214566   ,  9.99997    ,  1.58734    ,  1.62458    ])
3544    , -14054.8    , array([ 1.40517    ,  0.261626   ,  0.93799    ,  1.93164    ,  0.214566   ,  9.99997    ,  0.82687    ,  1.62458    ])
3552    , -14026.2    , array([ 1.40517    ,  0.261626   ,  0.93799    ,  1.93164    ,  0.214566   ,  9.99997    ,  0.824498   ,  1.39044    ])
3560    , -14021.2    , array([ 1.40517    ,  0.261626   ,  0.93799    ,  1.93164    ,  0.214566   ,  9.99997    ,  0.824498   ,  1.28368    ])
3568    , -14017.3    , array([ 1.37564    ,  0.261626   ,  0.93799    ,  1.93164    ,  0.214566   ,  9.99997    ,  0.824498   ,  1.28368    ])
3576    , -14017.3    , array([ 1.37505    ,  0.261626   ,  0.93799    ,  1.93164    ,  0.214566   ,  9.99997    ,  0.824498   ,  1.28368    ])
3584    , -14016.7    , array([ 1.37505    ,  0.263128   ,  0.93799    ,  1.93164    ,  0.214566   ,  9.99997    ,  0.824498   ,  1.28368    ])
3592    , -14016.7    , array([ 1.37505    ,  0.263663   ,  0.93799    ,  1.93164    ,  0.214566   ,  9.99997    ,  0.824498   ,  1.28368    ])
3600    , -14015.1    , array([ 1.37505    ,  0.263663   ,  0.918643   ,  1.93164    ,  0.214566   ,  9.99997    ,  0.824498   ,  1.28368    ])
3608    , -14024.4    , array([ 1.37505    ,  0.263663   ,  0.918643   ,  1.98029    ,  0.214566   ,  9.99997    ,  0.824498   ,  1.28368    ])
3616    , -14014.9    , array([ 1.37505    ,  0.263663   ,  0.918643   ,  1.9232     ,  0.214566   ,  9.99997    ,  0.824498   ,  1.28368    ])
3624    , -14008.3    , array([ 1.37505    ,  0.263663   ,  0.918643   ,  1.9232     ,  0.252055   ,  9.99997    ,  0.824498   ,  1.28368    ])
3656    , -14008.3    , array([ 1.37505    ,  0.263663   ,  0.918643   ,  1.9232     ,  0.252434   ,  10         ,  0.824498   ,  1.28368    ])
3664    , -14115.6    , array([ 1.37505    ,  0.263663   ,  0.918643   ,  1.9232     ,  0.252434   ,  10         ,  0.206464   ,  1.28368    ])
3672    , -14004.4    , array([ 1.37505    ,  0.263663   ,  0.918643   ,  1.9232     ,  0.252434   ,  10         ,  0.902508   ,  1.28368    ])
3680    , -14000      , array([ 1.37505    ,  0.263663   ,  0.918643   ,  1.9232     ,  0.252434   ,  10         ,  0.902508   ,  1.20853    ])
3696    , -14001.4    , array([ 1.33446    ,  0.263663   ,  0.918643   ,  1.9232     ,  0.252434   ,  10         ,  0.902508   ,  1.18471    ])
3704    , -13998.4    , array([ 1.3597     ,  0.263663   ,  0.918643   ,  1.9232     ,  0.252434   ,  10         ,  0.902508   ,  1.18471    ])
3712    , -13998.1    , array([ 1.3597     ,  0.264624   ,  0.918643   ,  1.9232     ,  0.252434   ,  10         ,  0.902508   ,  1.18471    ])
3720    , -13998.1    , array([ 1.3597     ,  0.2652     ,  0.918643   ,  1.9232     ,  0.252434   ,  10         ,  0.902508   ,  1.18471    ])
3728    , -13996.7    , array([ 1.3597     ,  0.2652     ,  0.901248   ,  1.9232     ,  0.252434   ,  10         ,  0.902508   ,  1.18471    ])
3736    , -14005.4    , array([ 1.3597     ,  0.2652     ,  0.901248   ,  1.95885    ,  0.252434   ,  10         ,  0.902508   ,  1.18471    ])
3744    , -13995.1    , array([ 1.3597     ,  0.2652     ,  0.901248   ,  1.89969    ,  0.252434   ,  10         ,  0.902508   ,  1.18471    ])
3752    , -13988.8    , array([ 1.3597     ,  0.2652     ,  0.901248   ,  1.89969    ,  0.289416   ,  10         ,  0.902508   ,  1.18471    ])
3792    , -13988.8    , array([ 1.3597     ,  0.2652     ,  0.901248   ,  1.89969    ,  0.289789   ,  10         ,  0.902508   ,  1.18471    ])
3800    , -13988.8    , array([ 1.3597     ,  0.2652     ,  0.901248   ,  1.89969    ,  0.289789   ,  10         ,  0.902508   ,  1.18471    ])
3808    , -13995.8    , array([ 1.3597     ,  0.2652     ,  0.901248   ,  1.89969    ,  0.289789   ,  10         ,  0.806627   ,  1.18471    ])
3824    , -13988.3    , array([ 1.3597     ,  0.2652     ,  0.901248   ,  1.89969    ,  0.289789   ,  10         ,  0.907626   ,  1.16643    ])
3832    , -13988.2    , array([ 1.3597     ,  0.2652     ,  0.901248   ,  1.89969    ,  0.289789   ,  10         ,  0.907626   ,  1.16403    ])
3840    , -13987.8    , array([ 1.34985    ,  0.2652     ,  0.901248   ,  1.89969    ,  0.289789   ,  10         ,  0.907626   ,  1.16403    ])
3848    , -73443.2    , array([ 1.34994    ,  0.0291323  ,  0.901248   ,  1.89969    ,  0.289789   ,  10         ,  0.907626   ,  1.16403    ])
3856    , -13987.7    , array([ 1.34994    ,  0.266119   ,  0.901248   ,  1.89969    ,  0.289789   ,  10         ,  0.907626   ,  1.16403    ])
3864    , -14020.6    , array([ 1.34994    ,  0.266128   ,  0.805278   ,  1.89969    ,  0.289789   ,  10         ,  0.907626   ,  1.16403    ])
3872    , -38859.2    , array([ 1.34994    ,  0.266128   ,  0.88442    ,  0.281657   ,  0.289789   ,  10         ,  0.907626   ,  1.16403    ])
3880    , -13983.9    , array([ 1.34994    ,  0.266128   ,  0.88442    ,  1.87123    ,  0.289789   ,  10         ,  0.907626   ,  1.16403    ])
3888    , -13979.3    , array([ 1.34994    ,  0.266128   ,  0.88442    ,  1.87094    ,  0.312173   ,  10         ,  0.907626   ,  1.16403    ])
3896    , -13978.6    , array([ 1.34994    ,  0.266128   ,  0.88442    ,  1.87094    ,  0.324613   ,  10         ,  0.907626   ,  1.16403    ])
3944    , -13978.6    , array([ 1.34994    ,  0.266128   ,  0.88442    ,  1.87094    ,  0.324613   ,  10         ,  0.907626   ,  1.16403    ])
3952    , -13978.6    , array([ 1.34994    ,  0.266128   ,  0.88442    ,  1.87094    ,  0.324613   ,  10         ,  0.907626   ,  1.16403    ])
3960    , -13978.5    , array([ 1.34994    ,  0.266128   ,  0.88442    ,  1.87094    ,  0.324613   ,  10         ,  0.896059   ,  1.16403    ])
3968    , -13978.3    , array([ 1.34994    ,  0.266128   ,  0.88442    ,  1.87094    ,  0.324613   ,  10         ,  0.896059   ,  1.152      ])
3976    , -13978      , array([ 1.34994    ,  0.266128   ,  0.88442    ,  1.87094    ,  0.324613   ,  10         ,  0.896059   ,  1.13441    ])
3984    , -14507.7    , array([ 1.73191    ,  0.266128   ,  0.88442    ,  1.87094    ,  0.324613   ,  10         ,  0.896059   ,  1.13471    ])
3992    , -28880.2    , array([ 1.33862    ,  1.26613    ,  0.88442    ,  1.87094    ,  0.324613   ,  10         ,  0.896059   ,  1.13471    ])
4000    , -14166      , array([ 1.33862    ,  0.307702   ,  0.88442    ,  1.87094    ,  0.324613   ,  10         ,  0.896059   ,  1.13471    ])
4008    , -15541.7    , array([ 1.33862    ,  0.267498   ,  1.88442    ,  1.87094    ,  0.324613   ,  10         ,  0.896059   ,  1.13471    ])
4016    , -13975.9    , array([ 1.33862    ,  0.267498   ,  0.870413   ,  1.87094    ,  0.324613   ,  10         ,  0.896059   ,  1.13471    ])
4024    , -15417      , array([ 1.33862    ,  0.267498   ,  0.868818   ,  1.25291    ,  0.324613   ,  10         ,  0.896059   ,  1.13471    ])
4032    , -16245.2    , array([ 1.33862    ,  0.267498   ,  0.868818   ,  1.84501    ,  1.32461    ,  10         ,  0.896059   ,  1.13471    ])
4040    , -13969.2    , array([ 1.33862    ,  0.267498   ,  0.868818   ,  1.84501    ,  0.358035   ,  10         ,  0.896059   ,  1.13471    ])
4104    , -14074.9    , array([ 1.33862    ,  0.267498   ,  0.868818   ,  1.84501    ,  0.358035   ,  10         ,  0.278025   ,  1.13471    ])
4112    , -13969.1    , array([ 1.33862    ,  0.267498   ,  0.868818   ,  1.84501    ,  0.358035   ,  10         ,  0.886893   ,  1.13471    ])
4120    , -13969.2    , array([ 1.33862    ,  0.267498   ,  0.868818   ,  1.84501    ,  0.358035   ,  10         ,  0.886893   ,  1.13093    ])
4128    , -13969.1    , array([ 1.33862    ,  0.267498   ,  0.868818   ,  1.84501    ,  0.358035   ,  10         ,  0.886893   ,  1.13367    ])
4136    , -13942.9    , array([ 1.22383    ,  0.281393   ,  0.710617   ,  1.58207    ,  0.696931   ,  10         ,  0.793954   ,  1.12323    ])
4144    , -13938      , array([ 1.25442    ,  0.277691   ,  0.752773   ,  1.65214    ,  0.606624   ,  10         ,  0.81872    ,  1.12602    ])
4152    , -13933.4    , array([ 1.28352    ,  0.277691   ,  0.752773   ,  1.65214    ,  0.606624   ,  10         ,  0.81872    ,  1.12602    ])
4160    , -56228.8    , array([ 1.28382    ,  0.0416228  ,  0.752773   ,  1.65214    ,  0.606624   ,  10         ,  0.81872    ,  1.12602    ])
4168    , -13933.3    , array([ 1.28382    ,  0.276868   ,  0.752773   ,  1.65214    ,  0.606624   ,  10         ,  0.81872    ,  1.12602    ])
4176    , -13933.8    , array([ 1.28382    ,  0.276868   ,  0.771806   ,  1.65214    ,  0.606624   ,  10         ,  0.81872    ,  1.12602    ])
4184    , -13932.9    , array([ 1.28382    ,  0.276868   ,  0.760644   ,  1.65214    ,  0.606624   ,  10         ,  0.81872    ,  1.12602    ])
4192    , -13927.8    , array([ 1.28382    ,  0.276868   ,  0.760644   ,  1.61004    ,  0.606624   ,  10         ,  0.81872    ,  1.12602    ])
4200    , -13947.9    , array([ 1.28382    ,  0.276868   ,  0.760644   ,  1.60961    ,  0.606624   ,  10         ,  0.81872    ,  0.889949   ])
4208    , -13920.8    , array([ 1.28382    ,  0.276868   ,  0.760644   ,  1.60961    ,  0.606624   ,  10         ,  0.81872    ,  1.0337     ])
4216    , -13932.1    , array([ 1.28382    ,  0.276868   ,  0.760644   ,  1.60961    ,  0.606624   ,  9.69098    ,  0.81872    ,  1.03462    ])
4224    , -13921      , array([ 1.28382    ,  0.276868   ,  0.760644   ,  1.60961    ,  0.606624   ,  9.99342    ,  0.81872    ,  1.03462    ])
4232    , -13920.8    , array([ 1.28382    ,  0.276868   ,  0.760644   ,  1.60961    ,  0.606624   ,  9.99986    ,  0.81872    ,  1.03462    ])
4240    , -13920.8    , array([ 1.28382    ,  0.276868   ,  0.760644   ,  1.60961    ,  0.606624   ,  10         ,  0.81872    ,  1.03462    ])
4248    , -13920.8    , array([ 1.28382    ,  0.276868   ,  0.760644   ,  1.60961    ,  0.606624   ,  10         ,  0.81872    ,  1.03462    ])
4256    , -13920.8    , array([ 1.28382    ,  0.276868   ,  0.760644   ,  1.60961    ,  0.606624   ,  10         ,  0.81872    ,  1.03462    ])
4264    , -13920.8    , array([ 1.28382    ,  0.276868   ,  0.760644   ,  1.60961    ,  0.606624   ,  10         ,  0.81872    ,  1.03462    ])
4272    , -14044      , array([ 1.28382    ,  0.276868   ,  0.760644   ,  1.60961    ,  0.606624   ,  10         ,  1.20069    ,  1.03462    ])
4280    , -13920.6    , array([ 1.28382    ,  0.276868   ,  0.760644   ,  1.60961    ,  0.606624   ,  10         ,  0.80014    ,  1.03462    ])
4288    , -13915      , array([ 1.2524     ,  0.28067    ,  0.717351   ,  1.53766    ,  0.699365   ,  10         ,  0.774891   ,  1.03176    ])
4296    , -18592.7    , array([ 0.634368   ,  0.28067    ,  0.717351   ,  1.53766    ,  0.699365   ,  10         ,  0.774891   ,  1.03176    ])
4304    , -13914.5    , array([ 1.26148    ,  0.28067    ,  0.717351   ,  1.53766    ,  0.699365   ,  10         ,  0.774891   ,  1.03176    ])
4312    , -15568      , array([ 1.26148    ,  0.1905     ,  0.717351   ,  1.53766    ,  0.699365   ,  10         ,  0.774891   ,  1.03176    ])
4320    , -15950.3    , array([ 1.26148    ,  0.285279   ,  1.71735    ,  1.53766    ,  0.699365   ,  10         ,  0.774891   ,  1.03176    ])
4328    , -13910      , array([ 1.26148    ,  0.285279   ,  0.733053   ,  1.53766    ,  0.699365   ,  10         ,  0.774891   ,  1.03176    ])
4336    , -14280.8    , array([ 1.26148    ,  0.285279   ,  0.733053   ,  1.91962    ,  0.699365   ,  10         ,  0.774891   ,  1.03176    ])
4352    , -13914.9    , array([ 1.26148    ,  0.285279   ,  0.733053   ,  1.52717    ,  0.699365   ,  10         ,  0.774891   ,  0.915896   ])
4360    , -13907.9    , array([ 1.26148    ,  0.285279   ,  0.733053   ,  1.52717    ,  0.699365   ,  10         ,  0.774891   ,  0.993291   ])
4368    , -13909.6    , array([ 1.26148    ,  0.285279   ,  0.733053   ,  1.52717    ,  0.699365   ,  9.88197    ,  0.774891   ,  0.993291   ])
4416    , -13907.9    , array([ 1.26148    ,  0.285279   ,  0.733053   ,  1.52717    ,  0.699365   ,  10         ,  0.774891   ,  0.993291   ])
4432    , -14033.9    , array([ 1.39772    ,  0.268787   ,  0.920818   ,  1.83925    ,  0.297139   ,  10         ,  0.113627   ,  1.00568    ])
4440    , -13780.9    , array([ 1.26527    ,  0.284819   ,  0.738285   ,  1.53587    ,  0.688158   ,  10         ,  0.00639301 ,  0.993636   ])
4448    , -13776      , array([ 1.25753    ,  0.285756   ,  0.727615   ,  1.51814    ,  0.711015   ,  10         ,  0.00012448 ,  0.992932   ])
4456    , -14234.1    , array([ 1.63939    ,  0.285769   ,  0.727474   ,  1.5179     ,  0.711316   ,  10         ,  4.20498e-05,  0.992923   ])
4464    , -27114.2    , array([ 1.28357    ,  1.28577    ,  0.727474   ,  1.5179     ,  0.711316   ,  10         ,  4.20498e-05,  0.992923   ])
4472    , -13907.6    , array([ 1.28357    ,  0.314235   ,  0.727474   ,  1.5179     ,  0.711316   ,  10         ,  4.20498e-05,  0.992923   ])
4480    , -16114.6    , array([ 1.28357    ,  0.277342   ,  1.72747    ,  1.5179     ,  0.711316   ,  10         ,  4.20498e-05,  0.992923   ])
4488    , -13758.5    , array([ 1.28357    ,  0.277342   ,  0.707962   ,  1.5179     ,  0.711316   ,  10         ,  4.20498e-05,  0.992923   ])
4504    , -13758      , array([ 1.28357    ,  0.277342   ,  0.701354   ,  1.51186    ,  0.711316   ,  10         ,  4.20498e-05,  0.992923   ])
4512    , -12880.8    , array([ 1.28357    ,  0.277342   ,  0.701354   ,  1.51192    ,  0.711316   ,  10         ,  4.20498e-05,  0.228991   ])
4520    , -12911.5    , array([ 1.28357    ,  0.277342   ,  0.701354   ,  1.51192    ,  0.711316   ,  8.38197    ,  4.20498e-05,  0.302858   ])
4528    , -12645.5    , array([ 1.28357    ,  0.277342   ,  0.701354   ,  1.51192    ,  0.711316   ,  9.95492    ,  4.20498e-05,  0.302858   ])
4536    , -12642.4    , array([ 1.28357    ,  0.277342   ,  0.701354   ,  1.51192    ,  0.711316   ,  9.99904    ,  4.20498e-05,  0.302858   ])
4544    , -12642.3    , array([ 1.28357    ,  0.277342   ,  0.701354   ,  1.51192    ,  0.711316   ,  9.99998    ,  4.20498e-05,  0.302858   ])
4552    , -12642.3    , array([ 1.28357    ,  0.277342   ,  0.701354   ,  1.51192    ,  0.711316   ,  10         ,  4.20498e-05,  0.302858   ])
4560    , -12642.3    , array([ 1.28357    ,  0.277342   ,  0.701354   ,  1.51192    ,  0.711316   ,  10         ,  4.20498e-05,  0.302858   ])
4568    , -12642.3    , array([ 1.28357    ,  0.277342   ,  0.701354   ,  1.51192    ,  0.711316   ,  10         ,  4.20498e-05,  0.302858   ])
4576    , -22098.5    , array([ 1.28357    ,  0.277342   ,  0.701354   ,  1.51192    ,  0.711316   ,  10         ,  1.00004    ,  0.302858   ])
4584    , -12505.1    , array([ 1.28357    ,  0.277342   ,  0.701354   ,  1.51192    ,  0.711316   ,  10         ,  0.0298643  ,  0.302858   ])
4592    , -12811.3    , array([ 1.33561    ,  0.271042   ,  0.773074   ,  1.63112    ,  0.557679   ,  10         ,  0.071998   ,  0.307591   ])
4600    , -12497.7    , array([ 1.27464    ,  0.278422   ,  0.689056   ,  1.49148    ,  0.737662   ,  10         ,  0.0226391  ,  0.302046   ])
4608    , -12497.7    , array([ 1.27327    ,  0.278422   ,  0.689056   ,  1.49148    ,  0.737662   ,  10         ,  0.0226391  ,  0.302046   ])
4616    , -12497.7    , array([ 1.2717     ,  0.278422   ,  0.689056   ,  1.49148    ,  0.737662   ,  10         ,  0.0226391  ,  0.302046   ])
4624    , -12494.3    , array([ 1.2717     ,  0.271564   ,  0.689056   ,  1.49148    ,  0.737662   ,  10         ,  0.0226391  ,  0.302046   ])
4632    , -12494.1    , array([ 1.2717     ,  0.272938   ,  0.689056   ,  1.49148    ,  0.737662   ,  10         ,  0.0226391  ,  0.302046   ])
4640    , -12458.5    , array([ 1.2717     ,  0.272938   ,  0.63164    ,  1.49148    ,  0.737662   ,  10         ,  0.0226391  ,  0.302046   ])
4656    , -12388.7    , array([ 1.2717     ,  0.272938   ,  0.630108   ,  1.30255    ,  0.737662   ,  10         ,  0.0226391  ,  0.302046   ])
4664    , -14939.4    , array([ 1.2717     ,  0.272938   ,  0.630108   ,  1.30064    ,  0.737662   ,  10         ,  0.0226391  ,  0.065978   ])
4672    , -12095.6    , array([ 1.2717     ,  0.272938   ,  0.630108   ,  1.30064    ,  0.737662   ,  10         ,  0.0226391  ,  0.1998     ])
4736    , -17326.4    , array([ 1.2717     ,  0.272938   ,  0.630108   ,  1.30064    ,  0.737662   ,  10         ,  0.213521   ,  0.198767   ])
4744    , -12038.1    , array([ 1.2717     ,  0.272938   ,  0.630108   ,  1.30064    ,  0.737662   ,  10         ,  0.0341743  ,  0.198767   ])
4752    , -12040.5    , array([ 1.27396    ,  0.272665   ,  0.633216   ,  1.30581    ,  0.731005   ,  10         ,  0.0359999  ,  0.198972   ])
4768    , -11895.7    , array([ 1.26829    ,  0.269471   ,  0.588952   ,  1.17055    ,  0.741947   ,  10         ,  0.0406616  ,  0.130031   ])
4776    , -11894.5    , array([ 1.25197    ,  0.269471   ,  0.588952   ,  1.17055    ,  0.741947   ,  10         ,  0.0406616  ,  0.130031   ])
4784    , -11894.5    , array([ 1.24958    ,  0.269471   ,  0.588952   ,  1.17055    ,  0.741947   ,  10         ,  0.0406616  ,  0.130031   ])
4792    , -11825.6    , array([ 1.24958    ,  0.292391   ,  0.588952   ,  1.17055    ,  0.741947   ,  10         ,  0.0406616  ,  0.130031   ])
4800    , -12293.3    , array([ 1.24958    ,  0.29262    ,  0.970918   ,  1.17055    ,  0.741947   ,  10         ,  0.0406616  ,  0.130031   ])
4808    , -13519.8    , array([ 1.24958    ,  0.29262    ,  0.640128   ,  2.17055    ,  0.741947   ,  10         ,  0.0406616  ,  0.130031   ])
4816    , -11681.7    , array([ 1.24958    ,  0.29262    ,  0.640128   ,  0.735711   ,  0.741947   ,  10         ,  0.0406616  ,  0.130031   ])
4824    , -12480.7    , array([ 1.21741    ,  0.296513   ,  0.595803   ,  0.775259   ,  0.836899   ,  10         ,  0.0146215  ,  0.127106   ])
4888    , -11661.2    , array([ 1.2491     ,  0.292678   ,  0.639468   ,  0.847833   ,  0.74336    ,  10         ,  0.040274   ,  0.129987   ])
4904    , -11661.1    , array([ 1.2491     ,  0.292678   ,  0.639468   ,  0.847833   ,  0.74336    ,  10         ,  0.040063   ,  0.129987   ])
4912    , -11641.4    , array([ 1.24846    ,  0.291772   ,  0.629342   ,  0.815371   ,  0.743793   ,  10         ,  0.0418881  ,  0.112588   ])
4920    , -11641.3    , array([ 1.24843    ,  0.291729   ,  0.628855   ,  0.813807   ,  0.743814   ,  10         ,  0.0419759  ,  0.111749   ])
4928    , -11628.5    , array([ 1.31355    ,  0.291729   ,  0.628855   ,  0.813807   ,  0.743814   ,  10         ,  0.0419759  ,  0.111749   ])
4936    , -11867.9    , array([ 1.31355    ,  0.364663   ,  0.628855   ,  0.813807   ,  0.743814   ,  10         ,  0.0419759  ,  0.111749   ])
4944    , -13259.6    , array([ 1.31355    ,  0.30888    ,  1.62885    ,  0.813807   ,  0.743814   ,  10         ,  0.0419759  ,  0.111749   ])
4952    , -11590.8    , array([ 1.31355    ,  0.30888    ,  0.650056   ,  0.813807   ,  0.743814   ,  10         ,  0.0419759  ,  0.111749   ])
4960    , -11880.5    , array([ 1.31355    ,  0.30888    ,  0.650056   ,  0.195773   ,  0.743814   ,  10         ,  0.0419759  ,  0.111749   ])
4976    , -11541.8    , array([ 1.31558    ,  0.308635   ,  0.652845   ,  0.637751   ,  0.73784    ,  10         ,  0.0436143  ,  0.111934   ])
4984    , -11544.4    , array([ 1.31558    ,  0.308635   ,  0.652845   ,  0.637751   ,  0.73784    ,  9.69098    ,  0.0436143  ,  0.111934   ])
4992    , -11541.6    , array([ 1.31558    ,  0.308635   ,  0.652845   ,  0.637751   ,  0.73784    ,  9.94127    ,  0.0436143  ,  0.111934   ])
5000    , -11711.4    , array([ 1.31558    ,  0.308635   ,  0.652845   ,  0.637751   ,  0.73784    ,  9.94127    ,  0.0560627  ,  0.111934   ])
5008    , -12014.8    , array([ 1.31968    ,  0.314416   ,  0.717493   ,  0.845008   ,  0.735073   ,  9.94127    ,  0.0318586  ,  0.223022   ])
5016    , -11538.8    , array([ 1.31536    ,  0.308326   ,  0.649392   ,  0.626683   ,  0.737988   ,  9.94127    ,  0.0441192  ,  0.106001   ])
5024    , -11498.3    , array([ 1.42366    ,  0.335182   ,  0.682623   ,  0.32391    ,  0.72856    ,  9.84626    ,  0.047587   ,  0.0966998  ])
5032    , -11493.3    , array([ 1.39688    ,  0.328543   ,  0.674407   ,  0.398762   ,  0.730891   ,  9.86975    ,  0.0467297  ,  0.0989993  ])
5040    , -11491.3    , array([ 1.42567    ,  0.328543   ,  0.674407   ,  0.398762   ,  0.730891   ,  9.86975    ,  0.0467297  ,  0.0989993  ])
5048    , -17303.1    , array([ 1.42596    ,  0.173439   ,  0.674407   ,  0.398762   ,  0.730891   ,  9.86975    ,  0.0467297  ,  0.0989993  ])
5056    , -11473.6    , array([ 1.42596    ,  0.34196    ,  0.674407   ,  0.398762   ,  0.730891   ,  9.86975    ,  0.0467297  ,  0.0989993  ])
5064    , -11624.9    , array([ 1.42596    ,  0.342095   ,  0.539119   ,  0.398762   ,  0.730891   ,  9.86975    ,  0.0467297  ,  0.0989993  ])
5072    , -13419.8    , array([ 1.42343    ,  0.338522   ,  0.627067   ,  0.27067    ,  0.732601   ,  9.86975    ,  0.053923   ,  0.0303427  ])
5080    , -11472.2    , array([ 1.42608    ,  0.342254   ,  0.668799   ,  0.404459   ,  0.730815   ,  9.86975    ,  0.0464098  ,  0.102053   ])
5088    , -12877.8    , array([ 1.39391    ,  0.346147   ,  0.624474   ,  0.330788   ,  0.825768   ,  9.86975    ,  0.0203697  ,  0.0991277  ])
5096    , -11485      , array([ 1.42823    ,  0.341993   ,  0.671772   ,  0.409401   ,  0.724446   ,  8.25171    ,  0.0481563  ,  0.102249   ])
5104    , -87522.7    , array([ 1.42823    ,  0.341993   ,  0.671772   ,  0.409401   ,  0.724446   ,  9.13289    ,  1.04816    ,  0.102249   ])
5112    , -15289      , array([ 1.42823    ,  0.341993   ,  0.671772   ,  0.409401   ,  0.724446   ,  9.13289    ,  0.121008   ,  0.102249   ])
5120    , -11444.2    , array([ 1.42823    ,  0.341993   ,  0.671772   ,  0.409401   ,  0.724446   ,  9.13289    ,  0.04829    ,  0.102249   ])
5128    , -11443      , array([ 1.44103    ,  0.345165   ,  0.675697   ,  0.373637   ,  0.723333   ,  9.12167    ,  0.0486996  ,  0.101151   ])
5136    , -11464.6    , array([ 1.55672    ,  0.345134   ,  0.675658   ,  0.373991   ,  0.723344   ,  9.12178    ,  0.0486956  ,  0.101161   ])
5152    , -11427.3    , array([ 1.4519     ,  0.360087   ,  0.675658   ,  0.373991   ,  0.723344   ,  9.12178    ,  0.0486956  ,  0.101161   ])
5160    , -11427.1    , array([ 1.4519     ,  0.358479   ,  0.675658   ,  0.373991   ,  0.723344   ,  9.12178    ,  0.0486956  ,  0.101161   ])
5168    , -11426.8    , array([ 1.4519     ,  0.358479   ,  0.68265    ,  0.373991   ,  0.723344   ,  9.12178    ,  0.0486956  ,  0.101161   ])
5176    , -11430      , array([ 1.45203    ,  0.358662   ,  0.684691   ,  0.380532   ,  0.723256   ,  9.12178    ,  0.0483283  ,  0.104667   ])
5184    , -18978.2    , array([ 1.58806    ,  0.341857   ,  0.868955   ,  0.681386   ,  0.32118    ,  9.12178    ,  0.159266   ,  0.111044   ])
5192    , -11416.1    , array([ 1.45511    ,  0.357949   ,  0.685745   ,  0.37688    ,  0.713649   ,  9.12178    ,  0.0516344  ,  0.0989526  ])
5200    , -11408.8    , array([ 1.45515    ,  0.357945   ,  0.685791   ,  0.376956   ,  0.71355    ,  8.74043    ,  0.0516614  ,  0.0989556  ])
5216    , -11413.7    , array([ 1.45515    ,  0.357945   ,  0.685791   ,  0.376956   ,  0.71355    ,  8.73011    ,  0.0536961  ,  0.0989556  ])
5224    , -11528.9    , array([ 1.32323    ,  0.325234   ,  0.645315   ,  0.74574    ,  0.725033   ,  8.84585    ,  0.0474853  ,  0.110285   ])
5232    , -11408.8    , array([ 1.4556     ,  0.358058   ,  0.685931   ,  0.375677   ,  0.713511   ,  8.72971    ,  0.0517238  ,  0.0989163  ])
5240    , -11348.6    , array([ 1.5295     ,  0.423028   ,  0.73757    ,  0.384227   ,  0.664078   ,  6.75864    ,  0.0669474  ,  0.0876315  ])
5248    , -11346.2    , array([ 1.51727    ,  0.412275   ,  0.729023   ,  0.382814   ,  0.672259   ,  7.08486    ,  0.0644278  ,  0.0894993  ])
5256    , -11346      , array([ 1.50743    ,  0.412275   ,  0.729023   ,  0.382814   ,  0.672259   ,  7.08486    ,  0.0644278  ,  0.0894993  ])
5264    , -11344.5    , array([ 1.52071    ,  0.415546   ,  0.73307    ,  0.345943   ,  0.671111   ,  7.07329    ,  0.0648501  ,  0.0883666  ])
5272    , -34090.5    , array([ 1.52084    ,  0.415578   ,  0.115076   ,  0.345574   ,  0.671099   ,  7.07318    ,  0.0648543  ,  0.0883553  ])
5280    , -11327.1    , array([ 1.52084    ,  0.415578   ,  0.792133   ,  0.345574   ,  0.671099   ,  7.07318    ,  0.0648543  ,  0.0883553  ])
5288    , -11304.5    , array([ 1.5204     ,  0.41495    ,  0.78511    ,  0.323059   ,  0.6714     ,  7.07318    ,  0.0661187  ,  0.0762873  ])
5296    , -12855.6    , array([ 1.57247    ,  0.40869    ,  0.85726    ,  0.443641   ,  0.517745   ,  7.07318    ,  0.108175   ,  0.08176    ])
5304    , -11362.5    , array([ 1.52277    ,  0.414705   ,  0.788769   ,  0.329806   ,  0.664464   ,  8.07318    ,  0.0679384  ,  0.0772398  ])
5312    , -11298.5    , array([ 1.52277    ,  0.414705   ,  0.788769   ,  0.329806   ,  0.664464   ,  6.93486    ,  0.0679384  ,  0.0772398  ])
5320    , -25950.3    , array([ 1.52277    ,  0.414705   ,  0.788769   ,  0.329806   ,  0.664464   ,  6.93347    ,  0.258659   ,  0.0772398  ])
5328    , -11298.5    , array([ 1.52277    ,  0.414705   ,  0.788769   ,  0.329806   ,  0.664464   ,  6.93347    ,  0.0679357  ,  0.0772398  ])
5336    , -11337.6    , array([ 1.62255    ,  0.502432   ,  0.858496   ,  0.341333   ,  0.597717   ,  4.27204    ,  0.0885761  ,  0.0620021  ])
5344    , -12176.1    , array([ 2.55307    ,  0.441341   ,  0.80994    ,  0.333306   ,  0.644198   ,  6.1254     ,  0.0742616  ,  0.0726133  ])
5352    , -11286.5    , array([ 1.53428    ,  0.441341   ,  0.80994    ,  0.333306   ,  0.644198   ,  6.1254     ,  0.0742616  ,  0.0726133  ])
5360    , -11304.9    , array([ 1.56511    ,  0.449063   ,  0.819495   ,  0.246248   ,  0.641487   ,  6.09808    ,  0.0752588  ,  0.0699389  ])
5368    , -11284.4    , array([ 1.51893    ,  0.43761    ,  0.805323   ,  0.375369   ,  0.645508   ,  6.1386     ,  0.0737799  ,  0.0739055  ])
5376    , -11269.5    , array([ 1.51893    ,  0.43761    ,  0.871233   ,  0.375369   ,  0.645508   ,  6.1386     ,  0.0737799  ,  0.0739055  ])
5384    , -11264.5    , array([ 1.51885    ,  0.437495   ,  0.869293   ,  0.371242   ,  0.645563   ,  6.1386     ,  0.0740116  ,  0.0716937  ])
5392    , -25644.3    , array([ 1.43454    ,  0.447545   ,  0.751652   ,  0.173251   ,  0.894221   ,  6.1386     ,  0.00612522 ,  0.0612921  ])
5400    , -11261.3    , array([ 1.51972    ,  0.437235   ,  0.869039   ,  0.368354   ,  0.642757   ,  6.1386     ,  0.0750871  ,  0.0690392  ])
5408    , -11259.7    , array([ 1.51972    ,  0.437235   ,  0.869039   ,  0.368354   ,  0.642757   ,  5.9777     ,  0.0750871  ,  0.0690392  ])
5416    , -11259.7    , array([ 1.51972    ,  0.437235   ,  0.869039   ,  0.368354   ,  0.642757   ,  5.96506    ,  0.0750871  ,  0.0690392  ])
5424    , -12948.4    , array([ 1.51972    ,  0.437235   ,  0.869039   ,  0.368354   ,  0.642757   ,  5.96506    ,  0.0432391  ,  0.0690392  ])
5432    , -11278.1    , array([ 1.58139    ,  0.491453   ,  0.912132   ,  0.375478   ,  0.601505   ,  4.32021    ,  0.0879754  ,  0.0596218  ])
5440    , -11241.9    , array([ 1.52018    ,  0.462855   ,  0.951765   ,  0.407309   ,  0.618699   ,  4.90287    ,  0.0832466  ,  0.0603016  ])
5448    , -11241.5    , array([ 1.51759    ,  0.464549   ,  0.962927   ,  0.413133   ,  0.616692   ,  4.80665    ,  0.0839538  ,  0.0593327  ])
5456    , -11418.3    , array([ 1.89937    ,  0.464673   ,  0.963748   ,  0.413561   ,  0.616544   ,  4.79957    ,  0.0840058  ,  0.0592614  ])
5464    , -11379.7    , array([ 1.61805    ,  0.484889   ,  0.988763   ,  0.18564    ,  0.609447   ,  4.72804    ,  0.0866163  ,  0.0522597  ])
5472    , -11233.9    , array([ 1.51264    ,  0.458752   ,  0.956421   ,  0.480318   ,  0.618623   ,  4.82052    ,  0.0832412  ,  0.0613122  ])
5480    , -11233.6    , array([ 1.50753    ,  0.454259   ,  0.95285    ,  0.479728   ,  0.622041   ,  4.95683    ,  0.0821884  ,  0.0620926  ])
5488    , -11294.8    , array([ 1.50788    ,  0.454778   ,  0.959129   ,  0.499967   ,  0.621805   ,  4.9582     ,  0.0810409  ,  0.0729517  ])
5496    , -11233.1    , array([ 1.50745    ,  0.454166   ,  0.952286   ,  0.478027   ,  0.622098   ,  4.9582     ,  0.082273   ,  0.0611922  ])
5504    , -11233      , array([ 1.50714    ,  0.454204   ,  0.95186    ,  0.47732    ,  0.623009   ,  4.9582     ,  0.0820231  ,  0.0611641  ])
5512    , -11253.4    , array([ 1.50716    ,  0.454201   ,  0.951889   ,  0.477367   ,  0.622949   ,  4.34017    ,  0.0820397  ,  0.061166   ])
5520    , -93247      , array([ 1.50716    ,  0.454201   ,  0.951889   ,  0.477367   ,  0.622949   ,  4.92778    ,  1.08204    ,  0.061166   ])
5528    , -14833.8    , array([ 1.50716    ,  0.454201   ,  0.951889   ,  0.477367   ,  0.622949   ,  4.92778    ,  0.15489    ,  0.061166   ])
5536    , -11232.9    , array([ 1.50716    ,  0.454201   ,  0.951889   ,  0.477367   ,  0.622949   ,  4.92778    ,  0.0823413  ,  0.061166   ])
5544    , -11231.4    , array([ 1.50147    ,  0.457919   ,  0.976399   ,  0.490157   ,  0.618542   ,  4.7165     ,  0.0838971  ,  0.0590383  ])
5552    , -12905.2    , array([ 0.883353   ,  0.457976   ,  0.976774   ,  0.490352   ,  0.618475   ,  4.71326    ,  0.0839209  ,  0.0590057  ])
5560    , -11231      , array([ 1.51517    ,  0.457976   ,  0.976774   ,  0.490352   ,  0.618475   ,  4.71326    ,  0.0839209  ,  0.0590057  ])
5568    , -11230.3    , array([ 1.50759    ,  0.456099   ,  0.974451   ,  0.511521   ,  0.619134   ,  4.71991    ,  0.0836785  ,  0.059656   ])
5576    , -11230.2    , array([ 1.50411    ,  0.453037   ,  0.972017   ,  0.511118   ,  0.621463   ,  4.8128     ,  0.082961   ,  0.0601878  ])
5584    , -12065.5    , array([ 1.50321    ,  0.451731   ,  0.956803   ,  0.462199   ,  0.622072   ,  4.81102    ,  0.0857224  ,  0.0339531  ])
5592    , -11230.2    , array([ 1.50418    ,  0.453096   ,  0.972075   ,  0.511162   ,  0.621418   ,  4.81102    ,  0.0829727  ,  0.0601971  ])
5600    , -11230.5    , array([ 1.50466    ,  0.453039   ,  0.972732   ,  0.512253   ,  0.620013   ,  4.81102    ,  0.0833582  ,  0.0602402  ])
5608    , -11230.1    , array([ 1.50398    ,  0.453121   ,  0.971799   ,  0.510703   ,  0.62201    ,  4.81102    ,  0.0828106  ,  0.0601787  ])
5616    , -11230.1    , array([ 1.50398    ,  0.453121   ,  0.971799   ,  0.510703   ,  0.62201    ,  4.79895    ,  0.0828106  ,  0.0601787  ])
5632    , -11230      , array([ 1.50398    ,  0.453121   ,  0.971799   ,  0.510703   ,  0.62201    ,  4.79907    ,  0.0831555  ,  0.0601787  ])
5640    , -11230.2    , array([ 1.49664    ,  0.457924   ,  1.00346    ,  0.527225   ,  0.616317   ,  4.52613    ,  0.085158   ,  0.0574301  ])
5648    , -11228.8    , array([ 1.49962    ,  0.452815   ,  0.996816   ,  0.546703   ,  0.620152   ,  4.62635    ,  0.0842833  ,  0.0587482  ])
5656    , -12100.1    , array([ 2.49961    ,  0.452789   ,  0.996916   ,  0.546985   ,  0.620161   ,  4.62592    ,  0.0842851  ,  0.0587469  ])
5664    , -11228.8    , array([ 1.50347    ,  0.452789   ,  0.996916   ,  0.546985   ,  0.620161   ,  4.62592    ,  0.0842851  ,  0.0587469  ])
5672    , -11231.4    , array([ 1.49617    ,  0.457592   ,  1.02858    ,  0.563507   ,  0.614468   ,  4.35298    ,  0.0862911  ,  0.0559983  ])
5680    , -11365.1    , array([ 1.4034     ,  0.365274   ,  0.928589   ,  0.536188   ,  0.686656   ,  7.27528    ,  0.0638182  ,  0.0738631  ])
5688    , -11228.7    , array([ 1.50188    ,  0.451853   ,  0.997403   ,  0.547565   ,  0.620783   ,  4.64869    ,  0.0841048  ,  0.0588249  ])
5696    , -11229.3    , array([ 1.50193    ,  0.451922   ,  0.998177   ,  0.550046   ,  0.62075    ,  4.64869    ,  0.0839654  ,  0.0601546  ])
5704    , -11228.7    , array([ 1.50189    ,  0.45187    ,  0.997596   ,  0.548183   ,  0.620774   ,  4.64869    ,  0.08407    ,  0.0591562  ])
5712    , -11228.5    , array([ 1.50139    ,  0.451931   ,  0.996908   ,  0.54704    ,  0.622247   ,  4.64869    ,  0.0836662  ,  0.0591108  ])
5720    , -11228.5    , array([ 1.50139    ,  0.45193    ,  0.996915   ,  0.547052   ,  0.622232   ,  4.64859    ,  0.0836702  ,  0.0591113  ])
5736    , -11327      , array([ 1.50139    ,  0.45193    ,  0.996915   ,  0.547052   ,  0.622232   ,  4.64882    ,  0.0937618  ,  0.0591113  ])
5744    , -11229.7    , array([ 1.50284    ,  0.456147   ,  0.980539   ,  0.501007   ,  0.620862   ,  4.71984    ,  0.0837572  ,  0.0593216  ])
