4       , -415.205    , array([ 8.36862    ,  0.240616   ,  5          ,  0.778725   ])
8       , -413.092    , array([ 9.97497    ,  0.240616   ,  5          ,  0.778725   ])
12      , -413.091    , array([ 9.95174    ,  0.240616   ,  5          ,  0.778725   ])
16      , -413.091    , array([ 9.95208    ,  0.240616   ,  5          ,  0.778725   ])
24      , -420.124    , array([ 9.95208    ,  0.251615   ,  5          ,  0.778725   ])
28      , -413.091    , array([ 9.95208    ,  0.240556   ,  5          ,  0.778725   ])
32      , -458.698    , array([ 9.95208    ,  0.240556   ,  3.38197    ,  0.778725   ])
36      , -414.415    , array([ 9.95208    ,  0.240556   ,  4.69098    ,  0.778725   ])
80      , -413.091    , array([ 9.95208    ,  0.240556   ,  5          ,  0.778725   ])
88      , -419.018    , array([ 9.95208    ,  0.240556   ,  5          ,  0.757761   ])
92      , -413.091    , array([ 9.95208    ,  0.240556   ,  5          ,  0.778654   ])
