500     , -393.067    , array([ 43.6324    ,  0.146046   ,  5          ,  0.583563   ])
504     , -393.067    , array([ 43.5888    ,  0.146046   ,  5          ,  0.583563   ])
508     , -712.949    , array([ 43.5888    ,  0.146192   ,  1.82109    ,  0.583563   ])
512     , -442.049    , array([ 43.5888    ,  0.146046   ,  3.57073    ,  0.583563   ])
516     , -443.473    , array([ 43.5888    ,  0.146046   ,  3.57073    ,  0.584147   ])
520     , -398.624    , array([ 43.5888    ,  0.146192   ,  4.46923    ,  0.583563   ])
524     , -393.746    , array([ 43.5888    ,  0.146046   ,  4.81642    ,  0.583563   ])
528     , -393.938    , array([ 43.5888    ,  0.146046   ,  4.81642    ,  0.584147   ])
532     , -393.105    , array([ 43.5888    ,  0.146192   ,  4.93804    ,  0.583563   ])
536     , -393.075    , array([ 43.5888    ,  0.146046   ,  4.97926    ,  0.583563   ])
540     , -393.107    , array([ 43.5888    ,  0.146046   ,  4.97926    ,  0.584147   ])
544     , -393.07     , array([ 43.5888    ,  0.146192   ,  4.99308    ,  0.583563   ])
548     , -393.067    , array([ 43.5888    ,  0.146046   ,  4.99769    ,  0.583563   ])
552     , -393.08     , array([ 43.5888    ,  0.146046   ,  4.99769    ,  0.584147   ])
556     , -393.074    , array([ 43.5888    ,  0.146192   ,  4.99951    ,  0.583563   ])
560     , -393.067    , array([ 43.5888    ,  0.146046   ,  4.9999     ,  0.583563   ])
564     , -393.078    , array([ 43.5888    ,  0.146046   ,  4.9999     ,  0.584147   ])
568     , -393.074    , array([ 43.5888    ,  0.146192   ,  4.99998    ,  0.583563   ])
572     , -393.067    , array([ 43.5888    ,  0.146046   ,  5          ,  0.583563   ])
576     , -393.078    , array([ 43.5888    ,  0.146046   ,  5          ,  0.584147   ])
580     , -393.074    , array([ 43.5888    ,  0.146192   ,  5          ,  0.583563   ])
584     , -393.067    , array([ 43.5888    ,  0.146046   ,  5          ,  0.583563   ])
588     , -393.078    , array([ 43.5888    ,  0.146046   ,  5          ,  0.584147   ])
592     , -393.074    , array([ 43.5888    ,  0.146192   ,  5          ,  0.583563   ])
596     , -393.067    , array([ 43.5888    ,  0.146046   ,  5          ,  0.583563   ])
600     , -393.078    , array([ 43.5888    ,  0.146046   ,  5          ,  0.584147   ])
604     , -393.074    , array([ 43.5888    ,  0.146192   ,  5          ,  0.583563   ])
608     , -393.067    , array([ 43.5888    ,  0.146046   ,  5          ,  0.583563   ])
612     , -393.078    , array([ 43.5888    ,  0.146046   ,  5          ,  0.584147   ])
616     , -393.074    , array([ 43.5888    ,  0.146192   ,  5          ,  0.583563   ])
620     , -393.067    , array([ 43.5888    ,  0.146046   ,  5          ,  0.583563   ])
624     , -393.078    , array([ 43.5888    ,  0.146046   ,  5          ,  0.584147   ])
628     , -393.074    , array([ 43.5888    ,  0.146192   ,  5          ,  0.583563   ])
632     , -393.067    , array([ 43.5888    ,  0.146046   ,  5          ,  0.583563   ])
636     , -393.078    , array([ 43.5888    ,  0.146046   ,  5          ,  0.584147   ])
640     , -393.074    , array([ 43.5888    ,  0.146192   ,  5          ,  0.583563   ])
644     , -393.067    , array([ 43.5888    ,  0.146046   ,  5          ,  0.583563   ])
648     , -393.078    , array([ 43.5888    ,  0.146046   ,  5          ,  0.584147   ])
652     , -393.074    , array([ 43.5888    ,  0.146192   ,  5          ,  0.583563   ])
656     , -393.067    , array([ 43.5888    ,  0.146046   ,  5          ,  0.583563   ])
660     , -393.078    , array([ 43.5888    ,  0.146046   ,  5          ,  0.584147   ])
664     , -393.074    , array([ 43.5888    ,  0.146192   ,  5          ,  0.583563   ])
668     , -393.067    , array([ 43.5888    ,  0.146046   ,  5          ,  0.583563   ])
672     , -393.078    , array([ 43.5888    ,  0.146046   ,  5          ,  0.584147   ])
676     , -393.074    , array([ 43.5888    ,  0.146192   ,  5          ,  0.583563   ])
680     , -393.067    , array([ 43.5888    ,  0.146046   ,  5          ,  0.583563   ])
684     , -393.078    , array([ 43.5888    ,  0.146046   ,  5          ,  0.584147   ])
688     , -393.074    , array([ 43.5888    ,  0.146192   ,  5          ,  0.583563   ])
692     , -393.067    , array([ 43.5888    ,  0.146046   ,  5          ,  0.583563   ])
696     , -393.078    , array([ 43.5888    ,  0.146046   ,  5          ,  0.584147   ])
700     , -393.074    , array([ 43.5888    ,  0.146192   ,  5          ,  0.583563   ])
704     , -393.067    , array([ 43.5888    ,  0.146046   ,  5          ,  0.583563   ])
708     , -393.078    , array([ 43.5888    ,  0.146046   ,  5          ,  0.584147   ])
712     , -393.074    , array([ 43.5888    ,  0.146192   ,  5          ,  0.583563   ])
716     , -393.067    , array([ 43.5888    ,  0.146046   ,  5          ,  0.583563   ])
720     , -393.078    , array([ 43.5888    ,  0.146046   ,  5          ,  0.584147   ])
724     , -393.074    , array([ 43.5888    ,  0.146192   ,  5          ,  0.583563   ])
728     , -393.067    , array([ 43.5888    ,  0.146046   ,  5          ,  0.583563   ])
732     , -393.078    , array([ 43.5888    ,  0.146046   ,  5          ,  0.584147   ])
736     , -393.074    , array([ 43.5888    ,  0.146192   ,  5          ,  0.583563   ])
740     , -393.067    , array([ 43.5888    ,  0.146046   ,  5          ,  0.583563   ])
744     , -393.078    , array([ 43.5888    ,  0.146046   ,  5          ,  0.584147   ])
748     , -393.074    , array([ 43.5888    ,  0.146192   ,  5          ,  0.583563   ])
752     , -393.067    , array([ 43.5888    ,  0.146046   ,  5          ,  0.583563   ])
756     , -393.078    , array([ 43.5888    ,  0.146046   ,  5          ,  0.584147   ])
760     , -393.074    , array([ 43.5888    ,  0.146192   ,  5          ,  0.583563   ])
764     , -393.067    , array([ 43.5888    ,  0.146046   ,  5          ,  0.583563   ])
768     , -393.078    , array([ 43.5888    ,  0.146046   ,  5          ,  0.584147   ])
772     , -393.074    , array([ 43.5888    ,  0.146192   ,  5          ,  0.583563   ])
776     , -393.067    , array([ 43.5888    ,  0.146046   ,  5          ,  0.583563   ])
780     , -393.078    , array([ 43.5888    ,  0.146046   ,  5          ,  0.584147   ])
784     , -393.074    , array([ 43.5888    ,  0.146192   ,  5          ,  0.583563   ])
788     , -393.067    , array([ 43.5888    ,  0.146046   ,  5          ,  0.583563   ])
792     , -393.078    , array([ 43.5888    ,  0.146046   ,  5          ,  0.584147   ])
796     , -393.074    , array([ 43.5888    ,  0.146192   ,  5          ,  0.583563   ])
800     , -393.067    , array([ 43.5888    ,  0.146046   ,  5          ,  0.583563   ])
804     , -393.078    , array([ 43.5888    ,  0.146046   ,  5          ,  0.584147   ])
808     , -393.074    , array([ 43.5888    ,  0.146192   ,  5          ,  0.583563   ])
812     , -393.067    , array([ 43.5888    ,  0.146046   ,  5          ,  0.583563   ])
816     , -393.078    , array([ 43.5888    ,  0.146046   ,  5          ,  0.584147   ])
820     , -393.074    , array([ 43.5888    ,  0.146192   ,  5          ,  0.583563   ])
824     , -393.067    , array([ 43.5888    ,  0.146046   ,  5          ,  0.583563   ])
828     , -393.078    , array([ 43.5888    ,  0.146046   ,  5          ,  0.584147   ])
832     , -393.074    , array([ 43.5888    ,  0.146192   ,  5          ,  0.583563   ])
836     , -393.067    , array([ 43.5888    ,  0.146046   ,  5          ,  0.583563   ])
840     , -393.078    , array([ 43.5888    ,  0.146046   ,  5          ,  0.584147   ])
844     , -393.074    , array([ 43.5888    ,  0.146192   ,  5          ,  0.583563   ])
848     , -393.067    , array([ 43.5888    ,  0.146046   ,  5          ,  0.583563   ])
852     , -393.078    , array([ 43.5888    ,  0.146046   ,  5          ,  0.584147   ])
856     , -393.074    , array([ 43.5888    ,  0.146192   ,  5          ,  0.583563   ])
860     , -393.067    , array([ 43.5888    ,  0.146046   ,  5          ,  0.583563   ])
864     , -393.078    , array([ 43.5888    ,  0.146046   ,  5          ,  0.584147   ])
868     , -393.074    , array([ 43.5888    ,  0.146192   ,  5          ,  0.583563   ])
872     , -393.067    , array([ 43.5888    ,  0.146046   ,  5          ,  0.583563   ])
876     , -393.078    , array([ 43.5888    ,  0.146046   ,  5          ,  0.584147   ])
880     , -393.074    , array([ 43.5888    ,  0.146192   ,  5          ,  0.583563   ])
884     , -393.067    , array([ 43.5888    ,  0.146046   ,  5          ,  0.583563   ])
888     , -393.078    , array([ 43.5888    ,  0.146046   ,  5          ,  0.584147   ])
892     , -393.074    , array([ 43.5888    ,  0.146192   ,  5          ,  0.583563   ])
896     , -393.067    , array([ 43.5888    ,  0.146046   ,  5          ,  0.583563   ])
900     , -393.078    , array([ 43.5888    ,  0.146046   ,  5          ,  0.584147   ])
904     , -393.074    , array([ 43.5888    ,  0.146192   ,  5          ,  0.583563   ])
908     , -393.067    , array([ 43.5888    ,  0.146046   ,  5          ,  0.583563   ])
912     , -393.078    , array([ 43.5888    ,  0.146046   ,  5          ,  0.584147   ])
916     , -393.074    , array([ 43.5888    ,  0.146192   ,  5          ,  0.583563   ])
920     , -393.067    , array([ 43.5888    ,  0.146046   ,  5          ,  0.583563   ])
924     , -393.078    , array([ 43.5888    ,  0.146046   ,  5          ,  0.584147   ])
928     , -393.074    , array([ 43.5888    ,  0.146192   ,  5          ,  0.583563   ])
932     , -393.067    , array([ 43.5888    ,  0.146046   ,  5          ,  0.583563   ])
936     , -393.078    , array([ 43.5888    ,  0.146046   ,  5          ,  0.584147   ])
940     , -393.074    , array([ 43.5888    ,  0.146192   ,  5          ,  0.583563   ])
944     , -393.067    , array([ 43.5888    ,  0.146046   ,  5          ,  0.583563   ])
948     , -393.078    , array([ 43.5888    ,  0.146046   ,  5          ,  0.584147   ])
952     , -393.074    , array([ 43.5888    ,  0.146192   ,  5          ,  0.583563   ])
956     , -393.067    , array([ 43.5888    ,  0.146046   ,  5          ,  0.583563   ])
960     , -393.078    , array([ 43.5888    ,  0.146046   ,  5          ,  0.584147   ])
964     , -393.074    , array([ 43.5888    ,  0.146192   ,  5          ,  0.583563   ])
968     , -393.067    , array([ 43.5888    ,  0.146046   ,  5          ,  0.583563   ])
972     , -393.078    , array([ 43.5888    ,  0.146046   ,  5          ,  0.584147   ])
976     , -393.074    , array([ 43.5888    ,  0.146192   ,  5          ,  0.583563   ])
980     , -393.067    , array([ 43.5888    ,  0.146046   ,  5          ,  0.583563   ])
984     , -393.078    , array([ 43.5888    ,  0.146046   ,  5          ,  0.584147   ])
988     , -393.074    , array([ 43.5888    ,  0.146192   ,  5          ,  0.583563   ])
992     , -393.067    , array([ 43.5888    ,  0.146046   ,  5          ,  0.583563   ])
996     , -393.078    , array([ 43.5888    ,  0.146046   ,  5          ,  0.584147   ])
1000    , -393.074    , array([ 43.5888    ,  0.146192   ,  5          ,  0.583563   ])
1004    , -393.067    , array([ 43.5888    ,  0.146046   ,  5          ,  0.583563   ])
1008    , -393.078    , array([ 43.5888    ,  0.146046   ,  5          ,  0.584147   ])
1012    , -393.074    , array([ 43.5888    ,  0.146192   ,  5          ,  0.583563   ])
1016    , -393.067    , array([ 43.5888    ,  0.146046   ,  5          ,  0.583563   ])
1020    , -393.078    , array([ 43.5888    ,  0.146046   ,  5          ,  0.584147   ])
1024    , -393.074    , array([ 43.5888    ,  0.146192   ,  5          ,  0.583563   ])
1028    , -393.067    , array([ 43.5888    ,  0.146046   ,  5          ,  0.583563   ])
1032    , -393.078    , array([ 43.5888    ,  0.146046   ,  5          ,  0.584147   ])
1036    , -397.185    , array([ 43.5888    ,  0.146046   ,  4.55543    ,  0.583563   ])
1040    , -393.072    , array([ 43.5888    ,  0.146046   ,  4.98348    ,  0.583563   ])
1044    , -393.067    , array([ 43.5888    ,  0.146046   ,  4.99941    ,  0.583563   ])
