788     , -92.9225    , array([ 0.12401    ,  1.25412    ,  0.0822198  ,  0.0326023  ])
796     , -5683.86    , array([ 0.0338404  ,  1.25412    ,  0.0822198  ,  0.0326023  ])
800     , -93.0769    , array([ 0.126874   ,  1.25412    ,  0.0822198  ,  0.0326023  ])
804     , -92.869     , array([ 0.124955   ,  1.25412    ,  0.0822198  ,  0.0326023  ])
808     , -92.8689    , array([ 0.124965   ,  1.25412    ,  0.0822198  ,  0.0326023  ])
812     , -92.9067    , array([ 0.124965   ,  1.24053    ,  0.0822198  ,  0.0326023  ])
816     , -92.8563    , array([ 0.124965   ,  1.26773    ,  0.0822198  ,  0.0326023  ])
820     , -92.8563    , array([ 0.124965   ,  1.26787    ,  0.0822198  ,  0.0326023  ])
828     , -92.7586    , array([ 0.124965   ,  1.26787    ,  0.0812354  ,  0.0326023  ])
832     , -5019.17    , array([ 0.124965   ,  1.26787    ,  0.081218   ,  1.0326     ])
836     , -4529.43    , array([ 0.124965   ,  1.26787    ,  0.081218   ,  0.414568   ])
840     , -1226.75    , array([ 0.124965   ,  1.26787    ,  0.081218   ,  0.105538   ])
844     , -223.819    , array([ 0.124965   ,  1.26787    ,  0.081218   ,  0.0200639  ])
848     , -92.7574    , array([ 0.124965   ,  1.26787    ,  0.081218   ,  0.0326461  ])
852     , -93.0391    , array([ 0.12592    ,  1.28162    ,  0.0802161  ,  0.032689   ])
856     , -92.7574    , array([ 0.124965   ,  1.26787    ,  0.081218   ,  0.0326457  ])
864     , -100.115    , array([ 0.135795   ,  1.26787    ,  0.081218   ,  0.0326457  ])
868     , -92.7054    , array([ 0.124027   ,  1.26787    ,  0.081218   ,  0.0326457  ])
876     , -93.523     , array([ 0.124027   ,  1.39968    ,  0.081218   ,  0.0326457  ])
880     , -92.7006    , array([ 0.124027   ,  1.27655    ,  0.081218   ,  0.0326457  ])
888     , -2768.38    , array([ 0.124027   ,  1.27644    ,  0.272143   ,  0.0326457  ])
892     , -243.409    , array([ 0.124027   ,  1.27644    ,  0.123764   ,  0.0326457  ])
896     , -92.629     , array([ 0.124027   ,  1.27644    ,  0.0803777  ,  0.0326457  ])
900     , -5054.15    , array([ 0.124027   ,  1.27644    ,  0.0803693  ,  1.03265    ])
904     , -4554.28    , array([ 0.124027   ,  1.27644    ,  0.0803693  ,  0.414612   ])
908     , -1231.07    , array([ 0.124027   ,  1.27644    ,  0.0803693  ,  0.105581   ])
912     , -222.795    , array([ 0.124027   ,  1.27644    ,  0.0803693  ,  0.0201786  ])
916     , -92.6266    , array([ 0.124027   ,  1.27644    ,  0.0803693  ,  0.0327087  ])
920     , -92.6266    , array([ 0.124027   ,  1.27644    ,  0.0803693  ,  0.032708   ])
924     , -92.9224    , array([ 0.099454   ,  1.50082    ,  0.0581475  ,  0.0343413  ])
928     , -91.8651    , array([ 0.112406   ,  1.38255    ,  0.0698608  ,  0.0334804  ])
932     , -2658.36    , array([ 1.11241    ,  1.38255    ,  0.0698608  ,  0.0334804  ])
936     , -1556.68    , array([ 0.494372   ,  1.38255    ,  0.0698608  ,  0.0334804  ])
940     , -311.53     , array([ 0.185351   ,  1.38255    ,  0.0698608  ,  0.0334804  ])
944     , -91.863     , array([ 0.111959   ,  1.38255    ,  0.0698608  ,  0.0334804  ])
948     , -91.8602    , array([ 0.11215    ,  1.38255    ,  0.0698608  ,  0.0334804  ])
952     , -135.46     , array([ 0.11215    ,  0.764516   ,  0.0698608  ,  0.0334804  ])
956     , -91.7693    , array([ 0.11215    ,  1.34439    ,  0.0698608  ,  0.0334804  ])
960     , -91.7687    , array([ 0.11215    ,  1.34027    ,  0.0698608  ,  0.0334804  ])
964     , -91.7686    , array([ 0.11215    ,  1.34069    ,  0.0698608  ,  0.0334804  ])
972     , -382.006    , array([ 0.11215    ,  1.34069    ,  0.0698608  ,  0.061339   ])
976     , -91.7526    , array([ 0.11215    ,  1.34069    ,  0.0698608  ,  0.0342545  ])
980     , -91.6673    , array([ 0.11215    ,  1.34069    ,  0.0698608  ,  0.0338812  ])
984     , -92.1345    , array([ 0.119332   ,  1.27511    ,  0.0763554  ,  0.0334039  ])
988     , -91.6399    , array([ 0.109925   ,  1.36101    ,  0.0678488  ,  0.0340291  ])
996     , -873.802    , array([ 0.300919   ,  1.36081    ,  0.0678687  ,  0.0340276  ])
1000    , -236.555    , array([ 0.0755056  ,  1.36081    ,  0.0678687  ,  0.0340276  ])
1004    , -91.6358    , array([ 0.109718   ,  1.36081    ,  0.0678687  ,  0.0340276  ])
1008    , -116.132    , array([ 0.109718   ,  2.36081    ,  0.0678687  ,  0.0340276  ])
1012    , -98.4158    , array([ 0.109718   ,  1.74277    ,  0.0678687  ,  0.0340276  ])
1016    , -91.5238    , array([ 0.109718   ,  1.31827    ,  0.0678687  ,  0.0340276  ])
1020    , -91.5236    , array([ 0.109718   ,  1.31628    ,  0.0678687  ,  0.0340276  ])
1032    , -1353.05    , array([ 0.109718   ,  1.31628    ,  0.0678687  ,  0.00417126 ])
1036    , -91.4427    , array([ 0.109718   ,  1.31628    ,  0.0678687  ,  0.0343929  ])
1040    , -92.0409    , array([ 0.0980974  ,  1.42239    ,  0.0573602  ,  0.0351652  ])
1044    , -91.4483    , array([ 0.105279   ,  1.35681    ,  0.0638548  ,  0.0346879  ])
1048    , -91.2011    , array([ 0.105221   ,  1.31072    ,  0.0640101  ,  0.0350417  ])
1052    , -94.3437    , array([ 0.0795474  ,  1.03865    ,  0.0430509  ,  0.0405496  ])
1056    , -90.628     , array([ 0.0956421  ,  1.20921    ,  0.0561901  ,  0.0370967  ])
1060    , -90.6219    , array([ 0.0947978  ,  1.20026    ,  0.0555009  ,  0.0372778  ])
1068    , -70492.3    , array([ 0.00462788 ,  1.20026    ,  0.0555009  ,  0.0372778  ])
1072    , -91.8339    , array([ 0.0969211  ,  1.20026    ,  0.0555009  ,  0.0372778  ])
1076    , -90.2987    , array([ 0.0930666  ,  1.20026    ,  0.0555009  ,  0.0372778  ])
1080    , -90.2986    , array([ 0.0930491  ,  1.20026    ,  0.0555009  ,  0.0372778  ])
1084    , -90.2738    , array([ 0.0914776  ,  1.21461    ,  0.0540797  ,  0.0373823  ])
1088    , -90.2737    , array([ 0.0914089  ,  1.21524    ,  0.0540176  ,  0.0373869  ])
1100    , -218.394    , array([ 0.0914089  ,  1.21524    ,  0.0540176  ,  0.0242312  ])
1104    , -90.2505    , array([ 0.0914089  ,  1.21524    ,  0.0540176  ,  0.0375958  ])
1108    , -91.1808    , array([ 0.0786225  ,  1.07974    ,  0.0435791  ,  0.040339   ])
1112    , -90.0563    , array([ 0.0865249  ,  1.16348    ,  0.0500304  ,  0.0386436  ])
1116    , -90.0552    , array([ 0.086869   ,  1.16713    ,  0.0503113  ,  0.0385698  ])
1120    , -2516.86    , array([ 1.08682    ,  1.16664    ,  0.0502739  ,  0.0385796  ])
1124    , -1654.28    , array([ 0.468789   ,  1.16664    ,  0.0502739  ,  0.0385796  ])
1128    , -398.28     , array([ 0.159767   ,  1.16664    ,  0.0502739  ,  0.0385796  ])
1132    , -90.0155    , array([ 0.084924   ,  1.16664    ,  0.0502739  ,  0.0385796  ])
1136    , -89.9212    , array([ 0.0857847  ,  1.16664    ,  0.0502739  ,  0.0385796  ])
1140    , -90.6189    , array([ 0.0929664  ,  1.10107    ,  0.0567685  ,  0.0381023  ])
1144    , -89.903     , array([ 0.0845583  ,  1.17784    ,  0.0491648  ,  0.0386611  ])
1148    , -4494.43    , array([ 0.0845706  ,  1.17773    ,  0.0491759  ,  1.03866    ])
1152    , -4023.81    , array([ 0.0845706  ,  1.17773    ,  0.0491759  ,  0.420626   ])
1156    , -1064.91    , array([ 0.0845706  ,  1.17773    ,  0.0491759  ,  0.111597   ])
1160    , -94.8133    , array([ 0.0845706  ,  1.17773    ,  0.0491759  ,  0.0420444  ])
1164    , -89.8873    , array([ 0.0845706  ,  1.17773    ,  0.0491759  ,  0.0388346  ])
1168    , -92.4471    , array([ 0.105259   ,  1.39697    ,  0.0660658  ,  0.0343978  ])
1172    , -89.7972    , array([ 0.0820219  ,  1.15072    ,  0.0470953  ,  0.0393832  ])
1176    , -89.7971    , array([ 0.0819631  ,  1.1501     ,  0.0470472  ,  0.0393958  ])
1180    , -89.3515    , array([ 0.0691441  ,  1.10577    ,  0.038522   ,  0.0415531  ])
1184    , -89.3143    , array([ 0.0620236  ,  1.08126    ,  0.0337887  ,  0.0427507  ])
1188    , -89.2968    , array([ 0.0641947  ,  1.08873    ,  0.0352319  ,  0.0423855  ])
1192    , -89.2967    , array([ 0.0643704  ,  1.08934    ,  0.0353487  ,  0.042356   ])
1196    , -89.2114    , array([ 0.0660754  ,  1.1074     ,  0.0367406  ,  0.0419902  ])
1200    , -89.2106    , array([ 0.0658981  ,  1.10553    ,  0.0365959  ,  0.0420282  ])
1204    , -89.2106    , array([ 0.0659136  ,  1.10569    ,  0.0366085  ,  0.0420249  ])
1208    , -89.2017    , array([ 0.0663853  ,  1.10138    ,  0.0370352  ,  0.0419935  ])
1212    , -89.2016    , array([ 0.0664327  ,  1.10095    ,  0.037078   ,  0.0419904  ])
1216    , -89.2016    , array([ 0.0664379  ,  1.1009     ,  0.0370827  ,  0.04199    ])
1224    , -258.642    , array([ 0.0664379  ,  1.1009     ,  0.0370827  ,  0.0654906  ])
1228    , -89.2017    , array([ 0.0664379  ,  1.1009     ,  0.0370827  ,  0.0419708  ])
1232    , -89.2016    , array([ 0.0664379  ,  1.1009     ,  0.0370827  ,  0.04198    ])
1236    , -89.2016    , array([ 0.0664379  ,  1.1009     ,  0.0370827  ,  0.0419816  ])
1240    , -89.5572    , array([ 0.0772945  ,  1.13828    ,  0.0442995  ,  0.0401556  ])
1244    , -89.097     , array([ 0.059661   ,  1.07757    ,  0.0325779  ,  0.0431214  ])
1248    , -94.0633    , array([ 0.0377771  ,  1.00666    ,  0.0183905  ,  0.0467754  ])
1252    , -89.0969    , array([ 0.0598569  ,  1.07824    ,  0.0327081  ,  0.0430884  ])
1256    , -89.0631    , array([ 0.0607197  ,  1.08738    ,  0.0334125  ,  0.0429033  ])
1260    , -89.0631    , array([ 0.0607111  ,  1.08729    ,  0.0334054  ,  0.0429052  ])
1264    , -90.4503    , array([ 0.0678928  ,  1.02171    ,  0.0399001  ,  0.0424278  ])
1268    , -89.0599    , array([ 0.0609909  ,  1.08474    ,  0.0336585  ,  0.0428866  ])
1272    , -4049.85    , array([ 0.0609857  ,  1.08479    ,  0.0336538  ,  1.04289    ])
1276    , -3624.54    , array([ 0.0609857  ,  1.08479    ,  0.0336538  ,  0.424853   ])
1280    , -958.38     , array([ 0.0609857  ,  1.08479    ,  0.0336538  ,  0.115825   ])
1284    , -92.6933    , array([ 0.0609857  ,  1.08479    ,  0.0336538  ,  0.0457995  ])
1288    , -89.0594    , array([ 0.0609857  ,  1.08479    ,  0.0336538  ,  0.0428531  ])
1292    , -90.0907    , array([ 0.0894087  ,  1.18265    ,  0.0525476  ,  0.0380723  ])
1296    , -89.0169    , array([ 0.0577401  ,  1.07361    ,  0.0314963  ,  0.0433987  ])
1300    , -89.0163    , array([ 0.0573238  ,  1.07218    ,  0.0312196  ,  0.0434687  ])
1304    , -89.0163    , array([ 0.0573238  ,  1.07218    ,  0.0312196  ,  0.0434687  ])
1308    , -92.75      , array([ 0.022462   ,  0.988725   ,  0.0107337  ,  0.0487017  ])
1312    , -88.7531    , array([ 0.041334   ,  1.0339     ,  0.0218235  ,  0.0458689  ])
1316    , -88.7523    , array([ 0.040686   ,  1.03235    ,  0.0214427  ,  0.0459661  ])
1320    , -93.4729    , array([ 0.0485884  ,  1.11609    ,  0.027894   ,  0.0442708  ])
1324    , -88.7148    , array([ 0.0412312  ,  1.03813    ,  0.0218878  ,  0.0458492  ])
1328    , -88.7147    , array([ 0.0412064  ,  1.03787    ,  0.0218676  ,  0.0458545  ])
1332    , -93.2269    , array([ 0.0483881  ,  0.972286   ,  0.0283622  ,  0.0453771  ])
1336    , -88.7146    , array([ 0.0411547  ,  1.03834    ,  0.0218208  ,  0.0458579  ])
1340    , -88.7145    , array([ 0.0411702  ,  1.0382     ,  0.0218348  ,  0.0458569  ])
1352    , -180.552    , array([ 0.0411702  ,  1.0382     ,  0.0218348  ,  0.0327013  ])
1356    , -88.7144    , array([ 0.0411702  ,  1.0382     ,  0.0218348  ,  0.0458774  ])
1360    , -90.3287    , array([ 0.0245324  ,  0.998369   ,  0.0120579  ,  0.0483749  ])
1364    , -88.7134    , array([ 0.0348151  ,  1.02298    ,  0.0181004  ,  0.0468313  ])
1368    , -88.6938    , array([ 0.0365311  ,  1.02709    ,  0.0191088  ,  0.0465738  ])
1372    , -96.5157    , array([ 0.0176425  ,  0.986564   ,  0.00811683 ,  0.049393   ])
1376    , -88.6914    , array([ 0.0374832  ,  1.02937    ,  0.0196682  ,  0.0464308  ])
1380    , -88.6915    , array([ 0.0374823  ,  1.02936    ,  0.0196675  ,  0.046431   ])
1384    , -88.6774    , array([ 0.037771   ,  1.03242    ,  0.0199032  ,  0.0463691  ])
1388    , -106.137    , array([ 0.0565701  ,  0.860702   ,  0.0369041  ,  0.04512    ])
1392    , -89.0294    , array([ 0.0391763  ,  1.01953    ,  0.0211743  ,  0.0462761  ])
1396    , -88.6773    , array([ 0.0377464  ,  1.03259    ,  0.0198812  ,  0.0463711  ])
1400    , -3799.38    , array([ 0.0377464  ,  1.03259    ,  0.0198812  ,  1.04637    ])
1404    , -3385.58    , array([ 0.0377464  ,  1.03259    ,  0.0198812  ,  0.428337   ])
1408    , -889.767    , array([ 0.0377464  ,  1.03259    ,  0.0198812  ,  0.11931    ])
1412    , -91.6477    , array([ 0.0377464  ,  1.03259    ,  0.0198812  ,  0.049163   ])
1416    , -88.6773    , array([ 0.0377464  ,  1.03259    ,  0.0198812  ,  0.0463686  ])
1420    , -88.6773    , array([ 0.0377464  ,  1.03259    ,  0.0198812  ,  0.0463686  ])
1424    , -88.6773    , array([ 0.0377464  ,  1.03259    ,  0.0198812  ,  0.0463686  ])
1428    , -88.6697    , array([ 0.0365558  ,  1.02974    ,  0.0191815  ,  0.0465473  ])
1432    , -88.668     , array([ 0.0357474  ,  1.0278     ,  0.0187065  ,  0.0466687  ])
1436    , -88.668     , array([ 0.0357474  ,  1.0278     ,  0.0187065  ,  0.0466687  ])
1440    , -89.6026    , array([ 0.0164237  ,  1.01037    ,  0.00800042 ,  0.0493164  ])
1444    , -88.6109    , array([ 0.0270094  ,  1.01992    ,  0.0138653  ,  0.0478659  ])
1448    , -88.6108    , array([ 0.0273583  ,  1.02023    ,  0.0140586  ,  0.0478181  ])
1452    , -88.8782    , array([ 0.0376411  ,  1.04485    ,  0.0201011  ,  0.0462746  ])
1456    , -88.6057    , array([ 0.0286205  ,  1.02326    ,  0.0148003  ,  0.0476287  ])
1460    , -88.6042    , array([ 0.0281838  ,  1.02221    ,  0.0145437  ,  0.0476942  ])
1464    , -118.273    , array([ 0.046994   ,  0.850541   ,  0.0315518  ,  0.0464433  ])
1468    , -89.7128    , array([ 0.0299953  ,  1.00576    ,  0.0161793  ,  0.0475731  ])
1472    , -88.6031    , array([ 0.028242   ,  1.02178    ,  0.0145937  ,  0.0476897  ])
1476    , -3742.18    , array([ 0.0282415  ,  1.02178    ,  0.0145932  ,  1.04769    ])
1480    , -3326.88    , array([ 0.0282415  ,  1.02178    ,  0.0145932  ,  0.429656   ])
1484    , -872.106    , array([ 0.0282415  ,  1.02178    ,  0.0145932  ,  0.120629   ])
1488    , -91.3599    , array([ 0.0282415  ,  1.02178    ,  0.0145932  ,  0.0503863  ])
1492    , -88.6027    , array([ 0.0282415  ,  1.02178    ,  0.0145932  ,  0.0476565  ])
1496    , -88.7554    , array([ 0.0418152  ,  1.03403    ,  0.0221136  ,  0.0457963  ])
1500    , -88.5986    , array([ 0.0240445  ,  1.01799    ,  0.0122679  ,  0.0482312  ])
1504    , -88.5938    , array([ 0.0254887  ,  1.0193     ,  0.0130681  ,  0.0480333  ])
1508    , -89.171     , array([ 0.0524365  ,  1.08376    ,  0.0289025  ,  0.0439886  ])
1512    , -88.6897    , array([ 0.0293825  ,  1.02858    ,  0.0153553  ,  0.0474492  ])
1516    , -88.5918    , array([ 0.0259231  ,  1.02029    ,  0.0133224  ,  0.0479685  ])
1520    , -88.5918    , array([ 0.025909   ,  1.02026    ,  0.0133141  ,  0.0479706  ])
1524    , -101.665    , array([ 0.0330907  ,  0.954682   ,  0.0198088  ,  0.0474932  ])
1528    , -88.6007    , array([ 0.0260763  ,  1.01873    ,  0.0134654  ,  0.0479595  ])
1532    , -88.5912    , array([ 0.025943   ,  1.01995    ,  0.0133449  ,  0.0479683  ])
1536    , -88.5912    , array([ 0.0259433  ,  1.01995    ,  0.0133452  ,  0.0479683  ])
1544    , -224.73     , array([ 0.0259433  ,  1.01995    ,  0.0133452  ,  0.0704679  ])
1548    , -88.5911    , array([ 0.0259433  ,  1.01995    ,  0.0133452  ,  0.0479446  ])
1552    , -88.5911    , array([ 0.0259433  ,  1.01995    ,  0.0133452  ,  0.0479529  ])
1556    , -88.6239    , array([ 0.031128   ,  1.02463    ,  0.0162177  ,  0.0472425  ])
1560    , -88.5874    , array([ 0.0242888  ,  1.01845    ,  0.0124285  ,  0.0481796  ])
