8       , -749.216    , array([ 0.323273   ,  1.37808    ,  0.0888445  ,  0.0305202  ])
12      , -2240.71    , array([ 0.0475468  ,  1.37808    ,  0.0888445  ,  0.0305202  ])
16      , -93.6249    , array([ 0.132326   ,  1.37808    ,  0.0888445  ,  0.0305202  ])
20      , -93.6247    , array([ 0.132382   ,  1.37808    ,  0.0888445  ,  0.0305202  ])
24      , -137.637    , array([ 0.132382   ,  0.760048   ,  0.0888445  ,  0.0305202  ])
28      , -93.6195    , array([ 0.132382   ,  1.39172    ,  0.0888445  ,  0.0305202  ])
32      , -93.6192    , array([ 0.132382   ,  1.38933    ,  0.0888445  ,  0.0305202  ])
40      , -438.882    , array([ 0.132382   ,  1.38933    ,  0.161774   ,  0.0305202  ])
44      , -93.5672    , array([ 0.132382   ,  1.38933    ,  0.088044   ,  0.0305202  ])
52      , -3348.04    , array([ 0.132382   ,  1.38933    ,  0.088044   ,  0.221464   ])
60      , -102.8      , array([ 0.132382   ,  1.38933    ,  0.088044   ,  0.0345635  ])
64      , -93.53      , array([ 0.132382   ,  1.38933    ,  0.088044   ,  0.0307507  ])
68      , -93.5297    , array([ 0.132463   ,  1.40057    ,  0.0872436  ,  0.0309859  ])
72      , -93.5184    , array([ 0.132432   ,  1.39627    ,  0.0875493  ,  0.030897   ])
76      , -93.5178    , array([ 0.132423   ,  1.39499    ,  0.087641   ,  0.0308703  ])
84      , -3265.27    , array([ 0.0422526  ,  1.39499    ,  0.087641   ,  0.0308703  ])
88      , -93.6224    , array([ 0.13322    ,  1.39499    ,  0.087641   ,  0.0308703  ])
92      , -93.4787    , array([ 0.131572   ,  1.39499    ,  0.087641   ,  0.0308703  ])
96      , -93.4787    , array([ 0.131564   ,  1.39499    ,  0.087641   ,  0.0308703  ])
100     , -93.5613    , array([ 0.131564   ,  1.32826    ,  0.087641   ,  0.0308703  ])
104     , -93.4598    , array([ 0.131564   ,  1.37448    ,  0.087641   ,  0.0308703  ])
112     , -3323.71    , array([ 0.131564   ,  1.37428    ,  0.087641   ,  0.221814   ])
120     , -103.121    , array([ 0.131564   ,  1.37428    ,  0.087641   ,  0.0347909  ])
124     , -93.4597    , array([ 0.131564   ,  1.37428    ,  0.087641   ,  0.0308818  ])
128     , -93.4597    , array([ 0.131564   ,  1.37428    ,  0.087641   ,  0.0308826  ])
132     , -93.441     , array([ 0.13167    ,  1.3891     ,  0.0865859  ,  0.0311889  ])
136     , -93.4282    , array([ 0.131629   ,  1.38335    ,  0.0869954  ,  0.0310697  ])
140     , -93.3546    , array([ 0.130876   ,  1.37737    ,  0.0859468  ,  0.0313864  ])
144     , -93.2933    , array([ 0.129314   ,  1.36496    ,  0.0837713  ,  0.0320434  ])
148     , -93.2933    , array([ 0.12936    ,  1.36533    ,  0.0838355  ,  0.032024   ])
152     , -93.1774    , array([ 0.129218   ,  1.34866    ,  0.0849771  ,  0.0316923  ])
156     , -93.1814    , array([ 0.129239   ,  1.35146    ,  0.0847779  ,  0.0317502  ])
160     , -93.1774    , array([ 0.129216   ,  1.34827    ,  0.0850051  ,  0.0316841  ])
164     , -141.365    , array([ 0.129216   ,  0.730232   ,  0.0850051  ,  0.0316841  ])
168     , -93.166     , array([ 0.129216   ,  1.33592    ,  0.0850051  ,  0.0316841  ])
172     , -93.1655    , array([ 0.129216   ,  1.33286    ,  0.0850051  ,  0.0316841  ])
176     , -93.1655    , array([ 0.129216   ,  1.33302    ,  0.0850051  ,  0.0316841  ])
184     , -405.181    , array([ 0.129216   ,  1.33302    ,  0.0850051  ,  0.0595426  ])
188     , -93.3376    , array([ 0.129216   ,  1.33302    ,  0.0850051  ,  0.0321092  ])
192     , -93.1591    , array([ 0.129216   ,  1.33302    ,  0.0850051  ,  0.0315838  ])
196     , -92.9897    , array([ 0.126924   ,  1.31481    ,  0.0818132  ,  0.0325487  ])
200     , -92.988     , array([ 0.126661   ,  1.31273    ,  0.081447   ,  0.0326593  ])
204     , -92.9638    , array([ 0.121693   ,  1.24211    ,  0.0758985  ,  0.0342488  ])
208     , -92.9076    , array([ 0.123591   ,  1.26908    ,  0.0780179  ,  0.0336416  ])
212     , -92.907     , array([ 0.123837   ,  1.27258    ,  0.078293   ,  0.0335628  ])
216     , -92.748     , array([ 0.123771   ,  1.26342    ,  0.0789451  ,  0.0333731  ])
220     , -92.6832    , array([ 0.12362    ,  1.24244    ,  0.0804392  ,  0.0329385  ])
224     , -92.6598    , array([ 0.12367    ,  1.24938    ,  0.0799451  ,  0.0330822  ])
228     , -92.6598    , array([ 0.123671   ,  1.24961    ,  0.0799287  ,  0.033087   ])
232     , -92.6757    , array([ 0.123671   ,  1.24419    ,  0.0799287  ,  0.033087   ])
236     , -92.636     , array([ 0.123671   ,  1.26852    ,  0.0799287  ,  0.033087   ])
244     , -3036.91    , array([ 0.123671   ,  1.26852    ,  0.0799287  ,  0.224034   ])
252     , -101.05     , array([ 0.123671   ,  1.26852    ,  0.0799287  ,  0.0367074  ])
256     , -92.6018    , array([ 0.123671   ,  1.26852    ,  0.0799287  ,  0.0328518  ])
260     , -92.7046    , array([ 0.116278   ,  1.16342    ,  0.0716714  ,  0.0352149  ])
264     , -92.4467    , array([ 0.120173   ,  1.21879    ,  0.0760216  ,  0.0339687  ])
268     , -92.4467    , array([ 0.120138   ,  1.21829    ,  0.0759825  ,  0.0339799  ])
272     , -92.405     , array([ 0.120073   ,  1.20931    ,  0.0766218  ,  0.0337939  ])
276     , -92.405     , array([ 0.120073   ,  1.20922    ,  0.0766282  ,  0.0337921  ])
280     , -92.405     , array([ 0.120073   ,  1.20922    ,  0.0766282  ,  0.0337921  ])
284     , -92.299     , array([ 0.120073   ,  1.23619    ,  0.0766282  ,  0.0337921  ])
288     , -92.2873    , array([ 0.120073   ,  1.24838    ,  0.0766282  ,  0.0337921  ])
292     , -92.2872    , array([ 0.120073   ,  1.24878    ,  0.0766282  ,  0.0337921  ])
300     , -380.2      , array([ 0.120073   ,  1.24878    ,  0.0766282  ,  0.061651   ])
304     , -92.4053    , array([ 0.120073   ,  1.24878    ,  0.0766282  ,  0.034055   ])
308     , -92.2503    , array([ 0.120073   ,  1.24878    ,  0.0766282  ,  0.0335388  ])
312     , -92.1801    , array([ 0.117249   ,  1.20863    ,  0.0734742  ,  0.0344449  ])
316     , -92.1755    , array([ 0.117763   ,  1.21594    ,  0.0740487  ,  0.0342803  ])
320     , -91.9264    , array([ 0.115434   ,  1.21425    ,  0.0721659  ,  0.0345662  ])
324     , -90.9521    , array([ 0.0889755  ,  1.1915     ,  0.0506996  ,  0.0378635  ])
328     , -90.7469    , array([ 0.095332   ,  1.19696    ,  0.0558568  ,  0.0370713  ])
332     , -90.9269    , array([ 0.0951482  ,  1.20243    ,  0.0552716  ,  0.0372166  ])
336     , -90.5775    , array([ 0.0950148  ,  1.1839     ,  0.0565907  ,  0.0368328  ])
340     , -90.5774    , array([ 0.0950133  ,  1.1837     ,  0.0566054  ,  0.0368285  ])
344     , -91.2019    , array([ 0.0995817  ,  1.24852    ,  0.0617181  ,  0.0353638  ])
348     , -90.5759    , array([ 0.0952573  ,  1.18705    ,  0.0568884  ,  0.0367474  ])
352     , -90.5758    , array([ 0.0952138  ,  1.18643    ,  0.0568398  ,  0.0367613  ])
356     , -90.5758    , array([ 0.0952118  ,  1.1864     ,  0.0568376  ,  0.036762   ])
364     , -296.083    , array([ 0.0952118  ,  1.1864     ,  0.0568376  ,  0.0617834  ])
368     , -90.3632    , array([ 0.0952118  ,  1.1864     ,  0.0568376  ,  0.0374043  ])
372     , -92.6907    , array([ 0.0725332  ,  1.1669     ,  0.038438   ,  0.040222   ])
376     , -90.1658    , array([ 0.0865494  ,  1.17895    ,  0.0498096  ,  0.0384753  ])
380     , -90.1537    , array([ 0.0879935  ,  1.18019    ,  0.0509812  ,  0.0382953  ])
384     , -90.1537    , array([ 0.0879935  ,  1.18019    ,  0.0509812  ,  0.0382953  ])
388     , -90.0616    , array([ 0.0879308  ,  1.17149    ,  0.0516007  ,  0.0381151  ])
392     , -90.0616    , array([ 0.0879294  ,  1.17129    ,  0.0516148  ,  0.038111   ])
396     , -90.0616    , array([ 0.08793    ,  1.17138    ,  0.0516085  ,  0.0381128  ])
400     , -90.0585    , array([ 0.0877015  ,  1.16813    ,  0.0513534  ,  0.0381859  ])
404     , -90.0585    , array([ 0.0876961  ,  1.16806    ,  0.0513473  ,  0.0381877  ])
416     , -214.929    , array([ 0.0876961  ,  1.16806    ,  0.0513473  ,  0.025032   ])
420     , -89.9883    , array([ 0.0876961  ,  1.16806    ,  0.0513473  ,  0.0385628  ])
424     , -93.3341    , array([ 0.124391   ,  1.1996     ,  0.0811184  ,  0.033986   ])
428     , -89.9183    , array([ 0.0850886  ,  1.16582    ,  0.0492317  ,  0.038884   ])
432     , -89.9095    , array([ 0.0839137  ,  1.16481    ,  0.0482786  ,  0.0390304  ])
436     , -89.7099    , array([ 0.0797576  ,  1.14935    ,  0.045514   ,  0.039775   ])
440     , -89.4403    , array([ 0.0583294  ,  1.0691     ,  0.0312893  ,  0.0436251  ])
444     , -89.3011    , array([ 0.0637702  ,  1.08948    ,  0.034901   ,  0.0426475  ])
448     , -89.3004    , array([ 0.064201   ,  1.09109    ,  0.035187   ,  0.0425701  ])
452     , -90.6782    , array([ 0.0782171  ,  1.10314    ,  0.0465586  ,  0.0408234  ])
456     , -89.2237    , array([ 0.0663103  ,  1.09291    ,  0.0368984  ,  0.0423072  ])
460     , -89.2233    , array([ 0.0661577  ,  1.09277    ,  0.0367745  ,  0.0423263  ])
464     , -89.562     , array([ 0.067903   ,  1.11758    ,  0.0387238  ,  0.0417678  ])
468     , -89.2169    , array([ 0.0663592  ,  1.09564    ,  0.0369996  ,  0.0422618  ])
472     , -4102.66    , array([ 0.0663592  ,  1.09564    ,  0.0369996  ,  1.04226    ])
476     , -3675.45    , array([ 0.0663592  ,  1.09564    ,  0.0369996  ,  0.424228   ])
480     , -975.463    , array([ 0.0663592  ,  1.09564    ,  0.0369996  ,  0.1152     ])
484     , -92.898     , array([ 0.0663592  ,  1.09564    ,  0.0369996  ,  0.0450151  ])
488     , -89.201     , array([ 0.0663592  ,  1.09564    ,  0.0369996  ,  0.042075   ])
492     , -90.9233    , array([ 0.0981933  ,  1.21486    ,  0.058132   ,  0.0363534  ])
496     , -89.1325    , array([ 0.0583766  ,  1.06575    ,  0.0317005  ,  0.0435073  ])
500     , -89.1166    , array([ 0.0604599  ,  1.07355    ,  0.0330835  ,  0.043133   ])
504     , -155.397    , array([ 0.0377813  ,  1.05405    ,  0.0146839  ,  0.0459593  ])
508     , -93.1146    , array([ 0.0517974  ,  1.0661     ,  0.0260554  ,  0.0442125  ])
512     , -89.1235    , array([ 0.0629023  ,  1.07565    ,  0.035065   ,  0.0428286  ])
516     , -89.0851    , array([ 0.0615831  ,  1.07451    ,  0.0339948  ,  0.042993   ])
520     , -89.5278    , array([ 0.0633285  ,  1.09932    ,  0.0359441  ,  0.0424346  ])
524     , -89.0801    , array([ 0.0617434  ,  1.07679    ,  0.0341738  ,  0.0429417  ])
528     , -4019.29    , array([ 0.0617434  ,  1.07679    ,  0.0341738  ,  1.04294    ])
532     , -3600.64    , array([ 0.0617434  ,  1.07679    ,  0.0341738  ,  0.424908   ])
536     , -954.183    , array([ 0.0617434  ,  1.07679    ,  0.0341738  ,  0.11588    ])
540     , -92.6615    , array([ 0.0617434  ,  1.07679    ,  0.0341738  ,  0.0457827  ])
544     , -89.0763    , array([ 0.0617434  ,  1.07679    ,  0.0341738  ,  0.0428492  ])
548     , -90.436     , array([ 0.0935775  ,  1.19601    ,  0.0553063  ,  0.0371286  ])
552     , -89.0337    , array([ 0.0586599  ,  1.06524    ,  0.0321269  ,  0.0434023  ])
556     , -89.0313    , array([ 0.0578415  ,  1.06218    ,  0.0315836  ,  0.0435493  ])
560     , -89.0313    , array([ 0.0578415  ,  1.06218    ,  0.0315836  ,  0.0435493  ])
564     , -88.9189    , array([ 0.0453422  ,  1.00791    ,  0.0244237  ,  0.0455369  ])
568     , -88.9043    , array([ 0.0485431  ,  1.02181    ,  0.0262573  ,  0.0450279  ])
572     , -278.205    , array([ 0.0258646  ,  1.00231    ,  0.00785772 ,  0.0478542  ])
576     , -96.1351    , array([ 0.0398807  ,  1.01436    ,  0.0192293  ,  0.0461074  ])
580     , -88.9044    , array([ 0.0485583  ,  1.02182    ,  0.0262696  ,  0.045026   ])
584     , -88.9043    , array([ 0.0485338  ,  1.0218     ,  0.0262497  ,  0.0450291  ])
588     , -88.9043    , array([ 0.0485283  ,  1.0218     ,  0.0262453  ,  0.0450297  ])
592     , -92.7387    , array([ 0.045704   ,  0.981652   ,  0.023091   ,  0.0459333  ])
596     , -89.4749    , array([ 0.0474493  ,  1.00646    ,  0.0250403  ,  0.0453749  ])
600     , -88.898     , array([ 0.04866    ,  1.02367    ,  0.0263925  ,  0.0449875  ])
604     , -88.898     , array([ 0.0486587  ,  1.02365    ,  0.026391   ,  0.0449879  ])
612     , -237.01     , array([ 0.0486587  ,  1.02365    ,  0.026391   ,  0.0681461  ])
616     , -88.8927    , array([ 0.0486587  ,  1.02365    ,  0.026391   ,  0.0450969  ])
620     , -88.8927    , array([ 0.0486587  ,  1.02365    ,  0.026391   ,  0.0451029  ])
624     , -88.9397    , array([ 0.0544054  ,  1.0486     ,  0.0296829  ,  0.0441891  ])
628     , -88.8925    , array([ 0.0483481  ,  1.02231    ,  0.0262131  ,  0.0451523  ])
632     , -89.004     , array([ 0.0388486  ,  0.982405   ,  0.0208391  ,  0.0467562  ])
636     , -88.8925    , array([ 0.048345   ,  1.02229    ,  0.0262114  ,  0.0451528  ])
640     , -89.8509    , array([ 0.044206   ,  1.01873    ,  0.0228532  ,  0.0456686  ])
644     , -88.8811    , array([ 0.0478831  ,  1.02189    ,  0.0258365  ,  0.0452103  ])
648     , -92.8608    , array([ 0.0450639  ,  0.981755   ,  0.0226865  ,  0.0461133  ])
652     , -89.4691    , array([ 0.0468092  ,  1.00657    ,  0.0246357  ,  0.0455549  ])
656     , -88.8752    , array([ 0.0480131  ,  1.02368    ,  0.0259803  ,  0.0451697  ])
660     , -88.8752    , array([ 0.0480118  ,  1.02366    ,  0.0259789  ,  0.0451701  ])
668     , -236.37     , array([ 0.0480118  ,  1.02366    ,  0.0259789  ,  0.0682088  ])
672     , -88.8749    , array([ 0.0480118  ,  1.02366    ,  0.0259789  ,  0.0451874  ])
676     , -88.8749    , array([ 0.0480118  ,  1.02366    ,  0.0259789  ,  0.0451958  ])
680     , -88.9262    , array([ 0.0537585  ,  1.04861    ,  0.0292707  ,  0.044282   ])
684     , -88.8743    , array([ 0.0473364  ,  1.02073    ,  0.025592   ,  0.0453032  ])
688     , -88.8573    , array([ 0.046314   ,  1.0191     ,  0.0249647  ,  0.0454558  ])
692     , -88.814     , array([ 0.0419184  ,  1.01221    ,  0.0222667  ,  0.0461118  ])
696     , -88.814     , array([ 0.0418096  ,  1.01204    ,  0.0222     ,  0.046128   ])
700     , -88.814     , array([ 0.0418643  ,  1.01212    ,  0.0222335  ,  0.0461198  ])
704     , -88.8097    , array([ 0.0435406  ,  1.0194     ,  0.0231937  ,  0.0458533  ])
708     , -88.8097    , array([ 0.0434781  ,  1.01913    ,  0.0231579  ,  0.0458632  ])
712     , -89.8382    , array([ 0.0452234  ,  1.04394    ,  0.0251072  ,  0.0453048  ])
716     , -88.789     , array([ 0.0436827  ,  1.02204    ,  0.0233865  ,  0.0457977  ])
720     , -3770.22    , array([ 0.0436827  ,  1.02204    ,  0.0233865  ,  1.0458     ])
724     , -3368.57    , array([ 0.0436827  ,  1.02204    ,  0.0233865  ,  0.427764   ])
728     , -889.452    , array([ 0.0436827  ,  1.02204    ,  0.0233865  ,  0.118737   ])
732     , -91.8275    , array([ 0.0436827  ,  1.02204    ,  0.0233865  ,  0.0485895  ])
736     , -88.7887    , array([ 0.0436827  ,  1.02204    ,  0.0233865  ,  0.0457676  ])
740     , -88.791     , array([ 0.0382175  ,  1.01346    ,  0.020032   ,  0.0465831  ])
744     , -88.7662    , array([ 0.0415952  ,  1.01876    ,  0.0221052  ,  0.0460791  ])
748     , -88.7633    , array([ 0.0406565  ,  1.01729    ,  0.021529   ,  0.0462192  ])
752     , -89.0216    , array([ 0.0557016  ,  1.08261    ,  0.0301472  ,  0.0438269  ])
756     , -88.7627    , array([ 0.0417728  ,  1.02214    ,  0.0221685  ,  0.0460417  ])
760     , -88.7624    , array([ 0.0413722  ,  1.0204     ,  0.021939   ,  0.0461054  ])
764     , -88.7624    , array([ 0.0413815  ,  1.02044    ,  0.0219443  ,  0.0461039  ])
768     , -88.7477    , array([ 0.0415403  ,  1.02269    ,  0.0221216  ,  0.0460531  ])
772     , -88.7477    , array([ 0.0415441  ,  1.02275    ,  0.022126   ,  0.0460519  ])
784     , -178.635    , array([ 0.0415441  ,  1.02275    ,  0.022126   ,  0.0328962  ])
788     , -88.7474    , array([ 0.0415441  ,  1.02275    ,  0.022126   ,  0.0460241  ])
792     , -88.7978    , array([ 0.0360789  ,  1.01417    ,  0.0187714  ,  0.0468396  ])
796     , -88.732     , array([ 0.0394566  ,  1.01947    ,  0.0208446  ,  0.0463356  ])
800     , -88.732     , array([ 0.0394146  ,  1.01941    ,  0.0208189  ,  0.0463419  ])
804     , -88.6724    , array([ 0.0362397  ,  1.02507    ,  0.0190066  ,  0.0466516  ])
808     , -88.6711    , array([ 0.0290305  ,  1.03777    ,  0.0148893  ,  0.0473575  ])
812     , -88.6427    , array([ 0.0321471  ,  1.03228    ,  0.0166692  ,  0.0470524  ])
816     , -88.6427    , array([ 0.0322193  ,  1.03215    ,  0.0167104  ,  0.0470453  ])
820     , -88.6427    , array([ 0.0324174  ,  1.03301    ,  0.0168239  ,  0.0470138  ])
824     , -88.6427    , array([ 0.0322685  ,  1.03237    ,  0.0167386  ,  0.0470375  ])
828     , -88.6427    , array([ 0.0322981  ,  1.0325     ,  0.0167556  ,  0.0470328  ])
832     , -88.6427    , array([ 0.0322989  ,  1.0325     ,  0.016756   ,  0.0470326  ])
836     , -88.6339    , array([ 0.0323912  ,  1.03381    ,  0.0168591  ,  0.0470031  ])
840     , -3795.58    , array([ 0.0323912  ,  1.03381    ,  0.0168591  ,  1.047      ])
844     , -3376.62    , array([ 0.0323912  ,  1.03381    ,  0.0168591  ,  0.428969   ])
848     , -885.216    , array([ 0.0323912  ,  1.03381    ,  0.0168591  ,  0.119942   ])
852     , -91.5117    , array([ 0.0323912  ,  1.03381    ,  0.0168591  ,  0.0497567  ])
856     , -88.6339    , array([ 0.0323912  ,  1.03381    ,  0.0168591  ,  0.0469942  ])
860     , -88.6339    , array([ 0.0323912  ,  1.03381    ,  0.0168591  ,  0.0469939  ])
864     , -88.6339    , array([ 0.0323912  ,  1.03381    ,  0.0168591  ,  0.046994   ])
868     , -88.6322    , array([ 0.0314789  ,  1.03542    ,  0.0163381  ,  0.0470833  ])
872     , -88.8324    , array([ 0.0233658  ,  1.05168    ,  0.0117552  ,  0.0478433  ])
876     , -88.6322    , array([ 0.0314008  ,  1.03556    ,  0.0162935  ,  0.047091   ])
880     , -88.628     , array([ 0.0306066  ,  1.03211    ,  0.0158386  ,  0.0472173  ])
884     , -88.6279    , array([ 0.0304391  ,  1.03138    ,  0.0157426  ,  0.0472439  ])
888     , -104.901    , array([ 0.0350084  ,  1.09634    ,  0.0208459  ,  0.0457819  ])
892     , -88.6318    , array([ 0.0305964  ,  1.03362    ,  0.0159183  ,  0.0471936  ])
896     , -88.6225    , array([ 0.0305071  ,  1.03235    ,  0.0158186  ,  0.0472221  ])
908     , -177.587    , array([ 0.0305071  ,  1.03235    ,  0.0158186  ,  0.0340665  ])
912     , -88.6224    , array([ 0.0305071  ,  1.03235    ,  0.0158186  ,  0.0472376  ])
916     , -88.8481    , array([ 0.0232906  ,  1.04506    ,  0.0116972  ,  0.0479442  ])
920     , -88.6368    , array([ 0.0277506  ,  1.0372     ,  0.0142443  ,  0.0475075  ])
924     , -88.622     , array([ 0.0300907  ,  1.03308    ,  0.0155808  ,  0.0472783  ])
928     , -88.622     , array([ 0.0301418  ,  1.03299    ,  0.0156099  ,  0.0472734  ])
932     , -88.622     , array([ 0.0301067  ,  1.03305    ,  0.0155899  ,  0.0472768  ])
936     , -88.6002    , array([ 0.0267189  ,  1.0265     ,  0.013748   ,  0.0477632  ])
940     , -88.5883    , array([ 0.0231596  ,  1.01961    ,  0.0118127  ,  0.0482743  ])
944     , -93.2748    , array([ 0.0139484  ,  0.979411   ,  0.00653385 ,  0.0497403  ])
948     , -88.9073    , array([ 0.0196951  ,  1.00436    ,  0.00982569 ,  0.0488265  ])
952     , -88.5892    , array([ 0.0240745  ,  1.02338    ,  0.0123343  ,  0.0481301  ])
956     , -88.5865    , array([ 0.0236065  ,  1.02134    ,  0.0120662  ,  0.0482046  ])
960     , -88.64      , array([ 0.0280665  ,  1.01349    ,  0.0146134  ,  0.0477679  ])
964     , -88.5854    , array([ 0.0240741  ,  1.02052    ,  0.0123333  ,  0.0481588  ])
968     , -88.5853    , array([ 0.0240404  ,  1.02058    ,  0.012314   ,  0.0481621  ])
980     , -175.112    , array([ 0.0240404  ,  1.02058    ,  0.012314   ,  0.0350065  ])
984     , -88.5853    , array([ 0.0240404  ,  1.02058    ,  0.012314   ,  0.0481698  ])
988     , -88.5853    , array([ 0.0240404  ,  1.02058    ,  0.012314   ,  0.0481694  ])
992     , -88.6653    , array([ 0.03514    ,  1.04205    ,  0.0183489  ,  0.0465756  ])
996     , -88.5812    , array([ 0.0215387  ,  1.01574    ,  0.0109538  ,  0.0485285  ])
1000    , -88.5804    , array([ 0.022147   ,  1.01692    ,  0.0112846  ,  0.0484411  ])
