5       , -1311.17    , array([ 1.00294    ,  0.0999727  ,  0.0494655  ,  4.97394    ,  2.43348    ])
10      , -1311.26    , array([ 1.01151    ,  0.0999727  ,  0.0494655  ,  4.97394    ,  2.43348    ])
15      , -1311.17    , array([ 1.00283    ,  0.0999727  ,  0.0494655  ,  4.97394    ,  2.43348    ])
20      , -1311.17    , array([ 1.00276    ,  0.0999727  ,  0.0494655  ,  4.97394    ,  2.43348    ])
25      , -24678.7    , array([ 1.00276    ,  0.481939   ,  0.0494655  ,  4.97394    ,  2.43348    ])
30      , -3925.95    , array([ 1.00276    ,  0.0655308  ,  0.0494655  ,  4.97394    ,  2.43348    ])
35      , -1311.15    , array([ 1.00276    ,  0.0998522  ,  0.0494655  ,  4.97394    ,  2.43348    ])
40      , -1311.15    , array([ 1.00276    ,  0.0998522  ,  0.0494655  ,  4.97394    ,  2.43348    ])
50      , -1372.75    , array([ 1.00276    ,  0.0998522  ,  0.0544666  ,  4.97394    ,  2.43348    ])
55      , -1311.15    , array([ 1.00276    ,  0.0998522  ,  0.049508   ,  4.97394    ,  2.43348    ])
60      , -1311.15    , array([ 1.00276    ,  0.0998522  ,  0.0495076  ,  4.97394    ,  2.43348    ])
65      , -1311.13    , array([ 1.00276    ,  0.0998522  ,  0.0495076  ,  4.99852    ,  2.43348    ])
70      , -1311.13    , array([ 1.00276    ,  0.0998522  ,  0.0495076  ,  4.99852    ,  2.43348    ])
75      , -1311.11    , array([ 1.00276    ,  0.0998522  ,  0.0495076  ,  4.99852    ,  2.44918    ])
