435     , -1310.96    , array([ 0.996707   ,  0.0995764  ,  5.01981    ,  2.50052    ,  0.049729   ])
440     , -1402.74    , array([ 1.37867    ,  0.0995764  ,  5.01981    ,  2.50052    ,  0.049729   ])
445     , -1310.95    , array([ 0.998281   ,  0.0995764  ,  5.01981    ,  2.50052    ,  0.049729   ])
460     , -1321.31    , array([ 0.998265   ,  0.102343   ,  5.01981    ,  2.50052    ,  0.049729   ])
465     , -1310.95    , array([ 0.998265   ,  0.0995879  ,  5.01981    ,  2.50052    ,  0.049729   ])
470     , -1322.88    , array([ 0.998265   ,  0.0995881  ,  4.40178    ,  2.50052    ,  0.049729   ])
475     , -1310.95    , array([ 0.998265   ,  0.0995881  ,  5.00639    ,  2.50052    ,  0.049729   ])
480     , -1340.23    , array([ 0.998265   ,  0.0995881  ,  5.00626    ,  1.88248    ,  0.049729   ])
485     , -1310.95    , array([ 0.998265   ,  0.0995881  ,  5.00626    ,  2.50457    ,  0.049729   ])
490     , -1310.95    , array([ 0.998265   ,  0.0995881  ,  5.00626    ,  2.50461    ,  0.049729   ])
500     , -1370.92    , array([ 0.998265   ,  0.0995881  ,  5.00626    ,  2.50461    ,  0.0547108  ])
505     , -1310.95    , array([ 0.998265   ,  0.0995881  ,  5.00626    ,  2.50461    ,  0.0497453  ])
