8       , -671.501    , array([ 0.232617   ,  1.12172    ,  0.24697    ,  0.0397586  ])
12      , -438.887    , array([ 0.00720105 ,  1.12172    ,  0.24697    ,  0.0397586  ])
16      , -90.6523    , array([ 0.0412654  ,  1.12172    ,  0.24697    ,  0.0397586  ])
20      , -90.6276    , array([ 0.0407115  ,  1.12172    ,  0.24697    ,  0.0397586  ])
24      , -90.6276    , array([ 0.0407207  ,  1.12172    ,  0.24697    ,  0.0397586  ])
28      , -91.0307    , array([ 0.0407207  ,  1.04789    ,  0.24697    ,  0.0397586  ])
32      , -90.5911    , array([ 0.0407207  ,  1.10463    ,  0.24697    ,  0.0397586  ])
40      , -384.035    , array([ 0.0407207  ,  1.10446    ,  0.437944   ,  0.0397586  ])
44      , -90.5901    , array([ 0.0407207  ,  1.10446    ,  0.246663   ,  0.0397586  ])
48      , -4294.41    , array([ 0.0407207  ,  1.10446    ,  0.246663   ,  1.03976    ])
52      , -3937.87    , array([ 0.0407207  ,  1.10446    ,  0.246663   ,  0.421725   ])
56      , -1070.79    , array([ 0.0407207  ,  1.10446    ,  0.246663   ,  0.112696   ])
60      , -96.0157    , array([ 0.0407207  ,  1.10446    ,  0.246663   ,  0.0432309  ])
64      , -90.5804    , array([ 0.0407207  ,  1.10446    ,  0.246663   ,  0.0398942  ])
68      , -90.5583    , array([ 0.0397985  ,  1.0872     ,  0.246355   ,  0.0400325  ])
72      , -90.5551    , array([ 0.0401508  ,  1.09379    ,  0.246473   ,  0.0399802  ])
76      , -90.5545    , array([ 0.0400515  ,  1.09193    ,  0.24644    ,  0.0399949  ])
88      , -211.752    , array([ 0.0400515  ,  1.09193    ,  0.24644    ,  0.0268393  ])
92      , -90.5533    , array([ 0.0400515  ,  1.09193    ,  0.24644    ,  0.0400427  ])
96      , -138.174    , array([ 0.0400515  ,  2.09193    ,  0.24644    ,  0.0400423  ])
100     , -103.023    , array([ 0.0400515  ,  1.4739     ,  0.24644    ,  0.0400423  ])
104     , -90.5514    , array([ 0.0400515  ,  1.08836    ,  0.24644    ,  0.0400423  ])
108     , -90.5514    , array([ 0.0400515  ,  1.0881     ,  0.24644    ,  0.0400423  ])
116     , -90.5499    , array([ 0.0400515  ,  1.0881     ,  0.246388   ,  0.0400423  ])
120     , -90.5315    , array([ 0.0400515  ,  1.0881     ,  0.245077   ,  0.0400423  ])
124     , -90.6441    , array([ 0.0382995  ,  1.0553     ,  0.24448    ,  0.0403025  ])
128     , -90.5239    , array([ 0.0396913  ,  1.08136    ,  0.244943   ,  0.0400958  ])
132     , -90.5239    , array([ 0.0396913  ,  1.08136    ,  0.244943   ,  0.0400958  ])
144     , -212.427    , array([ 0.0396913  ,  1.08136    ,  0.244943   ,  0.0269402  ])
148     , -90.5097    , array([ 0.0396913  ,  1.08136    ,  0.244943   ,  0.0402628  ])
152     , -138.785    , array([ 0.0396913  ,  2.08136    ,  0.244943   ,  0.0402628  ])
156     , -102.98     , array([ 0.0396913  ,  1.46332    ,  0.244943   ,  0.0402628  ])
160     , -90.5095    , array([ 0.0396913  ,  1.08266    ,  0.244943   ,  0.0402628  ])
164     , -90.5095    , array([ 0.0396913  ,  1.08256    ,  0.244943   ,  0.0402628  ])
172     , -90.5154    , array([ 0.0396913  ,  1.08256    ,  0.245163   ,  0.0402628  ])
176     , -90.4953    , array([ 0.0396913  ,  1.08256    ,  0.243776   ,  0.0402628  ])
180     , -90.4877    , array([ 0.0390221  ,  1.07003    ,  0.243565   ,  0.0403622  ])
184     , -90.4841    , array([ 0.0392659  ,  1.07459    ,  0.243646   ,  0.040326   ])
188     , -90.4537    , array([ 0.0388406  ,  1.06783    ,  0.242349   ,  0.0405562  ])
192     , -90.4165    , array([ 0.0376301  ,  1.04859    ,  0.238657   ,  0.0412113  ])
196     , -90.4165    , array([ 0.0375823  ,  1.04783    ,  0.238511   ,  0.0412372  ])
200     , -90.4165    , array([ 0.0375989  ,  1.04809    ,  0.238562   ,  0.0412282  ])
208     , -280.349    , array([ 0.0375989  ,  1.04809    ,  0.238562   ,  0.0653901  ])
212     , -90.4039    , array([ 0.0375989  ,  1.04809    ,  0.238562   ,  0.041047   ])
216     , -90.4037    , array([ 0.0375989  ,  1.04809    ,  0.238562   ,  0.0410657  ])
220     , -293.91     , array([ 0.0375989  ,  0.430057   ,  0.238562   ,  0.0410657  ])
224     , -90.3792    , array([ 0.0375989  ,  1.06555    ,  0.238562   ,  0.0410657  ])
228     , -90.3767    , array([ 0.0375989  ,  1.06146    ,  0.238562   ,  0.0410657  ])
232     , -90.392     , array([ 0.0380125  ,  1.0692     ,  0.2387     ,  0.0410043  ])
236     , -90.3763    , array([ 0.037516   ,  1.0599     ,  0.238534   ,  0.041078   ])
240     , -90.6173    , array([ 0.0402168  ,  1.10285    ,  0.246762   ,  0.0396177  ])
244     , -90.3706    , array([ 0.0370286  ,  1.05216    ,  0.237038   ,  0.0413432  ])
248     , -90.3706    , array([ 0.0370236  ,  1.05209    ,  0.237023   ,  0.0413459  ])
260     , -198.901    , array([ 0.0370236  ,  1.05209    ,  0.237023   ,  0.0281903  ])
264     , -90.3425    , array([ 0.0370236  ,  1.05209    ,  0.237023   ,  0.0411048  ])
268     , -141.868    , array([ 0.0370236  ,  2.05209    ,  0.237023   ,  0.0411048  ])
272     , -103.328    , array([ 0.0370236  ,  1.43405    ,  0.237023   ,  0.0411048  ])
276     , -90.3262    , array([ 0.0370236  ,  1.06231    ,  0.237023   ,  0.0411048  ])
280     , -90.3589    , array([ 0.0363545  ,  1.04994    ,  0.2368     ,  0.0412042  ])
284     , -90.3316    , array([ 0.036768   ,  1.05768    ,  0.236938   ,  0.0411428  ])
288     , -90.3262    , array([ 0.0370507  ,  1.06298    ,  0.237032   ,  0.0411008  ])
292     , -90.5973    , array([ 0.0397485  ,  1.10587    ,  0.245258   ,  0.0396409  ])
296     , -90.3139    , array([ 0.0363323  ,  1.05155    ,  0.23484    ,  0.0414898  ])
300     , -90.3139    , array([ 0.0363202  ,  1.05136    ,  0.234803   ,  0.0414964  ])
304     , -90.1697    , array([ 0.0344785  ,  1.04946    ,  0.22899    ,  0.0418904  ])
308     , -89.4209    , array([ 0.0188732  ,  1.03339    ,  0.179739   ,  0.0452291  ])
312     , -89.4184    , array([ 0.0183326  ,  1.03283    ,  0.178033   ,  0.0453448  ])
316     , -89.4017    , array([ 0.0193628  ,  1.04921    ,  0.181175   ,  0.0447872  ])
320     , -89.4011    , array([ 0.0191858  ,  1.04639    ,  0.180635   ,  0.044883   ])
324     , -89.4011    , array([ 0.0191944  ,  1.04653    ,  0.180661   ,  0.0448783  ])
328     , -90.2461    , array([ 0.0191944  ,  0.953908   ,  0.180661   ,  0.0448783  ])
332     , -89.2903    , array([ 0.0191944  ,  1.02192    ,  0.180661   ,  0.0448783  ])
336     , -89.297     , array([ 0.0202772  ,  1.04219    ,  0.181022   ,  0.0447175  ])
340     , -89.247     , array([ 0.0197116  ,  1.0316     ,  0.180834   ,  0.0448015  ])
344     , -157.006    , array([ 0.00172401 ,  1.01307    ,  0.124064   ,  0.0486499  ])
348     , -89.349     , array([ 0.012841   ,  1.02452    ,  0.159149   ,  0.0462715  ])
352     , -89.143     , array([ 0.0161545  ,  1.02793    ,  0.169607   ,  0.0455626  ])
356     , -89.143     , array([ 0.016083   ,  1.02786    ,  0.169381   ,  0.0455779  ])
360     , -89.3107    , array([ 0.0188162  ,  1.07078    ,  0.177721   ,  0.0441104  ])
364     , -89.1423    , array([ 0.0162817  ,  1.03049    ,  0.169991   ,  0.045482   ])
368     , -89.1423    , array([ 0.0162747  ,  1.03037    ,  0.16997    ,  0.0454859  ])
372     , -89.1423    , array([ 0.0162731  ,  1.03035    ,  0.169965   ,  0.0454867  ])
376     , -89.7211    , array([ 0.0162731  ,  0.966833   ,  0.169965   ,  0.0454867  ])
380     , -89.1242    , array([ 0.0162731  ,  1.02061    ,  0.169965   ,  0.0454867  ])
384     , -89.1758    , array([ 0.0173559  ,  1.04078    ,  0.170326   ,  0.0453259  ])
388     , -89.0876    , array([ 0.0166932  ,  1.02837    ,  0.170105   ,  0.0454243  ])
392     , -91.238     , array([ 0.0457977  ,  1.05836    ,  0.261961   ,  0.0391974  ])
396     , -89.2227    , array([ 0.0192315  ,  1.03099    ,  0.178116   ,  0.0448813  ])
400     , -89.0499    , array([ 0.0155422  ,  1.02719    ,  0.166473   ,  0.0456706  ])
404     , -88.9614    , array([ 0.0132712  ,  1.02473    ,  0.158103   ,  0.0461334  ])
408     , -88.8733    , array([ 0.00961878 ,  1.02068    ,  0.143492   ,  0.0468559  ])
412     , -88.8739    , array([ 0.0101339  ,  1.02125    ,  0.145553   ,  0.046754   ])
416     , -88.8725    , array([ 0.00984996 ,  1.02093    ,  0.144417   ,  0.0468101  ])
420     , -88.9003    , array([ 0.0108802  ,  1.03731    ,  0.147559   ,  0.0462526  ])
424     , -88.8667    , array([ 0.0101399  ,  1.02554    ,  0.145301   ,  0.0466533  ])
428     , -157.92     , array([ 0.0101399  ,  2.02554    ,  0.145301   ,  0.0466533  ])
432     , -106.957    , array([ 0.0101399  ,  1.40751    ,  0.145301   ,  0.0466533  ])
436     , -88.8645    , array([ 0.0101399  ,  1.02239    ,  0.145301   ,  0.0466533  ])
440     , -88.8645    , array([ 0.0101399  ,  1.02216    ,  0.145301   ,  0.0466533  ])
444     , -88.8665    , array([ 0.0105534  ,  1.0299     ,  0.145439   ,  0.0465918  ])
448     , -88.8467    , array([ 0.0103372  ,  1.02586    ,  0.145367   ,  0.0466239  ])
452     , -88.8467    , array([ 0.0103392  ,  1.02589    ,  0.145367   ,  0.0466237  ])
456     , -88.8235    , array([ 0.0091525  ,  1.02457    ,  0.14062    ,  0.0468584  ])
460     , -88.8228    , array([ 0.00895956 ,  1.02436    ,  0.139848   ,  0.0468965  ])
464     , -89.1378    , array([ 0.00729255 ,  0.997857   ,  0.134764   ,  0.0477987  ])
468     , -88.8545    , array([ 0.00832282 ,  1.01424    ,  0.137906   ,  0.0472411  ])
472     , -88.8223    , array([ 0.00888329 ,  1.02315    ,  0.139616   ,  0.0469378  ])
480     , -92.0133    , array([ 0.00888329 ,  1.16149    ,  0.139616   ,  0.0469378  ])
484     , -88.822     , array([ 0.00888329 ,  1.02192    ,  0.139616   ,  0.0469378  ])
488     , -88.822     , array([ 0.00888329 ,  1.02194    ,  0.139616   ,  0.0469378  ])
492     , -88.8411    , array([ 0.00929688 ,  1.02968    ,  0.139753   ,  0.0468764  ])
496     , -88.8073    , array([ 0.00904593 ,  1.02498    ,  0.13967    ,  0.0469137  ])
500     , -89.1076    , array([ 0.0168854  ,  1.03369    ,  0.171031   ,  0.045363   ])
504     , -88.8088    , array([ 0.00911212 ,  1.02506    ,  0.139935   ,  0.0469006  ])
508     , -88.799     , array([ 0.00840806 ,  1.02428    ,  0.137118   ,  0.0470398  ])
512     , -88.78      , array([ 0.00782941 ,  1.02416    ,  0.134279   ,  0.0471885  ])
516     , -88.7663    , array([ 0.00543647 ,  1.02374    ,  0.122488   ,  0.0478066  ])
520     , -88.7505    , array([ 0.00578553 ,  1.0238     ,  0.124208   ,  0.0477165  ])
524     , -88.7525    , array([ 0.00621869 ,  1.02387    ,  0.126342   ,  0.0476046  ])
528     , -88.7453    , array([ 0.00619671 ,  1.02387    ,  0.126234   ,  0.0476102  ])
532     , -88.7453    , array([ 0.00619752 ,  1.02388    ,  0.126237   ,  0.0476098  ])
536     , -88.7451    , array([ 0.00620388 ,  1.02398    ,  0.126256   ,  0.0476064  ])
540     , -88.745     , array([ 0.00621082 ,  1.0241     ,  0.126277   ,  0.0476026  ])
544     , -88.7449    , array([ 0.00621117 ,  1.0241     ,  0.126278   ,  0.0476024  ])
548     , -337.646    , array([ 0.00621117 ,  0.406067   ,  0.126278   ,  0.0476024  ])
552     , -88.7456    , array([ 0.00621117 ,  1.02446    ,  0.126278   ,  0.0476024  ])
556     , -88.7414    , array([ 0.00621117 ,  1.0199     ,  0.126278   ,  0.0476024  ])
560     , -89.1074    , array([ 0.0140507  ,  1.02856    ,  0.157639   ,  0.0460518  ])
564     , -88.7851    , array([ 0.00733556 ,  1.0211     ,  0.130776   ,  0.04738    ])
568     , -88.7511    , array([ 0.00602608 ,  1.01965    ,  0.125538   ,  0.047639   ])
572     , -88.7491    , array([ 0.00622937 ,  1.01988    ,  0.126351   ,  0.0475988  ])
576     , -88.7498    , array([ 0.00621383 ,  1.01986    ,  0.126289   ,  0.0476019  ])
580     , -88.7499    , array([ 0.00621156 ,  1.01986    ,  0.12628    ,  0.0476023  ])
584     , -88.7499    , array([ 0.00621123 ,  1.01986    ,  0.126279   ,  0.0476024  ])
588     , -88.7414    , array([ 0.00621117 ,  1.01986    ,  0.126278   ,  0.0476024  ])
592     , -88.7499    , array([ 0.00621118 ,  1.01986    ,  0.126278   ,  0.0476024  ])
596     , -88.7414    , array([ 0.00621118 ,  1.01986    ,  0.126278   ,  0.0476024  ])
600     , -88.7414    , array([ 0.00621118 ,  1.01986    ,  0.126278   ,  0.0476024  ])
604     , -88.7414    , array([ 0.00621118 ,  1.01986    ,  0.126278   ,  0.0476024  ])
608     , -88.7418    , array([ 0.00584908 ,  1.01979    ,  0.124494   ,  0.047696   ])
612     , -88.7407    , array([ 0.00604332 ,  1.01983    ,  0.125451   ,  0.0476458  ])
