Model	Replicate	log-likelihood	AIC	chi-squared	theta	optimized_params( )
our_model	Round_1_Replicate_1	-398.45	804.9	607.1	16350.71	30.0,0.4518,2.5541,1.002
our_model	Round_1_Replicate_2	-396.72	801.44	603.92	13796.25	3.143,0.5365,30.0,1.0407
our_model	Round_1_Replicate_3	-397.06	802.12	603.58	22402.06	1.9015,0.3317,30.0,0.6385
our_model	Round_1_Replicate_4	-393.72	795.44	598.31	5118.62	29.9186,1.4522,29.9226,4.1804
our_model	Round_1_Replicate_5	-396.83	801.66	602.96	45533.8	0.8076,0.1634,0.4273,0.3117
our_model	Round_1_Replicate_6	-393.19	794.38	597.3	8577.74	29.8778,0.8674,29.9827,2.9743
our_model	Round_1_Replicate_7	-394.85	797.7	599.73	36879.73	1.5447,0.2018,29.996,0.4582
our_model	Round_1_Replicate_8	-398.58	805.16	607.34	28924.44	30.0,0.2554,0.7506,0.5357
our_model	Round_1_Replicate_9	-393.34	794.68	597.6	6855.41	29.8843,1.085,29.9713,3.464
our_model	Round_1_Replicate_10	-393.33	794.66	597.57	127071.46	0.8335,0.0585,1.4567,0.1752
our_model	Round_2_Replicate_1	-395.43	798.86	600.82	33089.6	1.6063,0.2247,4.3769,0.4853
our_model	Round_2_Replicate_2	-396.04	800.08	601.32	3959.82	14.9593,1.8822,29.2263,4.0531
our_model	Round_2_Replicate_3	-395.94	799.88	602.48	7975.47	5.9601,0.9289,30.0,1.8994
our_model	Round_2_Replicate_4	-392.96	793.92	596.86	60378.97	8.4735,0.1233,25.7326,0.5602
our_model	Round_2_Replicate_5	-393.09	794.18	597.11	10949.92	29.9368,0.6796,29.6177,2.499
our_model	Round_2_Replicate_6	-400.59	809.18	610.98	2128.34	30.0,3.4646,30.0,6.4789
our_model	Round_2_Replicate_7	-396.96	801.92	604.37	4963.75	8.9562,1.4907,30.0,2.8789
our_model	Round_2_Replicate_8	-398.44	804.88	607.09	5118.22	30.0,1.4434,11.6062,3.1294
our_model	Round_2_Replicate_9	-398.2	804.4	606.64	2403.44	30.0,3.0745,30.0,6.2096
our_model	Round_2_Replicate_10	-398.98	805.96	608.07	2294.42	30.0,3.2182,30.0,6.3173
our_model	Round_3_Replicate_1	-394.02	796.04	598.87	62381.67	1.1397,0.1191,29.1055,0.2999
our_model	Round_3_Replicate_2	-394.86	797.72	600.46	100295.49	0.5585,0.074,17.8174,0.1661
our_model	Round_3_Replicate_3	-393.03	794.06	597.01	119862.21	1.7983,0.0621,29.9969,0.23
our_model	Round_3_Replicate_4	-398.7	805.4	607.56	8481.15	30.0,0.8708,6.181,1.9167
our_model	Round_3_Replicate_5	-395.45	798.9	600.96	20454.61	2.5128,0.3634,11.3543,0.778
our_model	Round_3_Replicate_6	-392.94	793.88	596.84	197352.29	12.6436,0.0377,10.8765,0.2145
our_model	Round_3_Replicate_7	-396.88	801.76	604.21	7299.32	5.8993,1.0138,30.0,1.9515
our_model	Round_3_Replicate_8	-396.88	801.76	604.21	6377.15	6.8042,1.1604,30.0,2.237
our_model	Round_3_Replicate_9	-395.47	798.94	600.77	37685.51	1.3547,0.1974,29.9939,0.423
our_model	Round_3_Replicate_10	-394.08	796.16	598.32	20716.88	3.4487,0.3596,16.7852,0.9071
our_model	Round_4_Replicate_1	-394.64	797.28	600.44	7026.58	16.5939,1.0547,14.8799,2.6641
our_model	Round_4_Replicate_2	-395.0	798.0	599.9	301072.51	0.1842,0.0247,28.3916,0.0554
our_model	Round_4_Replicate_3	-394.11	796.22	599.05	101895.24	0.6665,0.0729,2.9031,0.1803
our_model	Round_4_Replicate_4	-394.11	796.22	599.06	67975.05	29.9997,0.1093,0.0727,0.2779
our_model	Round_4_Replicate_5	-393.09	794.18	597.11	342349.42	0.512,0.0217,28.419,0.0759
our_model	Round_4_Replicate_6	-393.59	795.18	598.06	133115.65	0.6661,0.0559,25.2714,0.1543
our_model	Round_4_Replicate_7	-392.97	793.94	596.88	57721.05	27.7844,0.129,10.762,0.6021
our_model	Round_4_Replicate_8	-394.39	796.78	600.2	86337.99	0.6526,0.0858,1.2211,0.2007
our_model	Round_4_Replicate_9	-399.73	807.46	609.43	11318.4	30.0,0.6519,3.9478,1.3984
our_model	Round_4_Replicate_10	-394.55	797.1	600.79	202794.83	0.2461,0.0365,0.7468,0.0826
our_model	Round_5_Replicate_1	-392.96	793.92	596.87	90691.54	29.7979,0.0821,7.6159,0.4001
our_model	Round_5_Replicate_2	-392.94	793.88	596.84	116935.56	29.8096,0.0637,17.6667,0.366
our_model	Round_5_Replicate_3	-394.66	797.32	600.08	149211.36	0.3926,0.0497,18.8251,0.1143
our_model	Round_5_Replicate_4	-394.28	796.56	600.32	130615.56	0.3651,0.0566,0.7082,0.131
our_model	Round_5_Replicate_5	-392.95	793.9	596.84	98564.91	29.8996,0.0755,17.5628,0.421
our_model	Round_5_Replicate_6	-393.38	794.76	597.67	188601.9	0.5587,0.0394,16.8067,0.1163
our_model	Round_5_Replicate_7	-393.56	795.12	598.02	116477.72	0.769,0.0638,3.4393,0.1773
our_model	Round_5_Replicate_8	-394.41	796.82	600.55	135705.74	0.3582,0.0545,0.7865,0.1246
our_model	Round_5_Replicate_9	-392.95	793.9	596.84	100758.43	29.9854,0.0739,13.5795,0.4002
our_model	Round_5_Replicate_10	-392.97	793.94	596.89	291475.31	1.2468,0.0255,29.3815,0.1083
our_model	Round_5_Replicate_11	-392.95	793.9	596.84	113579.98	29.8923,0.0655,10.7652,0.3516
our_model	Round_5_Replicate_12	-393.73	795.46	598.33	154447.1	0.5225,0.0481,2.8409,0.1282
our_model	Round_5_Replicate_13	-392.97	793.94	596.89	88593.32	29.9258,0.084,5.706,0.389
our_model	Round_5_Replicate_14	-393.39	794.78	597.68	159500.62	0.6528,0.0466,3.5118,0.1371
our_model	Round_5_Replicate_15	-392.95	793.9	596.85	99254.73	29.7872,0.075,9.3615,0.3842
our_model	Round_5_Replicate_16	-393.06	794.12	597.07	111045.78	1.7025,0.067,29.9967,0.2391
our_model	Round_5_Replicate_17	-393.16	794.32	597.24	207503.15	0.7019,0.0359,4.2053,0.1182
our_model	Round_5_Replicate_18	-393.02	794.04	596.97	128119.51	1.8708,0.0581,29.9991,0.2216
our_model	Round_5_Replicate_19	-392.95	793.9	596.84	172552.95	20.5883,0.0431,7.989,0.2371
our_model	Round_5_Replicate_20	-392.95	793.9	596.86	197735.25	2.8521,0.0376,10.9394,0.1759
