8564    , -1046.59    , array([ 0.271948   ,  1.10713    ,  0.0482917  ,  0.0391749  ])
8568    , -471.074    , array([ 0.0465362  ,  1.10713    ,  0.0482917  ,  0.0391749  ])
8572    , -101.443    , array([ 0.0816122  ,  1.10713    ,  0.0482917  ,  0.0391749  ])
8576    , -101.437    , array([ 0.0814081  ,  1.10713    ,  0.0482917  ,  0.0391749  ])
8580    , -255.229    , array([ 0.0814081  ,  0.489093   ,  0.0482917  ,  0.0391749  ])
8584    , -101.434    , array([ 0.0814081  ,  1.11701    ,  0.0482917  ,  0.0391749  ])
8588    , -101.432    , array([ 0.0814081  ,  1.11313    ,  0.0482917  ,  0.0391749  ])
8600    , -101.422    , array([ 0.0814081  ,  1.11313    ,  0.0481887  ,  0.0391749  ])
8604    , -101.419    , array([ 0.0814081  ,  1.11313    ,  0.0480833  ,  0.0391749  ])
8616    , -215.981    , array([ 0.0814081  ,  1.11313    ,  0.0480833  ,  0.0260192  ])
8620    , -101.418    , array([ 0.0814081  ,  1.11313    ,  0.0480833  ,  0.039218   ])
8624    , -101.418    , array([ 0.0814081  ,  1.11313    ,  0.0480833  ,  0.039218   ])
8636    , -142.913    , array([ 0.0661205  ,  1.11313    ,  0.0480833  ,  0.039218   ])
8640    , -101.412    , array([ 0.0812014  ,  1.11313    ,  0.0480833  ,  0.039218   ])
8644    , -146.119    , array([ 0.0812014  ,  2.11313    ,  0.0480833  ,  0.039218   ])
8648    , -112.902    , array([ 0.0812014  ,  1.4951     ,  0.0480833  ,  0.039218   ])
8652    , -101.412    , array([ 0.0812014  ,  1.1139     ,  0.0480833  ,  0.039218   ])
8656    , -101.412    , array([ 0.0812014  ,  1.11382    ,  0.0480833  ,  0.039218   ])
8664    , -7362.19    , array([ 0.0812014  ,  1.11382    ,  0.238953   ,  0.039218   ])
8668    , -120.432    , array([ 0.0812014  ,  1.11382    ,  0.0406093  ,  0.039218   ])
8672    , -101.403    , array([ 0.0812014  ,  1.11382    ,  0.0479188  ,  0.039218   ])
8676    , -4300.41    , array([ 0.0812014  ,  1.11382    ,  0.0479188  ,  1.03922    ])
8680    , -3883.68    , array([ 0.0812014  ,  1.11382    ,  0.0479188  ,  0.421184   ])
8684    , -1046.7     , array([ 0.0812014  ,  1.11382    ,  0.0479188  ,  0.112155   ])
8688    , -106.097    , array([ 0.0812014  ,  1.11382    ,  0.0479188  ,  0.042424   ])
8692    , -101.403    , array([ 0.0812014  ,  1.11382    ,  0.0479188  ,  0.0392427  ])
8696    , -101.403    , array([ 0.0812014  ,  1.11382    ,  0.0479188  ,  0.0392429  ])
8700    , -108.397    , array([ 0.0556709  ,  1.19892    ,  0.0275978  ,  0.0423257  ])
8704    , -101.125    , array([ 0.0738272  ,  1.1384     ,  0.0420493  ,  0.0401333  ])
8708    , -101.123    , array([ 0.0742816  ,  1.13688    ,  0.042411   ,  0.0400785  ])
8720    , -134.111    , array([ 0.0611259  ,  1.13688    ,  0.042411   ,  0.0400785  ])
8724    , -100.994    , array([ 0.0734117  ,  1.13688    ,  0.042411   ,  0.0400785  ])
8728    , -147.662    , array([ 0.0734117  ,  2.13688    ,  0.042411   ,  0.0400785  ])
8732    , -113.605    , array([ 0.0734117  ,  1.51885    ,  0.042411   ,  0.0400785  ])
8736    , -100.95     , array([ 0.0734117  ,  1.11873    ,  0.042411   ,  0.0400785  ])
8740    , -100.95     , array([ 0.0734117  ,  1.11781    ,  0.042411   ,  0.0400785  ])
8752    , -215.123    , array([ 0.0734117  ,  1.11781    ,  0.042411   ,  0.0269229  ])
8756    , -100.939    , array([ 0.0734117  ,  1.11781    ,  0.042411   ,  0.040231   ])
8760    , -101.004    , array([ 0.0664919  ,  1.14088    ,  0.0369031  ,  0.0410666  ])
8764    , -100.861    , array([ 0.0707686  ,  1.12662    ,  0.0403072  ,  0.0405502  ])
8768    , -100.858    , array([ 0.0701395  ,  1.12872    ,  0.0398064  ,  0.0406261  ])
8776    , -1161.56    , array([ 0.261141   ,  1.12861    ,  0.0398322  ,  0.0406222  ])
8780    , -677.076    , array([ 0.03573    ,  1.12861    ,  0.0398322  ,  0.0406222  ])
8784    , -100.818    , array([ 0.0699522  ,  1.12861    ,  0.0398322  ,  0.0406222  ])
8788    , -100.791    , array([ 0.069572   ,  1.12861    ,  0.0398322  ,  0.0406222  ])
8792    , -100.791    , array([ 0.0695779  ,  1.12861    ,  0.0398322  ,  0.0406222  ])
8796    , -101.196    , array([ 0.0695779  ,  1.05454    ,  0.0398322  ,  0.0406222  ])
8800    , -100.749    , array([ 0.0695779  ,  1.11069    ,  0.0398322  ,  0.0406222  ])
8808    , -2552.21    , array([ 0.0695779  ,  1.11051    ,  0.0398322  ,  0.231575   ])
8812    , -1538.2     , array([ 0.0695779  ,  1.11051    ,  0.0398322  ,  0.00618035 ])
8816    , -100.8      , array([ 0.0695779  ,  1.11051    ,  0.0398322  ,  0.041175   ])
8820    , -100.734    , array([ 0.0695779  ,  1.11051    ,  0.0398322  ,  0.0408049  ])
8824    , -100.734    , array([ 0.0695779  ,  1.11051    ,  0.0398322  ,  0.0408031  ])
8828    , -100.685    , array([ 0.06732    ,  1.11804    ,  0.038035   ,  0.0410757  ])
8832    , -100.526    , array([ 0.0643788  ,  1.10776    ,  0.0361667  ,  0.04154    ])
8836    , -104.121    , array([ 0.0329208  ,  0.994523   ,  0.016262   ,  0.0465242  ])
8840    , -100.044    , array([ 0.0516805  ,  1.06205    ,  0.028132   ,  0.0435519  ])
8844    , -100.032    , array([ 0.0501381  ,  1.0565     ,  0.027156   ,  0.0437963  ])
8848    , -100.032    , array([ 0.049965   ,  1.05588    ,  0.0270465  ,  0.0438237  ])
8852    , -99.9383    , array([ 0.0518182  ,  1.0497     ,  0.0285216  ,  0.0436     ])
8856    , -99.9377    , array([ 0.0516702  ,  1.05019    ,  0.0284038  ,  0.0436178  ])
8860    , -314.839    , array([ 0.0516702  ,  0.432158   ,  0.0284038  ,  0.0436178  ])
8864    , -99.9223    , array([ 0.0516702  ,  1.06449    ,  0.0284038  ,  0.0436178  ])
8868    , -99.9198    , array([ 0.0516702  ,  1.06056    ,  0.0284038  ,  0.0436178  ])
8880    , -199.828    , array([ 0.0516702  ,  1.06056    ,  0.0284038  ,  0.0304622  ])
8884    , -99.9184    , array([ 0.0516702  ,  1.06056    ,  0.0284038  ,  0.0436735  ])
8888    , -101.523    , array([ 0.0343598  ,  0.99825    ,  0.0174508  ,  0.0464156  ])
8892    , -99.8068    , array([ 0.0450582  ,  1.03676    ,  0.0242201  ,  0.0447205  ])
8896    , -99.8005    , array([ 0.0461476  ,  1.04068    ,  0.0249094  ,  0.0445479  ])
8900    , -104.381    , array([ 0.039172   ,  1.06354    ,  0.0193663  ,  0.0453923  ])
8904    , -100.444    , array([ 0.0434487  ,  1.04929    ,  0.0227703  ,  0.0448759  ])
8908    , -99.761     , array([ 0.047045   ,  1.0373     ,  0.0256328  ,  0.0444417  ])
8916    , -102.366    , array([ 0.047045   ,  1.17918    ,  0.0256328  ,  0.0444417  ])
8920    , -99.748     , array([ 0.047045   ,  1.04589    ,  0.0256328  ,  0.0444417  ])
8928    , -2350.43    , array([ 0.047045   ,  1.04589    ,  0.0256328  ,  0.235397   ])
8932    , -1302.96    , array([ 0.047045   ,  1.04589    ,  0.0256328  ,  0.00999984 ])
8936    , -99.7985    , array([ 0.047045   ,  1.04589    ,  0.0256328  ,  0.0447736  ])
8940    , -99.7479    , array([ 0.047045   ,  1.04589    ,  0.0256328  ,  0.0444271  ])
8944    , -99.7479    , array([ 0.047045   ,  1.04589    ,  0.0256328  ,  0.0444272  ])
8948    , -99.6945    , array([ 0.0441467  ,  1.03545    ,  0.0237989  ,  0.0448865  ])
8952    , -99.6936    , array([ 0.0437208  ,  1.03392    ,  0.0235294  ,  0.0449539  ])
8956    , -99.4822    , array([ 0.0376323  ,  1.01718    ,  0.0200843  ,  0.0459748  ])
8960    , -100.083    , array([ 0.0188827  ,  0.965536   ,  0.0094682  ,  0.0491177  ])
8964    , -99.3174    , array([ 0.0279304  ,  0.990456   ,  0.014591   ,  0.0476011  ])
8968    , -124.202    , array([ 0.0210105  ,  1.01352    ,  0.00908318 ,  0.0484367  ])
8972    , -101.805    , array([ 0.0252872  ,  0.999266   ,  0.0124872  ,  0.0479203  ])
8976    , -99.2827    , array([ 0.0283445  ,  0.989076   ,  0.0149206  ,  0.0475511  ])
8980    , -173.849    , array([ 0.0283445  ,  1.98908    ,  0.0149206  ,  0.0475511  ])
8984    , -118.082    , array([ 0.0283445  ,  1.37104    ,  0.0149206  ,  0.0475511  ])
8988    , -99.2584    , array([ 0.0283445  ,  0.999452   ,  0.0149206  ,  0.0475511  ])
8992    , -3729.78    , array([ 0.0283445  ,  0.999613   ,  0.0149206  ,  1.04755    ])
8996    , -3330.95    , array([ 0.0283445  ,  0.999613   ,  0.0149206  ,  0.429517   ])
9000    , -887.933    , array([ 0.0283445  ,  0.999613   ,  0.0149206  ,  0.12049    ])
9004    , -101.973    , array([ 0.0283445  ,  0.999613   ,  0.0149206  ,  0.0500243  ])
9008    , -99.2365    , array([ 0.0283445  ,  0.999613   ,  0.0149206  ,  0.0473157  ])
9012    , -100.243    , array([ 0.0539471  ,  1.07013    ,  0.029417   ,  0.0430217  ])
9016    , -99.1987    , array([ 0.0251855  ,  0.990912   ,  0.013132   ,  0.0478429  ])
9020    , -99.198     , array([ 0.0247481  ,  0.989707   ,  0.0128844  ,  0.0479162  ])
9024    , -99.198     , array([ 0.0247841  ,  0.989807   ,  0.0129047  ,  0.0479102  ])
9028    , -102.103    , array([ 0.0290608  ,  0.975552   ,  0.0163088  ,  0.0473938  ])
9032    , -99.1854    , array([ 0.0250078  ,  0.989061   ,  0.0130828  ,  0.0478832  ])
9036    , -99.1853    , array([ 0.0249977  ,  0.989094   ,  0.0130748  ,  0.0478844  ])
9040    , -401.071    , array([ 0.0249977  ,  0.37106    ,  0.0130748  ,  0.0478844  ])
9044    , -99.1683    , array([ 0.0249977  ,  1.00319    ,  0.0130748  ,  0.0478844  ])
9048    , -99.1642    , array([ 0.0249977  ,  0.998875   ,  0.0130748  ,  0.0478844  ])
9060    , -184.071    , array([ 0.0249977  ,  0.998875   ,  0.0130748  ,  0.0347288  ])
9064    , -99.1533    , array([ 0.0249977  ,  0.998875   ,  0.0130748  ,  0.0477166  ])
9072    , -99.2759    , array([ 0.0189538  ,  0.982228   ,  0.00965266 ,  0.0487297  ])
9076    , -99.1298    , array([ 0.0227875  ,  0.992787   ,  0.0118233  ,  0.0480871  ])
9080    , -99.1298    , array([ 0.0227038  ,  0.992557   ,  0.011776   ,  0.0481011  ])
9084    , -99.0274    , array([ 0.0173398  ,  0.999984   ,  0.00886731 ,  0.0485871  ])
9088    , -99.0269    , array([ 0.0166396  ,  1.00094    ,  0.00848755 ,  0.0486507  ])
9092    , -99.0265    , array([ 0.0168912  ,  1.0006     ,  0.00862403 ,  0.0486279  ])
9096    , -105.774    , array([ 0.0211679  ,  0.986343   ,  0.0120281  ,  0.0481115  ])
9100    , -98.9923    , array([ 0.0171336  ,  0.999789   ,  0.00881699 ,  0.0485986  ])
9104    , -98.9918    , array([ 0.0171085  ,  0.999873   ,  0.00879699 ,  0.0486016  ])
9108    , -98.9918    , array([ 0.0171064  ,  0.99988    ,  0.00879528 ,  0.0486019  ])
9112    , -99.4517    , array([ 0.0171064  ,  0.956536   ,  0.00879528 ,  0.0486019  ])
9116    , -98.9916    , array([ 0.0171064  ,  1.00073    ,  0.00879528 ,  0.0486019  ])
9124    , -2192.37    , array([ 0.0171064  ,  1.00073    ,  0.00879528 ,  0.239559   ])
9128    , -1139.68    , array([ 0.0171064  ,  1.00073    ,  0.00879528 ,  0.01416    ])
9132    , -99.0283    , array([ 0.0171064  ,  1.00073    ,  0.00879528 ,  0.0489384  ])
9136    , -98.9914    , array([ 0.0171064  ,  1.00073    ,  0.00879528 ,  0.0486269  ])
9140    , -98.9914    , array([ 0.0171064  ,  1.00073    ,  0.00879528 ,  0.0486271  ])
9144    , -98.9692    , array([ 0.015182   ,  1.00336    ,  0.00775162 ,  0.0488021  ])
9148    , -98.9682    , array([ 0.0148106  ,  1.00387    ,  0.00755019 ,  0.0488359  ])
9152    , -127.853    , array([ 0.025984   ,  0.966585   ,  0.0164495  ,  0.047486   ])
9156    , -99.8073    , array([ 0.0158703  ,  1.00029    ,  0.00839956 ,  0.0487072  ])
9160    , -98.9593    , array([ 0.0148804  ,  1.00359    ,  0.00761159 ,  0.0488267  ])
9164    , -177.067    , array([ 0.0148804  ,  2.00359    ,  0.00761159 ,  0.0488267  ])
9168    , -119.378    , array([ 0.0148804  ,  1.38556    ,  0.00761159 ,  0.0488267  ])
9172    , -98.9576    , array([ 0.0148804  ,  1.00108    ,  0.00761159 ,  0.0488267  ])
9176    , -98.9576    , array([ 0.0148804  ,  1.00084    ,  0.00761159 ,  0.0488267  ])
9188    , -185.553    , array([ 0.0148804  ,  1.00084    ,  0.00761159 ,  0.0356711  ])
9192    , -98.956     , array([ 0.0148804  ,  1.00084    ,  0.00761159 ,  0.0488926  ])
9200    , -98.9611    , array([ 0.0126515  ,  1.00388    ,  0.00640275 ,  0.0490953  ])
9204    , -98.9482    , array([ 0.0137763  ,  1.00235    ,  0.0070128  ,  0.048993   ])
9208    , -98.9482    , array([ 0.0137763  ,  1.00235    ,  0.0070128  ,  0.048993   ])
9212    , -98.9053    , array([ 0.0111291  ,  0.998264   ,  0.00563881 ,  0.0493989  ])
9220    , -98.8929    , array([ 0.0101153  ,  0.996701   ,  0.00511257 ,  0.0495543  ])
9232    , -98.8928    , array([ 0.0107243  ,  0.995636   ,  0.00544472 ,  0.0495039  ])
9236    , -98.89      , array([ 0.0103405  ,  0.996161   ,  0.00523659 ,  0.0495388  ])
9244    , -102.675    , array([ 0.0103375  ,  1.13481    ,  0.00523495 ,  0.0495391  ])
9248    , -98.8886    , array([ 0.0103375  ,  0.993667   ,  0.00523495 ,  0.0495391  ])
9252    , -3678.45    , array([ 0.0103375  ,  0.993667   ,  0.00523495 ,  1.04954    ])
9256    , -3266.57    , array([ 0.0103375  ,  0.993667   ,  0.00523495 ,  0.431505   ])
9260    , -861.694    , array([ 0.0103375  ,  0.993667   ,  0.00523495 ,  0.122478   ])
9264    , -101.445    , array([ 0.0103375  ,  0.993667   ,  0.00523495 ,  0.0522202  ])
9268    , -98.8885    , array([ 0.0103375  ,  0.993667   ,  0.00523495 ,  0.0495476  ])
9272    , -98.8885    , array([ 0.0103375  ,  0.993667   ,  0.00523495 ,  0.0495477  ])
9276    , -98.9228    , array([ 0.0126494  ,  0.997231   ,  0.00643495 ,  0.0491933  ])
9280    , -98.8943    , array([ 0.010779   ,  0.994348   ,  0.00546413 ,  0.04948    ])
9284    , -98.885     , array([ 0.0100494  ,  0.993223   ,  0.00508542 ,  0.0495919  ])
9288    , -98.8845    , array([ 0.0100074  ,  0.993158   ,  0.0050636  ,  0.0495984  ])
