96      , -1468.3     , array([ 0.64172    ,  1.07799    ,  0.0830932  ,  0.0768753  ,  5.94611    ,  2.80763    ])
102     , -1317.06    , array([ 0.741674   ,  1.07799    ,  0.0830932  ,  0.0768753  ,  5.94611    ,  2.80763    ])
108     , -1381.33    , array([ 0.741686   ,  1.45996    ,  0.0830932  ,  0.0768753  ,  5.94611    ,  2.80763    ])
114     , -1317.06    , array([ 0.741686   ,  1.07602    ,  0.0830932  ,  0.0768753  ,  5.94611    ,  2.80763    ])
126     , -3477.68    , array([ 0.741686   ,  1.076      ,  0.0486514  ,  0.0768753  ,  5.94611    ,  2.80763    ])
132     , -1317.05    , array([ 0.741686   ,  1.076      ,  0.0832004  ,  0.0768753  ,  5.94611    ,  2.80763    ])
144     , -3593.58    , array([ 0.741686   ,  1.076      ,  0.0831994  ,  0.0424334  ,  5.94611    ,  2.80763    ])
150     , -1317.05    , array([ 0.741686   ,  1.076      ,  0.0831994  ,  0.0768368  ,  5.94611    ,  2.80763    ])
156     , -1317.05    , array([ 0.741686   ,  1.076      ,  0.0831994  ,  0.0768368  ,  5.94611    ,  2.80763    ])
162     , -1317.04    , array([ 0.741686   ,  1.076      ,  0.0831994  ,  0.0768368  ,  5.93482    ,  2.80763    ])
168     , -1350.04    , array([ 0.741686   ,  1.076      ,  0.0831994  ,  0.0768368  ,  5.9347     ,  2.18959    ])
174     , -1317.04    , array([ 0.741686   ,  1.076      ,  0.0831994  ,  0.0768368  ,  5.9347     ,  2.80704    ])
