400     , -1312.11    , array([ 1.00738    ,  0.0959782  ,  4.88678    ,  2.6044     ,  0.0474934  ])
405     , -1396.63    , array([ 1.38934    ,  0.0959782  ,  4.88678    ,  2.6044     ,  0.0474934  ])
410     , -1312.11    , array([ 1.00853    ,  0.0959782  ,  4.88678    ,  2.6044     ,  0.0474934  ])
425     , -1324.62    , array([ 1.00852    ,  0.099075   ,  4.88678    ,  2.6044     ,  0.0474934  ])
430     , -1312.07    , array([ 1.00852    ,  0.0961397  ,  4.88678    ,  2.6044     ,  0.0474934  ])
435     , -1324.82    , array([ 1.00852    ,  0.0961413  ,  4.26875    ,  2.6044     ,  0.0474934  ])
440     , -1312.04    , array([ 1.00852    ,  0.0961413  ,  4.91441    ,  2.6044     ,  0.0474934  ])
445     , -1337.12    , array([ 1.00852    ,  0.0961413  ,  4.91468    ,  1.98636    ,  0.0474934  ])
450     , -1312.03    , array([ 1.00852    ,  0.0961413  ,  4.91468    ,  2.58794    ,  0.0474934  ])
455     , -1312.03    , array([ 1.00852    ,  0.0961413  ,  4.91468    ,  2.58777    ,  0.0474934  ])
465     , -1384.02    , array([ 1.00852    ,  0.0961413  ,  4.91468    ,  2.58777    ,  0.0527757  ])
470     , -1311.99    , array([ 1.00852    ,  0.0961413  ,  4.91468    ,  2.58777    ,  0.0475947  ])
