168     , -1340.16    , array([ 0.500369   ,  1.01855    ,  0.0668072  ,  0.152892   ,  6.69963    ,  3.30715    ])
174     , -2199.97    , array([ 0.691302   ,  1.01855    ,  0.0668072  ,  0.152892   ,  6.69963    ,  3.30715    ])
180     , -1340.16    , array([ 0.500418   ,  1.01855    ,  0.0668072  ,  0.152892   ,  6.69963    ,  3.30715    ])
186     , -1340.16    , array([ 0.500419   ,  1.01855    ,  0.0668072  ,  0.152892   ,  6.69963    ,  3.30715    ])
192     , -1340.15    , array([ 0.500419   ,  1.01794    ,  0.0668072  ,  0.152892   ,  6.69963    ,  3.30715    ])
210     , -1340.15    , array([ 0.500419   ,  1.01784    ,  0.0668276  ,  0.152892   ,  6.69963    ,  3.30715    ])
216     , -1340.15    , array([ 0.500419   ,  1.01784    ,  0.0668136  ,  0.152892   ,  6.69963    ,  3.30715    ])
228     , -1601.07    , array([ 0.500419   ,  1.01784    ,  0.0668136  ,  0.11845    ,  6.69963    ,  3.30715    ])
234     , -1340.15    , array([ 0.500419   ,  1.01784    ,  0.0668136  ,  0.1529     ,  6.69963    ,  3.30715    ])
240     , -1500.09    , array([ 0.500419   ,  1.01784    ,  0.0668136  ,  0.1529     ,  5.0816     ,  3.30715    ])
246     , -1340.15    , array([ 0.500419   ,  1.01784    ,  0.0668136  ,  0.1529     ,  6.70068    ,  3.30715    ])
252     , -1340.15    , array([ 0.500419   ,  1.01784    ,  0.0668136  ,  0.1529     ,  6.70067    ,  3.30715    ])
258     , -1340.18    , array([ 0.500419   ,  1.01784    ,  0.0668136  ,  0.1529     ,  6.70067    ,  3.32033    ])
264     , -1340.15    , array([ 0.500419   ,  1.01784    ,  0.0668136  ,  0.1529     ,  6.70067    ,  3.30494    ])
