6       , -1499.64    , array([ 0.380966   ,  0.992457   ,  0.101866   ,  0.0511486  ,  5.0499     ,  2.44452    ])
12      , -1311.17    , array([ 0.99401    ,  0.992457   ,  0.101866   ,  0.0511486  ,  5.0499     ,  2.44452    ])
18      , -1311.16    , array([ 0.998894   ,  0.992457   ,  0.101866   ,  0.0511486  ,  5.0499     ,  2.44452    ])
24      , -1311.16    , array([ 0.998994   ,  0.992457   ,  0.101866   ,  0.0511486  ,  5.0499     ,  2.44452    ])
30      , -1311.16    , array([ 0.999      ,  0.992457   ,  0.101866   ,  0.0511486  ,  5.0499     ,  2.44452    ])
36      , -1311.16    , array([ 0.999      ,  0.992457   ,  0.101866   ,  0.0511486  ,  5.0499     ,  2.44452    ])
42      , -1311.16    , array([ 0.999      ,  0.992457   ,  0.101866   ,  0.0511486  ,  5.0499     ,  2.44452    ])
48      , -1311.16    , array([ 0.999      ,  0.992457   ,  0.101866   ,  0.0511486  ,  5.0499     ,  2.44452    ])
54      , -1467.63    , array([ 0.999      ,  1.99246    ,  0.101866   ,  0.0511486  ,  5.0499     ,  2.44452    ])
60      , -1311.69    , array([ 0.999      ,  0.959301   ,  0.101866   ,  0.0511486  ,  5.0499     ,  2.44452    ])
66      , -39984.2    , array([ 0.999      ,  0.994768   ,  1.10187    ,  0.0511486  ,  5.0499     ,  2.44452    ])
78      , -1311.22    , array([ 0.999      ,  0.994768   ,  0.10169    ,  0.0511486  ,  5.0499     ,  2.44452    ])
84      , -13716.7    , array([ 0.999      ,  0.994768   ,  0.101907   ,  1.05115    ,  5.0499     ,  2.44452    ])
96      , -1364.83    , array([ 0.999      ,  0.994768   ,  0.101907   ,  0.0559196  ,  5.0499     ,  2.44452    ])
102     , -1311.15    , array([ 0.999      ,  0.994768   ,  0.101907   ,  0.0510928  ,  5.0499     ,  2.44452    ])
108     , -1311.14    , array([ 0.999      ,  0.994768   ,  0.101907   ,  0.0510928  ,  5.04089    ,  2.44452    ])
114     , -1544.95    , array([ 0.999      ,  0.994768   ,  0.101907   ,  0.0510928  ,  5.03482    ,  0.826487   ])
120     , -1311.14    , array([ 0.999      ,  0.994768   ,  0.101907   ,  0.0510928  ,  5.03482    ,  2.44799    ])
