1088    , -412.973    , array([ 7.3072     ,  0.200663   ,  5          ,  0.667947   ])
1092    , -412.973    , array([ 7.3072     ,  0.200663   ,  5          ,  0.667947   ])
1096    , -412.973    , array([ 7.31229    ,  0.200663   ,  5          ,  0.667947   ])
1100    , -412.973    , array([ 7.31329    ,  0.200663   ,  5          ,  0.667947   ])
1108    , -1716.17    , array([ 7.31329    ,  0.110493   ,  5          ,  0.667947   ])
1112    , -413.267    , array([ 7.31329    ,  0.202362   ,  5          ,  0.667947   ])
1116    , -412.973    , array([ 7.31329    ,  0.200626   ,  5          ,  0.667947   ])
1120    , -412.973    , array([ 7.31329    ,  0.200626   ,  5          ,  0.667947   ])
1124    , -412.977    , array([ 7.31329    ,  0.200626   ,  4.98633    ,  0.667947   ])
1128    , -412.974    , array([ 7.31329    ,  0.200626   ,  4.99801    ,  0.667947   ])
1132    , -412.973    , array([ 7.31329    ,  0.200626   ,  4.99971    ,  0.667947   ])
1136    , -412.973    , array([ 7.31329    ,  0.200626   ,  4.99996    ,  0.667947   ])
1140    , -412.973    , array([ 7.31329    ,  0.200626   ,  4.99999    ,  0.667947   ])
1144    , -412.973    , array([ 7.31329    ,  0.200626   ,  5          ,  0.667947   ])
1148    , -412.973    , array([ 7.31329    ,  0.200626   ,  5          ,  0.667947   ])
1152    , -412.973    , array([ 7.31329    ,  0.200626   ,  5          ,  0.667947   ])
1156    , -412.973    , array([ 7.31329    ,  0.200626   ,  5          ,  0.667947   ])
1160    , -412.973    , array([ 7.31329    ,  0.200626   ,  5          ,  0.667947   ])
1164    , -412.973    , array([ 7.31329    ,  0.200626   ,  5          ,  0.667947   ])
1168    , -412.973    , array([ 7.31329    ,  0.200626   ,  5          ,  0.667947   ])
1172    , -412.973    , array([ 7.31329    ,  0.200626   ,  5          ,  0.667947   ])
1176    , -413.891    , array([ 7.31329    ,  0.200626   ,  5          ,  0.661014   ])
1180    , -412.973    , array([ 7.31329    ,  0.200626   ,  5          ,  0.667906   ])
