5752    , -35036      , array([ 0.405474   ,  0.29591    ,  0.262126   ,  7.1058     ,  2.85582    ,  6.19472    ,  1.36577    ,  1.37512    ])
5760    , -35008      , array([ 0.459593   ,  0.29591    ,  0.262126   ,  7.1058     ,  2.85582    ,  6.19472    ,  1.36577    ,  1.37512    ])
5768    , -52024      , array([ 0.440072   ,  1.29591    ,  0.262126   ,  7.1058     ,  2.85582    ,  6.19472    ,  1.36577    ,  1.37512    ])
5776    , -31216.5    , array([ 0.440072   ,  0.188932   ,  0.262126   ,  7.1058     ,  2.85582    ,  6.19472    ,  1.36577    ,  1.37512    ])
5784    , -30079.3    , array([ 0.440072   ,  0.129246   ,  0.262126   ,  7.1058     ,  2.85582    ,  6.19472    ,  1.36577    ,  1.37512    ])
5792    , -85200.8    , array([ 0.440072   ,  0.130897   ,  0.0260579  ,  7.1058     ,  2.85582    ,  6.19472    ,  1.36577    ,  1.37512    ])
5800    , -30053.5    , array([ 0.440072   ,  0.130897   ,  0.277569   ,  7.1058     ,  2.85582    ,  6.19472    ,  1.36577    ,  1.37512    ])
5808    , -26541.1    , array([ 0.440072   ,  0.130897   ,  0.277725   ,  3.83098    ,  2.85582    ,  6.19472    ,  1.36577    ,  1.37512    ])
5816    , -27441.8    , array([ 0.440072   ,  0.130897   ,  0.277725   ,  3.22248    ,  1.23779    ,  6.19472    ,  1.36577    ,  1.37512    ])
5824    , -26259.6    , array([ 0.440072   ,  0.130897   ,  0.277725   ,  3.22248    ,  2.38755    ,  6.19472    ,  1.36577    ,  1.37512    ])
5840    , -20890.5    , array([ 0.440072   ,  0.130897   ,  0.277725   ,  3.22248    ,  2.38755    ,  9.96574    ,  1.36577    ,  1.37512    ])
5848    , -19494      , array([ 0.440072   ,  0.130897   ,  0.277725   ,  3.22248    ,  2.38755    ,  9.96574    ,  0.224      ,  1.37512    ])
5856    , -19444.1    , array([ 0.440072   ,  0.130897   ,  0.277725   ,  3.22248    ,  2.38755    ,  9.96574    ,  0.246609   ,  4.99315    ])
5872    , -18920.8    , array([ 0.618669   ,  0.130897   ,  0.277725   ,  3.22248    ,  2.38755    ,  9.96574    ,  0.246609   ,  4.99315    ])
5880    , -35973      , array([ 0.580508   ,  1.1309     ,  0.277725   ,  3.22248    ,  2.38755    ,  9.96574    ,  0.246609   ,  4.99315    ])
5888    , -34915.2    , array([ 0.580508   ,  0.0484916  ,  0.277725   ,  3.22248    ,  2.38755    ,  9.96574    ,  0.246609   ,  4.99315    ])
5896    , -18407.9    , array([ 0.580508   ,  0.162937   ,  0.277725   ,  3.22248    ,  2.38755    ,  9.96574    ,  0.246609   ,  4.99315    ])
5904    , -22934.9    , array([ 0.580508   ,  0.163261   ,  0.140088   ,  3.22248    ,  2.38755    ,  9.96574    ,  0.246609   ,  4.99315    ])
5912    , -19731      , array([ 0.580508   ,  0.163261   ,  0.302233   ,  4.22248    ,  2.38755    ,  9.96574    ,  0.246609   ,  4.99315    ])
5920    , -17750.4    , array([ 0.580508   ,  0.163261   ,  0.302233   ,  2.1227     ,  2.38755    ,  9.96574    ,  0.246609   ,  4.99315    ])
5928    , -17713.8    , array([ 0.580508   ,  0.163261   ,  0.302233   ,  2.20846    ,  2.21572    ,  9.96574    ,  0.246609   ,  4.99315    ])
5936    , -17713      , array([ 0.580508   ,  0.163261   ,  0.302233   ,  2.20846    ,  2.18435    ,  9.96574    ,  0.246609   ,  4.99315    ])
5944    , -17698.4    , array([ 0.580508   ,  0.163261   ,  0.302233   ,  2.20846    ,  2.18435    ,  9.98703    ,  0.246609   ,  4.99315    ])
5952    , -17690      , array([ 0.580508   ,  0.163261   ,  0.302233   ,  2.20846    ,  2.18435    ,  9.99945    ,  0.246609   ,  4.99315    ])
5960    , -17691.9    , array([ 0.580508   ,  0.163261   ,  0.302233   ,  2.20846    ,  2.18435    ,  9.99978    ,  0.437592   ,  4.99315    ])
5976    , -17391      , array([ 0.580508   ,  0.163261   ,  0.302233   ,  2.20846    ,  2.18435    ,  9.99978    ,  0.248325   ,  1.25708    ])
5984    , -20487.5    , array([ 1.58051    ,  0.163261   ,  0.302233   ,  2.20846    ,  2.18435    ,  9.99978    ,  0.248325   ,  0.702591   ])
5992    , -16929.3    , array([ 0.708702   ,  0.163261   ,  0.302233   ,  2.20846    ,  2.18435    ,  9.99978    ,  0.248325   ,  0.702591   ])
6000    , -21790.3    , array([ 0.710839   ,  0.545227   ,  0.302233   ,  2.20846    ,  2.18435    ,  9.99978    ,  0.248325   ,  0.702591   ])
6008    , -16182      , array([ 0.710839   ,  0.216868   ,  0.302233   ,  2.20846    ,  2.18435    ,  9.99978    ,  0.248325   ,  0.702591   ])
6016    , -16241.7    , array([ 0.710839   ,  0.216868   ,  0.493206   ,  2.20846    ,  2.18435    ,  9.99978    ,  0.248325   ,  0.702591   ])
6024    , -15867.6    , array([ 0.710839   ,  0.216868   ,  0.378353   ,  2.20846    ,  2.18435    ,  9.99978    ,  0.248325   ,  0.702591   ])
6032    , -15269      , array([ 0.710839   ,  0.216868   ,  0.378353   ,  1.43808    ,  2.18435    ,  9.99978    ,  0.248325   ,  0.702591   ])
6040    , -15240.8    , array([ 0.710839   ,  0.216868   ,  0.378353   ,  1.43808    ,  2.06255    ,  9.99978    ,  0.248325   ,  0.702591   ])
6048    , -15238.7    , array([ 0.710839   ,  0.216868   ,  0.378353   ,  1.43808    ,  2.01971    ,  9.99978    ,  0.248325   ,  0.702591   ])
6088    , -15232.1    , array([ 0.710839   ,  0.216868   ,  0.378353   ,  1.43808    ,  2.01971    ,  10         ,  0.204966   ,  0.702591   ])
6096    , -15127.2    , array([ 0.710839   ,  0.216868   ,  0.378353   ,  1.43808    ,  2.01971    ,  10         ,  0.204528   ,  0.466523   ])
6104    , -15125.1    , array([ 0.710839   ,  0.216868   ,  0.378353   ,  1.43808    ,  2.01971    ,  10         ,  0.204528   ,  0.484767   ])
6112    , -14860.2    , array([ 0.899664   ,  0.216868   ,  0.378353   ,  1.43808    ,  2.01971    ,  10         ,  0.204528   ,  0.486923   ])
6128    , -14395.3    , array([ 0.856584   ,  0.274784   ,  0.378353   ,  1.43808    ,  2.01971    ,  10         ,  0.204528   ,  0.486923   ])
6136    , -14393.1    , array([ 0.856584   ,  0.270748   ,  0.378353   ,  1.43808    ,  2.01971    ,  10         ,  0.204528   ,  0.486923   ])
6144    , -14300.3    , array([ 0.856584   ,  0.270748   ,  0.430149   ,  1.43808    ,  2.01971    ,  10         ,  0.204528   ,  0.486923   ])
6152    , -15036      , array([ 0.856584   ,  0.270748   ,  0.429139   ,  0.438081   ,  2.01971    ,  10         ,  0.204528   ,  0.486923   ])
6160    , -21827.7    , array([ 0.856584   ,  0.270748   ,  0.429139   ,  1.06033    ,  0.401681   ,  10         ,  0.204528   ,  0.486923   ])
6168    , -14056.6    , array([ 0.856584   ,  0.270748   ,  0.429139   ,  1.06033    ,  1.93242    ,  10         ,  0.204528   ,  0.486923   ])
6208    , -14056.6    , array([ 0.856584   ,  0.270748   ,  0.429139   ,  1.06033    ,  1.93153    ,  10         ,  0.204528   ,  0.486923   ])
6216    , -14637.5    , array([ 0.856584   ,  0.270748   ,  0.429139   ,  1.06033    ,  1.93153    ,  10         ,  0.586494   ,  0.486923   ])
6224    , -13891.8    , array([ 0.856584   ,  0.270748   ,  0.429139   ,  1.06033    ,  1.93153    ,  10         ,  0.0611141  ,  0.486923   ])
6232    , -13387      , array([ 0.856584   ,  0.270748   ,  0.429139   ,  1.06033    ,  1.93153    ,  10         ,  0.0625341  ,  0.250855   ])
6248    , -12817.4    , array([ 1.08301    ,  0.270748   ,  0.429139   ,  1.06033    ,  1.93153    ,  10         ,  0.0625341  ,  0.0865496  ])
6264    , -12636.5    , array([ 1.05866    ,  0.307261   ,  0.429139   ,  1.06033    ,  1.93153    ,  10         ,  0.0625341  ,  0.0865496  ])
6272    , -12950      , array([ 1.05866    ,  0.307664   ,  0.811105   ,  1.06033    ,  1.93153    ,  10         ,  0.0625341  ,  0.0865496  ])
6280    , -12478.1    , array([ 1.05866    ,  0.307664   ,  0.529474   ,  1.06033    ,  1.93153    ,  10         ,  0.0625341  ,  0.0865496  ])
6288    , -12110.9    , array([ 1.05866    ,  0.307664   ,  0.529474   ,  0.455932   ,  1.93153    ,  10         ,  0.0625341  ,  0.0865496  ])
6296    , -12004.8    , array([ 1.05866    ,  0.307664   ,  0.529474   ,  0.449827   ,  1.58551    ,  10         ,  0.0625341  ,  0.0865496  ])
6304    , -12050.8    , array([ 1.05866    ,  0.307664   ,  0.529474   ,  0.449827   ,  1.57571    ,  9.38197    ,  0.0625341  ,  0.0865496  ])
6312    , -12005.5    , array([ 1.05866    ,  0.307664   ,  0.529474   ,  0.449827   ,  1.57571    ,  9.98278    ,  0.0625341  ,  0.0865496  ])
6320    , -12004.7    , array([ 1.05866    ,  0.307664   ,  0.529474   ,  0.449827   ,  1.57571    ,  9.99963    ,  0.0625341  ,  0.0865496  ])
6328    , -12004.7    , array([ 1.05866    ,  0.307664   ,  0.529474   ,  0.449827   ,  1.57571    ,  9.99999    ,  0.0625341  ,  0.0865496  ])
6336    , -12004.7    , array([ 1.05866    ,  0.307664   ,  0.529474   ,  0.449827   ,  1.57571    ,  10         ,  0.0625341  ,  0.0865496  ])
6352    , -80767.6    , array([ 1.05866    ,  0.307664   ,  0.529474   ,  0.449827   ,  1.57571    ,  10         ,  1.06253    ,  0.0865496  ])
6360    , -15784      , array([ 1.05866    ,  0.307664   ,  0.529474   ,  0.449827   ,  1.57571    ,  10         ,  0.135394   ,  0.0865496  ])
6368    , -11952.3    , array([ 1.05866    ,  0.307664   ,  0.529474   ,  0.449827   ,  1.57571    ,  10         ,  0.0554497  ,  0.0865496  ])
6384    , -11951.5    , array([ 1.05866    ,  0.307664   ,  0.529474   ,  0.449827   ,  1.57571    ,  10         ,  0.0553781  ,  0.0891668  ])
6392    , -19345.8    , array([ 0.440623   ,  0.307664   ,  0.529474   ,  0.449827   ,  1.57571    ,  10         ,  0.0553781  ,  0.0891668  ])
6400    , -11852.8    , array([ 1.2156     ,  0.307664   ,  0.529474   ,  0.449827   ,  1.57571    ,  10         ,  0.0553781  ,  0.0891668  ])
6408    , -14169      , array([ 1.21719    ,  0.213032   ,  0.529474   ,  0.449827   ,  1.57571    ,  10         ,  0.0553781  ,  0.0891668  ])
6416    , -13741.8    , array([ 1.21719    ,  0.333379   ,  1.52947    ,  0.449827   ,  1.57571    ,  10         ,  0.0553781  ,  0.0891668  ])
6424    , -11776.8    , array([ 1.21719    ,  0.333379   ,  0.552736   ,  0.449827   ,  1.57571    ,  10         ,  0.0553781  ,  0.0891668  ])
6440    , -11716.5    , array([ 1.21719    ,  0.333379   ,  0.55236    ,  0.232557   ,  1.57571    ,  10         ,  0.0553781  ,  0.0891668  ])
6448    , -11650.9    , array([ 1.21719    ,  0.333379   ,  0.55236    ,  0.232557   ,  1.31446    ,  10         ,  0.0553781  ,  0.0891668  ])
6472    , -13393.5    , array([ 1.21719    ,  0.333379   ,  0.55236    ,  0.232557   ,  1.31446    ,  9.9897     ,  0.0209363  ,  0.0891668  ])
6480    , -11644.6    , array([ 1.21719    ,  0.333379   ,  0.55236    ,  0.232557   ,  1.31446    ,  9.9897     ,  0.0530523  ,  0.0891668  ])
6496    , -11643.7    , array([ 1.21719    ,  0.333379   ,  0.55236    ,  0.232557   ,  1.31446    ,  9.9897     ,  0.0530523  ,  0.0907102  ])
6504    , -11760.2    , array([ 1.59915    ,  0.333379   ,  0.55236    ,  0.232557   ,  1.31446    ,  9.9897     ,  0.0530523  ,  0.0916641  ])
6512    , -23305.6    , array([ 1.32396    ,  1.33338    ,  0.55236    ,  0.232557   ,  1.31446    ,  9.9897     ,  0.0530523  ,  0.0916641  ])
6520    , -11579      , array([ 1.32396    ,  0.34712    ,  0.55236    ,  0.232557   ,  1.31446    ,  9.9897     ,  0.0530523  ,  0.0916641  ])
6528    , -11576.7    , array([ 1.32396    ,  0.352362   ,  0.55236    ,  0.232557   ,  1.31446    ,  9.9897     ,  0.0530523  ,  0.0916641  ])
6536    , -11570.6    , array([ 1.32396    ,  0.352362   ,  0.57627    ,  0.232557   ,  1.31446    ,  9.9897     ,  0.0530523  ,  0.0916641  ])
6544    , -11651      , array([ 1.32396    ,  0.352362   ,  0.576511   ,  0.423538   ,  1.31446    ,  9.9897     ,  0.0530523  ,  0.0916641  ])
6560    , -11534.3    , array([ 1.32396    ,  0.352362   ,  0.576511   ,  0.177351   ,  1.14668    ,  9.9897     ,  0.0530523  ,  0.0916641  ])
6568    , -11523.5    , array([ 1.32396    ,  0.352362   ,  0.576511   ,  0.177351   ,  1.14499    ,  9.47154    ,  0.0530523  ,  0.0916641  ])
6576    , -42319.1    , array([ 1.32396    ,  0.352362   ,  0.576511   ,  0.177351   ,  1.14499    ,  9.47154    ,  0.435018   ,  0.0916641  ])
6584    , -11523.4    , array([ 1.32396    ,  0.352362   ,  0.576511   ,  0.177351   ,  1.14499    ,  9.47154    ,  0.0530744  ,  0.0916641  ])
6600    , -11524.4    , array([ 1.32396    ,  0.352362   ,  0.576511   ,  0.177351   ,  1.14499    ,  9.47154    ,  0.0531784  ,  0.0937506  ])
6616    , -11515.2    , array([ 1.38014    ,  0.352362   ,  0.576511   ,  0.177351   ,  1.14499    ,  9.47154    ,  0.0531784  ,  0.0914798  ])
6624    , -12978.1    , array([ 1.38071    ,  0.543311   ,  0.576511   ,  0.177351   ,  1.14499    ,  9.47154    ,  0.0531784  ,  0.0914798  ])
6632    , -11497.4    , array([ 1.38071    ,  0.366876   ,  0.576511   ,  0.177351   ,  1.14499    ,  9.47154    ,  0.0531784  ,  0.0914798  ])
6640    , -11491      , array([ 1.38071    ,  0.366876   ,  0.622265   ,  0.177351   ,  1.14499    ,  9.47154    ,  0.0531784  ,  0.0914798  ])
6648    , -12646.8    , array([ 1.38071    ,  0.366876   ,  0.606478   ,  1.17735    ,  1.14499    ,  9.47154    ,  0.0531784  ,  0.0914798  ])
6656    , -11488.9    , array([ 1.38071    ,  0.366876   ,  0.606478   ,  0.181236   ,  1.14499    ,  9.47154    ,  0.0531784  ,  0.0914798  ])
6664    , -11749.8    , array([ 1.38071    ,  0.366876   ,  0.606478   ,  0.181236   ,  1.52696    ,  9.47154    ,  0.0531784  ,  0.0914798  ])
6672    , -11527.2    , array([ 1.38071    ,  0.366876   ,  0.606478   ,  0.181236   ,  1.01471    ,  7.85351    ,  0.0531784  ,  0.0914798  ])
6680    , -11458.7    , array([ 1.38071    ,  0.366876   ,  0.606478   ,  0.181236   ,  1.01471    ,  8.99151    ,  0.0531784  ,  0.0914798  ])
6696    , -11456.2    , array([ 1.38071    ,  0.366876   ,  0.606478   ,  0.181236   ,  1.01471    ,  8.99151    ,  0.0545953  ,  0.0914798  ])
6712    , -11455.5    , array([ 1.38071    ,  0.366876   ,  0.606478   ,  0.181236   ,  1.01471    ,  8.99151    ,  0.0546096  ,  0.0896124  ])
6720    , -11399.1    , array([ 1.49655    ,  0.396508   ,  0.667657   ,  0.189167   ,  0.748731   ,  8.01153    ,  0.0575316  ,  0.0858569  ])
6728    , -11399.1    , array([ 1.49655    ,  0.396508   ,  0.667657   ,  0.189167   ,  0.748731   ,  8.01153    ,  0.0575316  ,  0.0858569  ])
6736    , -11399.1    , array([ 1.49198    ,  0.396508   ,  0.667657   ,  0.189167   ,  0.748731   ,  8.01153    ,  0.0575316  ,  0.0858569  ])
6744    , -15620.9    , array([ 1.49202    ,  0.226506   ,  0.667657   ,  0.189167   ,  0.748731   ,  8.01153    ,  0.0575316  ,  0.0858569  ])
6752    , -12668.3    , array([ 1.49202    ,  0.399858   ,  1.66766    ,  0.189167   ,  0.748731   ,  8.01153    ,  0.0575316  ,  0.0858569  ])
6760    , -11383      , array([ 1.49202    ,  0.399858   ,  0.716386   ,  0.189167   ,  0.748731   ,  8.01153    ,  0.0575316  ,  0.0858569  ])
6768    , -11507.7    , array([ 1.49202    ,  0.399858   ,  0.717157   ,  0.571133   ,  0.748731   ,  8.01153    ,  0.0575316  ,  0.0858569  ])
6784    , -24746      , array([ 1.49202    ,  0.399858   ,  0.717157   ,  0.269588   ,  0.748731   ,  8.01153    ,  0.0575316  ,  0.00419803 ])
6792    , -11367.7    , array([ 1.49202    ,  0.399858   ,  0.717157   ,  0.269588   ,  0.748731   ,  8.01153    ,  0.0575316  ,  0.0899879  ])
6800    , -11365.5    , array([ 1.49202    ,  0.399858   ,  0.717157   ,  0.269588   ,  0.748731   ,  7.80843    ,  0.0575316  ,  0.0899879  ])
6808    , -42101      , array([ 1.49202    ,  0.399858   ,  0.717157   ,  0.269588   ,  0.748731   ,  7.80843    ,  0.439498   ,  0.0899879  ])
6816    , -11353.3    , array([ 1.49202    ,  0.399858   ,  0.717157   ,  0.269588   ,  0.748731   ,  7.80843    ,  0.0618875  ,  0.0899879  ])
6824    , -11352.1    , array([ 1.49202    ,  0.399858   ,  0.717157   ,  0.269588   ,  0.748731   ,  7.80843    ,  0.0608716  ,  0.0899879  ])
6832    , -11352.1    , array([ 1.49072    ,  0.399526   ,  0.716472   ,  0.269499   ,  0.751707   ,  7.8194     ,  0.0608389  ,  0.0900301  ])
6840    , -11351.7    , array([ 1.5044     ,  0.399526   ,  0.716472   ,  0.269499   ,  0.751707   ,  7.8194     ,  0.0608389  ,  0.0900301  ])
6856    , -11350.4    , array([ 1.50302    ,  0.403838   ,  0.716472   ,  0.269499   ,  0.751707   ,  7.8194     ,  0.0608389  ,  0.0900301  ])
6864    , -11451.7    , array([ 1.50302    ,  0.403838   ,  0.895881   ,  0.269499   ,  0.751707   ,  7.8194     ,  0.0608389  ,  0.0900301  ])
6872    , -12433      , array([ 1.50302    ,  0.403838   ,  0.734639   ,  1.2695     ,  0.751707   ,  7.8194     ,  0.0608389  ,  0.0900301  ])
6880    , -11340.2    , array([ 1.50302    ,  0.403838   ,  0.734639   ,  0.337839   ,  0.751707   ,  7.8194     ,  0.0608389  ,  0.0900301  ])
6888    , -15448.6    , array([ 1.50302    ,  0.403838   ,  0.734639   ,  0.337839   ,  0.751707   ,  7.8194     ,  0.0608389  ,  0.471996   ])
6896    , -11339.8    , array([ 1.50302    ,  0.403838   ,  0.734639   ,  0.337839   ,  0.751707   ,  7.8194     ,  0.0608389  ,  0.0882263  ])
6904    , -11347.8    , array([ 1.50302    ,  0.403838   ,  0.734639   ,  0.337839   ,  0.751707   ,  7.20136    ,  0.0608389  ,  0.088588   ])
6912    , -86441.8    , array([ 1.50302    ,  0.403838   ,  0.734639   ,  0.337839   ,  0.751707   ,  7.61722    ,  1.06084    ,  0.088588   ])
6920    , -14512.6    , array([ 1.50302    ,  0.403838   ,  0.734639   ,  0.337839   ,  0.751707   ,  7.61722    ,  0.133696   ,  0.088588   ])
6928    , -11322.3    , array([ 1.50302    ,  0.403838   ,  0.734639   ,  0.337839   ,  0.751707   ,  7.61722    ,  0.0644707  ,  0.088588   ])
6936    , -11322.2    , array([ 1.49996    ,  0.403056   ,  0.733024   ,  0.33763    ,  0.758728   ,  7.64308    ,  0.0644303  ,  0.0886877  ])
6944    , -11289      , array([ 1.52578    ,  0.412944   ,  0.779479   ,  0.529144   ,  0.778774   ,  7.14859    ,  0.0745224  ,  0.0849183  ])
6952    , -12700.5    , array([ 0.90707    ,  0.412685   ,  0.77826    ,  0.52412    ,  0.77825    ,  7.16157    ,  0.0742576  ,  0.0850172  ])
6960    , -11284.3    , array([ 1.47865    ,  0.412685   ,  0.77826    ,  0.52412    ,  0.77825    ,  7.16157    ,  0.0742576  ,  0.0850172  ])
6968    , -14590.4    , array([ 1.47818    ,  0.251732   ,  0.77826    ,  0.52412    ,  0.77825    ,  7.16157    ,  0.0742576  ,  0.0850172  ])
6976    , -12334      , array([ 1.47818    ,  0.415375   ,  1.77826    ,  0.52412    ,  0.77825    ,  7.16157    ,  0.0742576  ,  0.0850172  ])
6984    , -11281.7    , array([ 1.47818    ,  0.415375   ,  0.800552   ,  0.52412    ,  0.77825    ,  7.16157    ,  0.0742576  ,  0.0850172  ])
7000    , -15703.3    , array([ 1.47818    ,  0.415375   ,  0.800952   ,  0.504409   ,  0.77825    ,  7.16157    ,  0.0742576  ,  1.08502    ])
7008    , -11904.6    , array([ 1.47818    ,  0.415375   ,  0.800952   ,  0.504409   ,  0.77825    ,  7.16157    ,  0.0742576  ,  0.157957   ])
7016    , -11263.9    , array([ 1.47818    ,  0.415375   ,  0.800952   ,  0.504409   ,  0.77825    ,  7.16157    ,  0.0742576  ,  0.07609    ])
7024    , -11256.1    , array([ 1.47818    ,  0.415375   ,  0.800952   ,  0.504409   ,  0.77825    ,  6.78804    ,  0.0742576  ,  0.0759998  ])
7032    , -11284.7    , array([ 1.40658    ,  0.397062   ,  0.763142   ,  0.499508   ,  0.942632   ,  7.38431    ,  0.0724518  ,  0.0783324  ])
7040    , -11371.7    , array([ 1.44619    ,  0.402018   ,  0.732346   ,  0.203257   ,  0.726716   ,  7.48425    ,  0.0585757  ,  0.0816556  ])
7048    , -11253.1    , array([ 1.49429    ,  0.420431   ,  0.818809   ,  0.559562   ,  0.763859   ,  6.56372    ,  0.0773532  ,  0.0746409  ])
7056    , -11251.1    , array([ 1.46498    ,  0.420431   ,  0.818809   ,  0.559562   ,  0.763859   ,  6.56372    ,  0.0773532  ,  0.0746409  ])
7064    , -11251.1    , array([ 1.46375    ,  0.420431   ,  0.818809   ,  0.559562   ,  0.763859   ,  6.56372    ,  0.0773532  ,  0.0746409  ])
7072    , -11251.1    , array([ 1.46375    ,  0.42157    ,  0.818809   ,  0.559562   ,  0.763859   ,  6.56372    ,  0.0773532  ,  0.0746409  ])
7080    , -11478.2    , array([ 1.46375    ,  0.42157    ,  1.20077    ,  0.559562   ,  0.763859   ,  6.56372    ,  0.0773532  ,  0.0746409  ])
7088    , -11248.2    , array([ 1.46375    ,  0.42157    ,  0.847691   ,  0.559562   ,  0.763859   ,  6.56372    ,  0.0773532  ,  0.0746409  ])
7096    , -11246.5    , array([ 1.46375    ,  0.42157    ,  0.847691   ,  0.494393   ,  0.763859   ,  6.56372    ,  0.0773532  ,  0.0746409  ])
7112    , -11252.5    , array([ 1.46375    ,  0.42157    ,  0.847691   ,  0.517879   ,  0.763859   ,  6.56372    ,  0.0773532  ,  0.0770154  ])
7120    , -11314.4    , array([ 1.46375    ,  0.42157    ,  0.847691   ,  0.517879   ,  0.763859   ,  7.56372    ,  0.0773532  ,  0.0705765  ])
7128    , -11237.1    , array([ 1.46375    ,  0.42157    ,  0.847691   ,  0.517879   ,  0.763859   ,  6.29469    ,  0.0773532  ,  0.0705765  ])
7136    , -11236.8    , array([ 1.47109    ,  0.423448   ,  0.851569   ,  0.518382   ,  0.747002   ,  6.23524    ,  0.0775384  ,  0.0703373  ])
7144    , -11235.1    , array([ 1.4808     ,  0.427154   ,  0.868905   ,  0.589622   ,  0.754207   ,  6.05039    ,  0.0812949  ,  0.0689318  ])
7152    , -11225.1    , array([ 1.46131    ,  0.431581   ,  0.90822    ,  0.575254   ,  0.739923   ,  5.65184    ,  0.0828952  ,  0.0640974  ])
7168    , -11223.5    , array([ 1.47765    ,  0.433306   ,  0.922053   ,  0.577682   ,  0.736219   ,  5.51076    ,  0.0837526  ,  0.0624661  ])
7176    , -12604.9    , array([ 1.47765    ,  0.624257   ,  0.922053   ,  0.577682   ,  0.736219   ,  5.51076    ,  0.0837526  ,  0.0624661  ])
7184    , -11220.4    , array([ 1.47765    ,  0.440184   ,  0.922053   ,  0.577682   ,  0.736219   ,  5.51076    ,  0.0837526  ,  0.0624661  ])
7192    , -11228      , array([ 1.47765    ,  0.440116   ,  0.874884   ,  0.577682   ,  0.736219   ,  5.51076    ,  0.0837526  ,  0.0624661  ])
7200    , -11220.2    , array([ 1.47765    ,  0.440116   ,  0.930801   ,  0.577682   ,  0.736219   ,  5.51076    ,  0.0837526  ,  0.0624661  ])
7208    , -11218.5    , array([ 1.47765    ,  0.440116   ,  0.930801   ,  0.54062    ,  0.736219   ,  5.51076    ,  0.0837526  ,  0.0624661  ])
7216    , -11218.5    , array([ 1.47833    ,  0.440374   ,  0.932013   ,  0.545613   ,  0.73674    ,  5.49786    ,  0.0840157  ,  0.0623678  ])
7224    , -11215.6    , array([ 1.47833    ,  0.440376   ,  0.932025   ,  0.545664   ,  0.736745   ,  5.27211    ,  0.0840184  ,  0.0623668  ])
7232    , -11215.6    , array([ 1.47833    ,  0.440376   ,  0.932025   ,  0.545664   ,  0.736745   ,  5.26227    ,  0.0840184  ,  0.0623668  ])
7240    , -11222.2    , array([ 1.44451    ,  0.444549   ,  0.984107   ,  0.5551     ,  0.749146   ,  4.76868    ,  0.0873384  ,  0.0558622  ])
7248    , -11213.8    , array([ 1.45993    ,  0.439337   ,  0.942315   ,  0.547766   ,  0.760334   ,  5.19491    ,  0.084748   ,  0.0607904  ])
7256    , -11231.6    , array([ 1.57966    ,  0.439317   ,  0.942149   ,  0.547736   ,  0.760379   ,  5.1966     ,  0.0847377  ,  0.06081    ])
7272    , -11210.1    , array([ 1.47936    ,  0.446768   ,  0.942149   ,  0.547736   ,  0.760379   ,  5.1966     ,  0.0847377  ,  0.06081    ])
7280    , -11210      , array([ 1.47936    ,  0.446118   ,  0.942149   ,  0.547736   ,  0.760379   ,  5.1966     ,  0.0847377  ,  0.06081    ])
7288    , -11210      , array([ 1.47936    ,  0.446118   ,  0.939052   ,  0.547736   ,  0.760379   ,  5.1966     ,  0.0847377  ,  0.06081    ])
7296    , -11263.1    , array([ 1.47936    ,  0.446118   ,  0.939052   ,  0.738718   ,  0.760379   ,  5.1966     ,  0.0847377  ,  0.06081    ])
7304    , -11209.2    , array([ 1.47936    ,  0.446118   ,  0.939052   ,  0.521493   ,  0.760379   ,  5.1966     ,  0.0847377  ,  0.06081    ])
7312    , -11341.1    , array([ 1.48213    ,  0.447177   ,  0.944024   ,  0.541982   ,  0.762515   ,  3.52563    ,  0.0858174  ,  0.0604066  ])
7320    , -11207.4    , array([ 1.48213    ,  0.447177   ,  0.944024   ,  0.541982   ,  0.762515   ,  4.98105    ,  0.0858174  ,  0.0604066  ])
7328    , -11206.7    , array([ 1.47097    ,  0.444323   ,  0.938131   ,  0.541218   ,  0.788136   ,  5.07706    ,  0.085536   ,  0.0607702  ])
7336    , -11206.4    , array([ 1.46258    ,  0.447074   ,  0.960414   ,  0.545132   ,  0.782483   ,  4.85025    ,  0.0869182  ,  0.0581382  ])
7344    , -11191.5    , array([ 1.48175    ,  0.463193   ,  0.974637   ,  0.532417   ,  0.849345   ,  4.28611    ,  0.0905446  ,  0.055105   ])
7352    , -11186.3    , array([ 1.49717    ,  0.480116   ,  0.997664   ,  0.521559   ,  0.912403   ,  3.64078    ,  0.0946605  ,  0.0510615  ])
7360    , -11187.8    , array([ 1.45597    ,  0.479778   ,  0.997203   ,  0.521776   ,  0.911141   ,  3.65369    ,  0.0945781  ,  0.0511424  ])
7368    , -11186      , array([ 1.48493    ,  0.479778   ,  0.997203   ,  0.521776   ,  0.911141   ,  3.65369    ,  0.0945781  ,  0.0511424  ])
7376    , -11183.9    , array([ 1.49038    ,  0.477937   ,  0.982438   ,  0.519185   ,  0.915094   ,  3.80427    ,  0.093663   ,  0.0528834  ])
7384    , -11184      , array([ 1.49038    ,  0.477937   ,  0.985646   ,  0.519185   ,  0.915094   ,  3.80427    ,  0.093663   ,  0.0528834  ])
7392    , -11183.8    , array([ 1.49038    ,  0.477937   ,  0.976527   ,  0.519185   ,  0.915094   ,  3.80427    ,  0.093663   ,  0.0528834  ])
7400    , -11183.1    , array([ 1.49038    ,  0.477937   ,  0.976527   ,  0.494187   ,  0.915094   ,  3.80427    ,  0.093663   ,  0.0528834  ])
7408    , -11182.9    , array([ 1.49226    ,  0.478656   ,  0.979904   ,  0.508105   ,  0.916545   ,  3.76832    ,  0.0943965  ,  0.0526094  ])
7416    , -11182.5    , array([ 1.49224    ,  0.478649   ,  0.979871   ,  0.507967   ,  0.91653    ,  3.68183    ,  0.0943892  ,  0.0526121  ])
7424    , -11204.6    , array([ 1.42064    ,  0.460336   ,  0.94206    ,  0.503066   ,  1.08091    ,  4.28976    ,  0.0925834  ,  0.0549447  ])
7432    , -11240      , array([ 1.43979    ,  0.423214   ,  0.903989   ,  0.542948   ,  0.71817    ,  5.79473    ,  0.0810004  ,  0.0657855  ])
7440    , -11180.8    , array([ 1.49837    ,  0.487498   ,  0.991458   ,  0.501703   ,  0.957699   ,  3.34337    ,  0.0966348  ,  0.0504257  ])
7448    , -11202.7    , array([ 1.59961    ,  0.487404   ,  0.99133    ,  0.501763   ,  0.957349   ,  3.34696    ,  0.0966119  ,  0.0504481  ])
7456    , -11231      , array([ 1.52461    ,  0.475593   ,  0.896612   ,  0.48514    ,  0.982706   ,  4.31296    ,  0.0907411  ,  0.0616174  ])
7464    , -11180.1    , array([ 1.49227    ,  0.486527   ,  0.984291   ,  0.500528   ,  0.959234   ,  3.41874    ,  0.0961756  ,  0.0512782  ])
7472    , -11187.3    , array([ 1.4923     ,  0.486518   ,  0.925463   ,  0.500515   ,  0.959253   ,  3.41947    ,  0.0961712  ,  0.0512866  ])
7488    , -11180.1    , array([ 1.4923     ,  0.486518   ,  0.985591   ,  0.494182   ,  0.959253   ,  3.41947    ,  0.0961712  ,  0.0512866  ])
7496    , -11179.9    , array([ 1.49385    ,  0.487114   ,  0.988389   ,  0.505775   ,  0.960455   ,  3.38968    ,  0.0967789  ,  0.0510595  ])
7504    , -11188.6    , array([ 1.49389    ,  0.487126   ,  0.988446   ,  0.506008   ,  0.960479   ,  3.77104    ,  0.0967912  ,  0.051055   ])
7512    , -11336.8    , array([ 1.30644    ,  0.439181   ,  0.889457   ,  0.493175   ,  1.39084    ,  4.93384    ,  0.0920634  ,  0.0571618  ])
7520    , -11179.8    , array([ 1.49403    ,  0.487164   ,  0.988524   ,  0.506018   ,  0.960138   ,  3.34693    ,  0.0967949  ,  0.0510501  ])
7528    , -11179.5    , array([ 1.49745    ,  0.490913   ,  0.993625   ,  0.503612   ,  0.974114   ,  3.20395    ,  0.0977068  ,  0.0501542  ])
7536    , -11178.6    , array([ 1.4967     ,  0.498115   ,  0.998929   ,  0.50643    ,  1.00765    ,  2.9126     ,  0.0998968  ,  0.049421   ])
7552    , -11178.6    , array([ 1.49574    ,  0.498115   ,  0.998929   ,  0.50643    ,  1.00765    ,  2.9126     ,  0.0998968  ,  0.049421   ])
7560    , -11182.9    , array([ 1.50753    ,  0.511049   ,  1.01653    ,  0.498131   ,  1.05584    ,  2.41939    ,  0.103042   ,  0.0463306  ])
7568    , -11689.4    , array([ 1.49613    ,  0.498535   ,  1.9995     ,  0.50616    ,  1.00921    ,  2.89659    ,  0.099999   ,  0.0493207  ])
7576    , -11178.5    , array([ 1.49613    ,  0.498535   ,  1.00445    ,  0.50616    ,  1.00921    ,  2.89659    ,  0.099999   ,  0.0493207  ])
7592    , -11178.5    , array([ 1.49613    ,  0.498535   ,  1.0043     ,  0.506278   ,  1.00921    ,  2.89659    ,  0.099999   ,  0.0493207  ])
7600    , -11178.5    , array([ 1.49601    ,  0.498491   ,  1.00409    ,  0.505419   ,  1.00912    ,  2.89881    ,  0.0999537  ,  0.0493376  ])
7608    , -11178.5    , array([ 1.49601    ,  0.498491   ,  1.00409    ,  0.505428   ,  1.00912    ,  2.92175    ,  0.0999542  ,  0.0493374  ])
7616    , -11204.1    , array([ 1.42441    ,  0.480178   ,  0.966278   ,  0.500526   ,  1.1735     ,  3.51635    ,  0.0981483  ,  0.05167    ])
7624    , -11181.3    , array([ 1.50002    ,  0.487921   ,  0.997405   ,  0.500721   ,  0.951253   ,  3.34383    ,  0.0965871  ,  0.0503321  ])
