225     , -1314.84    , array([ 1.00032    ,  0.108088   ,  5.0019     ,  2.16483    ,  0.0539288  ])
230     , -1314.92    , array([ 1.01098    ,  0.108088   ,  5.0019     ,  2.16483    ,  0.0539288  ])
235     , -1314.84    , array([ 1.00281    ,  0.108088   ,  5.0019     ,  2.16483    ,  0.0539288  ])
240     , -23271.9    , array([ 1.00281    ,  0.490054   ,  5.0019     ,  2.16483    ,  0.0539288  ])
245     , -3433.72    , array([ 1.00281    ,  0.0736463  ,  5.0019     ,  2.16483    ,  0.0539288  ])
250     , -1314.62    , array([ 1.00281    ,  0.10767    ,  5.0019     ,  2.16483    ,  0.0539288  ])
255     , -1314.62    , array([ 1.00281    ,  0.10767    ,  5.0019     ,  2.16483    ,  0.0539288  ])
260     , -1314.5     , array([ 1.00281    ,  0.10767    ,  5.05933    ,  2.16483    ,  0.0539288  ])
265     , -1314.5     , array([ 1.00281    ,  0.10767    ,  5.05933    ,  2.16483    ,  0.0539288  ])
270     , -1314.41    , array([ 1.00281    ,  0.10767    ,  5.05933    ,  2.19719    ,  0.0539288  ])
275     , -1314.41    , array([ 1.00281    ,  0.10767    ,  5.05933    ,  2.19719    ,  0.0539288  ])
285     , -1358.01    , array([ 1.00281    ,  0.10767    ,  5.05933    ,  2.19719    ,  0.0585064  ])
290     , -1314.41    , array([ 1.00281    ,  0.10767    ,  5.05933    ,  2.19719    ,  0.0539517  ])
295     , -1314.89    , array([ 1.00932    ,  0.106575   ,  5.20968    ,  2.28191    ,  0.054011   ])
300     , -1314.31    , array([ 1.00474    ,  0.107346   ,  5.1038     ,  2.22224    ,  0.0539691  ])
305     , -1314.31    , array([ 1.00472    ,  0.107349   ,  5.10336    ,  2.222      ,  0.0539689  ])
310     , -1314.29    , array([ 1.00376    ,  0.107349   ,  5.10336    ,  2.222      ,  0.0539689  ])
315     , -1314.15    , array([ 0.993358   ,  0.107349   ,  5.10336    ,  2.222      ,  0.0539689  ])
325     , -4840.07    , array([ 0.993243   ,  0.107349   ,  5.10336    ,  2.222      ,  0.126886   ])
330     , -1315.22    , array([ 0.993243   ,  0.107349   ,  5.10336    ,  2.222      ,  0.0546229  ])
335     , -1314.15    , array([ 0.993243   ,  0.107349   ,  5.10336    ,  2.222      ,  0.053938   ])
340     , -1320.08    , array([ 0.993243   ,  0.107349   ,  5.48532    ,  2.222      ,  0.053938   ])
345     , -1314.12    , array([ 0.993243   ,  0.107349   ,  5.07389    ,  2.222      ,  0.053938   ])
350     , -1325.46    , array([ 0.993243   ,  0.107349   ,  5.07389    ,  2.60396    ,  0.053938   ])
355     , -1314.11    , array([ 0.993243   ,  0.107349   ,  5.07389    ,  2.23015    ,  0.053938   ])
360     , -1313.99    , array([ 0.994422   ,  0.107151   ,  5.1011     ,  2.24548    ,  0.0539488  ])
365     , -1313.95    , array([ 0.995681   ,  0.106939   ,  5.13018    ,  2.26187    ,  0.0539603  ])
370     , -1313.86    , array([ 0.991274   ,  0.106488   ,  5.17396    ,  2.30184    ,  0.0539657  ])
375     , -1688.56    , array([ 1.9906     ,  0.106418   ,  5.1807     ,  2.30798    ,  0.0539666  ])
380     , -1338.83    , array([ 1.14515    ,  0.106418   ,  5.1807     ,  2.30798    ,  0.0539666  ])
385     , -1313.82    , array([ 0.985682   ,  0.106418   ,  5.1807     ,  2.30798    ,  0.0539666  ])
390     , -1313.82    , array([ 0.985682   ,  0.106418   ,  5.1807     ,  2.30798    ,  0.0539666  ])
400     , -1356.83    , array([ 0.985682   ,  0.106418   ,  5.1807     ,  2.30798    ,  0.0584475  ])
405     , -1313.8     , array([ 0.985682   ,  0.106418   ,  5.1807     ,  2.30798    ,  0.0538681  ])
410     , -1324.29    , array([ 0.985682   ,  0.106418   ,  4.56266    ,  2.30798    ,  0.0538691  ])
415     , -1313.59    , array([ 0.985682   ,  0.106418   ,  5.1037     ,  2.30798    ,  0.0538691  ])
420     , -1348.1     , array([ 0.985682   ,  0.106418   ,  5.10293    ,  1.68995    ,  0.0538691  ])
425     , -1313.58    , array([ 0.985682   ,  0.106418   ,  5.10293    ,  2.31447    ,  0.0538691  ])
430     , -1313.6     , array([ 0.977455   ,  0.105575   ,  5.18467    ,  2.38902    ,  0.0538792  ])
435     , -1313.76    , array([ 0.96791    ,  0.1051     ,  5.15291    ,  2.43745    ,  0.0537875  ])
440     , -3679.16    , array([ 0.363761   ,  0.10602    ,  5.14154    ,  2.34966    ,  0.0538739  ])
445     , -1313.47    , array([ 0.98879    ,  0.10602    ,  5.14154    ,  2.34966    ,  0.0538739  ])
460     , -1863.07    , array([ 0.98872    ,  0.10602    ,  5.14154    ,  2.34966    ,  0.0407183  ])
465     , -1313.42    , array([ 0.98872    ,  0.10602    ,  5.14154    ,  2.34966    ,  0.0537351  ])
470     , -1313.42    , array([ 0.98872    ,  0.10602    ,  5.14154    ,  2.34966    ,  0.0537337  ])
475     , -1313.29    , array([ 0.98872    ,  0.10602    ,  5.08092    ,  2.34966    ,  0.0537337  ])
480     , -1313.29    , array([ 0.98872    ,  0.10602    ,  5.08092    ,  2.34966    ,  0.0537337  ])
485     , -1313.29    , array([ 0.98872    ,  0.10602    ,  5.08092    ,  2.34544    ,  0.0537337  ])
490     , -1313.59    , array([ 0.975409   ,  0.104656   ,  5.21318    ,  2.46618    ,  0.0537501  ])
495     , -1313.24    , array([ 0.985087   ,  0.105647   ,  5.11701    ,  2.37839    ,  0.0537382  ])
500     , -1312.72    , array([ 0.993572   ,  0.104659   ,  5.0541     ,  2.45484    ,  0.0533832  ])
505     , -1312.55    , array([ 0.999295   ,  0.103998   ,  5.01161    ,  2.50596    ,  0.0531447  ])
515     , -1318.29    , array([ 0.934781   ,  0.103589   ,  4.98534    ,  2.53755    ,  0.0529973  ])
520     , -1312.51    , array([ 1.00075    ,  0.103589   ,  4.98534    ,  2.53755    ,  0.0529973  ])
530     , -4714.51    , array([ 1.00073    ,  0.103589   ,  4.98534    ,  2.53755    ,  0.125917   ])
535     , -1313.58    , array([ 1.00073    ,  0.103589   ,  4.98534    ,  2.53755    ,  0.0534321  ])
540     , -1312.28    , array([ 1.00073    ,  0.103589   ,  4.98534    ,  2.53755    ,  0.0526809  ])
545     , -1312.26    , array([ 0.99879    ,  0.10339    ,  5.00464    ,  2.55517    ,  0.0526833  ])
550     , -1388.75    , array([ 0.998702   ,  0.103381   ,  5.00552    ,  3.55597    ,  0.0526834  ])
555     , -1312.14    , array([ 0.998702   ,  0.103381   ,  5.00552    ,  2.5267     ,  0.0526834  ])
560     , -1312.13    , array([ 0.998702   ,  0.103381   ,  5.00552    ,  2.51452    ,  0.0526834  ])
565     , -1312.15    , array([ 1.00549    ,  0.102596   ,  4.95509    ,  2.57519    ,  0.0524004  ])
570     , -1312.11    , array([ 1.0016     ,  0.103046   ,  4.98399    ,  2.54042    ,  0.0525626  ])
575     , -1410.37    , array([ 1.38357    ,  0.103046   ,  4.98399    ,  2.54042    ,  0.0525626  ])
580     , -1312.11    , array([ 1.0009     ,  0.103046   ,  4.98399    ,  2.54042    ,  0.0525626  ])
595     , -1882.09    , array([ 1.00091    ,  0.103046   ,  4.98399    ,  2.54042    ,  0.039407   ])
600     , -1311.95    , array([ 1.00091    ,  0.103046   ,  4.98399    ,  2.54042    ,  0.0523045  ])
605     , -1311.95    , array([ 1.00091    ,  0.103046   ,  4.98399    ,  2.54042    ,  0.0523045  ])
610     , -1311.94    , array([ 0.999179   ,  0.102869   ,  5.00114    ,  2.55608    ,  0.0523067  ])
615     , -1339.3     , array([ 0.999196   ,  0.102871   ,  5.00097    ,  1.93789    ,  0.0523066  ])
620     , -1311.84    , array([ 0.999196   ,  0.102871   ,  5.00097    ,  2.51927    ,  0.0523066  ])
625     , -1311.84    , array([ 0.999196   ,  0.102871   ,  5.00097    ,  2.5189     ,  0.0523066  ])
630     , -1311.83    , array([ 1.00123    ,  0.102636   ,  4.98586    ,  2.53708    ,  0.0522218  ])
635     , -1310.94    , array([ 0.998547   ,  0.0998433  ,  4.99983    ,  2.51278    ,  0.0498946  ])
640     , -1310.94    , array([ 0.9987     ,  0.100004   ,  4.99903    ,  2.51417    ,  0.0500287  ])
650     , -1315.82    , array([ 0.937243   ,  0.100004   ,  4.99903    ,  2.51417    ,  0.0500287  ])
655     , -1310.94    , array([ 0.999951   ,  0.100004   ,  4.99903    ,  2.51417    ,  0.0500287  ])
660     , -1311.21    , array([ 0.988974   ,  0.101274   ,  5.08063    ,  2.41601    ,  0.0504867  ])
665     , -1310.94    , array([ 1          ,  0.0999998  ,  4.99874    ,  2.51452    ,  0.0500271  ])
670     , -1310.98    , array([ 1.00315    ,  0.100322   ,  4.96752    ,  2.48602    ,  0.0500232  ])
675     , -1310.94    , array([ 0.999955   ,  0.0999948  ,  4.99922    ,  2.51496    ,  0.0500272  ])
680     , -1339.18    , array([ 0.999955   ,  0.0999948  ,  4.99922    ,  1.89693    ,  0.0500272  ])
685     , -1310.93    , array([ 0.999955   ,  0.0999948  ,  4.99922    ,  2.50559    ,  0.0500272  ])
690     , -1310.93    , array([ 0.999955   ,  0.0999948  ,  4.99922    ,  2.5055     ,  0.0500272  ])
695     , -1310.93    , array([ 0.99991    ,  0.0999479  ,  4.99946    ,  2.50509    ,  0.0499881  ])
