75      , -1636.77    , array([ 2.00074    ,  0.0994183  ,  0.0496993  ,  5.00179    ,  2.53583    ])
80      , -1332.07    , array([ 1.15609    ,  0.0994183  ,  0.0496993  ,  5.00179    ,  2.53583    ])
85      , -1311       , array([ 0.999578   ,  0.0994183  ,  0.0496993  ,  5.00179    ,  2.53583    ])
90      , -1311       , array([ 0.999566   ,  0.0994183  ,  0.0496993  ,  5.00179    ,  2.53583    ])
95      , -83853.9    , array([ 0.999566   ,  0.00924839 ,  0.0496993  ,  5.00179    ,  2.53583    ])
100     , -1311.08    , array([ 0.999566   ,  0.0992142  ,  0.0496993  ,  5.00179    ,  2.53583    ])
105     , -1311       , array([ 0.999566   ,  0.0994521  ,  0.0496993  ,  5.00179    ,  2.53583    ])
110     , -11531.5    , array([ 0.999566   ,  0.0994521  ,  0.431665   ,  5.00179    ,  2.53583    ])
115     , -12812.1    , array([ 0.999566   ,  0.0994521  ,  0.0152574  ,  5.00179    ,  2.53583    ])
120     , -1311       , array([ 0.999566   ,  0.0994521  ,  0.0496725  ,  5.00179    ,  2.53583    ])
125     , -1311       , array([ 0.999566   ,  0.0994521  ,  0.0497255  ,  5.00179    ,  2.53583    ])
130     , -1315.47    , array([ 0.999566   ,  0.0994521  ,  0.0497255  ,  5.38376    ,  2.53583    ])
135     , -1311       , array([ 0.999566   ,  0.0994521  ,  0.0497255  ,  5.00399    ,  2.53583    ])
140     , -1339.81    , array([ 0.999566   ,  0.0994521  ,  0.0497255  ,  5.00401    ,  1.9178     ])
145     , -1311       , array([ 0.999566   ,  0.0994521  ,  0.0497255  ,  5.00401    ,  2.53668    ])
