420     , -1311.02    , array([ 1.01021    ,  0.100396   ,  4.95399    ,  2.48767    ,  0.0501504  ])
425     , -3165.3     , array([ 0.39218    ,  0.100396   ,  4.95399    ,  2.48767    ,  0.0501504  ])
430     , -1310.98    , array([ 1.00497    ,  0.100396   ,  4.95399    ,  2.48767    ,  0.0501504  ])
435     , -40281.6    , array([ 1.0041     ,  1.1004     ,  4.95399    ,  2.48767    ,  0.0501504  ])
440     , -13912.5    , array([ 1.0041     ,  0.291191   ,  4.95399    ,  2.48767    ,  0.0501504  ])
445     , -1561.55    , array([ 1.0041     ,  0.114935   ,  4.95399    ,  2.48767    ,  0.0501504  ])
450     , -1310.98    , array([ 1.0041     ,  0.100382   ,  4.95399    ,  2.48767    ,  0.0501504  ])
455     , -1310.98    , array([ 1.0041     ,  0.100382   ,  4.95399    ,  2.48767    ,  0.0501504  ])
460     , -1310.96    , array([ 1.0041     ,  0.100382   ,  4.98144    ,  2.48767    ,  0.0501504  ])
465     , -1310.96    , array([ 1.0041     ,  0.100382   ,  4.98144    ,  2.48767    ,  0.0501504  ])
470     , -1310.95    , array([ 1.0041     ,  0.100382   ,  4.98144    ,  2.4824     ,  0.0501504  ])
485     , -1997.28    , array([ 1.0041     ,  0.100382   ,  4.98144    ,  2.4824     ,  0.0369948  ])
490     , -1310.95    , array([ 1.0041     ,  0.100382   ,  4.98144    ,  2.4824     ,  0.0501561  ])
