5584    , -102.106    , array([ 0.0903703  ,  1.14938    ,  0.0549995  ,  0.037496   ])
5588    , -102.106    , array([ 0.0903703  ,  1.14938    ,  0.0549995  ,  0.037496   ])
5596    , -131.422    , array([ 0.108742   ,  1.14938    ,  0.0549995  ,  0.037496   ])
5600    , -102.094    , array([ 0.0906871  ,  1.14938    ,  0.0549995  ,  0.037496   ])
5604    , -140.626    , array([ 0.0906871  ,  2.14938    ,  0.0549995  ,  0.037496   ])
5608    , -111.923    , array([ 0.0906871  ,  1.53134    ,  0.0549995  ,  0.037496   ])
5612    , -102.094    , array([ 0.0906871  ,  1.15074    ,  0.0549995  ,  0.037496   ])
5616    , -102.094    , array([ 0.0906871  ,  1.15048    ,  0.0549995  ,  0.037496   ])
5620    , -102.094    , array([ 0.0906871  ,  1.15067    ,  0.0549995  ,  0.037496   ])
5632    , -102.084    , array([ 0.0906871  ,  1.15067    ,  0.0548314  ,  0.037496   ])
5636    , -102.083    , array([ 0.0906871  ,  1.15067    ,  0.0547852  ,  0.037496   ])
5648    , -225.569    , array([ 0.0906871  ,  1.15067    ,  0.0547852  ,  0.0243404  ])
5652    , -102.077    , array([ 0.0906871  ,  1.15067    ,  0.0547852  ,  0.037603   ])
5656    , -102.077    , array([ 0.0906871  ,  1.15067    ,  0.0547852  ,  0.037603   ])
5668    , -104.041    , array([ 0.094751   ,  1.15067    ,  0.0547852  ,  0.037603   ])
5672    , -102.071    , array([ 0.0904612  ,  1.15067    ,  0.0547852  ,  0.037603   ])
5680    , -103.724    , array([ 0.0904612  ,  1.28246    ,  0.0547852  ,  0.037603   ])
5684    , -102.07     , array([ 0.0904612  ,  1.14745    ,  0.0547852  ,  0.037603   ])
5688    , -13728.5    , array([ 0.0904612  ,  1.14745    ,  1.05479    ,  0.037603   ])
5692    , -12157      , array([ 0.0904612  ,  1.14745    ,  0.436751   ,  0.037603   ])
5696    , -1006.85    , array([ 0.0904612  ,  1.14745    ,  0.127697   ,  0.037603   ])
5700    , -102.062    , array([ 0.0904612  ,  1.14745    ,  0.0545955  ,  0.037603   ])
5704    , -4468.74    , array([ 0.0904612  ,  1.14745    ,  0.0545974  ,  1.0376     ])
5708    , -4038.29    , array([ 0.0904612  ,  1.14745    ,  0.0545974  ,  0.419569   ])
5712    , -1090.19    , array([ 0.0904612  ,  1.14745    ,  0.0545974  ,  0.11054    ])
5716    , -107.332    , array([ 0.0904612  ,  1.14745    ,  0.0545974  ,  0.0409582  ])
5720    , -102.059    , array([ 0.0904612  ,  1.14745    ,  0.0545974  ,  0.0376729  ])
5724    , -102.043    , array([ 0.0902354  ,  1.14424    ,  0.0544095  ,  0.0377441  ])
5728    , -101.939    , array([ 0.0866985  ,  1.09389    ,  0.0514679  ,  0.0388489  ])
5732    , -101.932    , array([ 0.0874007  ,  1.10388    ,  0.052052   ,  0.0386295  ])
5740    , -1012.96    , array([ 0.27834    ,  1.10344    ,  0.0520263  ,  0.0386392  ])
5744    , -373.133    , array([ 0.052928   ,  1.10344    ,  0.0520263  ,  0.0386392  ])
5748    , -101.833    , array([ 0.0864706  ,  1.10344    ,  0.0520263  ,  0.0386392  ])
5752    , -145.424    , array([ 0.0864706  ,  2.10344    ,  0.0520263  ,  0.0386392  ])
5756    , -112.807    , array([ 0.0864706  ,  1.48541    ,  0.0520263  ,  0.0386392  ])
5760    , -101.825    , array([ 0.0864706  ,  1.11149    ,  0.0520263  ,  0.0386392  ])
5764    , -4313.77    , array([ 0.0864706  ,  1.1116     ,  0.0520263  ,  1.03864    ])
5768    , -3909.95    , array([ 0.0864706  ,  1.1116     ,  0.0520263  ,  0.420605   ])
5772    , -1061.77    , array([ 0.0864706  ,  1.1116     ,  0.0520263  ,  0.111576   ])
5776    , -106.598    , array([ 0.0864706  ,  1.1116     ,  0.0520263  ,  0.0416568  ])
5780    , -101.811    , array([ 0.0864706  ,  1.1116     ,  0.0520263  ,  0.0384749  ])
5784    , -102.585    , array([ 0.0783772  ,  0.996383   ,  0.0452951  ,  0.0410012  ])
5788    , -101.742    , array([ 0.0843288  ,  1.08111    ,  0.050245   ,  0.0391422  ])
5792    , -101.863    , array([ 0.0783038  ,  1.0163     ,  0.045982   ,  0.0405773  ])
5796    , -101.742    , array([ 0.0843825  ,  1.08187    ,  0.0502897  ,  0.0391254  ])
5804    , -140.349    , array([ 0.103584   ,  1.08187    ,  0.0502897  ,  0.0391254  ])
5808    , -101.715    , array([ 0.0839278  ,  1.08187    ,  0.0502897  ,  0.0391254  ])
5812    , -147.01     , array([ 0.0839232  ,  2.08187    ,  0.0502897  ,  0.0391254  ])
5816    , -112.835    , array([ 0.0839232  ,  1.46384    ,  0.0502897  ,  0.0391254  ])
5820    , -101.679    , array([ 0.0839232  ,  1.09811    ,  0.0502897  ,  0.0391254  ])
5824    , -4254.05    , array([ 0.0839232  ,  1.09837    ,  0.0502897  ,  1.03913    ])
5828    , -3857.65    , array([ 0.0839232  ,  1.09837    ,  0.0502897  ,  0.421091   ])
5832    , -1048.32    , array([ 0.0839232  ,  1.09837    ,  0.0502897  ,  0.112063   ])
5836    , -106.273    , array([ 0.0839232  ,  1.09837    ,  0.0502897  ,  0.042073   ])
5840    , -101.659    , array([ 0.0839232  ,  1.09837    ,  0.0502897  ,  0.038924   ])
5844    , -102.653    , array([ 0.0758298  ,  0.983153   ,  0.0435585  ,  0.0414499  ])
5848    , -101.605    , array([ 0.0820538  ,  1.07176    ,  0.0487349  ,  0.0395059  ])
5852    , -101.481    , array([ 0.0799678  ,  1.06509    ,  0.047382   ,  0.0398106  ])
5856    , -100.847    , array([ 0.0579286  ,  0.981316   ,  0.032866   ,  0.0432311  ])
5860    , -100.922    , array([ 0.0649826  ,  1.00813    ,  0.0375121  ,  0.0421363  ])
5864    , -100.846    , array([ 0.0583152  ,  0.982786   ,  0.0331207  ,  0.0431711  ])
5868    , -100.846    , array([ 0.0585514  ,  0.983684   ,  0.0332763  ,  0.0431344  ])
5876    , -221.747    , array([ 0.0864135  ,  0.983684   ,  0.0332763  ,  0.0431344  ])
5880    , -100.844    , array([ 0.0584241  ,  0.983684   ,  0.0332763  ,  0.0431344  ])
5884    , -100.844    , array([ 0.058495   ,  0.983684   ,  0.0332763  ,  0.0431344  ])
5888    , -100.844    , array([ 0.058461   ,  0.983684   ,  0.0332763  ,  0.0431344  ])
5892    , -100.844    , array([ 0.05846    ,  0.983684   ,  0.0332763  ,  0.0431344  ])
5896    , -100.407    , array([ 0.05846    ,  1.02183    ,  0.0332763  ,  0.0431344  ])
5900    , -100.387    , array([ 0.05846    ,  1.03186    ,  0.0332763  ,  0.0431344  ])
5904    , -100.387    , array([ 0.05846    ,  1.03234    ,  0.0332763  ,  0.0431344  ])
5912    , -263.702    , array([ 0.05846    ,  1.03234    ,  0.0332763  ,  0.0664237  ])
5916    , -100.367    , array([ 0.05846    ,  1.03234    ,  0.0332763  ,  0.0429016  ])
5920    , -100.366    , array([ 0.05846    ,  1.03234    ,  0.0332763  ,  0.0429184  ])
5924    , -101.067    , array([ 0.0730603  ,  1.08784    ,  0.0428926  ,  0.0406525  ])
5928    , -100.099    , array([ 0.049656   ,  0.998875   ,  0.0274776  ,  0.0442848  ])
5932    , -100.099    , array([ 0.0494366  ,  0.998041   ,  0.0273331  ,  0.0443189  ])
5944    , -194.492    , array([ 0.036281   ,  0.998041   ,  0.0273331  ,  0.0443189  ])
5948    , -100.09     , array([ 0.0492841  ,  0.998041   ,  0.0273331  ,  0.0443189  ])
5952    , -162.084    , array([ 0.0492841  ,  1.99804    ,  0.0273331  ,  0.0443189  ])
5956    , -114.571    , array([ 0.0492841  ,  1.38001    ,  0.0273331  ,  0.0443189  ])
5960    , -99.9002    , array([ 0.0492841  ,  1.02905    ,  0.0273331  ,  0.0443189  ])
5964    , -3897.21    , array([ 0.0492841  ,  1.02943    ,  0.0273331  ,  1.04432    ])
5968    , -3505.46    , array([ 0.0492841  ,  1.02943    ,  0.0273331  ,  0.426285   ])
5972    , -940.122    , array([ 0.0492841  ,  1.02943    ,  0.0273331  ,  0.117257   ])
5976    , -103.272    , array([ 0.0492841  ,  1.02943    ,  0.0273331  ,  0.0470941  ])
5980    , -99.8941    , array([ 0.0492841  ,  1.02943    ,  0.0273331  ,  0.0442005  ])
5984    , -102.047    , array([ 0.0875081  ,  1.17473    ,  0.0525089  ,  0.0382669  ])
5988    , -99.8003    , array([ 0.0470543  ,  1.02096    ,  0.0258644  ,  0.0445454  ])
5992    , -99.7643    , array([ 0.0449423  ,  1.01293    ,  0.0244733  ,  0.0448732  ])
5996    , -99.6034    , array([ 0.0403611  ,  1.02749    ,  0.0215564  ,  0.0454409  ])
6000    , -99.6034    , array([ 0.0403611  ,  1.02749    ,  0.0215564  ,  0.0454409  ])
6004    , -99.6012    , array([ 0.0397803  ,  1.02937    ,  0.0211867  ,  0.0455127  ])
6008    , -2422.82    , array([ 1.03983    ,  1.0292     ,  0.0212193  ,  0.0455064  ])
6012    , -1969.23    , array([ 0.421797   ,  1.0292     ,  0.0212193  ,  0.0455064  ])
6016    , -780.294    , array([ 0.112775   ,  1.0292     ,  0.0212193  ,  0.0455064  ])
6020    , -118.678    , array([ 0.0457473  ,  1.0292     ,  0.0212193  ,  0.0455064  ])
6024    , -99.5039    , array([ 0.0394225  ,  1.0292     ,  0.0212193  ,  0.0455064  ])
6028    , -102.27     , array([ 0.0776465  ,  1.1745     ,  0.0463952  ,  0.039574   ])
6032    , -99.7695    , array([ 0.0431892  ,  1.04352    ,  0.0237002  ,  0.0449218  ])
6036    , -99.4873    , array([ 0.0383889  ,  1.02528    ,  0.0205386  ,  0.0456668  ])
6040    , -99.4873    , array([ 0.0384098  ,  1.02535    ,  0.0205523  ,  0.0456636  ])
6052    , -193.582    , array([ 0.0384098  ,  1.02535    ,  0.0205523  ,  0.0325079  ])
6056    , -99.4827    , array([ 0.0384098  ,  1.02535    ,  0.0205523  ,  0.0457706  ])
6060    , -99.6394    , array([ 0.0333424  ,  1.04179    ,  0.0173269  ,  0.0463971  ])
6064    , -99.4707    , array([ 0.0364742  ,  1.03163    ,  0.0193203  ,  0.0460099  ])
6068    , -99.4675    , array([ 0.0370681  ,  1.02971    ,  0.0196983  ,  0.0459364  ])
6072    , -2421.64    , array([ 1.03705    ,  1.02975    ,  0.0196897  ,  0.0459381  ])
6076    , -1993.36    , array([ 0.419021   ,  1.02975    ,  0.0196897  ,  0.0459381  ])
6080    , -820.537    , array([ 0.109998   ,  1.02975    ,  0.0196897  ,  0.0459381  ])
6084    , -124.422    , array([ 0.0436681  ,  1.02975    ,  0.0196897  ,  0.0459381  ])
6088    , -99.4322    , array([ 0.0368238  ,  1.02975    ,  0.0196897  ,  0.0459381  ])
6092    , -102.7      , array([ 0.0750478  ,  1.17505    ,  0.0448656  ,  0.0400057  ])
6096    , -99.7985    , array([ 0.0409058  ,  1.04527    ,  0.0223783  ,  0.0453046  ])
6100    , -99.4165    , array([ 0.0359384  ,  1.02639    ,  0.0191065  ,  0.0460755  ])
6104    , -99.4164    , array([ 0.0359601  ,  1.02647    ,  0.0191208  ,  0.0460722  ])
6116    , -191.115    , array([ 0.0359601  ,  1.02647    ,  0.0191208  ,  0.0329165  ])
6120    , -99.4164    , array([ 0.0359601  ,  1.02647    ,  0.0191208  ,  0.0460626  ])
6124    , -99.4164    , array([ 0.0359601  ,  1.02647    ,  0.0191208  ,  0.0460626  ])
6128    , -99.5193    , array([ 0.0390919  ,  1.01631    ,  0.0211143  ,  0.0456754  ])
6132    , -99.4136    , array([ 0.0354235  ,  1.02821    ,  0.0187793  ,  0.0461289  ])
6136    , -99.4136    , array([ 0.0354288  ,  1.02819    ,  0.0187827  ,  0.0461283  ])
6140    , -99.296     , array([ 0.0311725  ,  1.02411    ,  0.0164081  ,  0.0466261  ])
6144    , -99.1828    , array([ 0.0240059  ,  1.01723    ,  0.0124097  ,  0.0474643  ])
6148    , -100.003    , array([ 0.0320081  ,  0.990443   ,  0.0175187  ,  0.0464737  ])
6152    , -99.1545    , array([ 0.0249996  ,  1.01318    ,  0.0130577  ,  0.0473401  ])
6156    , -99.1515    , array([ 0.0247058  ,  1.01413    ,  0.0128707  ,  0.0473765  ])
6160    , -105.829    , array([ 0.0629209  ,  1.15946    ,  0.0380409  ,  0.0414452  ])
6164    , -100.506    , array([ 0.0305275  ,  1.03633    ,  0.0167053  ,  0.0464726  ])
6168    , -99.1509    , array([ 0.024782   ,  1.01449    ,  0.0129211  ,  0.0473644  ])
6172    , -99.1509    , array([ 0.0247855  ,  1.0145     ,  0.0129234  ,  0.0473638  ])
6184    , -190.411    , array([ 0.0247855  ,  1.0145     ,  0.0129234  ,  0.0342082  ])
6188    , -99.1405    , array([ 0.0247855  ,  1.0145     ,  0.0129234  ,  0.0475267  ])
6192    , -100.434    , array([ 0.0131655  ,  1.00335    ,  0.00644054 ,  0.0488858  ])
6196    , -99.1001    , array([ 0.020347   ,  1.01024    ,  0.0104472  ,  0.0480458  ])
6200    , -99.0956    , array([ 0.0212333  ,  1.01109    ,  0.0109416  ,  0.0479422  ])
6204    , -102.951    , array([ 0.016118   ,  1.02749    ,  0.00768941 ,  0.0485743  ])
6208    , -99.5324    , array([ 0.0192498  ,  1.01733    ,  0.00968284 ,  0.0481871  ])
6212    , -99.0808    , array([ 0.0216913  ,  1.0094     ,  0.0112369  ,  0.0478852  ])
6220    , -131.463    , array([ 0.0126678  ,  0.975104   ,  0.00529367 ,  0.0492857  ])
6224    , -99.0857    , array([ 0.021943   ,  1.01036    ,  0.0114027  ,  0.0478462  ])
6228    , -99.0808    , array([ 0.0217198  ,  1.00951    ,  0.0112557  ,  0.0478808  ])
6232    , -3758.46    , array([ 0.0217205  ,  1.00952    ,  0.0112562  ,  1.04788    ])
6236    , -3347.45    , array([ 0.0217205  ,  1.00952    ,  0.0112562  ,  0.429847   ])
6240    , -884.585    , array([ 0.0217205  ,  1.00952    ,  0.0112562  ,  0.12082    ])
6244    , -101.901    , array([ 0.0217205  ,  1.00952    ,  0.0112562  ,  0.0507214  ])
6248    , -99.0781    , array([ 0.0217205  ,  1.00952    ,  0.0112562  ,  0.0479633  ])
6252    , -99.5824    , array([ 0.040522   ,  1.02755    ,  0.0217456  ,  0.0457651  ])
6256    , -99.0695    , array([ 0.0211848  ,  1.009      ,  0.0109573  ,  0.0480268  ])
6260    , -99.0585    , array([ 0.0198021  ,  1.00768    ,  0.0101859  ,  0.0481885  ])
6264    , -99.0585    , array([ 0.0197767  ,  1.00765    ,  0.0101717  ,  0.0481915  ])
6268    , -98.985     , array([ 0.0160889  ,  0.998763   ,  0.00822605 ,  0.0488294  ])
6272    , -98.9539    , array([ 0.0128048  ,  0.990848   ,  0.00649342 ,  0.0493975  ])
6276    , -102.907    , array([ 0.021004   ,  0.964247   ,  0.0117123  ,  0.0483838  ])
6280    , -99.0012    , array([ 0.0136977  ,  0.987952   ,  0.00706174 ,  0.0492871  ])
6284    , -98.9315    , array([ 0.0131116  ,  0.989853   ,  0.00668869 ,  0.0493595  ])
6288    , -115.567    , array([ 0.0513325  ,  1.13516    ,  0.0318626  ,  0.0434275  ])
6292    , -105.89     , array([ 0.0204086  ,  1.01761    ,  0.0114949  ,  0.0482269  ])
6296    , -98.9731    , array([ 0.0134619  ,  0.991206   ,  0.0069195  ,  0.0493051  ])
6300    , -98.9315    , array([ 0.0131174  ,  0.989897   ,  0.00669263 ,  0.0493585  ])
6304    , -3669.48    , array([ 0.0131171  ,  0.989895   ,  0.00669239 ,  1.04936    ])
6308    , -3262.53    , array([ 0.0131171  ,  0.989895   ,  0.00669239 ,  0.431325   ])
6312    , -863.333    , array([ 0.0131171  ,  0.989895   ,  0.00669239 ,  0.122298   ])
6316    , -101.472    , array([ 0.0131171  ,  0.989895   ,  0.00669239 ,  0.0519299  ])
6320    , -98.9284    , array([ 0.0131171  ,  0.989895   ,  0.00669239 ,  0.0492678  ])
6324    , -99.1901    , array([ 0.0243979  ,  1.01708    ,  0.0126439  ,  0.0473155  ])
6332    , -98.9111    , array([ 0.0110343  ,  0.984876   ,  0.00559357 ,  0.0496272  ])
6340    , -98.9111    , array([ 0.010984   ,  0.984755   ,  0.00556703 ,  0.0496359  ])
6344    , -99.0207    , array([ 0.0105846  ,  0.98605    ,  0.00531279 ,  0.0496852  ])
6348    , -98.9029    , array([ 0.0111334  ,  0.98427    ,  0.00566209 ,  0.0496174  ])
6352    , -117.988    , array([ 0.0493603  ,  1.12956    ,  0.0308399  ,  0.0436846  ])
6356    , -107.8      , array([ 0.0184365  ,  1.01201    ,  0.0104722  ,  0.048484   ])
6360    , -99.388     , array([ 0.0122015  ,  0.988309   ,  0.00636551 ,  0.0494517  ])
6364    , -98.9028    , array([ 0.0111498  ,  0.984311   ,  0.00567286 ,  0.0496149  ])
6368    , -3646.07    , array([ 0.0111498  ,  0.984311   ,  0.00567286 ,  1.04961    ])
6372    , -3240.34    , array([ 0.0111498  ,  0.984311   ,  0.00567286 ,  0.431581   ])
6376    , -856.804    , array([ 0.0111498  ,  0.984311   ,  0.00567286 ,  0.122554   ])
6380    , -101.428    , array([ 0.0111498  ,  0.984311   ,  0.00567286 ,  0.0522406  ])
6384    , -98.9022    , array([ 0.0111498  ,  0.984311   ,  0.00567286 ,  0.0495762  ])
6388    , -99.1185    , array([ 0.0224306  ,  1.0115     ,  0.0116244  ,  0.0476244  ])
6392    , -98.9338    , array([ 0.0133043  ,  0.989504   ,  0.00680951 ,  0.0492031  ])
6396    , -98.8964    , array([ 0.0105212  ,  0.982796   ,  0.00534119 ,  0.0496845  ])
6408    , -98.8943    , array([ 0.0100018  ,  0.981544   ,  0.00506716 ,  0.0497744  ])
6416    , -98.9071    , array([ 0.0102926  ,  0.980601   ,  0.00525228 ,  0.0497384  ])
6420    , -98.8906    , array([ 0.010093   ,  0.981248   ,  0.00512525 ,  0.0497631  ])
6424    , -116.692    , array([ 0.0246933  ,  1.03675    ,  0.0147416  ,  0.0474971  ])
6428    , -101.863    , array([ 0.0128814  ,  0.991848   ,  0.00696181 ,  0.0493303  ])
6432    , -98.9859    , array([ 0.0104998  ,  0.982795   ,  0.0053932  ,  0.0496999  ])
6436    , -98.8905    , array([ 0.010107   ,  0.981302   ,  0.00513448 ,  0.0497609  ])
6440    , -98.8905    , array([ 0.0101068  ,  0.9813     ,  0.0051343  ,  0.049761   ])
6452    , -181.679    , array([ 0.0101068  ,  0.9813     ,  0.0051343  ,  0.0366053  ])
6456    , -98.8904    , array([ 0.0101068  ,  0.9813     ,  0.0051343  ,  0.0497415  ])
6472    , -98.8898    , array([ 0.0100501  ,  0.981164   ,  0.00510439 ,  0.0497513  ])
6476    , -98.8893    , array([ 0.0100068  ,  0.981059   ,  0.00508155 ,  0.0497588  ])
6480    , -98.8893    , array([ 0.0100004  ,  0.981044   ,  0.00507821 ,  0.0497599  ])
