4208    , -2520.22    , array([ 1.07828    ,  1.11133    ,  0.0463578  ,  0.0395166  ])
4212    , -1707.17    , array([ 0.460245   ,  1.11133    ,  0.0463578  ,  0.0395166  ])
4216    , -433.306    , array([ 0.151223   ,  1.11133    ,  0.0463578  ,  0.0395166  ])
4220    , -102.261    , array([ 0.0814366  ,  1.11133    ,  0.0463578  ,  0.0395166  ])
4224    , -101.253    , array([ 0.0787779  ,  1.11133    ,  0.0463578  ,  0.0395166  ])
4228    , -101.253    , array([ 0.0787829  ,  1.11133    ,  0.0463578  ,  0.0395166  ])
4232    , -101.484    , array([ 0.0787829  ,  1.07052    ,  0.0463578  ,  0.0395166  ])
4236    , -101.253    , array([ 0.0787829  ,  1.11194    ,  0.0463578  ,  0.0395166  ])
4240    , -15708.2    , array([ 0.0787829  ,  1.11194    ,  1.04636    ,  0.0395166  ])
4244    , -14624.8    , array([ 0.0787829  ,  1.11194    ,  0.428324   ,  0.0395166  ])
4248    , -1374.48    , array([ 0.0787829  ,  1.11194    ,  0.119262   ,  0.0395166  ])
4252    , -101.247    , array([ 0.0787829  ,  1.11194    ,  0.0462208  ,  0.0395166  ])
4256    , -101.247    , array([ 0.0787829  ,  1.11194    ,  0.0462236  ,  0.0395166  ])
4260    , -101.247    , array([ 0.0787829  ,  1.11194    ,  0.046225   ,  0.0395166  ])
4268    , -289.15     , array([ 0.0787829  ,  1.11194    ,  0.046225   ,  0.0636362  ])
4272    , -101.245    , array([ 0.0787829  ,  1.11194    ,  0.046225   ,  0.039563   ])
4276    , -101.334    , array([ 0.0792864  ,  1.11255    ,  0.0460921  ,  0.0396306  ])
4280    , -101.245    , array([ 0.0787829  ,  1.11194    ,  0.046225   ,  0.0395736  ])
4288    , -150.821    , array([ 0.0997695  ,  1.11194    ,  0.046225   ,  0.0395736  ])
4292    , -101.241    , array([ 0.0786274  ,  1.11194    ,  0.046225   ,  0.0395736  ])
4296    , -101.241    , array([ 0.0786173  ,  1.11194    ,  0.046225   ,  0.0395736  ])
4300    , -251.418    , array([ 0.0786173  ,  0.493908   ,  0.046225   ,  0.0395736  ])
4304    , -101.243    , array([ 0.0786173  ,  1.11458    ,  0.046225   ,  0.0395736  ])
4308    , -101.241    , array([ 0.0786173  ,  1.11061    ,  0.046225   ,  0.0395736  ])
4316    , -7886.53    , array([ 0.0786173  ,  1.11057    ,  0.23709    ,  0.0395736  ])
4320    , -126.532    , array([ 0.0786173  ,  1.11057    ,  0.0380903  ,  0.0395736  ])
4324    , -101.236    , array([ 0.0786173  ,  1.11057    ,  0.0461032  ,  0.0395736  ])
4328    , -4280.62    , array([ 0.0786173  ,  1.11057    ,  0.0461032  ,  1.03957    ])
4332    , -3862.99    , array([ 0.0786173  ,  1.11057    ,  0.0461032  ,  0.42154    ])
4336    , -1039.6     , array([ 0.0786173  ,  1.11057    ,  0.0461032  ,  0.112511   ])
4340    , -105.835    , array([ 0.0786173  ,  1.11057    ,  0.0461032  ,  0.0427767  ])
4344    , -101.235    , array([ 0.0786173  ,  1.11057    ,  0.0461032  ,  0.0396129  ])
4348    , -101.225    , array([ 0.0784517  ,  1.10921    ,  0.0459815  ,  0.0396531  ])
4352    , -101.109    , array([ 0.0698838  ,  1.0384     ,  0.0396834  ,  0.041709   ])
4356    , -101.035    , array([ 0.0728027  ,  1.06252    ,  0.041829   ,  0.0410086  ])
4360    , -2479.25    , array([ 1.0728     ,  1.06252    ,  0.041829   ,  0.0410086  ])
4364    , -1734.73    , array([ 0.454769   ,  1.06252    ,  0.041829   ,  0.0410086  ])
4368    , -475.047    , array([ 0.145747   ,  1.06252    ,  0.041829   ,  0.0410086  ])
4372    , -102.031    , array([ 0.0745597  ,  1.06252    ,  0.041829   ,  0.0410086  ])
4376    , -100.923    , array([ 0.0720086  ,  1.06252    ,  0.041829   ,  0.0410086  ])
4384    , -103.076    , array([ 0.0720005  ,  1.20485    ,  0.041829   ,  0.0410086  ])
4388    , -100.906    , array([ 0.0720005  ,  1.07302    ,  0.041829   ,  0.0410086  ])
4396    , -2489.49    , array([ 0.0720005  ,  1.07302    ,  0.041829   ,  0.231962   ])
4400    , -1463.3     , array([ 0.0720005  ,  1.07302    ,  0.041829   ,  0.00656676 ])
4404    , -100.96     , array([ 0.0720005  ,  1.07302    ,  0.041829   ,  0.0412095  ])
4408    , -100.89     , array([ 0.0720005  ,  1.07302    ,  0.041829   ,  0.0408166  ])
4412    , -100.851    , array([ 0.0661859  ,  1.02497    ,  0.0375548  ,  0.0422137  ])
4416    , -100.797    , array([ 0.0684874  ,  1.04399    ,  0.0392466  ,  0.0416615  ])
4420    , -100.797    , array([ 0.0685226  ,  1.04428    ,  0.0392724  ,  0.041653   ])
4432    , -142.654    , array([ 0.0553669  ,  1.04428    ,  0.0392724  ,  0.041653   ])
4436    , -105.929    , array([ 0.0632247  ,  1.04428    ,  0.0392724  ,  0.041653   ])
4440    , -100.763    , array([ 0.068105   ,  1.04428    ,  0.0392724  ,  0.041653   ])
4444    , -316.625    , array([ 0.068105   ,  0.426248   ,  0.0392724  ,  0.041653   ])
4448    , -100.72     , array([ 0.068105   ,  1.06521    ,  0.0392724  ,  0.041653   ])
4452    , -100.717    , array([ 0.068105   ,  1.06124    ,  0.0392724  ,  0.041653   ])
4464    , -201.647    , array([ 0.068105   ,  1.06124    ,  0.0392724  ,  0.0284974  ])
4468    , -100.697    , array([ 0.068105   ,  1.06124    ,  0.0392724  ,  0.0414429  ])
4472    , -100.74     , array([ 0.0622904  ,  1.01319    ,  0.0349982  ,  0.0428381  ])
4476    , -100.63     , array([ 0.065884   ,  1.04289    ,  0.0376398  ,  0.0419758  ])
4480    , -100.626    , array([ 0.0652992  ,  1.03806    ,  0.0372099  ,  0.0421161  ])
4484    , -100.253    , array([ 0.0569607  ,  1.02259    ,  0.031884   ,  0.0433044  ])
4488    , -100.441    , array([ 0.0399391  ,  0.990649   ,  0.0210067  ,  0.0457357  ])
4492    , -100.024    , array([ 0.0477933  ,  1.00539    ,  0.0260258  ,  0.0446139  ])
4496    , -100.024    , array([ 0.0476162  ,  1.00505    ,  0.0259126  ,  0.0446392  ])
4504    , -272.311    , array([ 0.0754781  ,  1.00505    ,  0.0259126  ,  0.0446392  ])
4508    , -99.9056    , array([ 0.0469336  ,  1.00505    ,  0.0259126  ,  0.0446392  ])
4512    , -99.8992    , array([ 0.0470591  ,  1.00505    ,  0.0259126  ,  0.0446392  ])
4516    , -373.755    , array([ 0.0470591  ,  0.38702    ,  0.0259126  ,  0.0446392  ])
4520    , -99.7972    , array([ 0.0470591  ,  1.03244    ,  0.0259126  ,  0.0446392  ])
4524    , -99.7942    , array([ 0.0470591  ,  1.02867    ,  0.0259126  ,  0.0446392  ])
4528    , -99.7941    , array([ 0.0470591  ,  1.02843    ,  0.0259126  ,  0.0446392  ])
4536    , -254.306    , array([ 0.0470591  ,  1.02843    ,  0.0259126  ,  0.0677046  ])
4540    , -99.7887    , array([ 0.0470591  ,  1.02843    ,  0.0259126  ,  0.0445113  ])
4544    , -99.7886    , array([ 0.0470591  ,  1.02843    ,  0.0259126  ,  0.0445242  ])
4548    , -100.298    , array([ 0.0580049  ,  1.04897    ,  0.0329073  ,  0.0429607  ])
4552    , -99.6186    , array([ 0.0417933  ,  1.01855    ,  0.0225476  ,  0.0452763  ])
4556    , -140.665    , array([ 0.0164595  ,  0.995441   ,  0.00671455 ,  0.0487002  ])
4560    , -99.6132    , array([ 0.0408932  ,  1.01686    ,  0.0219724  ,  0.0454049  ])
4568    , -309.307    , array([ 0.0687551  ,  1.01686    ,  0.0219724  ,  0.0454049  ])
4572    , -99.5871    , array([ 0.040435   ,  1.01686    ,  0.0219724  ,  0.0454049  ])
4576    , -99.57      , array([ 0.0406126  ,  1.01686    ,  0.0219724  ,  0.0454049  ])
4580    , -356.917    , array([ 0.0406126  ,  0.39883    ,  0.0219724  ,  0.0454049  ])
4584    , -99.5508    , array([ 0.0406126  ,  1.03182    ,  0.0219724  ,  0.0454049  ])
4588    , -99.5475    , array([ 0.0406126  ,  1.02768    ,  0.0219724  ,  0.0454049  ])
4600    , -192.902    , array([ 0.0406126  ,  1.02768    ,  0.0219724  ,  0.0322492  ])
4604    , -99.5472    , array([ 0.0406126  ,  1.02768    ,  0.0219724  ,  0.0453787  ])
4608    , -99.5472    , array([ 0.0406126  ,  1.02768    ,  0.0219724  ,  0.0453782  ])
4612    , -99.5472    , array([ 0.0406126  ,  1.02768    ,  0.0219724  ,  0.0453784  ])
4616    , -99.4863    , array([ 0.0384022  ,  1.02353    ,  0.0205599  ,  0.0456941  ])
4620    , -99.4827    , array([ 0.0377844  ,  1.02237    ,  0.0201651  ,  0.0457824  ])
4624    , -99.3935    , array([ 0.0346755  ,  1.02789    ,  0.0183578  ,  0.0461599  ])
4628    , -99.3533    , array([ 0.032142   ,  1.03238    ,  0.0168849  ,  0.0464676  ])
4632    , -99.3471    , array([ 0.0307586  ,  1.03483    ,  0.0160807  ,  0.0466356  ])
4636    , -99.3471    , array([ 0.0308282  ,  1.03471    ,  0.0161212  ,  0.0466271  ])
4644    , -403.953    , array([ 0.0586899  ,  1.03471    ,  0.0161212  ,  0.0466271  ])
4648    , -100.021    , array([ 0.031479   ,  1.03471    ,  0.0161212  ,  0.0466271  ])
4652    , -99.2967    , array([ 0.0306013  ,  1.03471    ,  0.0161212  ,  0.0466271  ])
4660    , -102.642    , array([ 0.030599   ,  1.16824    ,  0.0161212  ,  0.0466271  ])
4664    , -99.2766    , array([ 0.030599   ,  1.02449    ,  0.0161212  ,  0.0466271  ])
4668    , -3829.98    , array([ 0.030599   ,  1.02449    ,  0.0161212  ,  1.04663    ])
4672    , -3417.74    , array([ 0.030599   ,  1.02449    ,  0.0161212  ,  0.428593   ])
4676    , -904.977    , array([ 0.030599   ,  1.02449    ,  0.0161212  ,  0.119566   ])
4680    , -102.294    , array([ 0.030599   ,  1.02449    ,  0.0161212  ,  0.0495142  ])
4684    , -99.2742    , array([ 0.030599   ,  1.02449    ,  0.0161212  ,  0.0467039  ])
4688    , -99.6887    , array([ 0.0418544  ,  1.00453    ,  0.0226644  ,  0.0453379  ])
4692    , -99.2513    , array([ 0.0268159  ,  1.03119    ,  0.0139219  ,  0.0471641  ])
4696    , -99.246     , array([ 0.027805   ,  1.02944    ,  0.0144969  ,  0.047044   ])
4700    , -2416.62    , array([ 1.02783    ,  1.02939    ,  0.014513   ,  0.0470406  ])
4704    , -2081.13    , array([ 0.409799   ,  1.02939    ,  0.014513   ,  0.0470406  ])
4708    , -999.157    , array([ 0.100776   ,  1.02939    ,  0.014513   ,  0.0470406  ])
4712    , -165.407    , array([ 0.0367958  ,  1.02939    ,  0.014513   ,  0.0470406  ])
4716    , -99.2265    , array([ 0.0276959  ,  1.02939    ,  0.014513   ,  0.0470406  ])
4720    , -99.2265    , array([ 0.0277021  ,  1.02939    ,  0.014513   ,  0.0470406  ])
4724    , -99.2265    , array([ 0.0277034  ,  1.02939    ,  0.014513   ,  0.0470406  ])
4728    , -99.8024    , array([ 0.0277034  ,  0.967653   ,  0.014513   ,  0.0470406  ])
4732    , -99.2086    , array([ 0.0277034  ,  1.01997    ,  0.014513   ,  0.0470406  ])
4740    , -2251.94    , array([ 0.0277034  ,  1.01987    ,  0.014513   ,  0.237997   ])
4744    , -1202.16    , array([ 0.0277034  ,  1.01987    ,  0.014513   ,  0.0125988  ])
4748    , -99.2469    , array([ 0.0277034  ,  1.01987    ,  0.014513   ,  0.0474344  ])
4752    , -99.2064    , array([ 0.0277034  ,  1.01987    ,  0.014513   ,  0.0471155  ])
4756    , -99.2064    , array([ 0.0277034  ,  1.01987    ,  0.014513   ,  0.0471148  ])
4760    , -99.192     , array([ 0.026095   ,  1.02272    ,  0.013578   ,  0.0473101  ])
4764    , -99.1455    , array([ 0.02416    ,  1.01641    ,  0.0125282  ,  0.0476035  ])
4768    , -99.1307    , array([ 0.0161542  ,  0.988101   ,  0.00820171 ,  0.0488306  ])
4772    , -99.0761    , array([ 0.0191985  ,  0.998864   ,  0.00984689 ,  0.048364   ])
4776    , -99.0761    , array([ 0.0191305  ,  0.998624   ,  0.00981015 ,  0.0483744  ])
4780    , -99.1734    , array([ 0.0234296  ,  0.991002   ,  0.0123094  ,  0.0478524  ])
4784    , -99.0611    , array([ 0.0200966  ,  0.996911   ,  0.0103718  ,  0.0482571  ])
4788    , -99.0611    , array([ 0.020046   ,  0.997001   ,  0.0103424  ,  0.0482633  ])
4792    , -390.037    , array([ 0.020046   ,  0.378967   ,  0.0103424  ,  0.0482633  ])
4796    , -99.0522    , array([ 0.020046   ,  1.00896    ,  0.0103424  ,  0.0482633  ])
4800    , -99.0482    , array([ 0.020046   ,  1.00469    ,  0.0103424  ,  0.0482633  ])
4812    , -185.622    , array([ 0.020046   ,  1.00469    ,  0.0103424  ,  0.0351076  ])
4816    , -99.0481    , array([ 0.020046   ,  1.00469    ,  0.0103424  ,  0.0482504  ])
4820    , -99.1905    , array([ 0.0131801  ,  0.98042    ,  0.00663193 ,  0.0493029  ])
4824    , -99.0219    , array([ 0.0174234  ,  0.995423   ,  0.00892511 ,  0.0486525  ])
4828    , -99.0219    , array([ 0.0173659  ,  0.995219   ,  0.00889402 ,  0.0486613  ])
4832    , -104.674    , array([ 0.0104097  ,  1.00755    ,  0.00485008 ,  0.049506   ])
4836    , -99.4172    , array([ 0.0147089  ,  0.99993    ,  0.00734937 ,  0.048984   ])
4840    , -99.015     , array([ 0.0178914  ,  0.994288   ,  0.00919952 ,  0.0485975  ])
4844    , -175.953    , array([ 0.0178914  ,  1.99429    ,  0.00919952 ,  0.0485975  ])
4848    , -118.641    , array([ 0.0178914  ,  1.37625    ,  0.00919952 ,  0.0485975  ])
4852    , -99.0075    , array([ 0.0178914  ,  1.00005    ,  0.00919952 ,  0.0485975  ])
4856    , -3714.38    , array([ 0.0178914  ,  1.00005    ,  0.00919952 ,  1.0486     ])
4860    , -3305.37    , array([ 0.0178914  ,  1.00005    ,  0.00919952 ,  0.430564   ])
4864    , -874.433    , array([ 0.0178914  ,  1.00005    ,  0.00919952 ,  0.121537   ])
4868    , -101.677    , array([ 0.0178914  ,  1.00005    ,  0.00919952 ,  0.0512697  ])
4872    , -99.0072    , array([ 0.0178914  ,  1.00005    ,  0.00919952 ,  0.0485658  ])
4876    , -99.2946    , array([ 0.0290007  ,  1.03933    ,  0.0152031  ,  0.0468628  ])
4880    , -98.9938    , array([ 0.0160506  ,  0.993542   ,  0.00820471 ,  0.0488477  ])
4884    , -98.9937    , array([ 0.016186   ,  0.994021   ,  0.00827789 ,  0.0488269  ])
4888    , -98.9355    , array([ 0.0131581  ,  0.9911     ,  0.00669784 ,  0.0492511  ])
4896    , -98.9017    , array([ 0.0101878  ,  0.988192   ,  0.00514758 ,  0.0496674  ])
4900    , -98.9012    , array([ 0.010036   ,  0.988043   ,  0.00506833 ,  0.0496887  ])
4904    , -99.6818    , array([ 0.0143351  ,  0.980422   ,  0.00756763 ,  0.0491666  ])
4908    , -98.9118    , array([ 0.010857   ,  0.986588   ,  0.00554566 ,  0.049589   ])
4912    , -98.8868    , array([ 0.0103674  ,  0.987456   ,  0.00526102 ,  0.0496484  ])
4920    , -102.653    , array([ 0.0103708  ,  1.12833    ,  0.00526296 ,  0.049648   ])
4924    , -98.8863    , array([ 0.0103708  ,  0.988917   ,  0.00526296 ,  0.049648   ])
4928    , -3662.23    , array([ 0.0103708  ,  0.988917   ,  0.00526296 ,  1.04965    ])
4932    , -3253.59    , array([ 0.0103708  ,  0.988917   ,  0.00526296 ,  0.431614   ])
4936    , -859.62     , array([ 0.0103708  ,  0.988917   ,  0.00526296 ,  0.122587   ])
4940    , -101.409    , array([ 0.0103708  ,  0.988917   ,  0.00526296 ,  0.0522592  ])
4944    , -98.8855    , array([ 0.0103708  ,  0.988917   ,  0.00526296 ,  0.0496001  ])
4948    , -99.0927    , array([ 0.0203491  ,  0.998686   ,  0.0104709  ,  0.048201   ])
4952    , -98.9134    , array([ 0.0122764  ,  0.990783   ,  0.00625759 ,  0.0493325  ])
4964    , -98.8807    , array([ 0.0100034  ,  0.988558   ,  0.00507124 ,  0.0496511  ])
4968    , -100.958    , array([ 0.0212588  ,  0.968605   ,  0.0116145  ,  0.0482843  ])
4972    , -99.2384    , array([ 0.012153   ,  0.984747   ,  0.00632088 ,  0.0493901  ])
4976    , -98.8807    , array([ 0.0100034  ,  0.988558   ,  0.00507124 ,  0.0496511  ])
4980    , -98.8806    , array([ 0.0100233  ,  0.988522   ,  0.00508281 ,  0.0496487  ])
4984    , -98.8806    , array([ 0.0100278  ,  0.988514   ,  0.00508541 ,  0.0496481  ])
4988    , -403.836    , array([ 0.0100278  ,  0.37048    ,  0.00508541 ,  0.0496481  ])
4992    , -98.8851    , array([ 0.0100278  ,  0.994349   ,  0.00508541 ,  0.0496481  ])
4996    , -98.8802    , array([ 0.0100278  ,  0.989801   ,  0.00508541 ,  0.0496481  ])
5000    , -98.8802    , array([ 0.0100278  ,  0.989789   ,  0.00508541 ,  0.0496481  ])
5008    , -229.198    , array([ 0.0100278  ,  0.989789   ,  0.00508541 ,  0.0719323  ])
5012    , -98.8801    , array([ 0.0100278  ,  0.989789   ,  0.00508541 ,  0.0496166  ])
5016    , -98.88      , array([ 0.0100278  ,  0.989789   ,  0.00508541 ,  0.0496246  ])
5020    , -98.9375    , array([ 0.0138392  ,  0.99352    ,  0.00707467 ,  0.0490904  ])
5024    , -98.8902    , array([ 0.0107557  ,  0.990501   ,  0.00546533 ,  0.0495226  ])
5028    , -98.8815    , array([ 0.010134   ,  0.989893   ,  0.00514084 ,  0.0496097  ])
