8       , -684.792    , array([ 14.8354    ,  0.268966   ,  1.82109    ,  0.869275   ])
12      , -687.046    , array([ 14.8354    ,  0.268966   ,  1.82109    ,  0.870145   ])
16      , -434.399    , array([ 14.8354    ,  0.269235   ,  3.57073    ,  0.869275   ])
20      , -398.518    , array([ 14.8354    ,  0.268966   ,  4.46923    ,  0.869275   ])
24      , -398.914    , array([ 14.8354    ,  0.268966   ,  4.46923    ,  0.870145   ])
28      , -393.995    , array([ 14.8354    ,  0.269235   ,  4.81642    ,  0.869275   ])
32      , -393.54     , array([ 14.8354    ,  0.268966   ,  4.93804    ,  0.869275   ])
36      , -393.599    , array([ 14.8354    ,  0.268966   ,  4.93804    ,  0.870145   ])
40      , -393.456    , array([ 14.8354    ,  0.269235   ,  4.97926    ,  0.869275   ])
44      , -393.453    , array([ 14.8354    ,  0.268966   ,  4.99308    ,  0.869275   ])
48      , -393.473    , array([ 14.8354    ,  0.268966   ,  4.99308    ,  0.870145   ])
52      , -393.449    , array([ 14.8354    ,  0.269235   ,  4.99769    ,  0.869275   ])
56      , -393.449    , array([ 14.8354    ,  0.268966   ,  4.99951    ,  0.869275   ])
60      , -393.465    , array([ 14.8354    ,  0.268966   ,  4.99951    ,  0.870145   ])
64      , -393.448    , array([ 14.8354    ,  0.269235   ,  4.9999     ,  0.869275   ])
68      , -393.449    , array([ 14.8354    ,  0.268966   ,  4.99998    ,  0.869275   ])
72      , -393.464    , array([ 14.8354    ,  0.268966   ,  4.99998    ,  0.870145   ])
76      , -393.448    , array([ 14.8354    ,  0.269235   ,  5          ,  0.869275   ])
80      , -393.449    , array([ 14.8354    ,  0.268966   ,  5          ,  0.869275   ])
84      , -393.464    , array([ 14.8354    ,  0.268966   ,  5          ,  0.870145   ])
88      , -393.448    , array([ 14.8354    ,  0.269235   ,  5          ,  0.869275   ])
92      , -393.449    , array([ 14.8354    ,  0.268966   ,  5          ,  0.869275   ])
96      , -393.464    , array([ 14.8354    ,  0.268966   ,  5          ,  0.870145   ])
100     , -393.448    , array([ 14.8354    ,  0.269235   ,  5          ,  0.869275   ])
104     , -393.449    , array([ 14.8354    ,  0.268966   ,  5          ,  0.869275   ])
108     , -393.464    , array([ 14.8354    ,  0.268966   ,  5          ,  0.870145   ])
112     , -393.448    , array([ 14.8354    ,  0.269235   ,  5          ,  0.869275   ])
116     , -393.449    , array([ 14.8354    ,  0.268966   ,  5          ,  0.869275   ])
120     , -393.464    , array([ 14.8354    ,  0.268966   ,  5          ,  0.870145   ])
124     , -393.448    , array([ 14.8354    ,  0.269235   ,  5          ,  0.869275   ])
128     , -393.449    , array([ 14.8354    ,  0.268966   ,  5          ,  0.869275   ])
132     , -393.464    , array([ 14.8354    ,  0.268966   ,  5          ,  0.870145   ])
136     , -393.448    , array([ 14.8354    ,  0.269235   ,  5          ,  0.869275   ])
140     , -393.449    , array([ 14.8354    ,  0.268966   ,  5          ,  0.869275   ])
144     , -393.464    , array([ 14.8354    ,  0.268966   ,  5          ,  0.870145   ])
148     , -393.448    , array([ 14.8354    ,  0.269235   ,  5          ,  0.869275   ])
152     , -393.449    , array([ 14.8354    ,  0.268966   ,  5          ,  0.869275   ])
156     , -393.464    , array([ 14.8354    ,  0.268966   ,  5          ,  0.870145   ])
160     , -393.448    , array([ 14.8354    ,  0.269235   ,  5          ,  0.869275   ])
164     , -393.449    , array([ 14.8354    ,  0.268966   ,  5          ,  0.869275   ])
168     , -393.464    , array([ 14.8354    ,  0.268966   ,  5          ,  0.870145   ])
172     , -393.448    , array([ 14.8354    ,  0.269235   ,  5          ,  0.869275   ])
176     , -393.449    , array([ 14.8354    ,  0.268966   ,  5          ,  0.869275   ])
180     , -393.464    , array([ 14.8354    ,  0.268966   ,  5          ,  0.870145   ])
184     , -393.448    , array([ 14.8354    ,  0.269235   ,  5          ,  0.869275   ])
188     , -393.449    , array([ 14.8354    ,  0.268966   ,  5          ,  0.869275   ])
192     , -393.464    , array([ 14.8354    ,  0.268966   ,  5          ,  0.870145   ])
196     , -393.448    , array([ 14.8354    ,  0.269235   ,  5          ,  0.869275   ])
200     , -393.449    , array([ 14.8354    ,  0.268966   ,  5          ,  0.869275   ])
204     , -393.464    , array([ 14.8354    ,  0.268966   ,  5          ,  0.870145   ])
208     , -393.448    , array([ 14.8354    ,  0.269235   ,  5          ,  0.869275   ])
212     , -393.449    , array([ 14.8354    ,  0.268966   ,  5          ,  0.869275   ])
216     , -393.464    , array([ 14.8354    ,  0.268966   ,  5          ,  0.870145   ])
220     , -393.448    , array([ 14.8354    ,  0.269235   ,  5          ,  0.869275   ])
224     , -393.449    , array([ 14.8354    ,  0.268966   ,  5          ,  0.869275   ])
228     , -393.464    , array([ 14.8354    ,  0.268966   ,  5          ,  0.870145   ])
232     , -393.448    , array([ 14.8354    ,  0.269235   ,  5          ,  0.869275   ])
236     , -393.449    , array([ 14.8354    ,  0.268966   ,  5          ,  0.869275   ])
240     , -393.464    , array([ 14.8354    ,  0.268966   ,  5          ,  0.870145   ])
244     , -393.448    , array([ 14.8354    ,  0.269235   ,  5          ,  0.869275   ])
248     , -393.449    , array([ 14.8354    ,  0.268966   ,  5          ,  0.869275   ])
252     , -393.464    , array([ 14.8354    ,  0.268966   ,  5          ,  0.870145   ])
256     , -393.448    , array([ 14.8354    ,  0.269235   ,  5          ,  0.869275   ])
260     , -393.449    , array([ 14.8354    ,  0.268966   ,  5          ,  0.869275   ])
264     , -393.464    , array([ 14.8354    ,  0.268966   ,  5          ,  0.870145   ])
268     , -393.448    , array([ 14.8354    ,  0.269235   ,  5          ,  0.869275   ])
272     , -393.449    , array([ 14.8354    ,  0.268966   ,  5          ,  0.869275   ])
276     , -393.464    , array([ 14.8354    ,  0.268966   ,  5          ,  0.870145   ])
280     , -393.448    , array([ 14.8354    ,  0.269235   ,  5          ,  0.869275   ])
284     , -393.449    , array([ 14.8354    ,  0.268966   ,  5          ,  0.869275   ])
288     , -393.464    , array([ 14.8354    ,  0.268966   ,  5          ,  0.870145   ])
292     , -393.448    , array([ 14.8354    ,  0.269235   ,  5          ,  0.869275   ])
296     , -393.449    , array([ 14.8354    ,  0.268966   ,  5          ,  0.869275   ])
300     , -393.464    , array([ 14.8354    ,  0.268966   ,  5          ,  0.870145   ])
304     , -393.448    , array([ 14.8354    ,  0.269235   ,  5          ,  0.869275   ])
308     , -393.449    , array([ 14.8354    ,  0.268966   ,  5          ,  0.869275   ])
312     , -393.464    , array([ 14.8354    ,  0.268966   ,  5          ,  0.870145   ])
316     , -393.448    , array([ 14.8354    ,  0.269235   ,  5          ,  0.869275   ])
320     , -393.449    , array([ 14.8354    ,  0.268966   ,  5          ,  0.869275   ])
324     , -393.464    , array([ 14.8354    ,  0.268966   ,  5          ,  0.870145   ])
328     , -393.448    , array([ 14.8354    ,  0.269235   ,  5          ,  0.869275   ])
332     , -393.449    , array([ 14.8354    ,  0.268966   ,  5          ,  0.869275   ])
336     , -393.464    , array([ 14.8354    ,  0.268966   ,  5          ,  0.870145   ])
340     , -393.448    , array([ 14.8354    ,  0.269235   ,  5          ,  0.869275   ])
344     , -393.449    , array([ 14.8354    ,  0.268966   ,  5          ,  0.869275   ])
348     , -393.464    , array([ 14.8354    ,  0.268966   ,  5          ,  0.870145   ])
352     , -393.448    , array([ 14.8354    ,  0.269235   ,  5          ,  0.869275   ])
356     , -393.449    , array([ 14.8354    ,  0.268966   ,  5          ,  0.869275   ])
360     , -393.464    , array([ 14.8354    ,  0.268966   ,  5          ,  0.870145   ])
364     , -393.448    , array([ 14.8354    ,  0.269235   ,  5          ,  0.869275   ])
368     , -393.449    , array([ 14.8354    ,  0.268966   ,  5          ,  0.869275   ])
372     , -393.464    , array([ 14.8354    ,  0.268966   ,  5          ,  0.870145   ])
376     , -393.448    , array([ 14.8354    ,  0.269235   ,  5          ,  0.869275   ])
380     , -393.449    , array([ 14.8354    ,  0.268966   ,  5          ,  0.869275   ])
384     , -393.464    , array([ 14.8354    ,  0.268966   ,  5          ,  0.870145   ])
388     , -393.448    , array([ 14.8354    ,  0.269235   ,  5          ,  0.869275   ])
392     , -393.449    , array([ 14.8354    ,  0.268966   ,  5          ,  0.869275   ])
396     , -393.464    , array([ 14.8354    ,  0.268966   ,  5          ,  0.870145   ])
400     , -393.448    , array([ 14.8354    ,  0.269235   ,  5          ,  0.869275   ])
404     , -393.449    , array([ 14.8354    ,  0.268966   ,  5          ,  0.869275   ])
408     , -393.464    , array([ 14.8354    ,  0.268966   ,  5          ,  0.870145   ])
412     , -393.448    , array([ 14.8354    ,  0.269235   ,  5          ,  0.869275   ])
416     , -393.449    , array([ 14.8354    ,  0.268966   ,  5          ,  0.869275   ])
420     , -393.464    , array([ 14.8354    ,  0.268966   ,  5          ,  0.870145   ])
424     , -393.448    , array([ 14.8354    ,  0.269235   ,  5          ,  0.869275   ])
428     , -393.449    , array([ 14.8354    ,  0.268966   ,  5          ,  0.869275   ])
432     , -393.464    , array([ 14.8354    ,  0.268966   ,  5          ,  0.870145   ])
436     , -393.448    , array([ 14.8354    ,  0.269235   ,  5          ,  0.869275   ])
440     , -393.449    , array([ 14.8354    ,  0.268966   ,  5          ,  0.869275   ])
444     , -393.464    , array([ 14.8354    ,  0.268966   ,  5          ,  0.870145   ])
448     , -393.448    , array([ 14.8354    ,  0.269235   ,  5          ,  0.869275   ])
452     , -393.449    , array([ 14.8354    ,  0.268966   ,  5          ,  0.869275   ])
456     , -393.464    , array([ 14.8354    ,  0.268966   ,  5          ,  0.870145   ])
460     , -393.448    , array([ 14.8354    ,  0.269235   ,  5          ,  0.869275   ])
464     , -393.449    , array([ 14.8354    ,  0.268966   ,  5          ,  0.869275   ])
468     , -393.464    , array([ 14.8354    ,  0.268966   ,  5          ,  0.870145   ])
472     , -393.448    , array([ 14.8354    ,  0.269235   ,  5          ,  0.869275   ])
476     , -393.449    , array([ 14.8354    ,  0.268966   ,  5          ,  0.869275   ])
480     , -393.464    , array([ 14.8354    ,  0.268966   ,  5          ,  0.870145   ])
484     , -393.448    , array([ 14.8354    ,  0.269235   ,  5          ,  0.869275   ])
488     , -393.449    , array([ 14.8354    ,  0.268966   ,  5          ,  0.869275   ])
492     , -393.464    , array([ 14.8354    ,  0.268966   ,  5          ,  0.870145   ])
496     , -393.448    , array([ 14.8354    ,  0.269235   ,  5          ,  0.869275   ])
500     , -393.449    , array([ 14.8354    ,  0.268966   ,  5          ,  0.869275   ])
504     , -393.464    , array([ 14.8354    ,  0.268966   ,  5          ,  0.870145   ])
508     , -393.448    , array([ 14.8354    ,  0.269235   ,  5          ,  0.869275   ])
512     , -393.449    , array([ 14.8354    ,  0.268966   ,  5          ,  0.869275   ])
516     , -393.464    , array([ 14.8354    ,  0.268966   ,  5          ,  0.870145   ])
520     , -393.448    , array([ 14.8354    ,  0.269235   ,  5          ,  0.869275   ])
524     , -393.449    , array([ 14.8354    ,  0.268966   ,  5          ,  0.869275   ])
528     , -393.464    , array([ 14.8354    ,  0.268966   ,  5          ,  0.870145   ])
532     , -393.448    , array([ 14.8354    ,  0.269235   ,  5          ,  0.869275   ])
536     , -393.449    , array([ 14.8354    ,  0.268966   ,  5          ,  0.869275   ])
540     , -393.464    , array([ 14.8354    ,  0.268966   ,  5          ,  0.870145   ])
544     , -393.448    , array([ 14.8354    ,  0.269235   ,  5          ,  0.869275   ])
548     , -482.018    , array([ 14.8354    ,  0.268966   ,  3.01753    ,  0.869275   ])
552     , -393.612    , array([ 14.8354    ,  0.268966   ,  4.91302    ,  0.869275   ])
556     , -393.45     , array([ 14.8354    ,  0.268966   ,  4.99688    ,  0.869275   ])
