315     , -1316.72    , array([ 0.93239    ,  0.100534   ,  0.0503295  ,  5.00161    ,  2.50075    ])
320     , -1310.97    , array([ 0.999947   ,  0.100534   ,  0.0503295  ,  5.00161    ,  2.50075    ])
330     , -5082.38    , array([ 0.999919   ,  0.173411   ,  0.0503295  ,  5.00161    ,  2.50075    ])
335     , -1310.97    , array([ 0.999919   ,  0.100536   ,  0.0503295  ,  5.00161    ,  2.50075    ])
340     , -1310.97    , array([ 0.999919   ,  0.100532   ,  0.0503295  ,  5.00161    ,  2.50075    ])
355     , -1987.64    , array([ 0.999919   ,  0.100532   ,  0.0371739  ,  5.00161    ,  2.50075    ])
360     , -1310.97    , array([ 0.999919   ,  0.100532   ,  0.0503178  ,  5.00161    ,  2.50075    ])
365     , -1310.97    , array([ 0.999919   ,  0.100532   ,  0.0503166  ,  5.00161    ,  2.50075    ])
370     , -1403.42    , array([ 0.999919   ,  0.100532   ,  0.0503177  ,  3.38358    ,  2.50075    ])
375     , -1310.97    , array([ 0.999919   ,  0.100532   ,  0.0503177  ,  5.00757    ,  2.50075    ])
380     , -1535.2     , array([ 0.999919   ,  0.100532   ,  0.0503177  ,  5.00751    ,  0.882717   ])
385     , -1310.97    , array([ 0.999919   ,  0.100532   ,  0.0503177  ,  5.00751    ,  2.49831    ])
