280     , -393.021    , array([ 12.9882    ,  0.112744   ,  5          ,  0.463068   ])
284     , -393.114    , array([ 12.3701    ,  0.112744   ,  5          ,  0.463068   ])
288     , -393.021    , array([ 13.0104    ,  0.112744   ,  5          ,  0.463068   ])
296     , -2183.8     , array([ 13.0104    ,  0.303717   ,  5          ,  0.463068   ])
300     , -1249.45    , array([ 13.0104    ,  0.0783026  ,  5          ,  0.463068   ])
304     , -393.021    , array([ 13.0104    ,  0.112746   ,  5          ,  0.463068   ])
308     , -393.021    , array([ 13.0104    ,  0.112742   ,  5          ,  0.463068   ])
312     , -398.869    , array([ 13.0104    ,  0.112742   ,  4.38197    ,  0.463068   ])
320     , -393.021    , array([ 13.0104    ,  0.112742   ,  4.99969    ,  0.463068   ])
324     , -393.021    , array([ 13.0104    ,  0.112742   ,  4.99996    ,  0.463068   ])
328     , -393.021    , array([ 13.0104    ,  0.112742   ,  4.99999    ,  0.463068   ])
332     , -393.021    , array([ 13.0104    ,  0.112742   ,  5          ,  0.463068   ])
336     , -393.021    , array([ 13.0104    ,  0.112742   ,  5          ,  0.463068   ])
340     , -393.021    , array([ 13.0104    ,  0.112742   ,  5          ,  0.463068   ])
344     , -393.021    , array([ 13.0104    ,  0.112742   ,  5          ,  0.463068   ])
348     , -393.021    , array([ 13.0104    ,  0.112742   ,  5          ,  0.463068   ])
352     , -393.021    , array([ 13.0104    ,  0.112742   ,  5          ,  0.463068   ])
356     , -2335.94    , array([ 13.0104    ,  0.112742   ,  5          ,  1.46307    ])
360     , -2132.87    , array([ 13.0104    ,  0.112742   ,  5          ,  0.845034   ])
364     , -446.958    , array([ 13.0104    ,  0.112742   ,  5          ,  0.494252   ])
368     , -393.021    , array([ 13.0104    ,  0.112742   ,  5          ,  0.463064   ])
