684     , -165.072    , array([ 0.0597927  ,  81.1639    ,  0.155078   ,  0.0032125  ])
688     , -165.077    , array([ 0.0597927  ,  81.1639    ,  0.155078   ,  0.00321571 ])
692     , -1582.91    , array([ 0.102846   ,  81.1902    ,  0.0669695  ,  0.0027701  ])
696     , -165.112    , array([ 0.0599048  ,  81.164     ,  0.154628   ,  0.00321085 ])
700     , -165.075    , array([ 0.0599048  ,  81.164     ,  0.154783   ,  0.00321085 ])
704     , -165.053    , array([ 0.0598913  ,  81.164     ,  0.154923   ,  0.00321193 ])
708     , -165.14     , array([ 0.0591818  ,  81.1702    ,  0.153625   ,  0.00321212 ])
712     , -165.145    , array([ 0.0591818  ,  81.1702    ,  0.153779   ,  0.00321212 ])
716     , -165.057    , array([ 0.059853   ,  81.1643    ,  0.154847   ,  0.00321194 ])
720     , -165.054    , array([ 0.059829   ,  81.164     ,  0.154918   ,  0.00321193 ])
724     , -165.059    , array([ 0.059829   ,  81.164     ,  0.155073   ,  0.00321193 ])
728     , -165.053    , array([ 0.0598911  ,  81.164     ,  0.154922   ,  0.00321193 ])
732     , -165.053    , array([ 0.0598314  ,  81.164     ,  0.154923   ,  0.00321193 ])
736     , -165.059    , array([ 0.0598314  ,  81.164     ,  0.155078   ,  0.00321193 ])
740     , -165.053    , array([ 0.0598913  ,  81.164     ,  0.154923   ,  0.00321193 ])
744     , -165.053    , array([ 0.0598314  ,  81.164     ,  0.154923   ,  0.00321193 ])
748     , -165.059    , array([ 0.0598314  ,  81.164     ,  0.155078   ,  0.00321193 ])
752     , -165.053    , array([ 0.0598913  ,  81.164     ,  0.154923   ,  0.00321193 ])
756     , -165.053    , array([ 0.0598314  ,  81.164     ,  0.154923   ,  0.00321193 ])
760     , -165.059    , array([ 0.0598314  ,  81.164     ,  0.155078   ,  0.00321193 ])
764     , -165.053    , array([ 0.0598913  ,  81.164     ,  0.154923   ,  0.00321193 ])
768     , -165.053    , array([ 0.0598314  ,  81.164     ,  0.154923   ,  0.00321193 ])
772     , -165.059    , array([ 0.0598314  ,  81.164     ,  0.155078   ,  0.00321193 ])
776     , -165.053    , array([ 0.0598913  ,  81.164     ,  0.154923   ,  0.00321193 ])
780     , -165.053    , array([ 0.0598314  ,  81.164     ,  0.154923   ,  0.00321193 ])
784     , -165.059    , array([ 0.0598314  ,  81.164     ,  0.155078   ,  0.00321193 ])
788     , -165.053    , array([ 0.0598913  ,  81.164     ,  0.154923   ,  0.00321193 ])
792     , -165.053    , array([ 0.0598314  ,  81.164     ,  0.154923   ,  0.00321193 ])
796     , -165.059    , array([ 0.0598314  ,  81.164     ,  0.155078   ,  0.00321193 ])
800     , -165.053    , array([ 0.0598913  ,  81.164     ,  0.154923   ,  0.00321193 ])
804     , -165.053    , array([ 0.0598314  ,  81.164     ,  0.154923   ,  0.00321193 ])
808     , -165.059    , array([ 0.0598314  ,  81.164     ,  0.155078   ,  0.00321193 ])
812     , -165.053    , array([ 0.0598913  ,  81.164     ,  0.154923   ,  0.00321193 ])
816     , -165.053    , array([ 0.0598314  ,  81.164     ,  0.154923   ,  0.00321193 ])
820     , -165.059    , array([ 0.0598314  ,  81.164     ,  0.155078   ,  0.00321193 ])
824     , -165.053    , array([ 0.0598913  ,  81.164     ,  0.154923   ,  0.00321193 ])
828     , -165.053    , array([ 0.0598314  ,  81.164     ,  0.154923   ,  0.00321193 ])
832     , -165.059    , array([ 0.0598314  ,  81.164     ,  0.155078   ,  0.00321193 ])
836     , -165.053    , array([ 0.0598913  ,  81.164     ,  0.154923   ,  0.00321193 ])
840     , -165.053    , array([ 0.0598314  ,  81.164     ,  0.154923   ,  0.00321193 ])
844     , -165.059    , array([ 0.0598314  ,  81.164     ,  0.155078   ,  0.00321193 ])
848     , -165.053    , array([ 0.0598913  ,  81.164     ,  0.154923   ,  0.00321193 ])
852     , -165.053    , array([ 0.0598314  ,  81.164     ,  0.154923   ,  0.00321193 ])
856     , -165.059    , array([ 0.0598314  ,  81.164     ,  0.155078   ,  0.00321193 ])
860     , -165.053    , array([ 0.0598913  ,  81.164     ,  0.154923   ,  0.00321193 ])
864     , -165.053    , array([ 0.0598314  ,  81.164     ,  0.154923   ,  0.00321193 ])
868     , -165.059    , array([ 0.0598314  ,  81.164     ,  0.155078   ,  0.00321193 ])
872     , -165.053    , array([ 0.0598913  ,  81.164     ,  0.154923   ,  0.00321193 ])
876     , -165.053    , array([ 0.0598314  ,  81.164     ,  0.154923   ,  0.00321193 ])
880     , -165.059    , array([ 0.0598314  ,  81.164     ,  0.155078   ,  0.00321193 ])
884     , -165.053    , array([ 0.0598913  ,  81.164     ,  0.154923   ,  0.00321193 ])
888     , -165.053    , array([ 0.0598314  ,  81.164     ,  0.154923   ,  0.00321193 ])
892     , -165.059    , array([ 0.0598314  ,  81.164     ,  0.155078   ,  0.00321193 ])
896     , -165.053    , array([ 0.0598913  ,  81.164     ,  0.154923   ,  0.00321193 ])
900     , -165.053    , array([ 0.0598314  ,  81.164     ,  0.154923   ,  0.00321193 ])
904     , -165.059    , array([ 0.0598314  ,  81.164     ,  0.155078   ,  0.00321193 ])
908     , -165.053    , array([ 0.0598913  ,  81.164     ,  0.154923   ,  0.00321193 ])
912     , -165.053    , array([ 0.0598314  ,  81.164     ,  0.154923   ,  0.00321193 ])
916     , -165.059    , array([ 0.0598314  ,  81.164     ,  0.155078   ,  0.00321193 ])
920     , -165.053    , array([ 0.0598913  ,  81.164     ,  0.154923   ,  0.00321193 ])
924     , -165.053    , array([ 0.0598314  ,  81.164     ,  0.154923   ,  0.00321193 ])
928     , -165.059    , array([ 0.0598314  ,  81.164     ,  0.155078   ,  0.00321193 ])
932     , -165.053    , array([ 0.0598913  ,  81.164     ,  0.154923   ,  0.00321193 ])
936     , -165.053    , array([ 0.0598314  ,  81.164     ,  0.154923   ,  0.00321193 ])
940     , -165.059    , array([ 0.0598314  ,  81.164     ,  0.155078   ,  0.00321193 ])
944     , -165.053    , array([ 0.0598913  ,  81.164     ,  0.154923   ,  0.00321193 ])
948     , -165.053    , array([ 0.0598314  ,  81.164     ,  0.154923   ,  0.00321193 ])
952     , -165.059    , array([ 0.0598314  ,  81.164     ,  0.155078   ,  0.00321193 ])
956     , -165.053    , array([ 0.0598913  ,  81.164     ,  0.154923   ,  0.00321193 ])
960     , -165.053    , array([ 0.0598314  ,  81.164     ,  0.154923   ,  0.00321193 ])
964     , -165.059    , array([ 0.0598314  ,  81.164     ,  0.155078   ,  0.00321193 ])
968     , -165.053    , array([ 0.0598913  ,  81.164     ,  0.154923   ,  0.00321193 ])
972     , -165.053    , array([ 0.0598314  ,  81.164     ,  0.154923   ,  0.00321193 ])
976     , -165.059    , array([ 0.0598314  ,  81.164     ,  0.155078   ,  0.00321193 ])
980     , -165.053    , array([ 0.0598913  ,  81.164     ,  0.154923   ,  0.00321193 ])
984     , -165.053    , array([ 0.0598314  ,  81.164     ,  0.154923   ,  0.00321193 ])
988     , -165.059    , array([ 0.0598314  ,  81.164     ,  0.155078   ,  0.00321193 ])
992     , -165.053    , array([ 0.0598913  ,  81.164     ,  0.154923   ,  0.00321193 ])
996     , -165.053    , array([ 0.0598314  ,  81.164     ,  0.154923   ,  0.00321193 ])
1000    , -165.059    , array([ 0.0598314  ,  81.164     ,  0.155078   ,  0.00321193 ])
1004    , -165.053    , array([ 0.0598913  ,  81.164     ,  0.154923   ,  0.00321193 ])
1008    , -165.053    , array([ 0.0598314  ,  81.164     ,  0.154923   ,  0.00321193 ])
1012    , -165.059    , array([ 0.0598314  ,  81.164     ,  0.155078   ,  0.00321193 ])
1016    , -165.053    , array([ 0.0598913  ,  81.164     ,  0.154923   ,  0.00321193 ])
1020    , -165.053    , array([ 0.0598314  ,  81.164     ,  0.154923   ,  0.00321193 ])
1024    , -165.059    , array([ 0.0598314  ,  81.164     ,  0.155078   ,  0.00321193 ])
1028    , -165.053    , array([ 0.0598913  ,  81.164     ,  0.154923   ,  0.00321193 ])
1032    , -165.053    , array([ 0.0598314  ,  81.164     ,  0.154923   ,  0.00321193 ])
1036    , -165.059    , array([ 0.0598314  ,  81.164     ,  0.155078   ,  0.00321193 ])
1040    , -165.053    , array([ 0.0598913  ,  81.164     ,  0.154923   ,  0.00321193 ])
1044    , -165.053    , array([ 0.0598314  ,  81.164     ,  0.154923   ,  0.00321193 ])
1048    , -165.059    , array([ 0.0598314  ,  81.164     ,  0.155078   ,  0.00321193 ])
1052    , -165.053    , array([ 0.0598913  ,  81.164     ,  0.154923   ,  0.00321193 ])
1056    , -165.053    , array([ 0.0598314  ,  81.164     ,  0.154923   ,  0.00321193 ])
1060    , -165.059    , array([ 0.0598314  ,  81.164     ,  0.155078   ,  0.00321193 ])
1064    , -165.053    , array([ 0.0598913  ,  81.164     ,  0.154923   ,  0.00321193 ])
1068    , -165.053    , array([ 0.0598314  ,  81.164     ,  0.154923   ,  0.00321193 ])
1072    , -165.059    , array([ 0.0598314  ,  81.164     ,  0.155078   ,  0.00321193 ])
1076    , -165.053    , array([ 0.0598913  ,  81.164     ,  0.154923   ,  0.00321193 ])
1080    , -165.053    , array([ 0.0598314  ,  81.164     ,  0.154923   ,  0.00321193 ])
1084    , -165.059    , array([ 0.0598314  ,  81.164     ,  0.155078   ,  0.00321193 ])
1088    , -165.053    , array([ 0.0598913  ,  81.164     ,  0.154923   ,  0.00321193 ])
1092    , -165.053    , array([ 0.0598314  ,  81.164     ,  0.154923   ,  0.00321193 ])
1096    , -165.059    , array([ 0.0598314  ,  81.164     ,  0.155078   ,  0.00321193 ])
1100    , -165.053    , array([ 0.0598913  ,  81.164     ,  0.154923   ,  0.00321193 ])
1104    , -165.053    , array([ 0.0598314  ,  81.164     ,  0.154923   ,  0.00321193 ])
1108    , -165.059    , array([ 0.0598314  ,  81.164     ,  0.155078   ,  0.00321193 ])
1112    , -165.053    , array([ 0.0598913  ,  81.164     ,  0.154923   ,  0.00321193 ])
1116    , -165.053    , array([ 0.0598314  ,  81.164     ,  0.154923   ,  0.00321193 ])
1120    , -165.059    , array([ 0.0598314  ,  81.164     ,  0.155078   ,  0.00321193 ])
1124    , -165.053    , array([ 0.0598913  ,  81.164     ,  0.154923   ,  0.00321193 ])
1128    , -165.053    , array([ 0.0598314  ,  81.164     ,  0.154923   ,  0.00321193 ])
1132    , -165.059    , array([ 0.0598314  ,  81.164     ,  0.155078   ,  0.00321193 ])
1136    , -165.053    , array([ 0.0598913  ,  81.164     ,  0.154923   ,  0.00321193 ])
1140    , -165.14     , array([ 0.0591818  ,  81.1702    ,  0.153625   ,  0.00321212 ])
1144    , -165.054    , array([ 0.0598309  ,  81.164     ,  0.154922   ,  0.00321193 ])
1148    , -165.053    , array([ 0.0598314  ,  81.164     ,  0.154923   ,  0.00321193 ])
