705     , -1316.09    , array([ 0.937893   ,  0.0999363  ,  4.97057    ,  2.50541    ,  0.0499237  ])
710     , -1310.95    , array([ 1.0025     ,  0.0999363  ,  4.97057    ,  2.50541    ,  0.0499237  ])
720     , -5111.64    , array([ 1.0025     ,  0.172813   ,  4.97057    ,  2.50541    ,  0.0499237  ])
725     , -1310.95    , array([ 1.0025     ,  0.0999269  ,  4.97057    ,  2.50541    ,  0.0499237  ])
730     , -1340.46    , array([ 1.0025     ,  0.0999233  ,  5.97057    ,  2.50541    ,  0.0499237  ])
735     , -1310.94    , array([ 1.0025     ,  0.0999233  ,  4.9912     ,  2.50541    ,  0.0499237  ])
740     , -1377.18    , array([ 1.0025     ,  0.0999233  ,  4.98548    ,  3.50541    ,  0.0499237  ])
745     , -1310.95    , array([ 1.0025     ,  0.0999233  ,  4.98548    ,  2.51208    ,  0.0499237  ])
750     , -1310.94    , array([ 1.0025     ,  0.0999233  ,  4.98548    ,  2.50097    ,  0.0499237  ])
755     , -11629.7    , array([ 1.0025     ,  0.0999233  ,  4.98548    ,  2.50097    ,  0.43189    ])
760     , -12613      , array([ 1.0025     ,  0.0999233  ,  4.98548    ,  2.50097    ,  0.0154819  ])
765     , -1310.94    , array([ 1.0025     ,  0.0999233  ,  4.98548    ,  2.50097    ,  0.0498751  ])
