155     , -1311.05    , array([ 0.998815   ,  0.0995477  ,  0.0501069  ,  5.00695    ,  2.5838     ])
160     , -1404       , array([ 1.38078    ,  0.0995477  ,  0.0501069  ,  5.00695    ,  2.5838     ])
165     , -1311.05    , array([ 0.998785   ,  0.0995477  ,  0.0501069  ,  5.00695    ,  2.5838     ])
170     , -1311.05    , array([ 0.997414   ,  0.0995477  ,  0.0501069  ,  5.00695    ,  2.5838     ])
175     , -1311.05    , array([ 0.998774   ,  0.0995477  ,  0.0501069  ,  5.00695    ,  2.5838     ])
180     , -1311.05    , array([ 0.998782   ,  0.0995477  ,  0.0501069  ,  5.00695    ,  2.5838     ])
185     , -1311.05    , array([ 0.998781   ,  0.0995477  ,  0.0501069  ,  5.00695    ,  2.5838     ])
195     , -1311.1     , array([ 0.998781   ,  0.0994542  ,  0.0501069  ,  5.00695    ,  2.5838     ])
200     , -1311.02    , array([ 0.998781   ,  0.0996788  ,  0.0501069  ,  5.00695    ,  2.5838     ])
205     , -11234.9    , array([ 0.998781   ,  0.0996788  ,  0.432073   ,  5.00695    ,  2.5838     ])
210     , -12366.8    , array([ 0.998781   ,  0.0996788  ,  0.0156651  ,  5.00695    ,  2.5838     ])
215     , -1311.03    , array([ 0.998781   ,  0.0996788  ,  0.0500498  ,  5.00695    ,  2.5838     ])
220     , -1311.02    , array([ 0.998781   ,  0.0996788  ,  0.0501045  ,  5.00695    ,  2.5838     ])
225     , -1311.02    , array([ 0.998781   ,  0.0996788  ,  0.0501044  ,  5.00695    ,  2.5838     ])
230     , -1311.02    , array([ 0.998781   ,  0.0996788  ,  0.0501044  ,  5.00313    ,  2.5838     ])
235     , -1311.02    , array([ 0.998781   ,  0.0996788  ,  0.0501044  ,  5.0032     ,  2.5838     ])
240     , -1338.84    , array([ 0.998781   ,  0.0996788  ,  0.0501044  ,  5.00317    ,  1.96577    ])
245     , -1311.01    , array([ 0.998781   ,  0.0996788  ,  0.0501044  ,  5.00317    ,  2.57237    ])
