384     , -1347.65    , array([ 0.196689   ,  1.01403    ,  0.0645207  ,  0.250191   ,  6.95029    ,  3.37255    ])
390     , -1656.01    , array([ 0.387659   ,  1.01403    ,  0.0645207  ,  0.250191   ,  6.95029    ,  3.37255    ])
396     , -1347.65    , array([ 0.19657    ,  1.01403    ,  0.0645207  ,  0.250191   ,  6.95029    ,  3.37255    ])
402     , -1347.65    , array([ 0.196569   ,  1.01403    ,  0.0645207  ,  0.250191   ,  6.95029    ,  3.37255    ])
408     , -1347.64    , array([ 0.196569   ,  1.01207    ,  0.0645207  ,  0.250191   ,  6.95029    ,  3.37255    ])
426     , -1347.64    , array([ 0.196569   ,  1.01191    ,  0.0645362  ,  0.250191   ,  6.95029    ,  3.37255    ])
432     , -1347.64    , array([ 0.196569   ,  1.01191    ,  0.0645207  ,  0.250191   ,  6.95029    ,  3.37255    ])
438     , -1347.64    , array([ 0.196569   ,  1.01191    ,  0.0645207  ,  0.250191   ,  6.95029    ,  3.37255    ])
444     , -1347.64    , array([ 0.196569   ,  1.01191    ,  0.0645207  ,  0.250191   ,  6.95029    ,  3.37255    ])
456     , -2160.81    , array([ 0.196569   ,  1.01191    ,  0.0645207  ,  0.160021   ,  6.95029    ,  3.37255    ])
462     , -1347.63    , array([ 0.196569   ,  1.01191    ,  0.0645207  ,  0.250459   ,  6.95029    ,  3.37255    ])
468     , -1347.63    , array([ 0.196569   ,  1.01191    ,  0.0645207  ,  0.250459   ,  6.95029    ,  3.37255    ])
474     , -1347.62    , array([ 0.196569   ,  1.01191    ,  0.0645207  ,  0.250459   ,  6.93842    ,  3.37255    ])
480     , -1347.62    , array([ 0.196569   ,  1.01191    ,  0.0645207  ,  0.250459   ,  6.93842    ,  3.37255    ])
486     , -1347.6     , array([ 0.196569   ,  1.01191    ,  0.0645207  ,  0.250459   ,  6.93842    ,  3.38558    ])
