4       , -89.3811    , array([ 0.0702821  ,  1.10352    ,  0.0398923  ,  0.0412898  ])
8       , -379.836    , array([ 0.0494951  ,  1.02464    ,  0.0163906  ,  0.029989   ])
12      , -379.319    , array([ 0.0494951  ,  1.02464    ,  0.0163906  ,  0.030019   ])
16      , -89.3767    , array([ 0.0701925  ,  1.10433    ,  0.0397238  ,  0.0412418  ])
20      , -89.3773    , array([ 0.0701678  ,  1.10326    ,  0.0397107  ,  0.0412411  ])
24      , -89.3746    , array([ 0.0701678  ,  1.10326    ,  0.0397107  ,  0.0412824  ])
28      , -89.3735    , array([ 0.070069   ,  1.10447    ,  0.039658   ,  0.0412382  ])
32      , -89.3673    , array([ 0.0696754  ,  1.10383    ,  0.0394482  ,  0.0412267  ])
36      , -89.363     , array([ 0.0696754  ,  1.10383    ,  0.0394482  ,  0.0412679  ])
40      , -89.3538    , array([ 0.0693038  ,  1.1057     ,  0.0391909  ,  0.0412738  ])
44      , -89.3101    , array([ 0.0678371  ,  1.10765    ,  0.0381786  ,  0.0414628  ])
48      , -89.3069    , array([ 0.0678371  ,  1.10765    ,  0.0381786  ,  0.0415042  ])
52      , -89.2452    , array([ 0.065802   ,  1.0994     ,  0.0368702  ,  0.0418489  ])
56      , -89.0712    , array([ 0.0582539  ,  1.0617     ,  0.0320698  ,  0.0434296  ])
60      , -89.0741    , array([ 0.0582539  ,  1.0617     ,  0.0320698  ,  0.0434731  ])
64      , -88.9759    , array([ 0.0491639  ,  1.04394    ,  0.0264007  ,  0.0451406  ])
68      , -88.9317    , array([ 0.0454108  ,  1.0375     ,  0.024179   ,  0.04573    ])
72      , -88.9458    , array([ 0.0454108  ,  1.0375     ,  0.024179   ,  0.0457757  ])
76      , -88.9003    , array([ 0.043957   ,  1.0372     ,  0.0233413  ,  0.04591    ])
80      , -88.8194    , array([ 0.0385924  ,  1.03081    ,  0.0202709  ,  0.046637   ])
84      , -88.8336    , array([ 0.0385924  ,  1.03081    ,  0.0202709  ,  0.0466837  ])
88      , -88.7661    , array([ 0.0351602  ,  1.02791    ,  0.0183505  ,  0.047068   ])
92      , -88.7383    , array([ 0.0335051  ,  1.02505    ,  0.0174347  ,  0.0472673  ])
96      , -88.7508    , array([ 0.0335051  ,  1.02505    ,  0.0174347  ,  0.0473146  ])
100     , -88.693     , array([ 0.0276282  ,  1.01874    ,  0.0142064  ,  0.0480731  ])
104     , -88.6711    , array([ 0.0256986  ,  1.01577    ,  0.013168   ,  0.0483097  ])
108     , -88.6831    , array([ 0.0256986  ,  1.01577    ,  0.013168   ,  0.0483581  ])
112     , -88.6757    , array([ 0.0192372  ,  1.00903    ,  0.0097199  ,  0.0492679  ])
116     , -88.6681    , array([ 0.018892   ,  1.00781    ,  0.00954043 ,  0.0493025  ])
120     , -88.6824    , array([ 0.018892   ,  1.00781    ,  0.00954043 ,  0.0493518  ])
124     , -88.6547    , array([ 0.0175719  ,  1.008      ,  0.00885506 ,  0.0494411  ])
128     , -88.6402    , array([ 0.0131517  ,  1.0037     ,  0.00657184 ,  0.0499993  ])
132     , -88.6538    , array([ 0.0131517  ,  1.0037     ,  0.00657184 ,  0.0500493  ])
136     , -88.6425    , array([ 0.0126603  ,  1.00389    ,  0.00632057 ,  0.0500676  ])
140     , -88.6465    , array([ 0.0108717  ,  0.99963    ,  0.00540796 ,  0.0503415  ])
144     , -88.6605    , array([ 0.0108717  ,  0.99963    ,  0.00540796 ,  0.0503919  ])
148     , -88.6427    , array([ 0.0122646  ,  1.00321    ,  0.00611838 ,  0.0501246  ])
152     , -88.6396    , array([ 0.0125757  ,  1.00274    ,  0.00627731 ,  0.0500796  ])
156     , -88.6531    , array([ 0.0125757  ,  1.00274    ,  0.00627731 ,  0.0501297  ])
160     , -88.6426    , array([ 0.0123695  ,  1.00339    ,  0.00617196 ,  0.0501093  ])
164     , -88.6396    , array([ 0.0125319  ,  1.00267    ,  0.00625494 ,  0.0500859  ])
168     , -88.6531    , array([ 0.0125319  ,  1.00267    ,  0.00625494 ,  0.050136   ])
172     , -88.6425    , array([ 0.0125664  ,  1.00373    ,  0.00627258 ,  0.0500809  ])
176     , -88.6396    , array([ 0.0125737  ,  1.00274    ,  0.00627631 ,  0.0500799  ])
180     , -88.6531    , array([ 0.0125737  ,  1.00274    ,  0.00627631 ,  0.05013    ])
184     , -88.6425    , array([ 0.0125752  ,  1.00375    ,  0.0062771  ,  0.0500797  ])
188     , -88.6396    , array([ 0.0125756  ,  1.00274    ,  0.00627726 ,  0.0500796  ])
192     , -88.6531    , array([ 0.0125756  ,  1.00274    ,  0.00627726 ,  0.0501297  ])
196     , -88.6425    , array([ 0.0125756  ,  1.00375    ,  0.0062773  ,  0.0500796  ])
200     , -88.6396    , array([ 0.0125757  ,  1.00274    ,  0.0062773  ,  0.0500796  ])
204     , -88.6531    , array([ 0.0125757  ,  1.00274    ,  0.0062773  ,  0.0501297  ])
208     , -88.6425    , array([ 0.0125757  ,  1.00375    ,  0.00627731 ,  0.0500796  ])
212     , -88.6396    , array([ 0.0125757  ,  1.00274    ,  0.00627731 ,  0.0500796  ])
216     , -88.6531    , array([ 0.0125757  ,  1.00274    ,  0.00627731 ,  0.0501297  ])
220     , -88.6425    , array([ 0.0125757  ,  1.00375    ,  0.00627731 ,  0.0500796  ])
224     , -88.6396    , array([ 0.0125757  ,  1.00274    ,  0.00627731 ,  0.0500796  ])
228     , -88.6531    , array([ 0.0125757  ,  1.00274    ,  0.00627731 ,  0.0501297  ])
232     , -88.6425    , array([ 0.0125757  ,  1.00375    ,  0.00627731 ,  0.0500796  ])
236     , -88.6396    , array([ 0.0125757  ,  1.00274    ,  0.00627731 ,  0.0500796  ])
240     , -88.6531    , array([ 0.0125757  ,  1.00274    ,  0.00627731 ,  0.0501297  ])
244     , -88.6425    , array([ 0.0125757  ,  1.00375    ,  0.00627731 ,  0.0500796  ])
248     , -88.6396    , array([ 0.0125757  ,  1.00274    ,  0.00627731 ,  0.0500796  ])
252     , -88.6531    , array([ 0.0125757  ,  1.00274    ,  0.00627731 ,  0.0501297  ])
256     , -88.6425    , array([ 0.0125757  ,  1.00375    ,  0.00627731 ,  0.0500796  ])
260     , -88.6396    , array([ 0.0125757  ,  1.00274    ,  0.00627731 ,  0.0500796  ])
264     , -88.6531    , array([ 0.0125757  ,  1.00274    ,  0.00627731 ,  0.0501297  ])
268     , -88.6425    , array([ 0.0125757  ,  1.00375    ,  0.00627731 ,  0.0500796  ])
272     , -88.6396    , array([ 0.0125757  ,  1.00274    ,  0.00627731 ,  0.0500796  ])
276     , -88.6531    , array([ 0.0125757  ,  1.00274    ,  0.00627731 ,  0.0501297  ])
280     , -88.6425    , array([ 0.0125757  ,  1.00375    ,  0.00627731 ,  0.0500796  ])
284     , -88.6396    , array([ 0.0125757  ,  1.00274    ,  0.00627731 ,  0.0500796  ])
288     , -88.6531    , array([ 0.0125757  ,  1.00274    ,  0.00627731 ,  0.0501297  ])
292     , -88.6425    , array([ 0.0125757  ,  1.00375    ,  0.00627731 ,  0.0500796  ])
296     , -88.6396    , array([ 0.0125757  ,  1.00274    ,  0.00627731 ,  0.0500796  ])
300     , -88.6531    , array([ 0.0125757  ,  1.00274    ,  0.00627731 ,  0.0501297  ])
304     , -88.6425    , array([ 0.0125757  ,  1.00375    ,  0.00627731 ,  0.0500796  ])
308     , -88.6396    , array([ 0.0125757  ,  1.00274    ,  0.00627731 ,  0.0500796  ])
312     , -88.6531    , array([ 0.0125757  ,  1.00274    ,  0.00627731 ,  0.0501297  ])
316     , -88.6425    , array([ 0.0125757  ,  1.00375    ,  0.00627731 ,  0.0500796  ])
320     , -88.6396    , array([ 0.0125757  ,  1.00274    ,  0.00627731 ,  0.0500796  ])
324     , -88.6531    , array([ 0.0125757  ,  1.00274    ,  0.00627731 ,  0.0501297  ])
328     , -88.6425    , array([ 0.0125757  ,  1.00375    ,  0.00627731 ,  0.0500796  ])
332     , -88.6396    , array([ 0.0126603  ,  1.00289    ,  0.00632057 ,  0.0500676  ])
336     , -88.6531    , array([ 0.0126603  ,  1.00289    ,  0.00632057 ,  0.0501177  ])
340     , -88.6428    , array([ 0.0121873  ,  1.00308    ,  0.00607891 ,  0.0501359  ])
344     , -88.6411    , array([ 0.0117437  ,  1.00128    ,  0.00585244 ,  0.0502026  ])
348     , -88.6399    , array([ 0.0121726  ,  1.00205    ,  0.00607139 ,  0.0501381  ])
352     , -88.6399    , array([ 0.0121868  ,  1.00207    ,  0.00607865 ,  0.050136   ])
