390     , -1327.09    , array([ 0.946681   ,  1.07746    ,  0.12893    ,  0.0365132  ,  4.37178    ,  2.24929    ])
396     , -1316.65    , array([ 0.949388   ,  1.07746    ,  0.12893    ,  0.0365132  ,  4.37178    ,  2.24929    ])
402     , -1319.48    , array([ 0.949388   ,  1.20525    ,  0.12893    ,  0.0365132  ,  4.37178    ,  2.24929    ])
408     , -1316.65    , array([ 0.949388   ,  1.08183    ,  0.12893    ,  0.0365132  ,  4.37178    ,  2.24929    ])
414     , -3412.31    , array([ 0.949388   ,  1.08183    ,  0.319878   ,  0.0365132  ,  4.37178    ,  2.24929    ])
420     , -1317.42    , array([ 0.949388   ,  1.08183    ,  0.130719   ,  0.0365132  ,  4.37178    ,  2.24929    ])
426     , -13546.1    , array([ 0.949388   ,  1.08183    ,  0.128697   ,  1.03651    ,  4.37178    ,  2.24929    ])
438     , -1515.53    , array([ 0.949388   ,  1.08183    ,  0.128697   ,  0.0429536  ,  4.37178    ,  2.24929    ])
444     , -1316.63    , array([ 0.949388   ,  1.08183    ,  0.128697   ,  0.036544   ,  4.37178    ,  2.24929    ])
450     , -1320.39    , array([ 0.949388   ,  1.08183    ,  0.128697   ,  0.0365437  ,  4.75375    ,  2.24929    ])
456     , -1316.63    , array([ 0.949388   ,  1.08183    ,  0.128697   ,  0.0365437  ,  4.36978    ,  2.24929    ])
462     , -1316.63    , array([ 0.949388   ,  1.08183    ,  0.128697   ,  0.0365437  ,  4.36984    ,  2.24929    ])
468     , -1316.63    , array([ 0.949388   ,  1.08183    ,  0.128697   ,  0.0365437  ,  4.36984    ,  2.25591    ])
