8       , -1079.65    , array([ 0.266449   ,  1.10257    ,  0.0430644  ,  0.0410639  ])
12      , -540.288    , array([ 0.0410368  ,  1.10257    ,  0.0430644  ,  0.0410639  ])
16      , -89.5235    , array([ 0.0755682  ,  1.10257    ,  0.0430644  ,  0.0410639  ])
20      , -89.5104    , array([ 0.075282   ,  1.10257    ,  0.0430644  ,  0.0410639  ])
24      , -89.5104    , array([ 0.075284   ,  1.10257    ,  0.0430644  ,  0.0410639  ])
28      , -89.8533    , array([ 0.075284   ,  1.04673    ,  0.0430644  ,  0.0410639  ])
32      , -89.5028    , array([ 0.075284   ,  1.0952     ,  0.0430644  ,  0.0410639  ])
40      , -8730.44    , array([ 0.075284   ,  1.0952     ,  0.233921   ,  0.0410639  ])
44      , -130.396    , array([ 0.075284   ,  1.0952     ,  0.033684   ,  0.0410639  ])
48      , -89.5014    , array([ 0.075284   ,  1.0952     ,  0.0430048  ,  0.0410639  ])
52      , -89.5014    , array([ 0.075284   ,  1.0952     ,  0.043014   ,  0.0410639  ])
56      , -89.5014    , array([ 0.075284   ,  1.0952     ,  0.0430054  ,  0.0410639  ])
68      , -192.513    , array([ 0.075284   ,  1.0952     ,  0.0430054  ,  0.0279083  ])
72      , -89.49      , array([ 0.075284   ,  1.0952     ,  0.0430054  ,  0.040906   ])
76      , -89.49      , array([ 0.075284   ,  1.0952     ,  0.0430054  ,  0.040906   ])
88      , -124.225    , array([ 0.0621284  ,  1.0952     ,  0.0430054  ,  0.040906   ])
92      , -89.4806    , array([ 0.0750443  ,  1.0952     ,  0.0430054  ,  0.040906   ])
96      , -138.201    , array([ 0.0750443  ,  2.0952     ,  0.0430054  ,  0.040906   ])
100     , -101.846    , array([ 0.0750443  ,  1.47717    ,  0.0430054  ,  0.040906   ])
104     , -89.4773    , array([ 0.0750443  ,  1.10011    ,  0.0430054  ,  0.040906   ])
108     , -16631.9    , array([ 0.0750443  ,  1.10011    ,  1.04301    ,  0.040906   ])
112     , -15690.5    , array([ 0.0750443  ,  1.10011    ,  0.424971   ,  0.040906   ])
116     , -1541.56    , array([ 0.0750443  ,  1.10011    ,  0.115906   ,  0.040906   ])
120     , -89.4709    , array([ 0.0750443  ,  1.10011    ,  0.0428706  ,  0.040906   ])
124     , -89.4709    , array([ 0.0750443  ,  1.10011    ,  0.0428782  ,  0.040906   ])
136     , -195.132    , array([ 0.0750443  ,  1.10011    ,  0.0428782  ,  0.0277503  ])
140     , -89.4699    , array([ 0.0750443  ,  1.10011    ,  0.0428782  ,  0.040861   ])
144     , -89.4699    , array([ 0.0750443  ,  1.10011    ,  0.0428782  ,  0.040861   ])
148     , -89.4451    , array([ 0.0741561  ,  1.11827    ,  0.0424071  ,  0.0406943  ])
152     , -89.4439    , array([ 0.0743098  ,  1.11513    ,  0.0424887  ,  0.0407231  ])
160     , -2519.54    , array([ 0.0743171  ,  1.11498    ,  0.0424925  ,  0.231678   ])
164     , -1485.42    , array([ 0.0743171  ,  1.11498    ,  0.0424925  ,  0.00628263 ])
168     , -89.5111    , array([ 0.0743171  ,  1.11498    ,  0.0424925  ,  0.0411052  ])
172     , -89.4538    , array([ 0.0743171  ,  1.11498    ,  0.0424925  ,  0.0408713  ])
176     , -89.4439    , array([ 0.0743171  ,  1.11498    ,  0.0424925  ,  0.0407268  ])
180     , -89.4439    , array([ 0.0743171  ,  1.11498    ,  0.0424925  ,  0.0407268  ])
188     , -91.4985    , array([ 0.0743171  ,  1.2481     ,  0.0424925  ,  0.0407268  ])
192     , -89.4426    , array([ 0.0743171  ,  1.11182    ,  0.0424925  ,  0.0407268  ])
196     , -16760.5    , array([ 0.0743171  ,  1.11182    ,  1.04249    ,  0.0407268  ])
200     , -15849.5    , array([ 0.0743171  ,  1.11182    ,  0.424459   ,  0.0407268  ])
204     , -1570.51    , array([ 0.0743171  ,  1.11182    ,  0.115393   ,  0.0407268  ])
208     , -89.4387    , array([ 0.0743171  ,  1.11182    ,  0.0423865  ,  0.0407268  ])
212     , -89.4386    , array([ 0.0743171  ,  1.11182    ,  0.0423941  ,  0.0407268  ])
216     , -89.4603    , array([ 0.0747665  ,  1.10263    ,  0.0426325  ,  0.0408112  ])
220     , -89.4351    , array([ 0.0740494  ,  1.1173     ,  0.0422521  ,  0.0406766  ])
