700     , -1982.54    , array([ 1.22122    ,  0.0862226  ,  2.5095     ,  10         ,  5          ])
705     , -1981.99    , array([ 1.24728    ,  0.0862226  ,  2.5095     ,  10         ,  5          ])
715     , -5733.72    , array([ 1.2473     ,  0.159097   ,  2.5095     ,  10         ,  5          ])
720     , -1981.99    , array([ 1.2473     ,  0.0862168  ,  2.5095     ,  10         ,  5          ])
725     , -2182.2     , array([ 1.2473     ,  0.0862126  ,  3.5095     ,  10         ,  5          ])
730     , -1981.99    , array([ 1.2473     ,  0.0862126  ,  2.50466    ,  10         ,  5          ])
740     , -1991.02    , array([ 1.2473     ,  0.0862126  ,  2.50644    ,  9.69098    ,  5          ])
745     , -1982       , array([ 1.2473     ,  0.0862126  ,  2.50644    ,  9.99342    ,  5          ])
755     , -1981.99    , array([ 1.2473     ,  0.0862126  ,  2.50644    ,  9.99998    ,  5          ])
765     , -1981.99    , array([ 1.2473     ,  0.0862126  ,  2.50644    ,  10         ,  5          ])
775     , -1981.99    , array([ 1.2473     ,  0.0862126  ,  2.50644    ,  10         ,  5          ])
785     , -1981.99    , array([ 1.2473     ,  0.0862126  ,  2.50644    ,  10         ,  5          ])
790     , -1981.99    , array([ 1.2473     ,  0.0862126  ,  2.50644    ,  10         ,  5          ])
795     , -1982.21    , array([ 1.2473     ,  0.0862126  ,  2.50644    ,  10         ,  4.88197    ])
805     , -1981.99    , array([ 1.2473     ,  0.0862126  ,  2.50644    ,  10         ,  4.99904    ])
815     , -1981.99    , array([ 1.2473     ,  0.0862126  ,  2.50644    ,  10         ,  4.99999    ])
825     , -1981.99    , array([ 1.2473     ,  0.0862126  ,  2.50644    ,  10         ,  5          ])
835     , -1981.99    , array([ 1.2473     ,  0.0862126  ,  2.50644    ,  10         ,  5          ])
