1660    , -608.897    , array([ 0.323249   ,  5.54319    ,  0.291378   ,  0.0315015  ])
1664    , -210.076    , array([ 0.0853783  ,  5.54319    ,  0.291378   ,  0.0315015  ])
1668    , -101.059    , array([ 0.132481   ,  5.54319    ,  0.291378   ,  0.0315015  ])
1672    , -101.441    , array([ 0.132481   ,  6.54319    ,  0.291378   ,  0.0315015  ])
1676    , -101.1      , array([ 0.132481   ,  5.92516    ,  0.291378   ,  0.0315015  ])
1680    , -101.054    , array([ 0.132481   ,  5.63136    ,  0.291378   ,  0.0315015  ])
1688    , -315.418    , array([ 0.132481   ,  5.63226    ,  0.482355   ,  0.0315015  ])
1692    , -100.805    , array([ 0.132481   ,  5.63226    ,  0.28477    ,  0.0315015  ])
1696    , -100.805    , array([ 0.132481   ,  5.63226    ,  0.284836   ,  0.0315015  ])
1704    , -444.496    , array([ 0.132481   ,  5.63226    ,  0.284836   ,  0.059353   ])
1708    , -100.628    , array([ 0.132481   ,  5.63226    ,  0.284836   ,  0.0320205  ])
1712    , -100.628    , array([ 0.132481   ,  5.63226    ,  0.284836   ,  0.0320153  ])
1716    , -100.342    , array([ 0.132814   ,  5.77637    ,  0.274249   ,  0.0328467  ])
1720    , -100.342    , array([ 0.13281    ,  5.77461    ,  0.274378   ,  0.0328366  ])
1728    , -1417       , array([ 0.0426398  ,  5.77461    ,  0.274378   ,  0.0328366  ])
1732    , -101.231    , array([ 0.123177   ,  5.77461    ,  0.274378   ,  0.0328366  ])
1736    , -99.9182    , array([ 0.129276   ,  5.77461    ,  0.274378   ,  0.0328366  ])
1740    , -101.51     , array([ 0.12924    ,  4.15658    ,  0.274378   ,  0.0328366  ])
1744    , -99.8555    , array([ 0.12924    ,  5.46879    ,  0.274378   ,  0.0328366  ])
1748    , -99.8554    , array([ 0.12924    ,  5.45795    ,  0.274378   ,  0.0328366  ])
1756    , -5388.36    , array([ 0.12924    ,  5.45475    ,  0.274378   ,  0.223734   ])
1764    , -100.017    , array([ 0.12924    ,  5.45475    ,  0.274378   ,  0.0333793  ])
1768    , -99.8544    , array([ 0.12924    ,  5.45475    ,  0.274378   ,  0.0328768  ])
1772    , -100.475    , array([ 0.1301     ,  5.82745    ,  0.247      ,  0.0350255  ])
1776    , -99.5067    , array([ 0.129581   ,  5.60229    ,  0.263541   ,  0.0337265  ])
1780    , -99.5067    , array([ 0.129584   ,  5.60385    ,  0.263426   ,  0.0337355  ])
1784    , -99.6739    , array([ 0.124896   ,  5.5579     ,  0.228783   ,  0.0365188  ])
1788    , -99.1677    , array([ 0.127271   ,  5.58117    ,  0.246329   ,  0.0351091  ])
1792    , -98.901     , array([ 0.12702    ,  5.46276    ,  0.255213   ,  0.0344111  ])
1796    , -98.9008    , array([ 0.127026   ,  5.46546    ,  0.255015   ,  0.0344267  ])
1800    , -99.5815    , array([ 0.127026   ,  6.46546    ,  0.255015   ,  0.0344267  ])
1804    , -99.046     , array([ 0.127026   ,  5.84743    ,  0.255015   ,  0.0344267  ])
1808    , -98.8937    , array([ 0.127026   ,  5.36684    ,  0.255015   ,  0.0344267  ])
1816    , -5205.6     , array([ 0.127026   ,  5.36684    ,  0.255015   ,  0.225326   ])
1824    , -98.9866    , array([ 0.127026   ,  5.36684    ,  0.255015   ,  0.0349242  ])
1828    , -98.8888    , array([ 0.127026   ,  5.36684    ,  0.255015   ,  0.0345192  ])
1832    , -98.6247    , array([ 0.124735   ,  5.34438    ,  0.238087   ,  0.0358778  ])
1836    , -98.6161    , array([ 0.125057   ,  5.34754    ,  0.240463   ,  0.0356869  ])
1840    , -99.7724    , array([ 0.125385   ,  5.48989    ,  0.230005   ,  0.0365082  ])
1844    , -98.4397    , array([ 0.124729   ,  5.20518    ,  0.25092    ,  0.0348657  ])
1848    , -98.4029    , array([ 0.124828   ,  5.24814    ,  0.247764   ,  0.0351135  ])
1852    , -98.7337    , array([ 0.124828   ,  4.6301     ,  0.247764   ,  0.0351135  ])
1856    , -98.4466    , array([ 0.124828   ,  4.98661    ,  0.247764   ,  0.0351135  ])
1860    , -98.4018    , array([ 0.124828   ,  5.2119     ,  0.247764   ,  0.0351135  ])
1872    , -110.166    , array([ 0.124828   ,  5.2119     ,  0.247764   ,  0.039886   ])
1876    , -98.3948    , array([ 0.124828   ,  5.2119     ,  0.247764   ,  0.0352246  ])
1880    , -100.343    , array([ 0.118831   ,  5.15311    ,  0.203447   ,  0.0387841  ])
1884    , -98.178     , array([ 0.123122   ,  5.19518    ,  0.235161   ,  0.0362361  ])
1888    , -98.1779    , array([ 0.123144   ,  5.1954     ,  0.235326   ,  0.0362228  ])
1892    , -97.1509    , array([ 0.118138   ,  4.7971     ,  0.221879   ,  0.0376259  ])
1896    , -95.8609    , array([ 0.106943   ,  3.90655    ,  0.191812   ,  0.0407629  ])
1900    , -95.8603    , array([ 0.106702   ,  3.88738    ,  0.191164   ,  0.0408304  ])
1904    , -95.9275    , array([ 0.106499   ,  3.79939    ,  0.197627   ,  0.0403229  ])
1908    , -95.8158    , array([ 0.106625   ,  3.85389    ,  0.193624   ,  0.0406372  ])
1912    , -100.005    , array([ 0.106625   ,  6.47192    ,  0.193624   ,  0.0406372  ])
1916    , -95.3545    , array([ 0.106625   ,  4.20908    ,  0.193624   ,  0.0406372  ])
1920    , -95.3191    , array([ 0.106625   ,  4.34954    ,  0.193624   ,  0.0406372  ])
1932    , -101.703    , array([ 0.106625   ,  4.34954    ,  0.193624   ,  0.0446639  ])
1936    , -95.2851    , array([ 0.106625   ,  4.34954    ,  0.193624   ,  0.040906   ])
1940    , -100.841    , array([ 0.133229   ,  6.46597    ,  0.26508    ,  0.0334481  ])
1944    , -95.2337    , array([ 0.0945682  ,  3.39042    ,  0.161242   ,  0.0442819  ])
1948    , -94.6702    , array([ 0.0996458  ,  3.79436    ,  0.17488    ,  0.0428591  ])
1952    , -94.6702    , array([ 0.0996458  ,  3.79436    ,  0.17488    ,  0.0428591  ])
1956    , -95.0409    , array([ 0.0994429  ,  3.70638    ,  0.181343   ,  0.0423515  ])
1960    , -94.6702    , array([ 0.0996464  ,  3.79462    ,  0.174861   ,  0.0428606  ])
1964    , -94.6702    , array([ 0.0996464  ,  3.79462    ,  0.174861   ,  0.0428606  ])
1968    , -97.0294    , array([ 0.0996464  ,  3.17658    ,  0.174861   ,  0.0428606  ])
1972    , -94.4602    , array([ 0.0996464  ,  4.08982    ,  0.174861   ,  0.0428606  ])
1980    , -4795.98    , array([ 0.0996464  ,  4.08982    ,  0.174861   ,  0.233761   ])
1984    , -1049.1     , array([ 0.0996464  ,  4.08982    ,  0.174861   ,  0.00841871 ])
1988    , -94.4208    , array([ 0.0996464  ,  4.08982    ,  0.174861   ,  0.0431699  ])
1992    , -94.4207    , array([ 0.0996464  ,  4.08982    ,  0.174861   ,  0.0431545  ])
1996    , -94.4207    , array([ 0.0996464  ,  4.08982    ,  0.174861   ,  0.0431575  ])
2000    , -94.063     , array([ 0.0952528  ,  3.7403     ,  0.16306    ,  0.0443887  ])
2004    , -94.0618    , array([ 0.0950704  ,  3.72579    ,  0.16257    ,  0.0444398  ])
2008    , -93.0614    , array([ 0.0829245  ,  3.53298    ,  0.129894   ,  0.0486252  ])
2012    , -92.9925    , array([ 0.0779783  ,  3.45567    ,  0.116587   ,  0.0503308  ])
2016    , -92.9808    , array([ 0.0793214  ,  3.47666    ,  0.1202     ,  0.0498676  ])
2020    , -92.903     , array([ 0.0791185  ,  3.38868    ,  0.126663   ,  0.0493601  ])
2024    , -92.7354    , array([ 0.0792119  ,  3.42919    ,  0.123688   ,  0.0495937  ])
2028    , -94.6831    , array([ 0.0792119  ,  4.42919    ,  0.123688   ,  0.0495937  ])
2032    , -92.8411    , array([ 0.0792119  ,  3.81115    ,  0.123688   ,  0.0495937  ])
2036    , -92.65      , array([ 0.0792119  ,  3.57477    ,  0.123688   ,  0.0495937  ])
2044    , -4870.32    , array([ 0.0792119  ,  3.57624    ,  0.123688   ,  0.240488   ])
2052    , -92.6062    , array([ 0.0792119  ,  3.57624    ,  0.123688   ,  0.0499888  ])
2056    , -92.6053    , array([ 0.0792119  ,  3.57624    ,  0.123688   ,  0.0499373  ])
2060    , -93.4587    , array([ 0.0889168  ,  3.72794    ,  0.149797   ,  0.0465908  ])
2064    , -92.2718    , array([ 0.0719032  ,  3.462      ,  0.104025   ,  0.0524576  ])
2068    , -92.2717    , array([ 0.0718108  ,  3.46055    ,  0.103776   ,  0.0524895  ])
2072    , -92.6338    , array([ 0.0716079  ,  3.37257    ,  0.110239   ,  0.0519819  ])
2076    , -92.1536    , array([ 0.0717448  ,  3.43193    ,  0.105879   ,  0.0523244  ])
2080    , -118.936    , array([ 0.0717448  ,  1.8139     ,  0.105879   ,  0.0523244  ])
2084    , -92.1629    , array([ 0.0717448  ,  3.46754    ,  0.105879   ,  0.0523244  ])
2088    , -92.1529    , array([ 0.0717448  ,  3.42044    ,  0.105879   ,  0.0523244  ])
2096    , -4991.62    , array([ 0.0717448  ,  3.42021    ,  0.105879   ,  0.243215   ])
2104    , -92.1146    , array([ 0.0717448  ,  3.42021    ,  0.105879   ,  0.0526846  ])
2108    , -92.1143    , array([ 0.0717448  ,  3.42021    ,  0.105879   ,  0.0526558  ])
2112    , -93.0378    , array([ 0.0814496  ,  3.57191    ,  0.131988   ,  0.0493092  ])
2116    , -91.9558    , array([ 0.0674617  ,  3.35326    ,  0.0943558  ,  0.0541327  ])
2120    , -91.9558    , array([ 0.0675046  ,  3.35393    ,  0.094471   ,  0.054118   ])
2124    , -92.0188    , array([ 0.0423285  ,  2.73061    ,  0.040068   ,  0.0636384  ])
2128    , -91.3835    , array([ 0.0507104  ,  2.93813    ,  0.0581803  ,  0.0604688  ])
2132    , -105.27     , array([ 0.0503893  ,  2.71299    ,  0.0755551  ,  0.0590605  ])
2136    , -91.3807    , array([ 0.0509178  ,  2.94212    ,  0.0587237  ,  0.0603823  ])
2140    , -91.5158    , array([ 0.050969   ,  2.96432    ,  0.057093   ,  0.0605104  ])
2144    , -91.38      , array([ 0.0509224  ,  2.94412    ,  0.0585767  ,  0.0603939  ])
2148    , -91.38      , array([ 0.0509216  ,  2.9438     ,  0.0586     ,  0.060392   ])
2152    , -91.38      , array([ 0.0509216  ,  2.94378    ,  0.0586017  ,  0.0603919  ])
2156    , -91.38      , array([ 0.0509216  ,  2.94378    ,  0.0586021  ,  0.0603919  ])
2160    , -91.2494    , array([ 0.0509216  ,  3.08514    ,  0.0586021  ,  0.0603919  ])
2164    , -91.2491    , array([ 0.0509216  ,  3.07793    ,  0.0586021  ,  0.0603919  ])
2176    , -91.5003    , array([ 0.0509216  ,  3.07793    ,  0.0586021  ,  0.0614707  ])
2180    , -91.2388    , array([ 0.0509216  ,  3.07793    ,  0.0586021  ,  0.0605723  ])
2184    , -91.2388    , array([ 0.0509216  ,  3.07793    ,  0.0586021  ,  0.0605705  ])
2188    , -91.1744    , array([ 0.0473094  ,  2.98849    ,  0.0507965  ,  0.0619365  ])
2192    , -94.9424    , array([ 0.0266776  ,  2.61224    ,  0.00617843 ,  0.0699201  ])
2196    , -91.1741    , array([ 0.0470911  ,  2.98309    ,  0.0503247  ,  0.062019   ])
2200    , -91.1653    , array([ 0.047102   ,  2.98782    ,  0.0499774  ,  0.0620463  ])
2204    , -91.1652    , array([ 0.0471023  ,  2.98795    ,  0.0499677  ,  0.0620471  ])
2208    , -96.2773    , array([ 0.0471023  ,  2.36991    ,  0.0499677  ,  0.0620471  ])
2212    , -91.1463    , array([ 0.0471023  ,  3.03977    ,  0.0499677  ,  0.0620471  ])
2216    , -91.1463    , array([ 0.0471023  ,  3.03875    ,  0.0499677  ,  0.0620471  ])
2228    , -91.241     , array([ 0.0471023  ,  3.03875    ,  0.0499677  ,  0.0627633  ])
2232    , -91.1387    , array([ 0.0471023  ,  3.03875    ,  0.0499677  ,  0.0622017  ])
2236    , -91.1387    , array([ 0.0471023  ,  3.03875    ,  0.0499677  ,  0.0622002  ])
2240    , -91.1023    , array([ 0.0447306  ,  2.98003    ,  0.0448427  ,  0.063097   ])
2244    , -91.102     , array([ 0.0444658  ,  2.97347    ,  0.0442705  ,  0.0631972  ])
2248    , -90.9875    , array([ 0.0376872  ,  2.95063    ,  0.0286245  ,  0.0662459  ])
2252    , -91.0167    , array([ 0.0310829  ,  2.92783    ,  0.0133844  ,  0.0692144  ])
2256    , -90.975     , array([ 0.0349837  ,  2.9413     ,  0.0223859  ,  0.067461   ])
2260    , -90.975     , array([ 0.0349837  ,  2.9413     ,  0.0223859  ,  0.067461   ])
2264    , -90.9665    , array([ 0.0349757  ,  2.93783    ,  0.0226405  ,  0.067441   ])
2268    , -95.8319    , array([ 0.0349757  ,  3.93783    ,  0.0226405  ,  0.067441   ])
2272    , -91.6786    , array([ 0.0349757  ,  3.3198     ,  0.0226405  ,  0.067441   ])
2276    , -90.9418    , array([ 0.0349757  ,  2.99294    ,  0.0226405  ,  0.067441   ])
2284    , -7842       , array([ 0.0349757  ,  2.99294    ,  0.0226405  ,  0.258279   ])
2288    , -299.196    , array([ 0.0349757  ,  2.99294    ,  0.0226405  ,  0.0438472  ])
2292    , -90.9363    , array([ 0.0349757  ,  2.99294    ,  0.0226405  ,  0.0675663  ])
2296    , -91.2716    , array([ 0.0503603  ,  3.04604    ,  0.0581419  ,  0.0606525  ])
2300    , -90.8477    , array([ 0.029397   ,  2.97368    ,  0.00976707 ,  0.0700751  ])
2304    , -90.8237    , array([ 0.0306559  ,  2.97803    ,  0.0126723  ,  0.0695092  ])
2308    , -90.9077    , array([ 0.0308183  ,  2.97859    ,  0.013047   ,  0.0694362  ])
2312    , -112.351    , array([ 0.0310846  ,  3.12073    ,  0.00244638 ,  0.0702854  ])
2316    , -93.8285    , array([ 0.0308817  ,  3.03275    ,  0.00890946 ,  0.0697778  ])
2320    , -90.8176    , array([ 0.0307615  ,  2.98064    ,  0.0127372  ,  0.0694772  ])
2324    , -152.64     , array([ 0.0307616  ,  1.36263    ,  0.0127355  ,  0.0694773  ])
2328    , -90.929     , array([ 0.0307616  ,  3.04962    ,  0.0127355  ,  0.0694773  ])
2332    , -90.9131    , array([ 0.0307616  ,  3.01311    ,  0.0127355  ,  0.0694773  ])
2336    , -90.8037    , array([ 0.0307616  ,  2.99587    ,  0.0127355  ,  0.0694773  ])
2340    , -90.804     , array([ 0.0307616  ,  2.99557    ,  0.0127355  ,  0.0694773  ])
2348    , -8772.77    , array([ 0.0307616  ,  2.99605    ,  0.0127355  ,  0.260303   ])
2352    , -262.176    , array([ 0.0307616  ,  2.99605    ,  0.0127355  ,  0.0485365  ])
2356    , -90.7564    , array([ 0.0307616  ,  2.99605    ,  0.0127355  ,  0.0698327  ])
2360    , -91.2319    , array([ 0.0461462  ,  3.04915    ,  0.0482369  ,  0.0629212  ])
2364    , -90.7532    , array([ 0.0296527  ,  2.99222    ,  0.0101766  ,  0.0703347  ])
2368    , -90.7531    , array([ 0.029802   ,  2.99274    ,  0.0105211  ,  0.0702676  ])
2372    , -90.8304    , array([ 0.0272684  ,  3.03022    ,  0.004202   ,  0.072387   ])
2376    , -90.739     , array([ 0.029103   ,  3.00295    ,  0.00877901 ,  0.0708496  ])
2384    , -93.267     , array([ 0.0292284  ,  3.05733    ,  0.00478461 ,  0.0711633  ])
2388    , -90.708     , array([ 0.0291156  ,  3.00843    ,  0.00837618 ,  0.0708813  ])
2392    , -147.538    , array([ 0.0291158  ,  1.39046    ,  0.00837211 ,  0.0708816  ])
2396    , -90.7261    , array([ 0.0291158  ,  3.03846    ,  0.00837211 ,  0.0708816  ])
2400    , -90.7039    , array([ 0.0291158  ,  2.98644    ,  0.00837211 ,  0.0708816  ])
2404    , -90.7039    , array([ 0.0291158  ,  2.98622    ,  0.00837211 ,  0.0708816  ])
2408    , -90.7108    , array([ 0.0277285  ,  2.98143    ,  0.00517095 ,  0.0715051  ])
2412    , -90.7039    , array([ 0.0290129  ,  2.98587    ,  0.00813481 ,  0.0709278  ])
2416    , -90.7039    , array([ 0.0290237  ,  2.9859     ,  0.0081598  ,  0.0709229  ])
2420    , -90.6865    , array([ 0.0283317  ,  2.99614    ,  0.00643383 ,  0.0715018  ])
2424    , -90.6902    , array([ 0.028595   ,  2.99223    ,  0.0070907  ,  0.0712811  ])
2428    , -90.673     , array([ 0.0265877  ,  3.00379    ,  0.00166159 ,  0.0729692  ])
2432    , -90.673     , array([ 0.0265877  ,  3.00379    ,  0.00166159 ,  0.0729692  ])
2436    , -90.6723    , array([ 0.0269067  ,  3.00269    ,  0.00254121 ,  0.0727007  ])
2440    , -90.6765    , array([ 0.028022   ,  2.98611    ,  0.00532378 ,  0.0717661  ])
2444    , -90.6674    , array([ 0.0273825  ,  2.99562    ,  0.00372845 ,  0.0723019  ])
2448    , -97.1881    , array([ 0.0273873  ,  3.99555    ,  0.00374032 ,  0.0722979  ])
2452    , -92.0388    , array([ 0.0273873  ,  3.37751    ,  0.00374032 ,  0.0722979  ])
2456    , -90.6425    , array([ 0.0273873  ,  2.94136    ,  0.00374032 ,  0.0722979  ])
2468    , -90.6423    , array([ 0.0271797  ,  2.94118    ,  0.00326136 ,  0.0723912  ])
2472    , -90.6423    , array([ 0.0271776  ,  2.94117    ,  0.00325655 ,  0.0723922  ])
2476    , -90.6768    , array([ 0.0279708  ,  2.93843    ,  0.00544374 ,  0.0717246  ])
2480    , -90.6141    , array([ 0.0260816  ,  2.94497    ,  0.000233928,  0.0733147  ])
2500    , -90.613     , array([ 0.026001   ,  2.94535    ,  1.40847e-05,  0.0733825  ])
2504    , -90.6129    , array([ 0.0259962  ,  2.94542    ,  2.14233e-06,  0.0733865  ])
2508    , -90.6129    , array([ 0.0259955  ,  2.94543    ,  4.68391e-07,  0.0733871  ])
2512    , -90.6129    , array([ 0.0259954  ,  2.94543    ,  1.02328e-07,  0.0733872  ])
2516    , -90.6067    , array([ 0.0259954  ,  2.91041    ,  1.02328e-07,  0.0733872  ])
2520    , -90.6062    , array([ 0.0259954  ,  2.91796    ,  1.02328e-07,  0.0733872  ])
2524    , -91.0515    , array([ 0.0318718  ,  2.93825    ,  0.0135604  ,  0.0707459  ])
2532    , -90.6061    , array([ 0.0260542  ,  2.91816    ,  0.000135828,  0.0733608  ])
2536    , -90.6061    , array([ 0.0260308  ,  2.91808    ,  8.1963e-05 ,  0.0733713  ])
2540    , -90.6061    , array([ 0.0260312  ,  2.91809    ,  8.27898e-05,  0.0733711  ])
2548    , -90.6055    , array([ 0.0260039  ,  2.91818    ,  7.45892e-06,  0.0733941  ])
2552    , -90.6056    , array([ 0.0260079  ,  2.91817    ,  1.84496e-05,  0.0733907  ])
