695     , -1311.07    , array([ 1.01101    ,  0.100043   ,  0.0499421  ,  4.95205    ,  2.51348    ])
700     , -3148.84    , array([ 0.392978   ,  0.100043   ,  0.0499421  ,  4.95205    ,  2.51348    ])
705     , -1311.02    , array([ 1.00502    ,  0.100043   ,  0.0499421  ,  4.95205    ,  2.51348    ])
710     , -40369.6    , array([ 1.00408    ,  1.10004    ,  0.0499421  ,  4.95205    ,  2.51348    ])
715     , -13974.7    , array([ 1.00408    ,  0.290837   ,  0.0499421  ,  4.95205    ,  2.51348    ])
720     , -1565.35    , array([ 1.00408    ,  0.114636   ,  0.0499421  ,  4.95205    ,  2.51348    ])
725     , -1311.02    , array([ 1.00408    ,  0.10003    ,  0.0499421  ,  4.95205    ,  2.51348    ])
730     , -1311.02    , array([ 1.00408    ,  0.10003    ,  0.0499421  ,  4.95205    ,  2.51348    ])
740     , -1370.2     , array([ 1.00408    ,  0.10003    ,  0.0548976  ,  4.95205    ,  2.51348    ])
745     , -1311.02    , array([ 1.00408    ,  0.10003    ,  0.049948   ,  4.95205    ,  2.51348    ])
750     , -1405.5     , array([ 1.00408    ,  0.10003    ,  0.0499481  ,  3.33401    ,  2.51348    ])
755     , -1310.99    , array([ 1.00408    ,  0.10003    ,  0.0499481  ,  4.98301    ,  2.51348    ])
760     , -1530.91    , array([ 1.00408    ,  0.10003    ,  0.0499481  ,  4.9827     ,  0.895448   ])
765     , -1310.99    , array([ 1.00408    ,  0.10003    ,  0.0499481  ,  4.9827     ,  2.50657    ])
