160     , -1316.05    , array([ 0.937864   ,  0.100026   ,  4.97491    ,  2.52391    ,  0.0501478  ])
165     , -1310.96    , array([ 1.00198    ,  0.100026   ,  4.97491    ,  2.52391    ,  0.0501478  ])
170     , -1310.96    , array([ 1.00198    ,  0.100026   ,  4.97491    ,  2.52391    ,  0.0501478  ])
175     , -80873.5    , array([ 1.00198    ,  0.00985634 ,  4.97491    ,  2.52391    ,  0.0501478  ])
180     , -1311.03    , array([ 1.00198    ,  0.0998685  ,  4.97491    ,  2.52391    ,  0.0501478  ])
185     , -1310.95    , array([ 1.00198    ,  0.100096   ,  4.97491    ,  2.52391    ,  0.0501478  ])
190     , -1315.23    , array([ 1.00198    ,  0.100096   ,  5.35688    ,  2.52391    ,  0.0501478  ])
195     , -1310.95    , array([ 1.00198    ,  0.100096   ,  4.98833    ,  2.52391    ,  0.0501478  ])
200     , -1321.51    , array([ 1.00198    ,  0.100096   ,  4.98833    ,  2.90588    ,  0.0501478  ])
205     , -1310.94    , array([ 1.00198    ,  0.100096   ,  4.98833    ,  2.51608    ,  0.0501478  ])
215     , -5079.16    , array([ 1.00198    ,  0.100096   ,  4.98833    ,  2.51616    ,  0.123065   ])
220     , -1312.63    , array([ 1.00198    ,  0.100096   ,  4.98833    ,  2.51616    ,  0.0509192  ])
