4       , -94.4519    , array([ 0.137889   ,  1.47768    ,  0.0925455  ,  0.0296408  ])
8       , -1797.94    , array([ 0.0505084  ,  1.408      ,  0.094347   ,  0.0269979  ])
12      , -1800.97    , array([ 0.0505084  ,  1.408      ,  0.094347   ,  0.0270249  ])
16      , -108.532    , array([ 0.120026   ,  1.46932    ,  0.0927124  ,  0.0292609  ])
20      , -94.3277    , array([ 0.136218   ,  1.47681    ,  0.0924758  ,  0.0296072  ])
24      , -94.3329    , array([ 0.136218   ,  1.47681    ,  0.0924758  ,  0.0296369  ])
28      , -94.2087    , array([ 0.13471    ,  1.47296    ,  0.0911882  ,  0.0294306  ])
32      , -93.9933    , array([ 0.13308    ,  1.46867    ,  0.0894779  ,  0.0297144  ])
36      , -93.9829    , array([ 0.13308    ,  1.46867    ,  0.0894779  ,  0.0297441  ])
40      , -93.255     , array([ 0.126756   ,  1.45891    ,  0.0829514  ,  0.0308771  ])
44      , -92.0614    , array([ 0.115459   ,  1.21078    ,  0.0730241  ,  0.0343157  ])
48      , -92.0601    , array([ 0.115459   ,  1.21078    ,  0.0730241  ,  0.0343501  ])
52      , -91.4358    , array([ 0.0944668  ,  1.13283    ,  0.0551842  ,  0.0392934  ])
56      , -90.5368    , array([ 0.092779   ,  1.16166    ,  0.0548945  ,  0.0384766  ])
60      , -90.558     , array([ 0.092779   ,  1.16166    ,  0.0548945  ,  0.0385151  ])
64      , -89.7537    , array([ 0.0793065  ,  1.09927    ,  0.0460991  ,  0.0401951  ])
68      , -89.3457    , array([ 0.0605134  ,  1.1032     ,  0.0332222  ,  0.0433086  ])
72      , -89.3716    , array([ 0.0605134  ,  1.1032     ,  0.0332222  ,  0.043352   ])
76      , -89.1159    , array([ 0.051766   ,  1.05884    ,  0.0278054  ,  0.0448371  ])
80      , -88.8891    , array([ 0.0474247  ,  1.05704    ,  0.0253233  ,  0.0449537  ])
84      , -88.8935    , array([ 0.0474247  ,  1.05704    ,  0.0253233  ,  0.0449987  ])
88      , -88.8097    , array([ 0.0393893  ,  1.04174    ,  0.0206558  ,  0.0462498  ])
92      , -88.7716    , array([ 0.0367484  ,  1.0355     ,  0.0191822  ,  0.0466325  ])
96      , -88.7791    , array([ 0.0367484  ,  1.0355     ,  0.0191822  ,  0.0466791  ])
100     , -88.769     , array([ 0.0278408  ,  1.01601    ,  0.0142665  ,  0.0481951  ])
104     , -88.7482    , array([ 0.0268374  ,  1.01374    ,  0.0137339  ,  0.0483142  ])
108     , -88.7623    , array([ 0.0268374  ,  1.01374    ,  0.0137339  ,  0.0483626  ])
112     , -88.7025    , array([ 0.0231728  ,  1.00972    ,  0.0117951  ,  0.0487935  ])
116     , -88.6831    , array([ 0.0216812  ,  1.00737    ,  0.0110089  ,  0.0489684  ])
120     , -88.6966    , array([ 0.0216812  ,  1.00737    ,  0.0110089  ,  0.0490174  ])
124     , -88.6749    , array([ 0.016615   ,  1.00302    ,  0.00835452 ,  0.0496742  ])
128     , -88.6651    , array([ 0.016148   ,  1.00145    ,  0.00811486 ,  0.0497221  ])
132     , -88.6795    , array([ 0.016148   ,  1.00145    ,  0.00811486 ,  0.0497718  ])
136     , -88.6449    , array([ 0.0144078  ,  1.00018    ,  0.00722302 ,  0.0499139  ])
140     , -88.6506    , array([ 0.00913084 ,  0.990165   ,  0.00453389 ,  0.0506887  ])
144     , -88.6647    , array([ 0.00913084 ,  0.990165   ,  0.00453389 ,  0.0507394  ])
148     , -88.651     , array([ 0.0089016  ,  0.991065   ,  0.00441825 ,  0.0507147  ])
152     , -88.6484    , array([ 0.00804078 ,  0.989713   ,  0.00398444 ,  0.0508189  ])
156     , -88.6624    , array([ 0.00804078 ,  0.989713   ,  0.00398444 ,  0.0508697  ])
160     , -88.6876    , array([ 0.00535325 ,  0.98926    ,  0.00263531 ,  0.0512379  ])
164     , -88.6506    , array([ 0.00739987 ,  0.989419   ,  0.00366193 ,  0.0509042  ])
168     , -88.6648    , array([ 0.00739987 ,  0.989419   ,  0.00366193 ,  0.0509551  ])
172     , -88.6501    , array([ 0.00790274 ,  0.990642   ,  0.00391494 ,  0.0508367  ])
176     , -88.6484    , array([ 0.00801167 ,  0.9897     ,  0.00396978 ,  0.0508226  ])
180     , -88.6624    , array([ 0.00801167 ,  0.9897     ,  0.00396978 ,  0.0508735  ])
184     , -88.6499    , array([ 0.00803467 ,  0.990701   ,  0.00398136 ,  0.0508197  ])
188     , -88.6484    , array([ 0.00803949 ,  0.989713   ,  0.00398379 ,  0.0508191  ])
192     , -88.6624    , array([ 0.00803949 ,  0.989713   ,  0.00398379 ,  0.0508699  ])
196     , -88.6499    , array([ 0.00804051 ,  0.990703   ,  0.0039843  ,  0.0508189  ])
200     , -88.6484    , array([ 0.00804072 ,  0.989713   ,  0.00398441 ,  0.0508189  ])
204     , -88.6624    , array([ 0.00804072 ,  0.989713   ,  0.00398441 ,  0.0508697  ])
208     , -88.6499    , array([ 0.00804076 ,  0.990704   ,  0.00398443 ,  0.0508189  ])
212     , -88.6484    , array([ 0.00804077 ,  0.989713   ,  0.00398443 ,  0.0508189  ])
216     , -88.6624    , array([ 0.00804077 ,  0.989713   ,  0.00398443 ,  0.0508697  ])
220     , -88.6499    , array([ 0.00804078 ,  0.990704   ,  0.00398444 ,  0.0508189  ])
224     , -88.6484    , array([ 0.00804078 ,  0.989713   ,  0.00398444 ,  0.0508189  ])
228     , -88.6624    , array([ 0.00804078 ,  0.989713   ,  0.00398444 ,  0.0508697  ])
232     , -88.6499    , array([ 0.00804078 ,  0.990704   ,  0.00398444 ,  0.0508189  ])
236     , -88.6484    , array([ 0.00804078 ,  0.989713   ,  0.00398444 ,  0.0508189  ])
240     , -88.6624    , array([ 0.00804078 ,  0.989713   ,  0.00398444 ,  0.0508697  ])
244     , -88.6499    , array([ 0.00804078 ,  0.990704   ,  0.00398444 ,  0.0508189  ])
248     , -88.6484    , array([ 0.00804078 ,  0.989713   ,  0.00398444 ,  0.0508189  ])
252     , -88.6624    , array([ 0.00804078 ,  0.989713   ,  0.00398444 ,  0.0508697  ])
256     , -88.6499    , array([ 0.00804078 ,  0.990704   ,  0.00398444 ,  0.0508189  ])
260     , -88.6484    , array([ 0.00804078 ,  0.989713   ,  0.00398444 ,  0.0508189  ])
264     , -88.6624    , array([ 0.00804078 ,  0.989713   ,  0.00398444 ,  0.0508697  ])
268     , -88.6499    , array([ 0.00804078 ,  0.990704   ,  0.00398444 ,  0.0508189  ])
272     , -88.6484    , array([ 0.00804078 ,  0.989713   ,  0.00398444 ,  0.0508189  ])
276     , -88.6624    , array([ 0.00804078 ,  0.989713   ,  0.00398444 ,  0.0508697  ])
280     , -88.651     , array([ 0.0089016  ,  0.991065   ,  0.00441825 ,  0.0507147  ])
284     , -88.6488    , array([ 0.00867812 ,  0.989984   ,  0.00430556 ,  0.0507407  ])
288     , -88.6628    , array([ 0.00867812 ,  0.989984   ,  0.00430556 ,  0.0507915  ])
292     , -88.6497    , array([ 0.00824785 ,  0.990794   ,  0.00408872 ,  0.0507928  ])
296     , -88.6487    , array([ 0.00784349 ,  0.989625   ,  0.00388512 ,  0.0508444  ])
300     , -88.6482    , array([ 0.00821493 ,  0.989789   ,  0.00407215 ,  0.0507969  ])
304     , -88.6622    , array([ 0.00821493 ,  0.989789   ,  0.00407215 ,  0.0508477  ])
308     , -88.6482    , array([ 0.00821299 ,  0.989789   ,  0.00407116 ,  0.0507972  ])
