356     , -89.3032    , array([ 0.0678969  ,  1.09931    ,  0.038201   ,  0.0416653  ])
360     , -89.3008    , array([ 0.0678291  ,  1.09931    ,  0.038201   ,  0.0416653  ])
364     , -288.312    , array([ 0.0291658  ,  1.00579    ,  0.0242079  ,  0.0307852  ])
368     , -89.3002    , array([ 0.0675153  ,  1.09877    ,  0.0381054  ,  0.041596   ])
372     , -89.2984    , array([ 0.0675153  ,  1.09877    ,  0.0381054  ,  0.0416377  ])
376     , -89.2993    , array([ 0.0674956  ,  1.09984    ,  0.0380889  ,  0.0415952  ])
380     , -89.2974    , array([ 0.0674169  ,  1.09862    ,  0.0380229  ,  0.0415918  ])
384     , -89.2946    , array([ 0.0674169  ,  1.09862    ,  0.0380229  ,  0.0416334  ])
388     , -89.2937    , array([ 0.0673132  ,  1.09973    ,  0.0379543  ,  0.0416055  ])
392     , -89.2819    , array([ 0.0669002  ,  1.09871    ,  0.0376811  ,  0.0416606  ])
396     , -89.2792    , array([ 0.0669002  ,  1.09871    ,  0.0376811  ,  0.0417023  ])
400     , -89.2356    , array([ 0.0652732  ,  1.10012    ,  0.036608   ,  0.0418816  ])
404     , -89.0952    , array([ 0.0591513  ,  1.10024    ,  0.0326125  ,  0.0427774  ])
408     , -89.0971    , array([ 0.0591513  ,  1.10024    ,  0.0326125  ,  0.0428202  ])
412     , -88.9676    , array([ 0.0527887  ,  1.05866    ,  0.0286807  ,  0.044342   ])
416     , -88.916     , array([ 0.04751    ,  1.04918    ,  0.0254478  ,  0.0452548  ])
420     , -88.9292    , array([ 0.04751    ,  1.04918    ,  0.0254478  ,  0.0453001  ])
424     , -88.8914    , array([ 0.04552    ,  1.04641    ,  0.0242748  ,  0.0455597  ])
428     , -88.8755    , array([ 0.0383593  ,  1.03027    ,  0.0200992  ,  0.0468001  ])
432     , -88.8934    , array([ 0.0383593  ,  1.03027    ,  0.0200992  ,  0.0468469  ])
436     , -88.8575    , array([ 0.0370433  ,  1.02981    ,  0.0193585  ,  0.0469688  ])
440     , -88.8197    , array([ 0.0322155  ,  1.02285    ,  0.0166587  ,  0.0476498  ])
444     , -88.8376    , array([ 0.0322155  ,  1.02285    ,  0.0166587  ,  0.0476975  ])
448     , -88.7883    , array([ 0.0308164  ,  1.02246    ,  0.0158999  ,  0.0477945  ])
452     , -88.71      , array([ 0.0258016  ,  1.01579    ,  0.0131947  ,  0.0483778  ])
456     , -88.7239    , array([ 0.0258016  ,  1.01579    ,  0.0131947  ,  0.0484262  ])
460     , -88.6846    , array([ 0.0231626  ,  1.01361    ,  0.0117899  ,  0.0487051  ])
464     , -88.7566    , array([ 0.0150434  ,  0.999906   ,  0.00751545 ,  0.0500366  ])
468     , -88.7752    , array([ 0.0150434  ,  0.999906   ,  0.00751545 ,  0.0500867  ])
472     , -88.6765    , array([ 0.021102   ,  1.01085    ,  0.0106978  ,  0.0489895  ])
476     , -88.6657    , array([ 0.0203585  ,  1.00912    ,  0.0103083  ,  0.0490723  ])
480     , -88.6784    , array([ 0.0203585  ,  1.00912    ,  0.0103083  ,  0.0491214  ])
484     , -88.6479    , array([ 0.0176373  ,  1.00724    ,  0.00888704 ,  0.049405   ])
488     , -88.6433    , array([ 0.0170889  ,  1.00554    ,  0.00860233 ,  0.049475   ])
492     , -88.655     , array([ 0.0170889  ,  1.00554    ,  0.00860233 ,  0.0495245  ])
496     , -88.6422    , array([ 0.0150607  ,  1.00378    ,  0.00755183 ,  0.049756   ])
500     , -88.7833    , array([ 0.00908578 ,  0.9918     ,  0.00448535 ,  0.0508959  ])
504     , -88.8033    , array([ 0.00908578 ,  0.9918     ,  0.00448535 ,  0.0509469  ])
508     , -88.6496    , array([ 0.0136623  ,  1.00165    ,  0.00683006 ,  0.0499738  ])
512     , -88.6414    , array([ 0.0147658  ,  1.00235    ,  0.00739945 ,  0.0498001  ])
516     , -88.6534    , array([ 0.0147658  ,  1.00235    ,  0.00739945 ,  0.0498499  ])
520     , -88.6423    , array([ 0.0149997  ,  1.00369    ,  0.00752032 ,  0.049765   ])
524     , -88.6406    , array([ 0.0150481  ,  1.00276    ,  0.00754534 ,  0.0497578  ])
528     , -88.6525    , array([ 0.0150481  ,  1.00276    ,  0.00754534 ,  0.0498076  ])
532     , -88.6422    , array([ 0.0150581  ,  1.00378    ,  0.0075505  ,  0.0497563  ])
536     , -88.6405    , array([ 0.0150601  ,  1.00278    ,  0.00755156 ,  0.049756   ])
540     , -88.6524    , array([ 0.0150601  ,  1.00278    ,  0.00755156 ,  0.0498058  ])
544     , -88.6422    , array([ 0.0150606  ,  1.00378    ,  0.00755177 ,  0.049756   ])
548     , -88.6405    , array([ 0.0150607  ,  1.00278    ,  0.00755182 ,  0.049756   ])
552     , -88.6524    , array([ 0.0150607  ,  1.00278    ,  0.00755182 ,  0.0498057  ])
556     , -88.6422    , array([ 0.0150607  ,  1.00378    ,  0.00755183 ,  0.049756   ])
560     , -88.6405    , array([ 0.0150607  ,  1.00278    ,  0.00755183 ,  0.049756   ])
564     , -88.6524    , array([ 0.0150607  ,  1.00278    ,  0.00755183 ,  0.0498057  ])
568     , -88.6422    , array([ 0.0150607  ,  1.00378    ,  0.00755183 ,  0.049756   ])
572     , -88.6405    , array([ 0.0150607  ,  1.00278    ,  0.00755183 ,  0.049756   ])
576     , -88.6524    , array([ 0.0150607  ,  1.00278    ,  0.00755183 ,  0.0498057  ])
580     , -88.6422    , array([ 0.0150607  ,  1.00378    ,  0.00755183 ,  0.049756   ])
584     , -88.6405    , array([ 0.0150607  ,  1.00278    ,  0.00755183 ,  0.049756   ])
588     , -88.6524    , array([ 0.0150607  ,  1.00278    ,  0.00755183 ,  0.0498057  ])
592     , -88.6422    , array([ 0.0150607  ,  1.00378    ,  0.00755183 ,  0.049756   ])
596     , -88.6405    , array([ 0.0150607  ,  1.00278    ,  0.00755183 ,  0.049756   ])
600     , -88.6524    , array([ 0.0150607  ,  1.00278    ,  0.00755183 ,  0.0498057  ])
604     , -88.6422    , array([ 0.0150607  ,  1.00378    ,  0.00755183 ,  0.049756   ])
608     , -88.6405    , array([ 0.0150607  ,  1.00278    ,  0.00755183 ,  0.049756   ])
612     , -88.6524    , array([ 0.0150607  ,  1.00278    ,  0.00755183 ,  0.0498057  ])
616     , -88.6422    , array([ 0.0150607  ,  1.00378    ,  0.00755183 ,  0.049756   ])
620     , -88.6405    , array([ 0.0150607  ,  1.00278    ,  0.00755183 ,  0.049756   ])
624     , -88.6524    , array([ 0.0150607  ,  1.00278    ,  0.00755183 ,  0.0498057  ])
628     , -88.6422    , array([ 0.0150607  ,  1.00378    ,  0.00755183 ,  0.049756   ])
632     , -88.6405    , array([ 0.0150607  ,  1.00278    ,  0.00755183 ,  0.049756   ])
636     , -88.6524    , array([ 0.0150607  ,  1.00278    ,  0.00755183 ,  0.0498057  ])
640     , -88.6449    , array([ 0.0170889  ,  1.00655    ,  0.00860233 ,  0.049475   ])
644     , -88.6412    , array([ 0.0165576  ,  1.00485    ,  0.00832674 ,  0.0495451  ])
648     , -88.653     , array([ 0.0165576  ,  1.00485    ,  0.00832674 ,  0.0495946  ])
652     , -88.6415    , array([ 0.015544   ,  1.00447    ,  0.00780177 ,  0.0496856  ])
656     , -88.6419    , array([ 0.014624   ,  1.00214    ,  0.00732623 ,  0.0498216  ])
660     , -88.6399    , array([ 0.0155123  ,  1.00342    ,  0.00778536 ,  0.0496901  ])
664     , -88.6399    , array([ 0.0155429  ,  1.00347    ,  0.0078012  ,  0.0496857  ])
