272     , -413.16     , array([ 28.301     ,  0.167339   ,  2.50125    ,  0.54982    ])
276     , -413.159    , array([ 27.683     ,  0.167339   ,  2.50125    ,  0.54982    ])
280     , -413.159    , array([ 27.8302    ,  0.167339   ,  2.50125    ,  0.54982    ])
288     , -992.278    , array([ 27.8302    ,  0.358318   ,  2.50125    ,  0.54982    ])
292     , -642.713    , array([ 27.8302    ,  0.132897   ,  2.50125    ,  0.54982    ])
296     , -413.159    , array([ 27.8302    ,  0.167303   ,  2.50125    ,  0.54982    ])
300     , -413.159    , array([ 27.8302    ,  0.167299   ,  2.50125    ,  0.54982    ])
304     , -440.458    , array([ 27.8302    ,  0.167299   ,  1.88322    ,  0.54982    ])
308     , -413.158    , array([ 27.8302    ,  0.167299   ,  2.50479    ,  0.54982    ])
312     , -2368.24    , array([ 27.8302    ,  0.167299   ,  2.50479    ,  1.54982    ])
316     , -1811.37    , array([ 27.8302    ,  0.167299   ,  2.50479    ,  0.931786   ])
320     , -422.576    , array([ 27.8302    ,  0.167299   ,  2.50479    ,  0.568798   ])
324     , -413.158    , array([ 27.8302    ,  0.167299   ,  2.50479    ,  0.54993    ])
