4       , -393.221    , array([ 62.8588    ,  0.213075   ,  5          ,  0.772986   ])
8       , -393.219    , array([ 64.6838    ,  0.213075   ,  5          ,  0.772986   ])
12      , -2259.99    , array([ 64.6838    ,  1.21308    ,  5          ,  0.772986   ])
16      , -1273.46    , array([ 64.6838    ,  0.595041   ,  5          ,  0.772986   ])
20      , -721.854    , array([ 64.6838    ,  0.286021   ,  5          ,  0.772986   ])
24      , -393.22     , array([ 64.6838    ,  0.212998   ,  5          ,  0.772986   ])
28      , -393.219    , array([ 64.6838    ,  0.213056   ,  5          ,  0.772986   ])
32      , -402.013    , array([ 64.6838    ,  0.213056   ,  4.38197    ,  0.772986   ])
40      , -393.219    , array([ 64.6838    ,  0.213056   ,  4.99948    ,  0.772986   ])
44      , -393.219    , array([ 64.6838    ,  0.213056   ,  4.99992    ,  0.772986   ])
48      , -393.219    , array([ 64.6838    ,  0.213056   ,  4.99999    ,  0.772986   ])
52      , -393.219    , array([ 64.6838    ,  0.213056   ,  5          ,  0.772986   ])
56      , -393.219    , array([ 64.6838    ,  0.213056   ,  5          ,  0.772986   ])
60      , -393.219    , array([ 64.6838    ,  0.213056   ,  5          ,  0.772986   ])
64      , -393.219    , array([ 64.6838    ,  0.213056   ,  5          ,  0.772986   ])
68      , -393.219    , array([ 64.6838    ,  0.213056   ,  5          ,  0.772986   ])
72      , -393.219    , array([ 64.6838    ,  0.213056   ,  5          ,  0.772986   ])
76      , -393.219    , array([ 64.6838    ,  0.213056   ,  5          ,  0.772986   ])
80      , -393.219    , array([ 64.6838    ,  0.213056   ,  5          ,  0.772986   ])
84      , -396.079    , array([ 64.6838    ,  0.213056   ,  5          ,  0.786071   ])
88      , -393.219    , array([ 64.6838    ,  0.213056   ,  5          ,  0.772954   ])
