4       , -29796      , array([ 98.382     ,  100        ,  0.0679946  ,  0.0829371  ])
8       , -29795.8    , array([ 99.691     ,  100        ,  0.0679946  ,  0.0829371  ])
12      , -29795.8    , array([ 99.9549    ,  100        ,  0.0679946  ,  0.0829371  ])
16      , -29795.8    , array([ 99.9934    ,  100        ,  0.0679946  ,  0.0829371  ])
20      , -29795.8    , array([ 99.999     ,  100        ,  0.0679946  ,  0.0829371  ])
24      , -29795.8    , array([ 99.9999    ,  100        ,  0.0679946  ,  0.0829371  ])
28      , -29795.8    , array([ 100        ,  100        ,  0.0679946  ,  0.0829371  ])
32      , -29795.8    , array([ 100        ,  100        ,  0.0679946  ,  0.0829371  ])
36      , -29795.8    , array([ 100        ,  100        ,  0.0679946  ,  0.0829371  ])
40      , -29795.8    , array([ 100        ,  100        ,  0.0679946  ,  0.0829371  ])
44      , -29795.8    , array([ 100        ,  100        ,  0.0679946  ,  0.0829371  ])
48      , -29795.8    , array([ 100        ,  100        ,  0.0679946  ,  0.0829371  ])
52      , -29795.8    , array([ 100        ,  100        ,  0.0679946  ,  0.0829371  ])
56      , -29795.8    , array([ 100        ,  100        ,  0.0679946  ,  0.0829371  ])
116     , -29795.8    , array([ 100        ,  100        ,  0.0679946  ,  0.0829371  ])
128     , -29797.5    , array([ 100        ,  100        ,  0.0730935  ,  0.0829371  ])
132     , -29795.8    , array([ 100        ,  100        ,  0.0681286  ,  0.0829371  ])
136     , -29795.8    , array([ 100        ,  100        ,  0.0681272  ,  0.0829371  ])
144     , -29883.6    , array([ 100        ,  100        ,  0.0681272  ,  0.0496198  ])
148     , -29795.8    , array([ 100        ,  100        ,  0.0681272  ,  0.082937   ])
152     , -29795.8    , array([ 100        ,  100        ,  0.0681272  ,  0.082937   ])
156     , -29795.8    , array([ 100        ,  100        ,  0.0681272  ,  0.082937   ])
