5       , -1310.96    , array([ 0.998514   ,  0.100341   ,  0.0502418  ,  5.01698    ,  2.50186    ])
10      , -1311.05    , array([ 1.00737    ,  0.100341   ,  0.0502418  ,  5.01698    ,  2.50186    ])
15      , -1310.96    , array([ 0.99858    ,  0.100341   ,  0.0502418  ,  5.01698    ,  2.50186    ])
20      , -1310.96    , array([ 0.99858    ,  0.100341   ,  0.0502418  ,  5.01698    ,  2.50186    ])
25      , -79551.3    , array([ 0.99858    ,  0.0101708  ,  0.0502418  ,  5.01698    ,  2.50186    ])
30      , -1311.04    , array([ 0.99858    ,  0.100144   ,  0.0502418  ,  5.01698    ,  2.50186    ])
35      , -1310.96    , array([ 0.99858    ,  0.100374   ,  0.0502418  ,  5.01698    ,  2.50186    ])
40      , -11529      , array([ 0.99858    ,  0.100374   ,  0.432208   ,  5.01698    ,  2.50186    ])
45      , -12314.1    , array([ 0.99858    ,  0.100374   ,  0.0157999  ,  5.01698    ,  2.50186    ])
50      , -1310.97    , array([ 0.99858    ,  0.100374   ,  0.0501843  ,  5.01698    ,  2.50186    ])
55      , -1310.96    , array([ 0.99858    ,  0.100374   ,  0.0502372  ,  5.01698    ,  2.50186    ])
60      , -1323.51    , array([ 0.99858    ,  0.100374   ,  0.0502373  ,  4.39895    ,  2.50186    ])
65      , -1310.96    , array([ 0.99858    ,  0.100374   ,  0.0502373  ,  5.01461    ,  2.50186    ])
70      , -1535.42    , array([ 0.99858    ,  0.100374   ,  0.0502373  ,  5.01456    ,  0.883829   ])
75      , -1310.96    , array([ 0.99858    ,  0.100374   ,  0.0502373  ,  5.01456    ,  2.50282    ])
