484     , -392.944    , array([ 0.187521   ,  0.00225548 ,  0.135697   ,  0.01335    ])
488     , -7241.85    , array([ 0.191967   ,  0.00177557 ,  0.131734   ,  0.00500763 ])
492     , -7237.02    , array([ 0.191967   ,  0.00177557 ,  0.131734   ,  0.00501264 ])
496     , -393.01     , array([ 0.187526   ,  0.00225709 ,  0.135556   ,  0.0133342  ])
500     , -392.942    , array([ 0.187522   ,  0.00225535 ,  0.13556    ,  0.0133467  ])
504     , -392.969    , array([ 0.187522   ,  0.00225535 ,  0.13556    ,  0.01336    ])
508     , -392.961    , array([ 0.187522   ,  0.00225747 ,  0.13556    ,  0.013346   ])
512     , -392.942    , array([ 0.187522   ,  0.00225532 ,  0.13556    ,  0.0133465  ])
516     , -392.969    , array([ 0.187522   ,  0.00225532 ,  0.13556    ,  0.0133599  ])
520     , -392.961    , array([ 0.187522   ,  0.0022576  ,  0.13556    ,  0.0133466  ])
524     , -392.942    , array([ 0.187522   ,  0.00225534 ,  0.13556    ,  0.0133467  ])
528     , -392.969    , array([ 0.187522   ,  0.00225534 ,  0.13556    ,  0.01336    ])
532     , -392.961    , array([ 0.187522   ,  0.0022576  ,  0.13556    ,  0.0133467  ])
536     , -392.942    , array([ 0.187522   ,  0.00225535 ,  0.13556    ,  0.0133467  ])
540     , -392.969    , array([ 0.187522   ,  0.00225535 ,  0.13556    ,  0.01336    ])
544     , -392.961    , array([ 0.187522   ,  0.0022576  ,  0.13556    ,  0.0133467  ])
548     , -392.942    , array([ 0.187522   ,  0.00225535 ,  0.13556    ,  0.0133467  ])
552     , -392.969    , array([ 0.187522   ,  0.00225535 ,  0.13556    ,  0.01336    ])
556     , -392.961    , array([ 0.187522   ,  0.0022576  ,  0.13556    ,  0.0133467  ])
560     , -392.942    , array([ 0.187522   ,  0.00225535 ,  0.13556    ,  0.0133467  ])
564     , -392.969    , array([ 0.187522   ,  0.00225535 ,  0.13556    ,  0.01336    ])
568     , -392.961    , array([ 0.187522   ,  0.0022576  ,  0.13556    ,  0.0133467  ])
572     , -392.942    , array([ 0.187522   ,  0.00225535 ,  0.13556    ,  0.0133467  ])
576     , -392.969    , array([ 0.187522   ,  0.00225535 ,  0.13556    ,  0.01336    ])
580     , -392.961    , array([ 0.187522   ,  0.0022576  ,  0.13556    ,  0.0133467  ])
584     , -392.942    , array([ 0.187522   ,  0.00225535 ,  0.13556    ,  0.0133467  ])
588     , -392.969    , array([ 0.187522   ,  0.00225535 ,  0.13556    ,  0.01336    ])
592     , -392.961    , array([ 0.187522   ,  0.0022576  ,  0.13556    ,  0.0133467  ])
596     , -392.942    , array([ 0.187522   ,  0.00225535 ,  0.13556    ,  0.0133467  ])
600     , -392.969    , array([ 0.187522   ,  0.00225535 ,  0.13556    ,  0.01336    ])
604     , -392.961    , array([ 0.187522   ,  0.0022576  ,  0.13556    ,  0.0133467  ])
608     , -392.942    , array([ 0.187522   ,  0.00225535 ,  0.13556    ,  0.0133467  ])
612     , -392.969    , array([ 0.187522   ,  0.00225535 ,  0.13556    ,  0.01336    ])
616     , -392.961    , array([ 0.187522   ,  0.0022576  ,  0.13556    ,  0.0133467  ])
620     , -392.942    , array([ 0.187522   ,  0.00225535 ,  0.13556    ,  0.0133467  ])
624     , -392.969    , array([ 0.187522   ,  0.00225535 ,  0.13556    ,  0.01336    ])
628     , -392.961    , array([ 0.187522   ,  0.0022576  ,  0.13556    ,  0.0133467  ])
632     , -392.942    , array([ 0.187522   ,  0.00225535 ,  0.13556    ,  0.0133467  ])
636     , -392.969    , array([ 0.187522   ,  0.00225535 ,  0.13556    ,  0.01336    ])
640     , -392.961    , array([ 0.187522   ,  0.0022576  ,  0.13556    ,  0.0133467  ])
644     , -392.942    , array([ 0.187522   ,  0.00225535 ,  0.13556    ,  0.0133467  ])
648     , -392.969    , array([ 0.187522   ,  0.00225535 ,  0.13556    ,  0.01336    ])
652     , -392.961    , array([ 0.187522   ,  0.0022576  ,  0.13556    ,  0.0133467  ])
656     , -392.942    , array([ 0.187522   ,  0.00225535 ,  0.13556    ,  0.0133467  ])
660     , -392.969    , array([ 0.187522   ,  0.00225535 ,  0.13556    ,  0.01336    ])
664     , -392.961    , array([ 0.187522   ,  0.0022576  ,  0.13556    ,  0.0133467  ])
668     , -392.942    , array([ 0.187522   ,  0.00225535 ,  0.13556    ,  0.0133467  ])
672     , -392.969    , array([ 0.187522   ,  0.00225535 ,  0.13556    ,  0.01336    ])
676     , -392.961    , array([ 0.187522   ,  0.0022576  ,  0.13556    ,  0.0133467  ])
680     , -392.942    , array([ 0.187522   ,  0.00225535 ,  0.13556    ,  0.0133467  ])
684     , -392.969    , array([ 0.187522   ,  0.00225535 ,  0.13556    ,  0.01336    ])
688     , -392.961    , array([ 0.187522   ,  0.0022576  ,  0.13556    ,  0.0133467  ])
692     , -392.942    , array([ 0.187522   ,  0.00225535 ,  0.13556    ,  0.0133467  ])
696     , -392.969    , array([ 0.187522   ,  0.00225535 ,  0.13556    ,  0.01336    ])
700     , -392.961    , array([ 0.187522   ,  0.0022576  ,  0.13556    ,  0.0133467  ])
704     , -392.942    , array([ 0.187522   ,  0.00225535 ,  0.13556    ,  0.0133467  ])
708     , -392.969    , array([ 0.187522   ,  0.00225535 ,  0.13556    ,  0.01336    ])
712     , -392.961    , array([ 0.187522   ,  0.0022576  ,  0.13556    ,  0.0133467  ])
716     , -392.942    , array([ 0.187522   ,  0.00225535 ,  0.13556    ,  0.0133467  ])
720     , -392.969    , array([ 0.187522   ,  0.00225535 ,  0.13556    ,  0.01336    ])
724     , -392.961    , array([ 0.187522   ,  0.0022576  ,  0.13556    ,  0.0133467  ])
728     , -392.942    , array([ 0.187522   ,  0.00225535 ,  0.13556    ,  0.0133467  ])
732     , -392.969    , array([ 0.187522   ,  0.00225535 ,  0.13556    ,  0.01336    ])
736     , -392.961    , array([ 0.187522   ,  0.0022576  ,  0.13556    ,  0.0133467  ])
740     , -392.942    , array([ 0.187522   ,  0.00225535 ,  0.13556    ,  0.0133467  ])
744     , -392.969    , array([ 0.187522   ,  0.00225535 ,  0.13556    ,  0.01336    ])
748     , -392.961    , array([ 0.187522   ,  0.0022576  ,  0.13556    ,  0.0133467  ])
752     , -392.942    , array([ 0.187522   ,  0.00225535 ,  0.13556    ,  0.0133467  ])
756     , -392.969    , array([ 0.187522   ,  0.00225535 ,  0.13556    ,  0.01336    ])
760     , -392.961    , array([ 0.187522   ,  0.0022576  ,  0.13556    ,  0.0133467  ])
764     , -392.942    , array([ 0.187522   ,  0.00225535 ,  0.13556    ,  0.0133467  ])
768     , -392.969    , array([ 0.187522   ,  0.00225535 ,  0.13556    ,  0.01336    ])
772     , -392.961    , array([ 0.187522   ,  0.0022576  ,  0.13556    ,  0.0133467  ])
776     , -392.942    , array([ 0.187522   ,  0.00225535 ,  0.13556    ,  0.0133467  ])
780     , -392.969    , array([ 0.187522   ,  0.00225535 ,  0.13556    ,  0.01336    ])
784     , -392.961    , array([ 0.187522   ,  0.0022576  ,  0.13556    ,  0.0133467  ])
788     , -392.942    , array([ 0.187522   ,  0.00225535 ,  0.13556    ,  0.0133467  ])
792     , -392.969    , array([ 0.187522   ,  0.00225535 ,  0.13556    ,  0.01336    ])
796     , -392.961    , array([ 0.187522   ,  0.0022576  ,  0.13556    ,  0.0133467  ])
800     , -392.942    , array([ 0.187522   ,  0.00225535 ,  0.13556    ,  0.0133467  ])
804     , -392.969    , array([ 0.187522   ,  0.00225535 ,  0.13556    ,  0.01336    ])
808     , -392.961    , array([ 0.187522   ,  0.0022576  ,  0.13556    ,  0.0133467  ])
812     , -392.942    , array([ 0.187522   ,  0.00225535 ,  0.13556    ,  0.0133467  ])
816     , -392.969    , array([ 0.187522   ,  0.00225535 ,  0.13556    ,  0.01336    ])
820     , -392.961    , array([ 0.187522   ,  0.0022576  ,  0.13556    ,  0.0133467  ])
824     , -392.942    , array([ 0.187522   ,  0.00225535 ,  0.13556    ,  0.0133467  ])
828     , -392.969    , array([ 0.187522   ,  0.00225535 ,  0.13556    ,  0.01336    ])
832     , -392.961    , array([ 0.187522   ,  0.0022576  ,  0.13556    ,  0.0133467  ])
836     , -392.942    , array([ 0.187522   ,  0.00225535 ,  0.13556    ,  0.0133467  ])
840     , -392.969    , array([ 0.187522   ,  0.00225535 ,  0.13556    ,  0.01336    ])
844     , -392.961    , array([ 0.187522   ,  0.0022576  ,  0.13556    ,  0.0133467  ])
848     , -392.942    , array([ 0.187522   ,  0.00225535 ,  0.13556    ,  0.0133467  ])
852     , -392.969    , array([ 0.187522   ,  0.00225535 ,  0.13556    ,  0.01336    ])
856     , -392.961    , array([ 0.187522   ,  0.0022576  ,  0.13556    ,  0.0133467  ])
860     , -392.942    , array([ 0.187522   ,  0.00225535 ,  0.13556    ,  0.0133467  ])
864     , -392.969    , array([ 0.187522   ,  0.00225535 ,  0.13556    ,  0.01336    ])
868     , -392.961    , array([ 0.187522   ,  0.0022576  ,  0.13556    ,  0.0133467  ])
872     , -392.942    , array([ 0.187522   ,  0.00225535 ,  0.13556    ,  0.0133467  ])
876     , -392.969    , array([ 0.187522   ,  0.00225535 ,  0.13556    ,  0.01336    ])
880     , -392.961    , array([ 0.187522   ,  0.0022576  ,  0.13556    ,  0.0133467  ])
884     , -392.942    , array([ 0.187522   ,  0.00225535 ,  0.13556    ,  0.0133467  ])
888     , -392.969    , array([ 0.187522   ,  0.00225535 ,  0.13556    ,  0.01336    ])
892     , -392.961    , array([ 0.187522   ,  0.0022576  ,  0.13556    ,  0.0133467  ])
896     , -392.942    , array([ 0.187522   ,  0.00225535 ,  0.13556    ,  0.0133467  ])
900     , -392.969    , array([ 0.187522   ,  0.00225535 ,  0.13556    ,  0.01336    ])
904     , -392.961    , array([ 0.187522   ,  0.0022576  ,  0.13556    ,  0.0133467  ])
908     , -392.942    , array([ 0.187522   ,  0.00225535 ,  0.13556    ,  0.0133467  ])
912     , -392.969    , array([ 0.187522   ,  0.00225535 ,  0.13556    ,  0.01336    ])
916     , -392.942    , array([ 0.187522   ,  0.00225533 ,  0.13556    ,  0.0133466  ])
920     , -392.942    , array([ 0.187522   ,  0.00225534 ,  0.13556    ,  0.0133467  ])
924     , -392.942    , array([ 0.187522   ,  0.00225535 ,  0.13556    ,  0.0133467  ])
