4       , -89.1671    , array([ 0.0629902  ,  1.08302    ,  0.0351359  ,  0.0425034  ])
8       , -451.291    , array([ 0.0302152  ,  1.10779    ,  0.0247331  ,  0.0233782  ])
12      , -450.444    , array([ 0.0302152  ,  1.10779    ,  0.0247331  ,  0.0234016  ])
16      , -89.1636    , array([ 0.0628112  ,  1.0842     ,  0.0350532  ,  0.0424051  ])
20      , -89.163     , array([ 0.0627677  ,  1.08343    ,  0.0350161  ,  0.042404   ])
24      , -89.1613    , array([ 0.0627677  ,  1.08343    ,  0.0350161  ,  0.0424464  ])
28      , -89.157     , array([ 0.0625939  ,  1.08579    ,  0.0348682  ,  0.0423994  ])
32      , -89.1515    , array([ 0.0623689  ,  1.08625    ,  0.0347247  ,  0.0424159  ])
36      , -89.1492    , array([ 0.0623689  ,  1.08625    ,  0.0347247  ,  0.0424584  ])
40      , -89.1328    , array([ 0.061477   ,  1.09355    ,  0.0341565  ,  0.0424821  ])
44      , -89.1057    , array([ 0.0604757  ,  1.08941    ,  0.0335255  ,  0.0426511  ])
48      , -89.105     , array([ 0.0604757  ,  1.08941    ,  0.0335255  ,  0.0426937  ])
52      , -89.0124    , array([ 0.0566308  ,  1.07839    ,  0.0311162  ,  0.0433338  ])
56      , -88.9187    , array([ 0.0520577  ,  1.06589    ,  0.0282892  ,  0.0441188  ])
60      , -88.9216    , array([ 0.0520577  ,  1.06589    ,  0.0282892  ,  0.0441629  ])
64      , -88.8592    , array([ 0.0484368  ,  1.05839    ,  0.0260972  ,  0.0447315  ])
68      , -88.8234    , array([ 0.0460538  ,  1.0521     ,  0.0246784  ,  0.0451215  ])
72      , -88.8286    , array([ 0.0460538  ,  1.0521     ,  0.0246784  ,  0.0451666  ])
76      , -88.7964    , array([ 0.0376379  ,  1.03243    ,  0.0197336  ,  0.0467158  ])
80      , -88.7941    , array([ 0.0350716  ,  1.02572    ,  0.0182785  ,  0.0471602  ])
84      , -88.809     , array([ 0.0350716  ,  1.02572    ,  0.0182785  ,  0.0472073  ])
88      , -88.7956    , array([ 0.0350504  ,  1.02672    ,  0.0182667  ,  0.0471631  ])
92      , -88.7928    , array([ 0.0349661  ,  1.02555    ,  0.0182198  ,  0.0471747  ])
96      , -88.8077    , array([ 0.0349661  ,  1.02555    ,  0.0182198  ,  0.0472219  ])
100     , -88.7906    , array([ 0.0346306  ,  1.02602    ,  0.0180335  ,  0.0472212  ])
104     , -88.7762    , array([ 0.0333208  ,  1.02277    ,  0.0173068  ,  0.0474076  ])
108     , -88.7909    , array([ 0.0333208  ,  1.02277    ,  0.0173068  ,  0.047455   ])
112     , -88.771     , array([ 0.0285584  ,  1.01496    ,  0.0146814  ,  0.0481606  ])
116     , -88.7617    , array([ 0.0278703  ,  1.01303    ,  0.0143095  ,  0.0482495  ])
120     , -88.7779    , array([ 0.0278703  ,  1.01303    ,  0.0143095  ,  0.0482978  ])
124     , -88.7465    , array([ 0.0252796  ,  1.01041    ,  0.0129137  ,  0.0486068  ])
128     , -88.7357    , array([ 0.0246991  ,  1.00881    ,  0.012605   ,  0.0486722  ])
132     , -88.7515    , array([ 0.0246991  ,  1.00881    ,  0.012605   ,  0.0487209  ])
136     , -88.7111    , array([ 0.0225074  ,  1.00743    ,  0.0114424  ,  0.0489351  ])
140     , -88.6997    , array([ 0.0217305  ,  1.00572    ,  0.0110329  ,  0.049023   ])
144     , -88.7142    , array([ 0.0217305  ,  1.00572    ,  0.0110329  ,  0.0490721  ])
148     , -88.6796    , array([ 0.018882   ,  1.00391    ,  0.0095364  ,  0.0493764  ])
152     , -88.6726    , array([ 0.0182594  ,  1.00225    ,  0.00921207 ,  0.0494503  ])
156     , -88.6863    , array([ 0.0182594  ,  1.00225    ,  0.00921207 ,  0.0494998  ])
160     , -88.664     , array([ 0.0159675  ,  1.00061    ,  0.00802136 ,  0.0497471  ])
164     , -88.8142    , array([ 0.00933783 ,  0.989125   ,  0.00461119 ,  0.0509521  ])
168     , -88.8355    , array([ 0.00933783 ,  0.989125   ,  0.00461119 ,  0.0510031  ])
172     , -88.6691    , array([ 0.0143733  ,  0.998542   ,  0.00719626 ,  0.0499811  ])
176     , -88.6664    , array([ 0.0142087  ,  0.997373   ,  0.0071119  ,  0.0500001  ])
180     , -88.6802    , array([ 0.0142087  ,  0.997373   ,  0.0071119  ,  0.0500501  ])
184     , -88.6632    , array([ 0.0135689  ,  0.997685   ,  0.00678424 ,  0.0500762  ])
188     , -88.6605    , array([ 0.0112851  ,  0.993953   ,  0.00561776 ,  0.0503818  ])
192     , -88.6741    , array([ 0.0112851  ,  0.993953   ,  0.00561776 ,  0.0504322  ])
196     , -88.9191    , array([ 0.00539943 ,  0.98407    ,  0.00264126 ,  0.0516231  ])
200     , -88.6748    , array([ 0.00982573 ,  0.991902   ,  0.00487525 ,  0.0506127  ])
204     , -88.6892    , array([ 0.00982573 ,  0.991902   ,  0.00487525 ,  0.0506633  ])
208     , -88.6635    , array([ 0.0109785  ,  0.994539   ,  0.00546156 ,  0.0504277  ])
212     , -88.6618    , array([ 0.0109118  ,  0.993482   ,  0.00542778 ,  0.0504352  ])
216     , -88.6754    , array([ 0.0109118  ,  0.993482   ,  0.00542778 ,  0.0504856  ])
220     , -88.6611    , array([ 0.0106489  ,  0.994226   ,  0.00529472 ,  0.0504652  ])
224     , -88.656     , array([ 0.0096593  ,  0.992234   ,  0.00479433 ,  0.0505854  ])
228     , -88.6692    , array([ 0.0096593  ,  0.992234   ,  0.00479433 ,  0.050636   ])
232     , -88.6891    , array([ 0.00653895 ,  0.989241   ,  0.00322304 ,  0.0510693  ])
236     , -88.6566    , array([ 0.00891031 ,  0.991409   ,  0.0044162  ,  0.0506852  ])
240     , -88.6698    , array([ 0.00891031 ,  0.991409   ,  0.0044162  ,  0.0507359  ])
244     , -88.657     , array([ 0.0094954  ,  0.993052   ,  0.00471154 ,  0.0506066  ])
248     , -88.6561    , array([ 0.00910508 ,  0.99163    ,  0.00451448 ,  0.0506584  ])
252     , -88.6693    , array([ 0.00910508 ,  0.99163    ,  0.00451448 ,  0.0507091  ])
256     , -88.6569    , array([ 0.00941156 ,  0.992961   ,  0.0046692  ,  0.0506175  ])
260     , -88.656     , array([ 0.00920814 ,  0.991745   ,  0.0045665  ,  0.0506445  ])
264     , -88.6692    , array([ 0.00920814 ,  0.991745   ,  0.0045665  ,  0.0506952  ])
268     , -88.657     , array([ 0.00936829 ,  0.992914   ,  0.00464735 ,  0.0506232  ])
272     , -88.6558    , array([ 0.0094024  ,  0.991959   ,  0.00466457 ,  0.0506187  ])
276     , -88.669     , array([ 0.0094024  ,  0.991959   ,  0.00466457 ,  0.0506694  ])
280     , -88.6569    , array([ 0.00940962 ,  0.992959   ,  0.00466822 ,  0.0506178  ])
284     , -88.6558    , array([ 0.00941115 ,  0.991968   ,  0.00466899 ,  0.0506176  ])
288     , -88.669     , array([ 0.00941115 ,  0.991968   ,  0.00466899 ,  0.0506682  ])
292     , -88.6569    , array([ 0.00941147 ,  0.992961   ,  0.00466915 ,  0.0506175  ])
296     , -88.6558    , array([ 0.00941154 ,  0.991969   ,  0.00466919 ,  0.0506175  ])
300     , -88.669     , array([ 0.00941154 ,  0.991969   ,  0.00466919 ,  0.0506682  ])
304     , -88.6569    , array([ 0.00941155 ,  0.992961   ,  0.0046692  ,  0.0506175  ])
308     , -88.6558    , array([ 0.00941156 ,  0.991969   ,  0.0046692  ,  0.0506175  ])
312     , -88.669     , array([ 0.00941156 ,  0.991969   ,  0.0046692  ,  0.0506682  ])
316     , -88.6569    , array([ 0.00941156 ,  0.992961   ,  0.0046692  ,  0.0506175  ])
320     , -88.6558    , array([ 0.00941156 ,  0.991969   ,  0.0046692  ,  0.0506175  ])
324     , -88.669     , array([ 0.00941156 ,  0.991969   ,  0.0046692  ,  0.0506682  ])
328     , -88.6569    , array([ 0.00941156 ,  0.992961   ,  0.0046692  ,  0.0506175  ])
332     , -88.6558    , array([ 0.00941156 ,  0.991969   ,  0.0046692  ,  0.0506175  ])
336     , -88.669     , array([ 0.00941156 ,  0.991969   ,  0.0046692  ,  0.0506682  ])
340     , -88.6569    , array([ 0.00941156 ,  0.992961   ,  0.0046692  ,  0.0506175  ])
344     , -88.6558    , array([ 0.00941156 ,  0.991969   ,  0.0046692  ,  0.0506175  ])
348     , -88.669     , array([ 0.00941156 ,  0.991969   ,  0.0046692  ,  0.0506682  ])
352     , -88.6569    , array([ 0.00941156 ,  0.992961   ,  0.0046692  ,  0.0506175  ])
356     , -88.6558    , array([ 0.00941156 ,  0.991969   ,  0.0046692  ,  0.0506175  ])
360     , -88.669     , array([ 0.00941156 ,  0.991969   ,  0.0046692  ,  0.0506682  ])
364     , -88.6569    , array([ 0.00941156 ,  0.992961   ,  0.0046692  ,  0.0506175  ])
368     , -88.6558    , array([ 0.00941156 ,  0.991969   ,  0.0046692  ,  0.0506175  ])
372     , -88.669     , array([ 0.00941156 ,  0.991969   ,  0.0046692  ,  0.0506682  ])
376     , -88.6569    , array([ 0.00941156 ,  0.992961   ,  0.0046692  ,  0.0506175  ])
380     , -88.6558    , array([ 0.00941156 ,  0.991969   ,  0.0046692  ,  0.0506175  ])
384     , -88.669     , array([ 0.00941156 ,  0.991969   ,  0.0046692  ,  0.0506682  ])
388     , -88.6569    , array([ 0.00941156 ,  0.992961   ,  0.0046692  ,  0.0506175  ])
392     , -88.6558    , array([ 0.00941156 ,  0.991969   ,  0.0046692  ,  0.0506175  ])
396     , -88.669     , array([ 0.00941156 ,  0.991969   ,  0.0046692  ,  0.0506682  ])
400     , -88.6569    , array([ 0.00941156 ,  0.992961   ,  0.0046692  ,  0.0506175  ])
404     , -88.6558    , array([ 0.00941156 ,  0.991969   ,  0.0046692  ,  0.0506175  ])
408     , -88.669     , array([ 0.00941156 ,  0.991969   ,  0.0046692  ,  0.0506682  ])
412     , -88.6569    , array([ 0.00941156 ,  0.992961   ,  0.0046692  ,  0.0506175  ])
416     , -88.6558    , array([ 0.00941156 ,  0.991969   ,  0.0046692  ,  0.0506175  ])
420     , -88.669     , array([ 0.00941156 ,  0.991969   ,  0.0046692  ,  0.0506682  ])
424     , -88.6569    , array([ 0.00941156 ,  0.992961   ,  0.0046692  ,  0.0506175  ])
428     , -88.6558    , array([ 0.00941156 ,  0.991969   ,  0.0046692  ,  0.0506175  ])
432     , -88.669     , array([ 0.00941156 ,  0.991969   ,  0.0046692  ,  0.0506682  ])
436     , -88.663     , array([ 0.0109118  ,  0.994476   ,  0.00542778 ,  0.0504352  ])
440     , -88.6613    , array([ 0.0108454  ,  0.99342    ,  0.00539421 ,  0.0504427  ])
444     , -88.6749    , array([ 0.0108454  ,  0.99342    ,  0.00539421 ,  0.0504931  ])
448     , -88.6615    , array([ 0.010714   ,  0.994289   ,  0.00532768 ,  0.0504577  ])
452     , -88.6588    , array([ 0.0104559  ,  0.993045   ,  0.00519708 ,  0.0504877  ])
456     , -88.6722    , array([ 0.0104559  ,  0.993045   ,  0.00519708 ,  0.0505382  ])
460     , -88.6578    , array([ 0.00995825 ,  0.993539   ,  0.0049454  ,  0.0505478  ])
464     , -88.6563    , array([ 0.00903282 ,  0.991549   ,  0.00447802 ,  0.0506683  ])
468     , -88.6695    , array([ 0.00903282 ,  0.991549   ,  0.00447802 ,  0.050719   ])
472     , -88.6567    , array([ 0.00888413 ,  0.991379   ,  0.004403   ,  0.0506888  ])
476     , -88.6563    , array([ 0.00902779 ,  0.991543   ,  0.00447548 ,  0.050669   ])
480     , -88.6563    , array([ 0.00903265 ,  0.991549   ,  0.00447793 ,  0.0506683  ])
