1392    , -89.5655    , array([ 0.0754241  ,  1.11765    ,  0.043397   ,  0.0403933  ])
1396    , -769.338    , array([ 0.0903818  ,  1.13733    ,  0.0164744  ,  0.0506107  ])
1400    , -769.494    , array([ 0.0903818  ,  1.13733    ,  0.0164744  ,  0.0506613  ])
1404    , -89.5561    , array([ 0.0754547  ,  1.11881    ,  0.0432596  ,  0.0404137  ])
1408    , -89.5505    , array([ 0.0753364  ,  1.11819    ,  0.0431658  ,  0.0404707  ])
1412    , -89.5505    , array([ 0.0753364  ,  1.11819    ,  0.0431658  ,  0.0405112  ])
1416    , -89.5426    , array([ 0.0751171  ,  1.11947    ,  0.0430151  ,  0.0404954  ])
1420    , -89.5121    , array([ 0.0742462  ,  1.119      ,  0.0424176  ,  0.0405942  ])
1424    , -89.5117    , array([ 0.0742462  ,  1.119      ,  0.0424176  ,  0.0406348  ])
1428    , -89.4095    , array([ 0.0708625  ,  1.12269    ,  0.0401096  ,  0.0409919  ])
1432    , -89.2566    , array([ 0.0662505  ,  1.09279    ,  0.0371177  ,  0.041999   ])
1436    , -89.2585    , array([ 0.0662505  ,  1.09279    ,  0.0371177  ,  0.042041   ])
1440    , -89.1194    , array([ 0.0606372  ,  1.07838    ,  0.0334975  ,  0.0429996  ])
1444    , -89.0148    , array([ 0.055342   ,  1.06387    ,  0.0301911  ,  0.0439075  ])
1448    , -89.0219    , array([ 0.055342   ,  1.06387    ,  0.0301911  ,  0.0439514  ])
1452    , -88.9451    , array([ 0.0512544  ,  1.05596    ,  0.0277042  ,  0.0445713  ])
1456    , -88.8987    , array([ 0.0485466  ,  1.04973    ,  0.0260897  ,  0.0449819  ])
1460    , -88.9073    , array([ 0.0485466  ,  1.04973    ,  0.0260897  ,  0.0450269  ])
1464    , -88.8617    , array([ 0.0390726  ,  1.03029    ,  0.0205194  ,  0.0466622  ])
1468    , -88.829     , array([ 0.036195   ,  1.02429    ,  0.0189015  ,  0.0470827  ])
1472    , -88.8449    , array([ 0.036195   ,  1.02429    ,  0.0189015  ,  0.0471298  ])
1476    , -88.8093    , array([ 0.0353297  ,  1.0245     ,  0.0184244  ,  0.0471752  ])
1480    , -88.7455    , array([ 0.0320706  ,  1.02024    ,  0.0166334  ,  0.0475474  ])
1484    , -88.7591    , array([ 0.0320706  ,  1.02024    ,  0.0166334  ,  0.0475949  ])
1488    , -88.7153    , array([ 0.0297023  ,  1.01879    ,  0.0153376  ,  0.0478362  ])
1492    , -88.7129    , array([ 0.0218534  ,  1.00798    ,  0.011088   ,  0.0490094  ])
1496    , -88.7285    , array([ 0.0218534  ,  1.00798    ,  0.011088   ,  0.0490584  ])
1500    , -88.703     , array([ 0.0211817  ,  1.00818    ,  0.0107367  ,  0.0490814  ])
1504    , -88.6707    , array([ 0.0186954  ,  1.00395    ,  0.00943917 ,  0.0493705  ])
1508    , -88.6843    , array([ 0.0186954  ,  1.00395    ,  0.00943917 ,  0.0494199  ])
1512    , -88.6668    , array([ 0.0178548  ,  1.00424    ,  0.00900078 ,  0.0494737  ])
1516    , -88.6667    , array([ 0.0148536  ,  1.00039    ,  0.00744156 ,  0.0498884  ])
1520    , -88.6809    , array([ 0.0148536  ,  1.00039    ,  0.00744156 ,  0.0499383  ])
1524    , -88.6676    , array([ 0.0147931  ,  1.00134    ,  0.00741067 ,  0.0498942  ])
1528    , -88.6619    , array([ 0.0145538  ,  1.00011    ,  0.00728839 ,  0.0499175  ])
1532    , -88.6758    , array([ 0.0145538  ,  1.00011    ,  0.00728839 ,  0.0499674  ])
1536    , -88.6511    , array([ 0.0136347  ,  1.00018    ,  0.00681912 ,  0.0500108  ])
1540    , -88.6316    , array([ 0.0105032  ,  0.99549    ,  0.00522535 ,  0.0503857  ])
1544    , -88.6434    , array([ 0.0105032  ,  0.99549    ,  0.00522535 ,  0.0504362  ])
1548    , -88.6354    , array([ 0.0100672  ,  0.995979   ,  0.00500374 ,  0.0504507  ])
1552    , -88.632     , array([ 0.0104132  ,  0.995387   ,  0.00517958 ,  0.0503989  ])
1556    , -88.6438    , array([ 0.0104132  ,  0.995387   ,  0.00517958 ,  0.0504493  ])
1560    , -88.633     , array([ 0.0104849  ,  0.996465   ,  0.005216   ,  0.0503884  ])
1564    , -88.6316    , array([ 0.0104995  ,  0.995486   ,  0.00522344 ,  0.0503863  ])
1568    , -88.6434    , array([ 0.0104995  ,  0.995486   ,  0.00522344 ,  0.0504367  ])
1572    , -88.6329    , array([ 0.0105025  ,  0.996485   ,  0.00522496 ,  0.0503859  ])
1576    , -88.6316    , array([ 0.0105031  ,  0.99549    ,  0.00522527 ,  0.0503858  ])
1580    , -88.6434    , array([ 0.0105031  ,  0.99549    ,  0.00522527 ,  0.0504362  ])
1584    , -88.6329    , array([ 0.0105032  ,  0.996486   ,  0.00522533 ,  0.0503857  ])
1588    , -88.6316    , array([ 0.0105032  ,  0.99549    ,  0.00522534 ,  0.0503857  ])
1592    , -88.6434    , array([ 0.0105032  ,  0.99549    ,  0.00522534 ,  0.0504362  ])
1596    , -88.6329    , array([ 0.0105032  ,  0.996486   ,  0.00522535 ,  0.0503857  ])
1600    , -88.6316    , array([ 0.0105032  ,  0.99549    ,  0.00522535 ,  0.0503857  ])
1604    , -88.6434    , array([ 0.0105032  ,  0.99549    ,  0.00522535 ,  0.0504362  ])
1608    , -88.6329    , array([ 0.0105032  ,  0.996486   ,  0.00522535 ,  0.0503857  ])
1612    , -88.6316    , array([ 0.0105032  ,  0.99549    ,  0.00522535 ,  0.0503857  ])
1616    , -88.6434    , array([ 0.0105032  ,  0.99549    ,  0.00522535 ,  0.0504362  ])
1620    , -88.6329    , array([ 0.0105032  ,  0.996486   ,  0.00522535 ,  0.0503857  ])
1624    , -88.6316    , array([ 0.0105032  ,  0.99549    ,  0.00522535 ,  0.0503857  ])
1628    , -88.6434    , array([ 0.0105032  ,  0.99549    ,  0.00522535 ,  0.0504362  ])
1632    , -88.6329    , array([ 0.0105032  ,  0.996486   ,  0.00522535 ,  0.0503857  ])
1636    , -88.6316    , array([ 0.0105032  ,  0.99549    ,  0.00522535 ,  0.0503857  ])
1640    , -88.6434    , array([ 0.0105032  ,  0.99549    ,  0.00522535 ,  0.0504362  ])
1644    , -88.6329    , array([ 0.0105032  ,  0.996486   ,  0.00522535 ,  0.0503857  ])
1648    , -88.6316    , array([ 0.0105032  ,  0.99549    ,  0.00522535 ,  0.0503857  ])
1652    , -88.6434    , array([ 0.0105032  ,  0.99549    ,  0.00522535 ,  0.0504362  ])
1656    , -88.6329    , array([ 0.0105032  ,  0.996486   ,  0.00522535 ,  0.0503857  ])
1660    , -88.6316    , array([ 0.0105032  ,  0.99549    ,  0.00522535 ,  0.0503857  ])
1664    , -88.6434    , array([ 0.0105032  ,  0.99549    ,  0.00522535 ,  0.0504362  ])
1668    , -88.6329    , array([ 0.0105032  ,  0.996486   ,  0.00522535 ,  0.0503857  ])
1672    , -88.6316    , array([ 0.0105032  ,  0.99549    ,  0.00522535 ,  0.0503857  ])
1676    , -88.6434    , array([ 0.0105032  ,  0.99549    ,  0.00522535 ,  0.0504362  ])
1680    , -88.6329    , array([ 0.0105032  ,  0.996486   ,  0.00522535 ,  0.0503857  ])
1684    , -88.6316    , array([ 0.0105032  ,  0.99549    ,  0.00522535 ,  0.0503857  ])
1688    , -88.6434    , array([ 0.0105032  ,  0.99549    ,  0.00522535 ,  0.0504362  ])
1692    , -88.6329    , array([ 0.0105032  ,  0.996486   ,  0.00522535 ,  0.0503857  ])
1696    , -88.6316    , array([ 0.0105032  ,  0.99549    ,  0.00522535 ,  0.0503857  ])
1700    , -88.6434    , array([ 0.0105032  ,  0.99549    ,  0.00522535 ,  0.0504362  ])
1704    , -88.6329    , array([ 0.0105032  ,  0.996486   ,  0.00522535 ,  0.0503857  ])
1708    , -88.6316    , array([ 0.0105032  ,  0.99549    ,  0.00522535 ,  0.0503857  ])
1712    , -88.6434    , array([ 0.0105032  ,  0.99549    ,  0.00522535 ,  0.0504362  ])
1716    , -88.6329    , array([ 0.0105032  ,  0.996486   ,  0.00522535 ,  0.0503857  ])
1720    , -88.6316    , array([ 0.0105032  ,  0.99549    ,  0.00522535 ,  0.0503857  ])
1724    , -88.6434    , array([ 0.0105032  ,  0.99549    ,  0.00522535 ,  0.0504362  ])
1728    , -88.6329    , array([ 0.0105032  ,  0.996486   ,  0.00522535 ,  0.0503857  ])
1732    , -88.6316    , array([ 0.0105032  ,  0.99549    ,  0.00522535 ,  0.0503857  ])
1736    , -88.6434    , array([ 0.0105032  ,  0.99549    ,  0.00522535 ,  0.0504362  ])
1740    , -88.6329    , array([ 0.0105032  ,  0.996486   ,  0.00522535 ,  0.0503857  ])
1744    , -88.6316    , array([ 0.0105032  ,  0.99549    ,  0.00522535 ,  0.0503857  ])
1748    , -88.6434    , array([ 0.0105032  ,  0.99549    ,  0.00522535 ,  0.0504362  ])
1752    , -88.6329    , array([ 0.0105032  ,  0.996486   ,  0.00522535 ,  0.0503857  ])
1756    , -88.6316    , array([ 0.0105032  ,  0.99549    ,  0.00522535 ,  0.0503857  ])
1760    , -88.6434    , array([ 0.0105032  ,  0.99549    ,  0.00522535 ,  0.0504362  ])
1764    , -88.6329    , array([ 0.0105032  ,  0.996486   ,  0.00522535 ,  0.0503857  ])
1768    , -88.6316    , array([ 0.0105032  ,  0.99549    ,  0.00522535 ,  0.0503857  ])
1772    , -88.6434    , array([ 0.0105032  ,  0.99549    ,  0.00522535 ,  0.0504362  ])
1776    , -88.6329    , array([ 0.0105032  ,  0.996486   ,  0.00522535 ,  0.0503857  ])
1780    , -88.6316    , array([ 0.0105032  ,  0.99549    ,  0.00522535 ,  0.0503857  ])
1784    , -88.6434    , array([ 0.0105032  ,  0.99549    ,  0.00522535 ,  0.0504362  ])
1788    , -88.6329    , array([ 0.0105032  ,  0.996486   ,  0.00522535 ,  0.0503857  ])
1792    , -88.6316    , array([ 0.0105032  ,  0.99549    ,  0.00522535 ,  0.0503857  ])
1796    , -88.6434    , array([ 0.0105032  ,  0.99549    ,  0.00522535 ,  0.0504362  ])
1800    , -88.6329    , array([ 0.0105032  ,  0.996486   ,  0.00522535 ,  0.0503857  ])
1804    , -88.6316    , array([ 0.0105032  ,  0.99549    ,  0.00522535 ,  0.0503857  ])
1808    , -88.6434    , array([ 0.0105032  ,  0.99549    ,  0.00522535 ,  0.0504362  ])
1812    , -88.6329    , array([ 0.0105032  ,  0.996486   ,  0.00522535 ,  0.0503857  ])
1816    , -88.6316    , array([ 0.0105032  ,  0.99549    ,  0.00522535 ,  0.0503857  ])
1820    , -88.6434    , array([ 0.0105032  ,  0.99549    ,  0.00522535 ,  0.0504362  ])
1824    , -88.6329    , array([ 0.0105032  ,  0.996486   ,  0.00522535 ,  0.0503857  ])
1828    , -88.6316    , array([ 0.0105032  ,  0.99549    ,  0.00522535 ,  0.0503857  ])
1832    , -88.6434    , array([ 0.0105032  ,  0.99549    ,  0.00522535 ,  0.0504362  ])
1836    , -88.6329    , array([ 0.0105032  ,  0.996486   ,  0.00522535 ,  0.0503857  ])
1840    , -88.6316    , array([ 0.0105032  ,  0.99549    ,  0.00522535 ,  0.0503857  ])
1844    , -88.6434    , array([ 0.0105032  ,  0.99549    ,  0.00522535 ,  0.0504362  ])
1848    , -88.6329    , array([ 0.0105032  ,  0.996486   ,  0.00522535 ,  0.0503857  ])
1852    , -88.6316    , array([ 0.0105032  ,  0.99549    ,  0.00522535 ,  0.0503857  ])
1856    , -88.6434    , array([ 0.0105032  ,  0.99549    ,  0.00522535 ,  0.0504362  ])
1860    , -88.6318    , array([ 0.0104661  ,  0.995448   ,  0.00520644 ,  0.0503912  ])
1864    , -88.6316    , array([ 0.0105021  ,  0.995489   ,  0.00522475 ,  0.0503859  ])
1868    , -88.6316    , array([ 0.0105032  ,  0.99549    ,  0.00522533 ,  0.0503857  ])
