5       , -1315.81    , array([ 0.997121   ,  0.109115   ,  5.07886    ,  2.1385     ,  0.0547779  ])
10      , -1315.9     , array([ 1.00486    ,  0.109115   ,  5.07886    ,  2.1385     ,  0.0547779  ])
15      , -1315.81    , array([ 0.996118   ,  0.109115   ,  5.07886    ,  2.1385     ,  0.0547779  ])
20      , -23065.5    , array([ 0.996118   ,  0.491081   ,  5.07886    ,  2.1385     ,  0.0547779  ])
25      , -3400.33    , array([ 0.996118   ,  0.0746732  ,  5.07886    ,  2.1385     ,  0.0547779  ])
30      , -1315.71    , array([ 0.996118   ,  0.108824   ,  5.07886    ,  2.1385     ,  0.0547779  ])
35      , -1315.71    , array([ 0.996118   ,  0.108821   ,  5.07886    ,  2.1385     ,  0.0547779  ])
40      , -1315.68    , array([ 0.996118   ,  0.108821   ,  5.10348    ,  2.1385     ,  0.0547779  ])
45      , -1315.68    , array([ 0.996118   ,  0.108821   ,  5.10348    ,  2.1385     ,  0.0547779  ])
50      , -1315.52    , array([ 0.996118   ,  0.108821   ,  5.10348    ,  2.182      ,  0.0547779  ])
55      , -1315.52    , array([ 0.996118   ,  0.108821   ,  5.10348    ,  2.182      ,  0.0547779  ])
65      , -1356.34    , array([ 0.996118   ,  0.108821   ,  5.10348    ,  2.182      ,  0.0592415  ])
70      , -1315.52    , array([ 0.996118   ,  0.108821   ,  5.10348    ,  2.182      ,  0.0547531  ])
75      , -1315.37    , array([ 0.995114   ,  0.108527   ,  5.12811    ,  2.22549    ,  0.0547278  ])
80      , -1315.35    , array([ 0.994571   ,  0.108368   ,  5.14143    ,  2.24903    ,  0.0547143  ])
85      , -3517.72    , array([ 0.376552   ,  0.108373   ,  5.14106    ,  2.24837    ,  0.0547147  ])
90      , -1315.32    , array([ 0.990376   ,  0.108373   ,  5.14106    ,  2.24837    ,  0.0547147  ])
95      , -38873.8    , array([ 0.989559   ,  1.10837    ,  5.14106    ,  2.24837    ,  0.0547147  ])
100     , -13007.7    , array([ 0.989559   ,  0.299178   ,  5.14106    ,  2.24837    ,  0.0547147  ])
105     , -1506.39    , array([ 0.989559   ,  0.121245   ,  5.14106    ,  2.24837    ,  0.0547147  ])
110     , -1314.84    , array([ 0.989559   ,  0.107744   ,  5.14106    ,  2.24837    ,  0.0547147  ])
115     , -1328.36    , array([ 0.989559   ,  0.107738   ,  4.52302    ,  2.24837    ,  0.0547147  ])
120     , -1314.82    , array([ 0.989559   ,  0.107738   ,  5.12279    ,  2.24837    ,  0.0547147  ])
130     , -4767.72    , array([ 0.989559   ,  0.107738   ,  5.1226     ,  2.24837    ,  0.127632   ])
135     , -1315.63    , array([ 0.989559   ,  0.107738   ,  5.1226     ,  2.24837    ,  0.0550727  ])
140     , -1314.58    , array([ 0.989559   ,  0.107738   ,  5.1226     ,  2.24837    ,  0.0543855  ])
145     , -1314.52    , array([ 0.988612   ,  0.107461   ,  5.14582    ,  2.28939    ,  0.0543618  ])
150     , -1314.52    , array([ 0.988633   ,  0.107467   ,  5.1453     ,  2.28846    ,  0.0543624  ])
155     , -1313.99    , array([ 0.973665   ,  0.104759   ,  5.22893    ,  2.50138    ,  0.0535814  ])
160     , -1684.91    , array([ 1.97684    ,  0.105334   ,  5.21118    ,  2.4562     ,  0.0537471  ])
165     , -1337.38    , array([ 1.13531    ,  0.105334   ,  5.21118    ,  2.4562     ,  0.0537471  ])
170     , -1313.92    , array([ 0.981826   ,  0.105334   ,  5.21118    ,  2.4562     ,  0.0537471  ])
175     , -1313.51    , array([ 0.984442   ,  0.1061     ,  5.14701    ,  2.34283    ,  0.0538124  ])
180     , -1313.51    , array([ 0.984364   ,  0.106077   ,  5.14893    ,  2.34623    ,  0.0538104  ])
185     , -1313.51    , array([ 0.984389   ,  0.106084   ,  5.1483     ,  2.34512    ,  0.0538111  ])
190     , -1313.43    , array([ 0.984389   ,  0.106084   ,  5.10099    ,  2.34512    ,  0.0538111  ])
195     , -1313.43    , array([ 0.984389   ,  0.106084   ,  5.10099    ,  2.34512    ,  0.0538111  ])
205     , -1357       , array([ 0.984389   ,  0.106084   ,  5.10099    ,  2.34512    ,  0.0582883  ])
210     , -1313.39    , array([ 0.984389   ,  0.106084   ,  5.10099    ,  2.34512    ,  0.0536843  ])
215     , -1313.45    , array([ 0.965309   ,  0.102632   ,  5.2076     ,  2.61653    ,  0.05269    ])
220     , -1313.13    , array([ 0.962066   ,  0.101431   ,  5.1577     ,  2.65895    ,  0.0520655  ])
225     , -3749.33    , array([ 0.357316   ,  0.104449   ,  5.1515     ,  2.4737     ,  0.0532139  ])
230     , -1312.89    , array([ 0.986804   ,  0.104449   ,  5.1515     ,  2.4737     ,  0.0532139  ])
235     , -1312.73    , array([ 0.989458   ,  0.105175   ,  5.0907     ,  2.36631    ,  0.0532758  ])
240     , -1312.7     , array([ 0.988728   ,  0.104961   ,  5.10859    ,  2.39791    ,  0.0532576  ])
245     , -1312.7     , array([ 0.988728   ,  0.104961   ,  5.10859    ,  2.39791    ,  0.0532576  ])
250     , -1312.67    , array([ 0.988728   ,  0.104961   ,  5.07907    ,  2.39791    ,  0.0532576  ])
255     , -1312.67    , array([ 0.988728   ,  0.104961   ,  5.07907    ,  2.39791    ,  0.0532576  ])
265     , -1358.07    , array([ 0.988728   ,  0.104961   ,  5.07907    ,  2.39791    ,  0.0577782  ])
270     , -1312.63    , array([ 0.988728   ,  0.104961   ,  5.07907    ,  2.39791    ,  0.0531197  ])
275     , -1313       , array([ 0.969648   ,  0.101509   ,  5.18568    ,  2.66932    ,  0.0521255  ])
280     , -1311.94    , array([ 0.988095   ,  0.102938   ,  5.08493    ,  2.52144    ,  0.052297   ])
285     , -1311.61    , array([ 1.02381    ,  0.0987054  ,  4.89842    ,  2.65522    ,  0.0497278  ])
290     , -1311.26    , array([ 1.00841    ,  0.10053    ,  4.97883    ,  2.59755    ,  0.0508354  ])
295     , -1311.26    , array([ 1.00868    ,  0.100498   ,  4.97742    ,  2.59856    ,  0.050816   ])
300     , -1311.31    , array([ 1.01093    ,  0.100498   ,  4.97742    ,  2.59856    ,  0.050816   ])
305     , -1311.2     , array([ 1.00116    ,  0.100498   ,  4.97742    ,  2.59856    ,  0.050816   ])
310     , -1311.19    , array([ 1.0027     ,  0.100947   ,  4.93985    ,  2.53219    ,  0.0508543  ])
315     , -1340.09    , array([ 1.002      ,  0.100744   ,  5.95685    ,  2.56222    ,  0.0508369  ])
320     , -1311.12    , array([ 1.002      ,  0.100744   ,  4.99838    ,  2.56222    ,  0.0508369  ])
325     , -13249.5    , array([ 1.002      ,  0.100744   ,  4.9929     ,  2.56222    ,  1.05084    ])
330     , -8755.4     , array([ 1.002      ,  0.100744   ,  4.9929     ,  2.56222    ,  0.24174    ])
335     , -2397.91    , array([ 1.002      ,  0.100744   ,  4.9929     ,  2.56222    ,  0.0786894  ])
340     , -1311.12    , array([ 1.002      ,  0.100744   ,  4.9929     ,  2.56222    ,  0.0507905  ])
345     , -1314.79    , array([ 0.958383   ,  0.105914   ,  5.22071    ,  2.39882    ,  0.0539286  ])
350     , -1311.09    , array([ 1.00571    ,  0.100305   ,  4.97355    ,  2.5761     ,  0.0505239  ])
360     , -1317.04    , array([ 0.932882   ,  0.100305   ,  4.97355    ,  2.5761     ,  0.0505239  ])
365     , -1311.08    , array([ 1.00173    ,  0.100305   ,  4.97355    ,  2.5761     ,  0.0505239  ])
370     , -1311.06    , array([ 1.00264    ,  0.100582   ,  4.95032    ,  2.53508    ,  0.0505476  ])
375     , -1311.06    , array([ 1.00234    ,  0.100495   ,  4.95762    ,  2.54797    ,  0.0505402  ])
380     , -1315.01    , array([ 1.00234    ,  0.100495   ,  5.33959    ,  2.54797    ,  0.0505402  ])
385     , -1311.03    , array([ 1.00234    ,  0.100495   ,  4.9859     ,  2.54797    ,  0.0505402  ])
390     , -11269.3    , array([ 1.00234    ,  0.100495   ,  4.9859     ,  2.54797    ,  0.432506   ])
395     , -11998.9    , array([ 1.00234    ,  0.100495   ,  4.9859     ,  2.54797    ,  0.0160983  ])
400     , -1311.04    , array([ 1.00234    ,  0.100495   ,  4.9859     ,  2.54797    ,  0.0504863  ])
405     , -1311.03    , array([ 1.00234    ,  0.100495   ,  4.9859     ,  2.54797    ,  0.0505389  ])
410     , -1311.13    , array([ 1.01264    ,  0.0992744  ,  4.93212    ,  2.58654    ,  0.049798   ])
