1348    , -88.9891    , array([ 0.0555594  ,  1.06896    ,  0.0304373  ,  0.0436312  ])
1352    , -1521.01    , array([ 0.0225673  ,  1.0984     ,  0.0375665  ,  0.02914    ])
1356    , -1523.25    , array([ 0.0225673  ,  1.0984     ,  0.0375665  ,  0.0291692  ])
1360    , -98.1019    , array([ 0.050979   ,  1.07281    ,  0.0310272  ,  0.0419813  ])
1364    , -88.9865    , array([ 0.0554449  ,  1.06902    ,  0.0304217  ,  0.0435909  ])
1368    , -88.9881    , array([ 0.0554449  ,  1.06902    ,  0.0304217  ,  0.0436345  ])
1372    , -88.9857    , array([ 0.0553728  ,  1.06993    ,  0.0303705  ,  0.043518   ])
1376    , -88.9858    , array([ 0.055422   ,  1.06897    ,  0.0304055  ,  0.0435678  ])
1380    , -88.9863    , array([ 0.055422   ,  1.06897    ,  0.0304055  ,  0.0436114  ])
1384    , -88.9851    , array([ 0.0553962  ,  1.0702     ,  0.0303887  ,  0.0435692  ])
1388    , -88.9828    , array([ 0.0552929  ,  1.06975    ,  0.0303219  ,  0.0435749  ])
1392    , -88.9833    , array([ 0.0552929  ,  1.06975    ,  0.0303219  ,  0.0436185  ])
1396    , -88.9747    , array([ 0.0548818  ,  1.07333    ,  0.0300562  ,  0.0435977  ])
1400    , -88.9558    , array([ 0.0532678  ,  1.08232    ,  0.0290163  ,  0.0436888  ])
1404    , -88.9566    , array([ 0.0532678  ,  1.08232    ,  0.0290163  ,  0.0437325  ])
1408    , -88.9338    , array([ 0.0521154  ,  1.08004    ,  0.0283171  ,  0.0438841  ])
1412    , -88.849     , array([ 0.04775    ,  1.06563    ,  0.0256849  ,  0.044674   ])
1416    , -88.8527    , array([ 0.04775    ,  1.06563    ,  0.0256849  ,  0.0447187  ])
1420    , -88.7937    , array([ 0.0437042  ,  1.05633    ,  0.0232867  ,  0.0453749  ])
1424    , -88.7646    , array([ 0.0414989  ,  1.04992    ,  0.0220029  ,  0.0457422  ])
1428    , -88.771     , array([ 0.0414989  ,  1.04992    ,  0.0220029  ,  0.0457879  ])
1432    , -88.761     , array([ 0.0337357  ,  1.02981    ,  0.0175375  ,  0.0472412  ])
1436    , -88.7581    , array([ 0.0324841  ,  1.0255     ,  0.0168405  ,  0.047459   ])
1440    , -88.7727    , array([ 0.0324841  ,  1.0255     ,  0.0168405  ,  0.0475065  ])
1444    , -88.8125    , array([ 0.0279249  ,  1.0135     ,  0.0143188  ,  0.0483403  ])
1448    , -88.7609    , array([ 0.0315822  ,  1.02306    ,  0.0163395  ,  0.0476218  ])
1452    , -88.7761    , array([ 0.0315822  ,  1.02306    ,  0.0163395  ,  0.0476695  ])
1456    , -88.7607    , array([ 0.0323024  ,  1.02604    ,  0.0167395  ,  0.0474914  ])
1460    , -88.7581    , array([ 0.0324473  ,  1.0254     ,  0.0168201  ,  0.0474655  ])
1464    , -88.7728    , array([ 0.0324473  ,  1.0254     ,  0.0168201  ,  0.047513   ])
1468    , -88.7604    , array([ 0.0324766  ,  1.0265     ,  0.0168364  ,  0.0474603  ])
1472    , -88.7581    , array([ 0.0324826  ,  1.02549    ,  0.0168397  ,  0.0474593  ])
1476    , -88.7727    , array([ 0.0324826  ,  1.02549    ,  0.0168397  ,  0.0475067  ])
1480    , -88.7604    , array([ 0.0324838  ,  1.02652    ,  0.0168403  ,  0.0474591  ])
1484    , -88.7581    , array([ 0.032484   ,  1.0255     ,  0.0168405  ,  0.047459   ])
1488    , -88.7727    , array([ 0.032484   ,  1.0255     ,  0.0168405  ,  0.0475065  ])
1492    , -88.7604    , array([ 0.032484   ,  1.02652    ,  0.0168405  ,  0.047459   ])
1496    , -88.7581    , array([ 0.0324841  ,  1.0255     ,  0.0168405  ,  0.047459   ])
1500    , -88.7727    , array([ 0.0324841  ,  1.0255     ,  0.0168405  ,  0.0475065  ])
1504    , -88.7604    , array([ 0.0324841  ,  1.02652    ,  0.0168405  ,  0.047459   ])
1508    , -88.7581    , array([ 0.0324841  ,  1.0255     ,  0.0168405  ,  0.047459   ])
1512    , -88.7727    , array([ 0.0324841  ,  1.0255     ,  0.0168405  ,  0.0475065  ])
1516    , -88.7604    , array([ 0.0324841  ,  1.02652    ,  0.0168405  ,  0.047459   ])
1520    , -88.7581    , array([ 0.0324841  ,  1.0255     ,  0.0168405  ,  0.047459   ])
1524    , -88.7727    , array([ 0.0324841  ,  1.0255     ,  0.0168405  ,  0.0475065  ])
1528    , -88.7604    , array([ 0.0324841  ,  1.02652    ,  0.0168405  ,  0.047459   ])
1532    , -88.7581    , array([ 0.0324841  ,  1.0255     ,  0.0168405  ,  0.047459   ])
1536    , -88.7727    , array([ 0.0324841  ,  1.0255     ,  0.0168405  ,  0.0475065  ])
1540    , -88.7604    , array([ 0.0324841  ,  1.02652    ,  0.0168405  ,  0.047459   ])
1544    , -88.7581    , array([ 0.0324841  ,  1.0255     ,  0.0168405  ,  0.047459   ])
1548    , -88.7727    , array([ 0.0324841  ,  1.0255     ,  0.0168405  ,  0.0475065  ])
1552    , -88.7604    , array([ 0.0324841  ,  1.02652    ,  0.0168405  ,  0.047459   ])
1556    , -88.7581    , array([ 0.0324841  ,  1.0255     ,  0.0168405  ,  0.047459   ])
1560    , -88.7727    , array([ 0.0324841  ,  1.0255     ,  0.0168405  ,  0.0475065  ])
1564    , -88.7604    , array([ 0.0324841  ,  1.02652    ,  0.0168405  ,  0.047459   ])
1568    , -88.7581    , array([ 0.0324841  ,  1.0255     ,  0.0168405  ,  0.047459   ])
1572    , -88.7727    , array([ 0.0324841  ,  1.0255     ,  0.0168405  ,  0.0475065  ])
1576    , -88.7582    , array([ 0.0323877  ,  1.02524    ,  0.016787   ,  0.0474761  ])
1580    , -88.7581    , array([ 0.0324811  ,  1.02549    ,  0.0168389  ,  0.0474595  ])
1584    , -88.7581    , array([ 0.032484   ,  1.0255     ,  0.0168405  ,  0.047459   ])
