2680    , -3256.12    , array([ 1.06904    ,  0.00881669 ,  0.148427   ,  0.0292399  ])
2684    , -2756.88    , array([ 0.451004   ,  0.00881669 ,  0.148427   ,  0.0292399  ])
2688    , -1223.24    , array([ 0.14198    ,  0.00881669 ,  0.148427   ,  0.0292399  ])
2692    , -395.627    , array([ 0.0715279  ,  0.00881669 ,  0.148427   ,  0.0292399  ])
2696    , -393.131    , array([ 0.069229   ,  0.00881669 ,  0.148427   ,  0.0292399  ])
2700    , -393.131    , array([ 0.069231   ,  0.00881669 ,  0.148427   ,  0.0292399  ])
2704    , -759.088    , array([ 0.069231   ,  0.0521776  ,  0.148427   ,  0.0292399  ])
2708    , -1273.46    , array([ 0.069231   ,  0.0253791  ,  0.148427   ,  0.0292399  ])
2712    , -575.397    , array([ 0.069231   ,  0.0112331  ,  0.148427   ,  0.0292399  ])
2716    , -393.334    , array([ 0.069231   ,  0.00888522 ,  0.148427   ,  0.0292399  ])
2720    , -393.13     , array([ 0.069231   ,  0.00882092 ,  0.148427   ,  0.0292399  ])
2724    , -393.13     , array([ 0.069231   ,  0.00882097 ,  0.148427   ,  0.0292399  ])
2732    , -401.675    , array([ 0.069231   ,  0.00882097 ,  0.160267   ,  0.0292399  ])
2736    , -393.129    , array([ 0.069231   ,  0.00882097 ,  0.148537   ,  0.0292399  ])
2744    , -2336.8     , array([ 0.069231   ,  0.00882097 ,  0.148537   ,  0.220207   ])
2752    , -680.927    , array([ 0.069231   ,  0.00882097 ,  0.148537   ,  0.0242149  ])
2756    , -393.129    , array([ 0.069231   ,  0.00882097 ,  0.148537   ,  0.0292334  ])
