1732    , -91.234     , array([ 0.108422   ,  1.23099    ,  0.0675784  ,  0.0350321  ])
1736    , -91.234     , array([ 0.108422   ,  1.23099    ,  0.0675784  ,  0.0350321  ])
1744    , -105.19     , array([ 0.122763   ,  1.23099    ,  0.0675784  ,  0.0350321  ])
1748    , -91.234     , array([ 0.108417   ,  1.23099    ,  0.0675784  ,  0.0350321  ])
1752    , -91.234     , array([ 0.108418   ,  1.23099    ,  0.0675784  ,  0.0350321  ])
1756    , -91.234     , array([ 0.108418   ,  1.23099    ,  0.0675784  ,  0.0350321  ])
1760    , -91.234     , array([ 0.108418   ,  1.23099    ,  0.0675784  ,  0.0350321  ])
1764    , -91.3402    , array([ 0.108418   ,  1.19669    ,  0.0675784  ,  0.0350321  ])
1768    , -91.2337    , array([ 0.108418   ,  1.23283    ,  0.0675784  ,  0.0350321  ])
1772    , -91.2337    , array([ 0.108418   ,  1.23281    ,  0.0675784  ,  0.0350321  ])
1780    , -91.2939    , array([ 0.108418   ,  1.23281    ,  0.0679851  ,  0.0350321  ])
1784    , -91.2207    , array([ 0.108418   ,  1.23281    ,  0.0672782  ,  0.0350321  ])
1788    , -91.2207    , array([ 0.108418   ,  1.23281    ,  0.0672812  ,  0.0350321  ])
1796    , -318.685    , array([ 0.108418   ,  1.23281    ,  0.0672812  ,  0.0599638  ])
1800    , -91.2127    , array([ 0.108418   ,  1.23281    ,  0.0672812  ,  0.0351399  ])
1804    , -91.2125    , array([ 0.108414   ,  1.23463    ,  0.066984   ,  0.0352702  ])
1808    , -91.2125    , array([ 0.108414   ,  1.23463    ,  0.066984   ,  0.0352702  ])
1812    , -91.2099    , array([ 0.108416   ,  1.23373    ,  0.067131   ,  0.0352113  ])
1820    , -869.391    , array([ 0.299387   ,  1.23374    ,  0.0671295  ,  0.0352119  ])
1824    , -239.592    , array([ 0.0739737  ,  1.23374    ,  0.0671295  ,  0.0352119  ])
1828    , -91.1954    , array([ 0.107986   ,  1.23374    ,  0.0671295  ,  0.0352119  ])
1832    , -121.195    , array([ 0.10799    ,  2.23374    ,  0.0671295  ,  0.0352119  ])
1836    , -98.9369    , array([ 0.10799    ,  1.61571    ,  0.0671295  ,  0.0352119  ])
1840    , -91.1911    , array([ 0.10799    ,  1.22669    ,  0.0671295  ,  0.0352119  ])
1844    , -91.1911    , array([ 0.10799    ,  1.22639    ,  0.0671295  ,  0.0352119  ])
1856    , -224.124    , array([ 0.10799    ,  1.22639    ,  0.0671295  ,  0.0220563  ])
1860    , -91.1911    , array([ 0.10799    ,  1.22639    ,  0.0671295  ,  0.0352137  ])
1864    , -91.1915    , array([ 0.10799    ,  1.22639    ,  0.0671295  ,  0.0352383  ])
1868    , -91.1911    , array([ 0.10799    ,  1.22639    ,  0.0671295  ,  0.0352142  ])
1872    , -91.1911    , array([ 0.10799    ,  1.22639    ,  0.0671295  ,  0.0352137  ])
1876    , -91.1813    , array([ 0.107984   ,  1.22882    ,  0.0667323  ,  0.0353729  ])
1880    , -91.1803    , array([ 0.107985   ,  1.22846    ,  0.0667917  ,  0.035349   ])
1884    , -91.1802    , array([ 0.107986   ,  1.22824    ,  0.0668285  ,  0.0353343  ])
1888    , -91.1409    , array([ 0.105395   ,  1.2008     ,  0.0641134  ,  0.036433   ])
1892    , -91.124     , array([ 0.106314   ,  1.21053    ,  0.0650766  ,  0.0360433  ])
1896    , -91.0958    , array([ 0.106318   ,  1.20903    ,  0.0653221  ,  0.0359449  ])
1900    , -91.0865    , array([ 0.106325   ,  1.20583    ,  0.0658452  ,  0.0357353  ])
1904    , -91.0819    , array([ 0.106322   ,  1.207      ,  0.0656543  ,  0.0358118  ])
1908    , -184.744    , array([ 0.106322   ,  0.588962   ,  0.0656543  ,  0.0358118  ])
1912    , -91.0814    , array([ 0.106322   ,  1.20624    ,  0.0656543  ,  0.0358118  ])
1916    , -91.0804    , array([ 0.106322   ,  1.20279    ,  0.0656543  ,  0.0358118  ])
1920    , -91.0804    , array([ 0.106322   ,  1.20275    ,  0.0656543  ,  0.0358118  ])
1928    , -310.604    , array([ 0.106322   ,  1.20275    ,  0.0656543  ,  0.0604045  ])
1932    , -91.0732    , array([ 0.106322   ,  1.20275    ,  0.0656543  ,  0.0356772  ])
1936    , -91.073     , array([ 0.106322   ,  1.20275    ,  0.0656543  ,  0.0356963  ])
1940    , -91.0367    , array([ 0.103617   ,  1.1741     ,  0.0628197  ,  0.0368434  ])
1944    , -91.0116    , array([ 0.101282   ,  1.1415     ,  0.0609414  ,  0.0374903  ])
1948    , -91.0116    , array([ 0.101282   ,  1.1415     ,  0.0609414  ,  0.0374903  ])
1952    , -90.9894    , array([ 0.102837   ,  1.16162    ,  0.0623074  ,  0.03699    ])
1956    , -91.0226    , array([ 0.102853   ,  1.16279    ,  0.0621715  ,  0.037045   ])
1960    , -90.9191    , array([ 0.102865   ,  1.15755    ,  0.0630272  ,  0.0367022  ])
1964    , -90.9191    , array([ 0.102866   ,  1.1575     ,  0.0630355  ,  0.0366989  ])
1972    , -92.2457    , array([ 0.102866   ,  1.29591    ,  0.0630426  ,  0.036696   ])
1976    , -90.9049    , array([ 0.102866   ,  1.1694     ,  0.0630426  ,  0.036696   ])
1984    , -2733.95    , array([ 0.102866   ,  1.1694     ,  0.0630426  ,  0.227647   ])
1988    , -1724.98    , array([ 0.102866   ,  1.1694     ,  0.0630426  ,  0.00225415 ])
1992    , -90.9746    , array([ 0.102866   ,  1.1694     ,  0.0630426  ,  0.0368917  ])
1996    , -90.8745    , array([ 0.102866   ,  1.1694     ,  0.0630426  ,  0.0364537  ])
2000    , -90.8224    , array([ 0.101087   ,  1.14639    ,  0.0614809  ,  0.037028   ])
2004    , -90.8172    , array([ 0.100337   ,  1.13668    ,  0.0608219  ,  0.0372694  ])
2008    , -90.8317    , array([ 0.100335   ,  1.13761    ,  0.0606702  ,  0.0373302  ])
2012    , -90.8078    , array([ 0.10034    ,  1.13512    ,  0.0610759  ,  0.0371676  ])
2016    , -90.8078    , array([ 0.10034    ,  1.13512    ,  0.0610759  ,  0.0371676  ])
2020    , -225.655    , array([ 0.10034    ,  0.517088   ,  0.0610759  ,  0.0371676  ])
2024    , -90.752     , array([ 0.10034    ,  1.16177    ,  0.0610759  ,  0.0371676  ])
2028    , -90.7507    , array([ 0.10034    ,  1.15856    ,  0.0610759  ,  0.0371676  ])
2032    , -90.7507    , array([ 0.10034    ,  1.15833    ,  0.0610759  ,  0.0371676  ])
2040    , -296.333    , array([ 0.10034    ,  1.15833    ,  0.0610759  ,  0.061391   ])
2044    , -90.7164    , array([ 0.10034    ,  1.15833    ,  0.0610759  ,  0.0368866  ])
2048    , -90.7161    , array([ 0.10034    ,  1.15833    ,  0.0610759  ,  0.0369093  ])
2052    , -90.6906    , array([ 0.0974629  ,  1.12109    ,  0.0585489  ,  0.0378347  ])
2056    , -90.6801    , array([ 0.0984123  ,  1.13338    ,  0.0593826  ,  0.0375294  ])
2060    , -90.361     , array([ 0.0934429  ,  1.12564    ,  0.0556752  ,  0.038188   ])
2064    , -89.8943    , array([ 0.0778043  ,  1.10059    ,  0.0440001  ,  0.040272   ])
2068    , -89.8786    , array([ 0.0796961  ,  1.10362    ,  0.0454124  ,  0.0400199  ])
2072    , -89.7908    , array([ 0.079704   ,  1.10021    ,  0.0459693  ,  0.0397968  ])
2076    , -89.7953    , array([ 0.0797024  ,  1.10094    ,  0.0458503  ,  0.0398444  ])
2080    , -89.7907    , array([ 0.0797042  ,  1.10013    ,  0.0459814  ,  0.0397919  ])
2084    , -89.7944    , array([ 0.0808033  ,  1.11436    ,  0.0469466  ,  0.0394384  ])
2088    , -89.7851    , array([ 0.0801941  ,  1.10647    ,  0.0464116  ,  0.0396344  ])
2092    , -89.7851    , array([ 0.0801892  ,  1.10641    ,  0.0464073  ,  0.0396359  ])
2100    , -270.446    , array([ 0.0801892  ,  1.10641    ,  0.0464073  ,  0.0640455  ])
2104    , -89.673     , array([ 0.0801892  ,  1.10641    ,  0.0464073  ,  0.0401257  ])
2108    , -91.047     , array([ 0.0614539  ,  1.0764     ,  0.0324204  ,  0.0426174  ])
2112    , -89.5298    , array([ 0.073033   ,  1.09495    ,  0.0410648  ,  0.0410744  ])
2116    , -89.5252    , array([ 0.0740063  ,  1.09651    ,  0.0417914  ,  0.0409447  ])
2120    , -89.5719    , array([ 0.0739417  ,  1.09734    ,  0.0415931  ,  0.0410138  ])
2124    , -89.4761    , array([ 0.0739493  ,  1.09408    ,  0.0421253  ,  0.0408006  ])
2128    , -89.4761    , array([ 0.0739494  ,  1.09402    ,  0.0421344  ,  0.0407969  ])
2132    , -89.4761    , array([ 0.0739493  ,  1.09404    ,  0.0421306  ,  0.0407985  ])
2136    , -89.4755    , array([ 0.0740784  ,  1.09571    ,  0.0422439  ,  0.040757   ])
2140    , -89.4755    , array([ 0.0740809  ,  1.09575    ,  0.0422461  ,  0.0407562  ])
2152    , -200.44     , array([ 0.0740809  ,  1.09575    ,  0.0422461  ,  0.0276005  ])
2156    , -89.4399    , array([ 0.0740809  ,  1.09575    ,  0.0422461  ,  0.0410341  ])
2160    , -91.3591    , array([ 0.104395   ,  1.1443     ,  0.0648775  ,  0.0369945  ])
2164    , -89.3731    , array([ 0.0709843  ,  1.09079    ,  0.0399343  ,  0.0414467  ])
2168    , -89.3712    , array([ 0.0704511  ,  1.08993    ,  0.0395362  ,  0.0415178  ])
2172    , -89.2464    , array([ 0.0668851  ,  1.08334    ,  0.0372729  ,  0.0420923  ])
2176    , -89.0488    , array([ 0.0497635  ,  1.05166    ,  0.0264261  ,  0.0448557  ])
2180    , -88.9997    , array([ 0.0536825  ,  1.05891    ,  0.0289088  ,  0.0442232  ])
2184    , -89.0996    , array([ 0.0536803  ,  1.05984    ,  0.0287571  ,  0.0442839  ])
2188    , -88.9055    , array([ 0.0536874  ,  1.05679    ,  0.0292556  ,  0.0440842  ])
2192    , -88.9054    , array([ 0.0536875  ,  1.05673    ,  0.0292642  ,  0.0440808  ])
2196    , -88.9054    , array([ 0.0536875  ,  1.05675    ,  0.0292607  ,  0.0440822  ])
2200    , -88.9054    , array([ 0.0536607  ,  1.05641    ,  0.0292372  ,  0.0440908  ])
2204    , -88.9054    , array([ 0.0536604  ,  1.0564     ,  0.0292369  ,  0.0440909  ])
2208    , -88.9054    , array([ 0.0536601  ,  1.0564     ,  0.0292367  ,  0.044091   ])
2216    , -244.083    , array([ 0.0536601  ,  1.0564     ,  0.0292367  ,  0.0672599  ])
2220    , -88.9054    , array([ 0.0536601  ,  1.0564     ,  0.0292367  ,  0.044085   ])
2224    , -88.9054    , array([ 0.0536601  ,  1.0564     ,  0.0292367  ,  0.0440945  ])
2228    , -89.1443    , array([ 0.064001   ,  1.07554    ,  0.0357879  ,  0.0424255  ])
2232    , -88.8642    , array([ 0.0509221  ,  1.05133    ,  0.0275021  ,  0.0445364  ])
2236    , -88.851     , array([ 0.0486255  ,  1.04708    ,  0.0260472  ,  0.0449071  ])
2240    , -88.8255    , array([ 0.0486789  ,  1.04567    ,  0.0263242  ,  0.0448007  ])
2244    , -88.8216    , array([ 0.0486783  ,  1.04594    ,  0.0262813  ,  0.0448179  ])
2248    , -89.259     , array([ 0.0468995  ,  1.02309    ,  0.024693   ,  0.0454005  ])
2252    , -88.8819    , array([ 0.0479986  ,  1.03731    ,  0.0256582  ,  0.045047   ])
2256    , -88.8209    , array([ 0.0486885  ,  1.04623    ,  0.026264   ,  0.0448251  ])
2264    , -2296.75    , array([ 0.0486886  ,  1.04624    ,  0.0262641  ,  0.235781   ])
2268    , -1257.41    , array([ 0.0486886  ,  1.04624    ,  0.0262641  ,  0.0103833  ])
2272    , -88.8685    , array([ 0.0486886  ,  1.04624    ,  0.0262641  ,  0.0451767  ])
2276    , -88.8208    , array([ 0.0486886  ,  1.04624    ,  0.0262641  ,  0.0448372  ])
2280    , -89.5556    , array([ 0.0757615  ,  1.09634    ,  0.0434153  ,  0.0404674  ])
2284    , -88.8056    , array([ 0.0475342  ,  1.0441     ,  0.0255328  ,  0.0450232  ])
2288    , -88.7967    , array([ 0.0459564  ,  1.04118    ,  0.0245333  ,  0.0452779  ])
2292    , -88.7967    , array([ 0.0459291  ,  1.04113    ,  0.0245159  ,  0.0452823  ])
2296    , -89.3408    , array([ 0.0233432  ,  0.9914     ,  0.0116631  ,  0.048434   ])
2300    , -88.6903    , array([ 0.0344689  ,  1.0159     ,  0.0179944  ,  0.0468815  ])
2304    , -88.6901    , array([ 0.0347752  ,  1.01657    ,  0.0181686  ,  0.0468388  ])
2308    , -89.1356    , array([ 0.0451161  ,  1.03571    ,  0.0247198  ,  0.0451697  ])
2312    , -88.6806    , array([ 0.0358818  ,  1.01862    ,  0.0188697  ,  0.0466601  ])
2316    , -88.68      , array([ 0.0356579  ,  1.0182     ,  0.0187279  ,  0.0466963  ])
2320    , -90.4119    , array([ 0.0385355  ,  1.05544    ,  0.0212548  ,  0.0457709  ])
2324    , -88.6767    , array([ 0.0358001  ,  1.02004    ,  0.0188527  ,  0.0466506  ])
2328    , -88.6765    , array([ 0.0357699  ,  1.01965    ,  0.0188262  ,  0.0466603  ])
2332    , -88.6765    , array([ 0.0357699  ,  1.01965    ,  0.0188262  ,  0.0466603  ])
2340    , -229.542    , array([ 0.0357699  ,  1.01965    ,  0.0188262  ,  0.0695039  ])
2344    , -88.6724    , array([ 0.0357699  ,  1.01965    ,  0.0188262  ,  0.0467566  ])
2348    , -88.6724    , array([ 0.0357699  ,  1.01965    ,  0.0188262  ,  0.0467623  ])
2352    , -88.7406    , array([ 0.0426634  ,  1.03483    ,  0.0227491  ,  0.0458003  ])
2356    , -88.6501    , array([ 0.0310752  ,  1.00932    ,  0.0161546  ,  0.0474174  ])
2360    , -90.5811    , array([ 0.0169095  ,  0.979019   ,  0.00818489 ,  0.0494565  ])
2364    , -88.6499    , array([ 0.0314193  ,  1.01007    ,  0.0163504  ,  0.0473694  ])
2368    , -88.8306    , array([ 0.0290025  ,  1.0056     ,  0.0148193  ,  0.0477595  ])
2372    , -88.6484    , array([ 0.0316977  ,  1.01059    ,  0.0165268  ,  0.0473245  ])
2376    , -88.6484    , array([ 0.0316977  ,  1.01059    ,  0.0165268  ,  0.0473245  ])
2380    , -89.0058    , array([ 0.0327968  ,  1.02481    ,  0.017492   ,  0.046971   ])
2384    , -88.6465    , array([ 0.0317705  ,  1.01153    ,  0.0165907  ,  0.0473011  ])
2392    , -2186.25    , array([ 0.0317705  ,  1.01153    ,  0.0165907  ,  0.238258   ])
2396    , -1155.01    , array([ 0.0317705  ,  1.01153    ,  0.0165907  ,  0.0128592  ])
2400    , -88.6839    , array([ 0.0317705  ,  1.01153    ,  0.0165907  ,  0.0476805  ])
2404    , -88.645     , array([ 0.0317705  ,  1.01153    ,  0.0165907  ,  0.0473636  ])
2408    , -88.645     , array([ 0.0317705  ,  1.01153    ,  0.0165907  ,  0.047363   ])
2412    , -88.6371    , array([ 0.0299964  ,  1.00762    ,  0.0155811  ,  0.0476106  ])
2416    , -88.6369    , array([ 0.0296709  ,  1.00691    ,  0.0153959  ,  0.047656   ])
2420    , -88.6194    , array([ 0.0251687  ,  0.998784   ,  0.0129397  ,  0.0483958  ])
2424    , -88.6191    , array([ 0.0246954  ,  0.99793    ,  0.0126815  ,  0.0484735  ])
2428    , -88.6191    , array([ 0.0245872  ,  0.997734   ,  0.0126224  ,  0.0484913  ])
2432    , -90.2721    , array([ 0.0349281  ,  1.01687    ,  0.0191736  ,  0.0468223  ])
2436    , -88.6275    , array([ 0.0253496  ,  0.999145   ,  0.0131054  ,  0.0483682  ])
2440    , -88.6162    , array([ 0.0248368  ,  0.998196   ,  0.0127805  ,  0.048451   ])
2444    , -92.7105    , array([ 0.0277118  ,  1.03542    ,  0.0153059  ,  0.047526   ])
2448    , -88.6165    , array([ 0.0249059  ,  0.999118   ,  0.0128419  ,  0.0484284  ])
2452    , -88.6155    , array([ 0.0248672  ,  0.998616   ,  0.0128078  ,  0.0484408  ])
2464    , -172.523    , array([ 0.0248672  ,  0.998616   ,  0.0128078  ,  0.0352852  ])
2468    , -88.6144    , array([ 0.0248672  ,  0.998616   ,  0.0128078  ,  0.0483877  ])
2472    , -88.6303    , array([ 0.0197627  ,  0.989397   ,  0.0100225  ,  0.0492265  ])
2476    , -88.6107    , array([ 0.0229174  ,  0.995095   ,  0.0117439  ,  0.0487084  ])
2480    , -88.6106    , array([ 0.0227843  ,  0.994854   ,  0.0116713  ,  0.0487303  ])
