180     , -1311.31    , array([ 0.999      ,  0.996696   ,  0.0978959  ,  0.0491045  ,  4.99416    ,  2.63112    ])
192     , -1311.31    , array([ 0.998766   ,  0.996696   ,  0.0978959  ,  0.0491045  ,  4.99416    ,  2.63112    ])
198     , -1311.31    , array([ 0.998987   ,  0.996696   ,  0.0978959  ,  0.0491045  ,  4.99416    ,  2.63112    ])
204     , -1311.31    , array([ 0.998999   ,  0.996696   ,  0.0978959  ,  0.0491045  ,  4.99416    ,  2.63112    ])
234     , -1311.31    , array([ 0.999      ,  1.0026     ,  0.0978959  ,  0.0491045  ,  4.99416    ,  2.63112    ])
246     , -91202.2    , array([ 0.999      ,  0.999458   ,  0.00772594 ,  0.0491045  ,  4.99416    ,  2.63112    ])
252     , -1311.27    , array([ 0.999      ,  0.999458   ,  0.0980656  ,  0.0491045  ,  4.99416    ,  2.63112    ])
270     , -1313.15    , array([ 0.999      ,  0.999458   ,  0.098059   ,  0.0499917  ,  4.99416    ,  2.63112    ])
276     , -1311.26    , array([ 0.999      ,  0.999458   ,  0.098059   ,  0.0491601  ,  4.99416    ,  2.63112    ])
282     , -1311.26    , array([ 0.999      ,  0.999458   ,  0.098059   ,  0.0491601  ,  4.99821    ,  2.63112    ])
288     , -1311.26    , array([ 0.999      ,  0.999458   ,  0.098059   ,  0.0491601  ,  4.9923     ,  2.63112    ])
294     , -1311.26    , array([ 0.999      ,  0.999458   ,  0.098059   ,  0.0491601  ,  4.99234    ,  2.63112    ])
300     , -1311.25    , array([ 0.999      ,  0.999458   ,  0.098059   ,  0.0491601  ,  4.99234    ,  2.62414    ])
