1640    , -24028.6    , array([ 0.893679   ,  0.615397   ,  0.128057   ,  0.00146439 ,  3.81748    ,  8.56812    ,  4.31027    ,  4.69906    ])
1648    , -24024.8    , array([ 0.914122   ,  0.615397   ,  0.128057   ,  0.00146439 ,  3.81748    ,  8.56812    ,  4.31027    ,  4.69906    ])
1656    , -22863.8    , array([ 0.914122   ,  0.403193   ,  0.128057   ,  0.00146439 ,  3.81748    ,  8.56812    ,  4.31027    ,  4.69906    ])
1664    , -20298.3    , array([ 0.914122   ,  0.400586   ,  0.510023   ,  0.00146439 ,  3.81748    ,  8.56812    ,  4.31027    ,  4.69906    ])
1672    , -17953.9    , array([ 0.914122   ,  0.400586   ,  0.264251   ,  0.00146439 ,  3.81748    ,  8.56812    ,  4.31027    ,  4.69906    ])
1688    , -17959.1    , array([ 0.914122   ,  0.400586   ,  0.265627   ,  0.00552957 ,  3.81748    ,  8.56812    ,  4.31027    ,  4.69906    ])
1696    , -17951.9    , array([ 0.914122   ,  0.400586   ,  0.265627   ,  0.000105077,  3.81748    ,  8.56812    ,  4.31027    ,  4.69906    ])
1704    , -17550.4    , array([ 0.914122   ,  0.400586   ,  0.265627   ,  2.33642e-05,  3.19944    ,  8.56812    ,  4.31027    ,  4.69906    ])
1720    , -17015.7    , array([ 0.914122   ,  0.400586   ,  0.265627   ,  2.33642e-05,  3.18005    ,  9.89436    ,  4.31027    ,  4.69906    ])
1728    , -16434.8    , array([ 0.914122   ,  0.400586   ,  0.265627   ,  2.33642e-05,  3.18005    ,  9.98453    ,  0.0742039  ,  4.69906    ])
1736    , -16435.2    , array([ 0.914122   ,  0.400586   ,  0.265627   ,  2.33642e-05,  3.18005    ,  9.98453    ,  0.0318432  ,  4.69906    ])
1760    , -13764.2    , array([ 1.12396    ,  0.400586   ,  0.265627   ,  2.33642e-05,  3.18005    ,  9.98453    ,  0.0742039  ,  0.0810306  ])
1768    , -13761.9    , array([ 1.09969    ,  0.400586   ,  0.265627   ,  2.33642e-05,  3.18005    ,  9.98453    ,  0.0742039  ,  0.0810306  ])
1776    , -13788.6    , array([ 1.09969    ,  0.357879   ,  0.265627   ,  2.33642e-05,  3.18005    ,  9.98453    ,  0.0742039  ,  0.0810306  ])
1784    , -13741      , array([ 1.09969    ,  0.382925   ,  0.265627   ,  2.33642e-05,  3.18005    ,  9.98453    ,  0.0742039  ,  0.0810306  ])
1792    , -12797.2    , array([ 1.09969    ,  0.382925   ,  0.413572   ,  2.33642e-05,  3.18005    ,  9.98453    ,  0.0742039  ,  0.0810306  ])
1800    , -13248.1    , array([ 1.09969    ,  0.382925   ,  0.413572   ,  0.381989   ,  3.18005    ,  9.98453    ,  0.0742039  ,  0.0810306  ])
1808    , -12806.1    , array([ 1.09969    ,  0.382925   ,  0.413572   ,  0.0106663  ,  3.18005    ,  9.98453    ,  0.0742039  ,  0.0810306  ])
1816    , -12797.4    , array([ 1.09969    ,  0.382925   ,  0.413572   ,  0.000249912,  3.18005    ,  9.98453    ,  0.0742039  ,  0.0810306  ])
1824    , -12797.2    , array([ 1.09969    ,  0.382925   ,  0.413572   ,  4.07447e-06,  3.18005    ,  9.98453    ,  0.0742039  ,  0.0810306  ])
1832    , -14370.4    , array([ 1.09969    ,  0.382925   ,  0.413572   ,  5.82672e-08,  4.18005    ,  9.98453    ,  0.0742039  ,  0.0810306  ])
1840    , -12100.6    , array([ 1.09969    ,  0.382925   ,  0.413572   ,  5.82672e-08,  2.12759    ,  9.98453    ,  0.0742039  ,  0.0810306  ])
1864    , -75483      , array([ 1.09969    ,  0.382925   ,  0.413572   ,  5.82672e-08,  2.12759    ,  9.99977    ,  1.0742     ,  0.0810306  ])
1872    , -15035.1    , array([ 1.09969    ,  0.382925   ,  0.413572   ,  5.82672e-08,  2.12759    ,  9.99977    ,  0.147075   ,  0.0810306  ])
1880    , -12080.4    , array([ 1.09969    ,  0.382925   ,  0.413572   ,  5.82672e-08,  2.12759    ,  9.99977    ,  0.0691493  ,  0.0810306  ])
1896    , -12080.4    , array([ 1.09969    ,  0.382925   ,  0.413572   ,  5.82672e-08,  2.12759    ,  9.99977    ,  0.0691493  ,  0.0816789  ])
1904    , -12100.7    , array([ 1.48165    ,  0.382925   ,  0.413572   ,  5.82672e-08,  2.12759    ,  9.99977    ,  0.0691493  ,  0.0816789  ])
1912    , -11986.2    , array([ 1.25994    ,  0.382925   ,  0.413572   ,  5.82672e-08,  2.12759    ,  9.99977    ,  0.0691493  ,  0.0816789  ])
1920    , -12118.1    , array([ 1.25994    ,  0.436893   ,  0.413572   ,  5.82672e-08,  2.12759    ,  9.99977    ,  0.0691493  ,  0.0816789  ])
1936    , -11874.5    , array([ 1.25994    ,  0.389647   ,  0.461885   ,  5.82672e-08,  2.12759    ,  9.99977    ,  0.0691493  ,  0.0816789  ])
1952    , -11858.2    , array([ 1.25994    ,  0.389647   ,  0.497068   ,  0.010643   ,  2.12759    ,  9.99977    ,  0.0691493  ,  0.0816789  ])
1960    , -11855.1    , array([ 1.25994    ,  0.389647   ,  0.497068   ,  0.000226607,  2.12759    ,  9.99977    ,  0.0691493  ,  0.0816789  ])
1968    , -11855.1    , array([ 1.25994    ,  0.389647   ,  0.497068   ,  4.88065e-06,  2.12759    ,  9.99977    ,  0.0691493  ,  0.0816789  ])
1976    , -11855.1    , array([ 1.25994    ,  0.389647   ,  0.497068   ,  1.60917e-07,  2.12759    ,  9.99977    ,  0.0691493  ,  0.0816789  ])
1992    , -11710.6    , array([ 1.25994    ,  0.389647   ,  0.497068   ,  2.6675e-10 ,  1.50956    ,  9.99977    ,  0.0691493  ,  0.0816789  ])
2000    , -11723.6    , array([ 1.25994    ,  0.389647   ,  0.497068   ,  2.6675e-10 ,  1.67383    ,  8.38174    ,  0.0691493  ,  0.0816789  ])
2008    , -11673      , array([ 1.25994    ,  0.389647   ,  0.497068   ,  2.6675e-10 ,  1.67383    ,  9.43514    ,  0.0691493  ,  0.0816789  ])
2024    , -11666.4    , array([ 1.25994    ,  0.389647   ,  0.497068   ,  2.6675e-10 ,  1.67383    ,  9.43514    ,  0.0665247  ,  0.0816789  ])
2040    , -11666.1    , array([ 1.25994    ,  0.389647   ,  0.497068   ,  2.6675e-10 ,  1.67383    ,  9.43514    ,  0.0664982  ,  0.0831245  ])
2048    , -15224      , array([ 0.641902   ,  0.389647   ,  0.497068   ,  2.6675e-10 ,  1.67383    ,  9.43514    ,  0.0664982  ,  0.0831245  ])
2056    , -11644.2    , array([ 1.3481     ,  0.389647   ,  0.497068   ,  2.6675e-10 ,  1.67383    ,  9.43514    ,  0.0664982  ,  0.0831245  ])
2064    , -11745.1    , array([ 1.3481     ,  0.440798   ,  0.497068   ,  2.6675e-10 ,  1.67383    ,  9.43514    ,  0.0664982  ,  0.0831245  ])
2072    , -13530.9    , array([ 1.3481     ,  0.398727   ,  1.49707    ,  2.6675e-10 ,  1.67383    ,  9.43514    ,  0.0664982  ,  0.0831245  ])
2080    , -11600.7    , array([ 1.3481     ,  0.398727   ,  0.551155   ,  2.6675e-10 ,  1.67383    ,  9.43514    ,  0.0664982  ,  0.0831245  ])
2088    , -11801.5    , array([ 1.3481     ,  0.398727   ,  0.552028   ,  0.381966   ,  1.67383    ,  9.43514    ,  0.0664982  ,  0.0831245  ])
2096    , -11600.7    , array([ 1.3481     ,  0.398727   ,  0.552028   ,  0.00407278 ,  1.67383    ,  9.43514    ,  0.0664982  ,  0.0831245  ])
2104    , -11539.9    , array([ 1.3481     ,  0.398727   ,  0.552028   ,  0.00411392 ,  1.43482    ,  9.43514    ,  0.0664982  ,  0.0831245  ])
2112    , -11526      , array([ 1.3481     ,  0.398727   ,  0.552028   ,  0.00411392 ,  1.42126    ,  8.8171     ,  0.0664982  ,  0.0831245  ])
2136    , -11524.3    , array([ 1.3481     ,  0.398727   ,  0.552028   ,  0.00411392 ,  1.42126    ,  8.86252    ,  0.0652566  ,  0.0831245  ])
2152    , -11524.1    , array([ 1.3481     ,  0.398727   ,  0.552028   ,  0.00411392 ,  1.42126    ,  8.86252    ,  0.0652566  ,  0.0819886  ])
2160    , -11428      , array([ 1.53492    ,  0.417966   ,  0.668487   ,  0.0128311  ,  0.886097   ,  7.64918    ,  0.0626258  ,  0.0795458  ])
2168    , -11640.2    , array([ 1.89128    ,  0.41533    ,  0.652529   ,  0.0116366  ,  0.959428   ,  7.81544    ,  0.0629863  ,  0.079879   ])
2176    , -22354.5    , array([ 1.49822    ,  1.41533    ,  0.652529   ,  0.0116366  ,  0.959428   ,  7.81544    ,  0.0629863  ,  0.079879   ])
2184    , -11428.3    , array([ 1.49822    ,  0.412483   ,  0.652529   ,  0.0116366  ,  0.959428   ,  7.81544    ,  0.0629863  ,  0.079879   ])
2192    , -11421.9    , array([ 1.49822    ,  0.42229    ,  0.652529   ,  0.0116366  ,  0.959428   ,  7.81544    ,  0.0629863  ,  0.079879   ])
2200    , -11415.3    , array([ 1.49822    ,  0.42229    ,  0.684012   ,  0.0116366  ,  0.959428   ,  7.81544    ,  0.0629863  ,  0.079879   ])
2208    , -11482.7    , array([ 1.49822    ,  0.42229    ,  0.683604   ,  0.393603   ,  0.959428   ,  7.81544    ,  0.0629863  ,  0.079879   ])
2224    , -21338.6    , array([ 1.49822    ,  0.42229    ,  0.683604   ,  0.140764   ,  0.959428   ,  7.81544    ,  0.0629863  ,  0.00713156 ])
2232    , -11374.5    , array([ 1.49822    ,  0.42229    ,  0.683604   ,  0.140764   ,  0.959428   ,  7.81544    ,  0.0629863  ,  0.0863742  ])
2240    , -11373.1    , array([ 1.49822    ,  0.42229    ,  0.683604   ,  0.140764   ,  0.959428   ,  7.65529    ,  0.0629863  ,  0.0863742  ])
2248    , -40559.8    , array([ 1.49822    ,  0.42229    ,  0.683604   ,  0.140764   ,  0.959428   ,  7.65529    ,  0.444952   ,  0.0863742  ])
2256    , -11357.1    , array([ 1.49822    ,  0.42229    ,  0.683604   ,  0.140764   ,  0.959428   ,  7.65529    ,  0.0674113  ,  0.0863742  ])
2264    , -11356.7    , array([ 1.49822    ,  0.42229    ,  0.683604   ,  0.140764   ,  0.959428   ,  7.65529    ,  0.0668691  ,  0.0863742  ])
2272    , -11477.6    , array([ 1.65975    ,  0.447028   ,  0.82229    ,  0.277947   ,  0.464915   ,  6.37398    ,  0.068321   ,  0.0906228  ])
2280    , -11357.5    , array([ 1.48484    ,  0.422878   ,  0.687159   ,  0.14103    ,  0.943089   ,  7.61825    ,  0.0667888  ,  0.0862999  ])
2288    , -11356.6    , array([ 1.50633    ,  0.422878   ,  0.687159   ,  0.14103    ,  0.943089   ,  7.61825    ,  0.0667888  ,  0.0862999  ])
2296    , -11355.9    , array([ 1.50633    ,  0.42613    ,  0.687159   ,  0.14103    ,  0.943089   ,  7.61825    ,  0.0667888  ,  0.0862999  ])
2304    , -11765.7    , array([ 1.50633    ,  0.426173   ,  1.06913    ,  0.14103    ,  0.943089   ,  7.61825    ,  0.0667888  ,  0.0862999  ])
2312    , -11353.7    , array([ 1.50633    ,  0.426173   ,  0.70584    ,  0.14103    ,  0.943089   ,  7.61825    ,  0.0667888  ,  0.0862999  ])
2320    , -11336      , array([ 1.50633    ,  0.426173   ,  0.70584    ,  0.239879   ,  0.943089   ,  7.61825    ,  0.0667888  ,  0.0862999  ])
2336    , -11337.9    , array([ 1.50633    ,  0.426173   ,  0.70584    ,  0.238091   ,  0.943089   ,  7.61825    ,  0.0667888  ,  0.0883056  ])
2344    , -11335.6    , array([ 1.50633    ,  0.426173   ,  0.70584    ,  0.238091   ,  0.943089   ,  7.61825    ,  0.0667888  ,  0.0847994  ])
2352    , -11333      , array([ 1.50633    ,  0.426173   ,  0.70584    ,  0.238091   ,  0.943089   ,  7.40108    ,  0.0667888  ,  0.0847994  ])
2368    , -11313.8    , array([ 1.50633    ,  0.426173   ,  0.70584    ,  0.238091   ,  0.943089   ,  7.40108    ,  0.0711211  ,  0.0847994  ])
2376    , -11313.5    , array([ 1.51247    ,  0.426805   ,  0.709663   ,  0.238377   ,  0.925524   ,  7.36125    ,  0.0710347  ,  0.0847196  ])
2384    , -11275.4    , array([ 1.54315    ,  0.437942   ,  0.773762   ,  0.493624   ,  0.855712   ,  6.63442    ,  0.0820336  ,  0.0804741  ])
2392    , -12284.5    , array([ 2.53909    ,  0.436384   ,  0.764806   ,  0.45716    ,  0.864748   ,  6.73616    ,  0.080457   ,  0.0810766  ])
2400    , -11270.3    , array([ 1.49526    ,  0.436384   ,  0.764806   ,  0.45716    ,  0.864748   ,  6.73616    ,  0.080457   ,  0.0810766  ])
2408    , -15050.8    , array([ 1.49443    ,  0.81835    ,  0.764806   ,  0.45716    ,  0.864748   ,  6.73616    ,  0.080457   ,  0.0810766  ])
2416    , -11270.1    , array([ 1.49443    ,  0.438076   ,  0.764806   ,  0.45716    ,  0.864748   ,  6.73616    ,  0.080457   ,  0.0810766  ])
2424    , -11267.4    , array([ 1.49443    ,  0.438059   ,  0.773722   ,  0.45716    ,  0.864748   ,  6.73616    ,  0.080457   ,  0.0810766  ])
2432    , -12427      , array([ 1.49443    ,  0.438059   ,  0.803873   ,  1.45716    ,  0.864748   ,  6.73616    ,  0.080457   ,  0.0810766  ])
2440    , -11263.4    , array([ 1.49443    ,  0.438059   ,  0.803873   ,  0.455629   ,  0.864748   ,  6.73616    ,  0.080457   ,  0.0810766  ])
2448    , -14238.3    , array([ 1.49443    ,  0.438059   ,  0.803873   ,  0.455629   ,  0.864748   ,  6.73616    ,  0.080457   ,  0.463043   ])
2456    , -11257.6    , array([ 1.49443    ,  0.438059   ,  0.803873   ,  0.455629   ,  0.864748   ,  6.73616    ,  0.080457   ,  0.0657396  ])
2464    , -11325.6    , array([ 1.49443    ,  0.438059   ,  0.803873   ,  0.455629   ,  0.864748   ,  5.11813    ,  0.080457   ,  0.0721443  ])
2472    , -11234.3    , array([ 1.49443    ,  0.438059   ,  0.803873   ,  0.455629   ,  0.864748   ,  6.30798    ,  0.080457   ,  0.0721443  ])
2480    , -11234.3    , array([ 1.49595    ,  0.438215   ,  0.804821   ,  0.4557     ,  0.860392   ,  6.29811    ,  0.0804356  ,  0.0721245  ])
2488    , -11233.8    , array([ 1.50525    ,  0.441784   ,  0.825337   ,  0.539226   ,  0.839693   ,  6.06505    ,  0.0840469  ,  0.0707445  ])
2496    , -11232.6    , array([ 1.50105    ,  0.440173   ,  0.816077   ,  0.501528   ,  0.849035   ,  6.17024    ,  0.082417   ,  0.0713673  ])
2504    , -11231.2    , array([ 1.47508    ,  0.440173   ,  0.816077   ,  0.501528   ,  0.849035   ,  6.17024    ,  0.082417   ,  0.0713673  ])
2512    , -14059.3    , array([ 1.47534    ,  0.278716   ,  0.816077   ,  0.501528   ,  0.849035   ,  6.17024    ,  0.082417   ,  0.0713673  ])
2520    , -11231.2    , array([ 1.47534    ,  0.43985    ,  0.816077   ,  0.501528   ,  0.849035   ,  6.17024    ,  0.082417   ,  0.0713673  ])
2528    , -11227.8    , array([ 1.47534    ,  0.43985    ,  0.856491   ,  0.501528   ,  0.849035   ,  6.17024    ,  0.082417   ,  0.0713673  ])
2544    , -11226.9    , array([ 1.47534    ,  0.43985    ,  0.848596   ,  0.478458   ,  0.849035   ,  6.17024    ,  0.082417   ,  0.0713673  ])
2560    , -11221.8    , array([ 1.47534    ,  0.43985    ,  0.848596   ,  0.478687   ,  0.849035   ,  6.17024    ,  0.082417   ,  0.0673987  ])
2568    , -11224.1    , array([ 1.47534    ,  0.43985    ,  0.848596   ,  0.478687   ,  0.849035   ,  5.5522     ,  0.082417   ,  0.0674972  ])
2576    , -11365.4    , array([ 1.63656    ,  0.456453   ,  0.949096   ,  0.48621    ,  0.3872     ,  4.84216    ,  0.0801467  ,  0.0653991  ])
2584    , -11217.6    , array([ 1.47605    ,  0.439923   ,  0.849041   ,  0.47872    ,  0.846987   ,  5.8846     ,  0.0824069  ,  0.0674879  ])
2592    , -11216.3    , array([ 1.48032    ,  0.44156    ,  0.858452   ,  0.517015   ,  0.837476   ,  5.7777     ,  0.0840625  ,  0.0668551  ])
2600    , -11208.2    , array([ 1.44678    ,  0.443804   ,  0.927014   ,  0.542073   ,  0.818774   ,  5.14256    ,  0.086725   ,  0.059554   ])
2608    , -11207.7    , array([ 1.45321    ,  0.443374   ,  0.91387    ,  0.537269   ,  0.822359   ,  5.26432    ,  0.0862146  ,  0.0609537  ])
2616    , -11206.7    , array([ 1.47547    ,  0.443374   ,  0.91387    ,  0.537269   ,  0.822359   ,  5.26432    ,  0.0862146  ,  0.0609537  ])
2624    , -13033.7    , array([ 1.47525    ,  0.31213    ,  0.91387    ,  0.537269   ,  0.822359   ,  5.26432    ,  0.0862146  ,  0.0609537  ])
2632    , -11874.8    , array([ 1.47525    ,  0.449048   ,  1.91387    ,  0.537269   ,  0.822359   ,  5.26432    ,  0.0862146  ,  0.0609537  ])
2640    , -11204.6    , array([ 1.47525    ,  0.449048   ,  0.918402   ,  0.537269   ,  0.822359   ,  5.26432    ,  0.0862146  ,  0.0609537  ])
2656    , -11245.4    , array([ 1.49958    ,  0.458391   ,  0.971806   ,  0.728358   ,  0.768168   ,  4.65416    ,  0.0956693  ,  0.0573406  ])
2664    , -11203.6    , array([ 1.47601    ,  0.44934    ,  0.919776   ,  0.516523   ,  0.820664   ,  5.24523    ,  0.0865104  ,  0.0608407  ])
2672    , -11202      , array([ 1.47601    ,  0.44934    ,  0.919776   ,  0.516523   ,  0.820664   ,  5.07153    ,  0.0865104  ,  0.0608407  ])
2680    , -11228.9    , array([ 1.53759    ,  0.455682   ,  0.958164   ,  0.519397   ,  0.644258   ,  4.67158    ,  0.0856432  ,  0.0600393  ])
2688    , -11228.8    , array([ 1.50891    ,  0.445276   ,  0.82327    ,  0.483239   ,  0.876542   ,  5.97342    ,  0.0831827  ,  0.070532   ])
2696    , -11210.7    , array([ 1.43502    ,  0.455849   ,  0.997586   ,  0.526031   ,  0.85846    ,  4.22845    ,  0.0904383  ,  0.0519002  ])
2704    , -11200.6    , array([ 1.45796    ,  0.448704   ,  0.928019   ,  0.521523   ,  0.847968   ,  5.00307    ,  0.0872504  ,  0.0593776  ])
2720    , -11198.5    , array([ 1.4744     ,  0.454317   ,  0.928019   ,  0.521523   ,  0.847968   ,  5.00307    ,  0.0872504  ,  0.0593776  ])
2728    , -15471.2    , array([ 1.4744     ,  0.453703   ,  0.309985   ,  0.521523   ,  0.847968   ,  5.00307    ,  0.0872504  ,  0.0593776  ])
2736    , -11198.5    , array([ 1.4744     ,  0.453703   ,  0.924731   ,  0.521523   ,  0.847968   ,  5.00307    ,  0.0872504  ,  0.0593776  ])
2744    , -11198.3    , array([ 1.4744     ,  0.453703   ,  0.924697   ,  0.480248   ,  0.847968   ,  5.00307    ,  0.0872504  ,  0.0593776  ])
2752    , -11219.4    , array([ 1.45937    ,  0.447929   ,  0.891503   ,  0.363977   ,  0.88146    ,  5.38017    ,  0.0814071  ,  0.0616107  ])
2760    , -11197.6    , array([ 1.47637    ,  0.45446    ,  0.929046   ,  0.516831   ,  0.84358    ,  4.95367    ,  0.0880159  ,  0.0590851  ])
2768    , -11196.8    , array([ 1.47637    ,  0.45446    ,  0.929046   ,  0.516831   ,  0.84358    ,  4.82934    ,  0.0880159  ,  0.0590851  ])
2776    , -11196.4    , array([ 1.46786    ,  0.453583   ,  0.923741   ,  0.516434   ,  0.867958   ,  4.88461    ,  0.0881357  ,  0.0591958  ])
2784    , -11196      , array([ 1.46277    ,  0.453924   ,  0.934152   ,  0.520239   ,  0.865118   ,  4.78816    ,  0.08854    ,  0.0580872  ])
2792    , -11187.1    , array([ 1.47564    ,  0.467621   ,  0.95116    ,  0.517225   ,  0.909757   ,  4.21674    ,  0.0919532  ,  0.0546077  ])
2800    , -11183.5    , array([ 1.4897     ,  0.482417   ,  0.969261   ,  0.513863   ,  0.958087   ,  3.60168    ,  0.0956317  ,  0.0508767  ])
2808    , -11184.9    , array([ 1.45512    ,  0.482135   ,  0.968916   ,  0.513927   ,  0.957166   ,  3.6134     ,  0.0955615  ,  0.0509478  ])
2816    , -11183.4    , array([ 1.482      ,  0.482135   ,  0.968916   ,  0.513927   ,  0.957166   ,  3.6134     ,  0.0955615  ,  0.0509478  ])
2824    , -11182.2    , array([ 1.48826    ,  0.481716   ,  0.956119   ,  0.50925    ,  0.960656   ,  3.73195    ,  0.0950646  ,  0.0523105  ])
2832    , -11182      , array([ 1.48826    ,  0.481716   ,  0.974044   ,  0.50925    ,  0.960656   ,  3.73195    ,  0.0950646  ,  0.0523105  ])
2848    , -11226.4    , array([ 1.51259    ,  0.491058   ,  1.02019    ,  0.707402   ,  0.906466   ,  3.12178    ,  0.104519   ,  0.0486974  ])
2856    , -11181.3    , array([ 1.48957    ,  0.482219   ,  0.969375   ,  0.5005     ,  0.957739   ,  3.69909    ,  0.0955736  ,  0.052116   ])
2864    , -11180.9    , array([ 1.48959    ,  0.482224   ,  0.969404   ,  0.500619   ,  0.957709   ,  3.61001    ,  0.0955788  ,  0.052114   ])
2872    , -11223      , array([ 1.38995    ,  0.471963   ,  0.907291   ,  0.49597    ,  1.24314    ,  4.25945    ,  0.0969819  ,  0.0534107  ])
2880    , -11216.3    , array([ 1.44506    ,  0.436471   ,  0.912846   ,  0.510933   ,  0.81203    ,  5.51683    ,  0.0842508  ,  0.0636359  ])
2888    , -11180.1    , array([ 1.49478    ,  0.488806   ,  0.976871   ,  0.499041   ,  0.982979   ,  3.3413     ,  0.097262   ,  0.0504389  ])
2896    , -11201.8    , array([ 1.5978     ,  0.488874   ,  0.976954   ,  0.499026   ,  0.9832     ,  3.33848    ,  0.0972788  ,  0.0504219  ])
2904    , -11217.7    , array([ 1.53257    ,  0.485939   ,  0.887284   ,  0.466253   ,  1.00766    ,  4.16914    ,  0.0937967  ,  0.0599705  ])
2912    , -11179.7    , array([ 1.49186    ,  0.488662   ,  0.970485   ,  0.496662   ,  0.984965   ,  3.3984     ,  0.0970276  ,  0.0511107  ])
2920    , -11185.1    , array([ 1.49183    ,  0.488664   ,  0.926432   ,  0.496685   ,  0.984947   ,  3.39781    ,  0.0970301  ,  0.0511038  ])
2928    , -11179.6    , array([ 1.49183    ,  0.488664   ,  0.979151   ,  0.496685   ,  0.984947   ,  3.39781    ,  0.0970301  ,  0.0511038  ])
2936    , -11179.5    , array([ 1.49183    ,  0.488664   ,  0.979151   ,  0.492227   ,  0.984947   ,  3.39781    ,  0.0970301  ,  0.0511038  ])
2944    , -11179.4    , array([ 1.49299    ,  0.489107   ,  0.981696   ,  0.502545   ,  0.982379   ,  3.36889    ,  0.0974781  ,  0.0509326  ])
2952    , -11188      , array([ 1.49299    ,  0.489107   ,  0.981696   ,  0.502545   ,  0.982379   ,  3.75086    ,  0.0974781  ,  0.0509326  ])
2960    , -11460.1    , array([ 1.23213    ,  0.462243   ,  0.819083   ,  0.490373   ,  1.72965    ,  5.02331    ,  0.101152   ,  0.0543274  ])
2968    , -11179.3    , array([ 1.49355    ,  0.489165   ,  0.982048   ,  0.502571   ,  0.980763   ,  3.32544    ,  0.0974702  ,  0.0509253  ])
2976    , -11179.2    , array([ 1.49626    ,  0.492025   ,  0.985543   ,  0.501921   ,  0.990121   ,  3.20658    ,  0.0981813  ,  0.0502042  ])
