545     , -1310.96    , array([ 0.999335   ,  0.10062    ,  5.00597    ,  2.48811    ,  0.0503499  ])
550     , -1404.37    , array([ 1.3813     ,  0.10062    ,  5.00597    ,  2.48811    ,  0.0503499  ])
555     , -1310.96    , array([ 0.999595   ,  0.10062    ,  5.00597    ,  2.48811    ,  0.0503499  ])
570     , -1320.77    , array([ 0.999597   ,  0.103246   ,  5.00597    ,  2.48811    ,  0.0503499  ])
575     , -1310.95    , array([ 0.999597   ,  0.100539   ,  5.00597    ,  2.48811    ,  0.0503499  ])
580     , -1323.71    , array([ 0.999597   ,  0.100538   ,  4.38794    ,  2.48811    ,  0.0503499  ])
585     , -1310.95    , array([ 0.999597   ,  0.100538   ,  5.00693    ,  2.48811    ,  0.0503499  ])
590     , -1310.95    , array([ 0.999597   ,  0.100538   ,  5.00694    ,  2.48811    ,  0.0503499  ])
595     , -1310.95    , array([ 0.999597   ,  0.100538   ,  5.00694    ,  2.48886    ,  0.0503499  ])
610     , -1985.79    , array([ 0.999597   ,  0.100538   ,  5.00694    ,  2.48886    ,  0.0371942  ])
615     , -1310.95    , array([ 0.999597   ,  0.100538   ,  5.00694    ,  2.48886    ,  0.050334   ])
