350     , -1312.27    , array([ 0.999398   ,  0.104079   ,  5.02383    ,  2.22074    ,  0.0513861  ])
355     , -1408.16    , array([ 1.38136    ,  0.104079   ,  5.02383    ,  2.22074    ,  0.0513861  ])
360     , -1312.27    , array([ 1.00044    ,  0.104079   ,  5.02383    ,  2.22074    ,  0.0513861  ])
375     , -1320.51    , array([ 1.00044    ,  0.106309   ,  5.02383    ,  2.22074    ,  0.0513861  ])
380     , -1312.12    , array([ 1.00044    ,  0.103735   ,  5.02383    ,  2.22074    ,  0.0513861  ])
385     , -1316.4     , array([ 1.00044    ,  0.103735   ,  5.4058     ,  2.22074    ,  0.0513861  ])
390     , -1312.11    , array([ 1.00044    ,  0.103735   ,  5.04445    ,  2.22074    ,  0.0513861  ])
395     , -1320.89    , array([ 1.00044    ,  0.103735   ,  5.04445    ,  2.6027     ,  0.0513861  ])
400     , -1311.99    , array([ 1.00044    ,  0.103735   ,  5.04445    ,  2.25901    ,  0.0513861  ])
405     , -12234.8    , array([ 1.00044    ,  0.103735   ,  5.04445    ,  2.25901    ,  0.433352   ])
410     , -11567.5    , array([ 1.00044    ,  0.103735   ,  5.04445    ,  2.25901    ,  0.0169443  ])
415     , -1311.94    , array([ 1.00044    ,  0.103735   ,  5.04445    ,  2.25901    ,  0.0514933  ])
420     , -1311.94    , array([ 1.00044    ,  0.103735   ,  5.04445    ,  2.25901    ,  0.0515282  ])
425     , -1311.84    , array([ 1.00108    ,  0.103523   ,  5.05719    ,  2.28267    ,  0.0516159  ])
435     , -1318.47    , array([ 0.925167   ,  0.103388   ,  5.06527    ,  2.29767    ,  0.0516716  ])
440     , -1311.79    , array([ 0.996158   ,  0.103388   ,  5.06527    ,  2.29767    ,  0.0516716  ])
450     , -5104.89    , array([ 0.996104   ,  0.103388   ,  5.06527    ,  2.29767    ,  0.124587   ])
455     , -1313.15    , array([ 0.996104   ,  0.103388   ,  5.06527    ,  2.29767    ,  0.0522561  ])
460     , -1311.72    , array([ 0.996104   ,  0.103388   ,  5.06527    ,  2.29767    ,  0.0515096  ])
465     , -1316.93    , array([ 0.996104   ,  0.103388   ,  5.44724    ,  2.29767    ,  0.0515096  ])
470     , -1311.71    , array([ 0.996104   ,  0.103388   ,  5.04878    ,  2.29767    ,  0.0515096  ])
475     , -1321.42    , array([ 0.996104   ,  0.103388   ,  5.04878    ,  2.67964    ,  0.0515096  ])
480     , -1311.68    , array([ 0.996104   ,  0.103388   ,  5.04878    ,  2.31871    ,  0.0515096  ])
485     , -1311.57    , array([ 0.996752   ,  0.103173   ,  5.06165    ,  2.3426     ,  0.0515983  ])
490     , -1311.55    , array([ 0.99721    ,  0.103022   ,  5.07074    ,  2.35947    ,  0.0516609  ])
495     , -1410.13    , array([ 1.37918    ,  0.103022   ,  5.07074    ,  2.35947    ,  0.0516609  ])
500     , -1311.55    , array([ 0.99505    ,  0.103022   ,  5.07074    ,  2.35947    ,  0.0516609  ])
515     , -1939.45    , array([ 0.995071   ,  0.103022   ,  5.07074    ,  2.35947    ,  0.0385053  ])
520     , -1311.52    , array([ 0.995071   ,  0.103022   ,  5.07074    ,  2.35947    ,  0.05156    ])
525     , -1311.52    , array([ 0.995071   ,  0.103022   ,  5.07074    ,  2.35947    ,  0.051559   ])
530     , -1311.5     , array([ 0.995071   ,  0.103022   ,  5.04623    ,  2.35947    ,  0.051559   ])
535     , -1311.5     , array([ 0.995071   ,  0.103022   ,  5.04623    ,  2.35947    ,  0.051559   ])
540     , -1311.49    , array([ 0.995071   ,  0.103022   ,  5.04623    ,  2.37072    ,  0.051559   ])
545     , -1311.47    , array([ 0.99612    ,  0.102674   ,  5.06705    ,  2.40949    ,  0.0517025  ])
