2204    , -908.849    , array([ 0.295698   ,  1.21479    ,  0.0653927  ,  0.0351703  ])
2208    , -266.247    , array([ 0.0702848  ,  1.21479    ,  0.0653927  ,  0.0351703  ])
2212    , -103.286    , array([ 0.104181   ,  1.21479    ,  0.0653927  ,  0.0351703  ])
2216    , -134.618    , array([ 0.104186   ,  2.21479    ,  0.0653927  ,  0.0351703  ])
2220    , -111.442    , array([ 0.104186   ,  1.59676    ,  0.0653927  ,  0.0351703  ])
2224    , -103.279    , array([ 0.104186   ,  1.20636    ,  0.0653927  ,  0.0351703  ])
2228    , -103.279    , array([ 0.104186   ,  1.20599    ,  0.0653927  ,  0.0351703  ])
2240    , -103.268    , array([ 0.104186   ,  1.20599    ,  0.065148   ,  0.0351703  ])
2244    , -103.268    , array([ 0.104186   ,  1.20599    ,  0.0651274  ,  0.0351703  ])
2256    , -239.132    , array([ 0.104186   ,  1.20599    ,  0.0651274  ,  0.0220147  ])
2260    , -103.259    , array([ 0.104186   ,  1.20599    ,  0.0651274  ,  0.035295   ])
2264    , -103.259    , array([ 0.104186   ,  1.20599    ,  0.0651274  ,  0.0352938  ])
2268    , -103.286    , array([ 0.0972935  ,  1.09374    ,  0.0617431  ,  0.0368689  ])
2272    , -103.106    , array([ 0.100803   ,  1.1509     ,  0.0634664  ,  0.0360668  ])
2276    , -4539.95    , array([ 0.100803   ,  1.1509     ,  0.0634664  ,  1.03607    ])
2280    , -4131.96    , array([ 0.100803   ,  1.1509     ,  0.0634664  ,  0.418033   ])
2284    , -1129.4     , array([ 0.100803   ,  1.1509     ,  0.0634664  ,  0.109003   ])
2288    , -108.943    , array([ 0.100803   ,  1.1509     ,  0.0634664  ,  0.03936    ])
2292    , -103.103    , array([ 0.100803   ,  1.1509     ,  0.0634664  ,  0.0359854  ])
2300    , -104.5      , array([ 0.100803   ,  1.2883     ,  0.0634664  ,  0.0359846  ])
2304    , -103.096    , array([ 0.100803   ,  1.15897    ,  0.0634664  ,  0.0359846  ])
2312    , -4525.78    , array([ 0.100803   ,  1.15897    ,  0.254367   ,  0.0359846  ])
2316    , -106.101    , array([ 0.100803   ,  1.15897    ,  0.0585652  ,  0.0359846  ])
2320    , -102.988    , array([ 0.100803   ,  1.15897    ,  0.0626825  ,  0.0359846  ])
2324    , -103.767    , array([ 0.0919468  ,  1.01474    ,  0.0583259  ,  0.0380084  ])
2328    , -102.934    , array([ 0.0988339  ,  1.1269     ,  0.0617075  ,  0.0364347  ])
2332    , -103.105    , array([ 0.0935823  ,  1.04944    ,  0.0583371  ,  0.0375525  ])
2336    , -102.934    , array([ 0.0988843  ,  1.12772    ,  0.0617323  ,  0.0364231  ])
2344    , -314.008    , array([ 0.0988843  ,  1.12772    ,  0.0617323  ,  0.0613015  ])
2348    , -102.925    , array([ 0.0988843  ,  1.12772    ,  0.0617323  ,  0.0365434  ])
2352    , -102.925    , array([ 0.0988843  ,  1.12772    ,  0.0617323  ,  0.0365539  ])
2356    , -237.716    , array([ 0.0988843  ,  0.509685   ,  0.0617323  ,  0.0365539  ])
2360    , -102.898    , array([ 0.0988843  ,  1.14744    ,  0.0617323  ,  0.0365539  ])
2364    , -102.897    , array([ 0.0988843  ,  1.14386    ,  0.0617323  ,  0.0365539  ])
2376    , -102.818    , array([ 0.0988843  ,  1.14386    ,  0.0611122  ,  0.0365539  ])
2380    , -102.818    , array([ 0.0988843  ,  1.14386    ,  0.0610755  ,  0.0365539  ])
2384    , -102.981    , array([ 0.100975   ,  1.1779     ,  0.0621021  ,  0.0360762  ])
2388    , -102.775    , array([ 0.0972004  ,  1.11643    ,  0.0602487  ,  0.0369387  ])
2392    , -102.649    , array([ 0.0954823  ,  1.10459    ,  0.0587484  ,  0.0374621  ])
2396    , -102.499    , array([ 0.0903818  ,  1.06992    ,  0.0542747  ,  0.0390198  ])
2400    , -102.497    , array([ 0.0910063  ,  1.07416    ,  0.0548225  ,  0.038829   ])
2408    , -2528.59    , array([ 0.0909439  ,  1.07374    ,  0.0547678  ,  0.229801   ])
2412    , -1538.2     , array([ 0.0909439  ,  1.07374    ,  0.0547678  ,  0.00440625 ])
2416    , -102.531    , array([ 0.0909439  ,  1.07374    ,  0.0547678  ,  0.0389454  ])
2420    , -102.447    , array([ 0.0909439  ,  1.07374    ,  0.0547678  ,  0.0385227  ])
2424    , -102.447    , array([ 0.0909439  ,  1.07374    ,  0.0547678  ,  0.0385259  ])
2428    , -102.335    , array([ 0.0909439  ,  1.08994    ,  0.0547678  ,  0.0385259  ])
2432    , -102.292    , array([ 0.0909439  ,  1.10865    ,  0.0547678  ,  0.0385259  ])
2436    , -102.292    , array([ 0.0909439  ,  1.1083     ,  0.0547678  ,  0.0385259  ])
2440    , -102.252    , array([ 0.0893335  ,  1.08207    ,  0.0539771  ,  0.0388939  ])
2444    , -102.435    , array([ 0.0830941  ,  1.03966    ,  0.0485045  ,  0.0407994  ])
2448    , -102.227    , array([ 0.0869503  ,  1.06587    ,  0.0518867  ,  0.0396217  ])
2452    , -102.224    , array([ 0.0875019  ,  1.06962    ,  0.0523706  ,  0.0394532  ])
2460    , -2514.46    , array([ 0.0875201  ,  1.06975    ,  0.0523865  ,  0.230401   ])
2464    , -1495.69    , array([ 0.0875201  ,  1.06975    ,  0.0523865  ,  0.00500583 ])
2468    , -102.205    , array([ 0.0875201  ,  1.06975    ,  0.0523865  ,  0.0394016  ])
2472    , -102.122    , array([ 0.0875201  ,  1.06975    ,  0.0523865  ,  0.0389862  ])
2480    , -103.562    , array([ 0.0875201  ,  1.22009    ,  0.0523865  ,  0.0389816  ])
2484    , -101.994    , array([ 0.0875201  ,  1.10063    ,  0.0523865  ,  0.0389816  ])
2488    , -102.608    , array([ 0.0929938  ,  1.18977    ,  0.0550741  ,  0.0377308  ])
2492    , -101.97     , array([ 0.0862408  ,  1.0798     ,  0.0517584  ,  0.0392739  ])
2496    , -101.97     , array([ 0.0862733  ,  1.08033    ,  0.0517743  ,  0.0392665  ])
2500    , -101.97     , array([ 0.0862856  ,  1.08053    ,  0.0517804  ,  0.0392636  ])
2504    , -101.936    , array([ 0.084443   ,  1.068      ,  0.0501642  ,  0.0398264  ])
2508    , -101.936    , array([ 0.0844178  ,  1.06783    ,  0.0501421  ,  0.0398341  ])
2512    , -101.292    , array([ 0.0762958  ,  1.06281    ,  0.0442662  ,  0.0408457  ])
2516    , -100.917    , array([ 0.0670751  ,  1.05711    ,  0.0375954  ,  0.0419941  ])
2520    , -3995.96    , array([ 0.0669017  ,  1.057      ,  0.0374699  ,  1.04202    ])
2524    , -3589.97    , array([ 0.0669017  ,  1.057      ,  0.0374699  ,  0.423982   ])
2528    , -962.061    , array([ 0.0669017  ,  1.057      ,  0.0374699  ,  0.114954   ])
2532    , -104.703    , array([ 0.0669017  ,  1.057      ,  0.0374699  ,  0.0450959  ])
2536    , -100.916    , array([ 0.0669017  ,  1.057      ,  0.0374699  ,  0.0420802  ])
2540    , -101.767    , array([ 0.0769973  ,  1.12563    ,  0.0463247  ,  0.0389977  ])
2544    , -100.742    , array([ 0.0695696  ,  1.07514    ,  0.0398099  ,  0.0412661  ])
2548    , -100.741    , array([ 0.0693225  ,  1.07346    ,  0.0395932  ,  0.0413416  ])
2552    , -100.741    , array([ 0.069347   ,  1.07363    ,  0.0396146  ,  0.0413341  ])
2556    , -100.715    , array([ 0.0682172  ,  1.05523    ,  0.0390599  ,  0.0415923  ])
2560    , -102.513    , array([ 0.0507011  ,  1.0444     ,  0.0263877  ,  0.0437739  ])
2564    , -100.558    , array([ 0.0615266  ,  1.05109    ,  0.0342196  ,  0.0424256  ])
2568    , -100.549    , array([ 0.062644   ,  1.05178    ,  0.0350279  ,  0.0422864  ])
2572    , -3979.17    , array([ 0.0625877  ,  1.05175    ,  0.0349872  ,  1.04229    ])
2576    , -3574.94    , array([ 0.0625877  ,  1.05175    ,  0.0349872  ,  0.424259   ])
2580    , -954.607    , array([ 0.0625877  ,  1.05175    ,  0.0349872  ,  0.115232   ])
2584    , -104.376    , array([ 0.0625877  ,  1.05175    ,  0.0349872  ,  0.0456198  ])
2588    , -100.517    , array([ 0.0625877  ,  1.05175    ,  0.0349872  ,  0.0425613  ])
2592    , -100.517    , array([ 0.0625877  ,  1.05175    ,  0.0349872  ,  0.042564   ])
2596    , -100.458    , array([ 0.0639389  ,  1.06093    ,  0.0361723  ,  0.0421514  ])
2600    , -100.457    , array([ 0.0638498  ,  1.06033    ,  0.0360942  ,  0.0421786  ])
2604    , -100.6      , array([ 0.0659406  ,  1.09438    ,  0.0371207  ,  0.0417008  ])
2608    , -100.446    , array([ 0.0631144  ,  1.04835    ,  0.0357331  ,  0.0423466  ])
2612    , -100.446    , array([ 0.0631216  ,  1.04847    ,  0.0357367  ,  0.042345   ])
2616    , -100.354    , array([ 0.0597279  ,  1.04637    ,  0.0332814  ,  0.0427677  ])
2620    , -100.353    , array([ 0.0593791  ,  1.04616    ,  0.0330291  ,  0.0428111  ])
2624    , -99.9681    , array([ 0.051113   ,  1.0316     ,  0.0279997  ,  0.0441497  ])
2628    , -102.512    , array([ 0.0268562  ,  0.989013   ,  0.0132284  ,  0.0480737  ])
2632    , -99.7474    , array([ 0.0413665  ,  1.01449    ,  0.0220645  ,  0.0457264  ])
2640    , -2250.56    , array([ 0.0413665  ,  1.01449    ,  0.0220645  ,  0.236683   ])
2644    , -1218.6     , array([ 0.0413665  ,  1.01449    ,  0.0220645  ,  0.0112845  ])
2648    , -99.7919    , array([ 0.0413665  ,  1.01449    ,  0.0220645  ,  0.0460471  ])
2652    , -99.7474    , array([ 0.0413665  ,  1.01449    ,  0.0220645  ,  0.0457122  ])
2656    , -111.645    , array([ 0.0351271  ,  0.972074   ,  0.0165919  ,  0.0476187  ])
2660    , -101.528    , array([ 0.0389832  ,  0.998288   ,  0.0199741  ,  0.0464411  ])
2664    , -99.6143    , array([ 0.0423292  ,  1.02103    ,  0.0229088  ,  0.0454192  ])
2668    , -100.274    , array([ 0.0478029  ,  1.11017    ,  0.0255964  ,  0.0441684  ])
2672    , -99.6141    , array([ 0.0422695  ,  1.02006    ,  0.0228795  ,  0.0454329  ])
2676    , -99.614     , array([ 0.0422269  ,  1.01937    ,  0.0228586  ,  0.0454426  ])
2680    , -99.614     , array([ 0.0422259  ,  1.01935    ,  0.0228581  ,  0.0454428  ])
2684    , -99.5154    , array([ 0.0374925  ,  1.01104    ,  0.0199757  ,  0.0462085  ])
2688    , -129.449    , array([ 0.0137214  ,  0.972658   ,  0.00577057 ,  0.0499094  ])
2692    , -99.5115    , array([ 0.0365688  ,  1.00942    ,  0.0194132  ,  0.046358   ])
2700    , -242.48     , array([ 0.0365688  ,  1.00942    ,  0.0194132  ,  0.0691137  ])
2704    , -99.5099    , array([ 0.0365688  ,  1.00942    ,  0.0194132  ,  0.0462826  ])
2708    , -99.5099    , array([ 0.0365688  ,  1.00942    ,  0.0194132  ,  0.0462937  ])
2712    , -101.157    , array([ 0.040425   ,  1.03563    ,  0.0227955  ,  0.045116   ])
2716    , -99.457     , array([ 0.0370866  ,  1.01294    ,  0.0198674  ,  0.0461355  ])
2720    , -99.8124    , array([ 0.0336956  ,  0.957793   ,  0.0181993  ,  0.046911   ])
2724    , -99.5071    , array([ 0.0357864  ,  0.991841   ,  0.0192259  ,  0.0464332  ])
2728    , -99.4569    , array([ 0.0371221  ,  1.01359    ,  0.0198817  ,  0.046128   ])
2732    , -99.4569    , array([ 0.0371229  ,  1.01361    ,  0.0198821  ,  0.0461278  ])
2736    , -99.417     , array([ 0.0348672  ,  1.00965    ,  0.0185085  ,  0.0464928  ])
2740    , -99.4138    , array([ 0.0341372  ,  1.00836    ,  0.018064   ,  0.0466108  ])
2744    , -99.3318    , array([ 0.0317057  ,  1.00731    ,  0.0167147  ,  0.0468637  ])
2748    , -99.1661    , array([ 0.0240474  ,  1.00399    ,  0.0124652  ,  0.0476601  ])
2752    , -99.1598    , array([ 0.0226057  ,  1.00336    ,  0.0116653  ,  0.04781    ])
2756    , -99.1598    , array([ 0.0227199  ,  1.00341    ,  0.0117286  ,  0.0477982  ])
2764    , -235.626    , array([ 0.0227199  ,  1.00341    ,  0.0117286  ,  0.0705834  ])
2768    , -99.1408    , array([ 0.0227199  ,  1.00341    ,  0.0117286  ,  0.0480178  ])
2776    , -103.657    , array([ 0.0158255  ,  0.991309   ,  0.00753026 ,  0.0491352  ])
2780    , -99.1202    , array([ 0.0236879  ,  1.00511    ,  0.0123181  ,  0.0478634  ])
2784    , -99.1199    , array([ 0.023596   ,  1.00495    ,  0.0122621  ,  0.0478782  ])
2788    , -99.1199    , array([ 0.0235873  ,  1.00494    ,  0.0122569  ,  0.0478796  ])
2792    , -99.1147    , array([ 0.0231773  ,  0.99826    ,  0.0120556  ,  0.0479733  ])
2796    , -100.738    , array([ 0.0117525  ,  0.993188   ,  0.00571651 ,  0.0491623  ])
2800    , -99.0881    , array([ 0.0188088  ,  0.996247   ,  0.00963199 ,  0.0484285  ])
2804    , -99.0776    , array([ 0.0201344  ,  0.996822   ,  0.0103675  ,  0.0482907  ])
2812    , -99.0775    , array([ 0.0200528  ,  0.996787   ,  0.0103222  ,  0.0482992  ])
2820    , -233.683    , array([ 0.0200528  ,  0.996787   ,  0.0103222  ,  0.0709078  ])
2824    , -99.0731    , array([ 0.0200528  ,  0.996787   ,  0.0103222  ,  0.0484026  ])
2828    , -99.0731    , array([ 0.0200528  ,  0.996787   ,  0.0103222  ,  0.0484076  ])
2832    , -100.337    , array([ 0.0312081  ,  1.01637    ,  0.0171153  ,  0.046603   ])
2836    , -99.0853    , array([ 0.0214249  ,  0.999196   ,  0.0111578  ,  0.0481857  ])
2840    , -99.0611    , array([ 0.020594   ,  0.997737   ,  0.0106518  ,  0.0483201  ])
2844    , -99.8703    , array([ 0.0260623  ,  1.08687    ,  0.0133361  ,  0.0470702  ])
2848    , -99.0602    , array([ 0.0204639  ,  0.995697   ,  0.0105873  ,  0.0483494  ])
2852    , -99.0602    , array([ 0.0204155  ,  0.994909   ,  0.0105636  ,  0.0483605  ])
2856    , -99.0602    , array([ 0.0204173  ,  0.994937   ,  0.0105644  ,  0.0483601  ])
2860    , -99.044     , array([ 0.0191015  ,  0.994366   ,  0.00983431 ,  0.0484969  ])
2864    , -99.0425    , array([ 0.0186216  ,  0.994158   ,  0.009568   ,  0.0485468  ])
2868    , -99.0137    , array([ 0.0171904  ,  0.99153    ,  0.00881375 ,  0.0487945  ])
2872    , -98.9654    , array([ 0.0132583  ,  0.984308   ,  0.00674157 ,  0.049475   ])
2876    , -98.9636    , array([ 0.0126294  ,  0.983153   ,  0.00641012 ,  0.0495839  ])
2880    , -98.9636    , array([ 0.0125688  ,  0.983041   ,  0.00637822 ,  0.0495943  ])
2888    , -228.235    , array([ 0.0125688  ,  0.983041   ,  0.00637822 ,  0.0718046  ])
2892    , -98.9602    , array([ 0.0125688  ,  0.983041   ,  0.00637822 ,  0.0494873  ])
2896    , -98.9601    , array([ 0.0125688  ,  0.983041   ,  0.00637822 ,  0.0494972  ])
2900    , -102.43     , array([ 0.0237241  ,  1.00263    ,  0.0131713  ,  0.0476926  ])
2904    , -99.2596    , array([ 0.0146993  ,  0.986782   ,  0.00767558 ,  0.0491525  ])
2908    , -98.9364    , array([ 0.0129633  ,  0.983734   ,  0.00661846 ,  0.0494333  ])
2916    , -99.0117    , array([ 0.0116652  ,  0.962681   ,  0.00598038 ,  0.0497296  ])
2920    , -98.9357    , array([ 0.0131027  ,  0.986089   ,  0.00668616 ,  0.0494011  ])
2924    , -98.9357    , array([ 0.0131012  ,  0.986066   ,  0.00668546 ,  0.0494014  ])
2928    , -98.9218    , array([ 0.0116724  ,  0.983442   ,  0.00593245 ,  0.0496487  ])
2932    , -98.9187    , array([ 0.0108307  ,  0.981896   ,  0.00548888 ,  0.0497944  ])
2940    , -2135.76    , array([ 0.0108307  ,  0.981896   ,  0.00548888 ,  0.240752   ])
2944    , -1081.28    , array([ 0.0108307  ,  0.981896   ,  0.00548888 ,  0.0153525  ])
2948    , -98.9501    , array([ 0.0108307  ,  0.981896   ,  0.00548888 ,  0.0500017  ])
2952    , -98.9149    , array([ 0.0108307  ,  0.981896   ,  0.00548888 ,  0.0496913  ])
2956    , -98.9149    , array([ 0.0108307  ,  0.981896   ,  0.00548888 ,  0.0496923  ])
2964    , -98.9062    , array([ 0.0109621  ,  0.982127   ,  0.0055689  ,  0.0496711  ])
2968    , -98.9049    , array([ 0.0110419  ,  0.982267   ,  0.00561749 ,  0.0496582  ])
2972    , -98.9049    , array([ 0.0110398  ,  0.982263   ,  0.00561622 ,  0.0496585  ])
2976    , -98.9041    , array([ 0.0111593  ,  0.98421    ,  0.00567491 ,  0.0496312  ])
2980    , -98.904     , array([ 0.0111901  ,  0.98471    ,  0.00569001 ,  0.0496242  ])
2984    , -98.904     , array([ 0.0111916  ,  0.984735   ,  0.00569075 ,  0.0496238  ])
2988    , -98.8971    , array([ 0.0103085  ,  0.983113   ,  0.00522537 ,  0.0497766  ])
2996    , -98.8964    , array([ 0.0100528  ,  0.982643   ,  0.00509062 ,  0.0498209  ])
3004    , -98.8964    , array([ 0.0100119  ,  0.982568   ,  0.00506909 ,  0.049828   ])
3012    , -227.67     , array([ 0.0100119  ,  0.982568   ,  0.00506909 ,  0.0720464  ])
3016    , -98.8951    , array([ 0.0100119  ,  0.982568   ,  0.00506909 ,  0.0497587  ])
3020    , -98.895     , array([ 0.0100119  ,  0.982568   ,  0.00506909 ,  0.0497682  ])
3024    , -104.17     , array([ 0.0211673  ,  1.00215    ,  0.0118622  ,  0.0479636  ])
3028    , -99.587     , array([ 0.0121424  ,  0.986309   ,  0.00636645 ,  0.0494235  ])
3032    , -98.889     , array([ 0.0101792  ,  0.982862   ,  0.00517096 ,  0.0497411  ])
3036    , -98.8889    , array([ 0.0101615  ,  0.982831   ,  0.00516018 ,  0.049744   ])
3040    , -98.8889    , array([ 0.0101601  ,  0.982828   ,  0.00515928 ,  0.0497442  ])
3044    , -98.8886    , array([ 0.0102111  ,  0.983659   ,  0.00518433 ,  0.0497326  ])
3048    , -98.8885    , array([ 0.0102529  ,  0.98434    ,  0.00520486 ,  0.049723   ])
3052    , -98.8885    , array([ 0.0102538  ,  0.984355   ,  0.00520532 ,  0.0497228  ])
3060    , -98.8873    , array([ 0.010125   ,  0.984119   ,  0.00513742 ,  0.0497451  ])
3064    , -98.8864    , array([ 0.0100265  ,  0.983938   ,  0.00508555 ,  0.0497621  ])
3068    , -98.8861    , array([ 0.0100006  ,  0.98389    ,  0.00507186 ,  0.0497666  ])
3076    , -2141.87    , array([ 0.0100006  ,  0.98389    ,  0.00507186 ,  0.240724   ])
3080    , -1090.16    , array([ 0.0100006  ,  0.98389    ,  0.00507186 ,  0.0153248  ])
3084    , -98.9202    , array([ 0.0100006  ,  0.98389    ,  0.00507186 ,  0.050033   ])
3088    , -98.8855    , array([ 0.0100006  ,  0.98389    ,  0.00507186 ,  0.0497261  ])
3092    , -98.8855    , array([ 0.0100006  ,  0.98389    ,  0.00507186 ,  0.0497265  ])
3104    , -98.8849    , array([ 0.0100485  ,  0.983974   ,  0.00510107 ,  0.0497188  ])
3116    , -98.8848    , array([ 0.0101103  ,  0.98498    ,  0.00513137 ,  0.0497046  ])
3132    , -98.8842    , array([ 0.010061   ,  0.984889   ,  0.00510543 ,  0.0497132  ])
