550     , -1310.97    , array([ 0.999501   ,  0.0996364  ,  5.00573    ,  2.47309    ,  0.0496038  ])
555     , -1402.72    , array([ 1.38147    ,  0.0996364  ,  5.00573    ,  2.47309    ,  0.0496038  ])
560     , -1310.97    , array([ 0.999688   ,  0.0996364  ,  5.00573    ,  2.47309    ,  0.0496038  ])
575     , -1321.33    , array([ 0.99969    ,  0.10238    ,  5.00573    ,  2.47309    ,  0.0496038  ])
580     , -1310.97    , array([ 0.99969    ,  0.0996248  ,  5.00573    ,  2.47309    ,  0.0496038  ])
585     , -1323.21    , array([ 0.99969    ,  0.0996247  ,  4.3877     ,  2.47309    ,  0.0496038  ])
590     , -1310.97    , array([ 0.99969    ,  0.0996247  ,  5.00062    ,  2.47309    ,  0.0496038  ])
595     , -1310.97    , array([ 0.99969    ,  0.0996247  ,  5.00057    ,  2.47309    ,  0.0496038  ])
600     , -1310.97    , array([ 0.99969    ,  0.0996247  ,  5.00057    ,  2.48002    ,  0.0496038  ])
605     , -1310.97    , array([ 0.99969    ,  0.0996247  ,  5.00057    ,  2.48002    ,  0.0496038  ])
615     , -1371.6     , array([ 0.99969    ,  0.0996247  ,  5.00057    ,  2.48002    ,  0.0546226  ])
620     , -1310.96    , array([ 0.99969    ,  0.0996247  ,  5.00057    ,  2.48002    ,  0.049653   ])
