8       , -922.1      , array([ 0.255019   ,  1.58932    ,  0.118132   ,  0.0446074  ])
12      , -562.157    , array([ 0.0296057  ,  1.58932    ,  0.118132   ,  0.0446074  ])
16      , -102.552    , array([ 0.0645233  ,  1.58932    ,  0.118132   ,  0.0446074  ])
20      , -102.531    , array([ 0.0641246  ,  1.58932    ,  0.118132   ,  0.0446074  ])
24      , -102.531    , array([ 0.0641254  ,  1.58932    ,  0.118132   ,  0.0446074  ])
28      , -102.54     , array([ 0.0641254  ,  1.58186    ,  0.118132   ,  0.0446074  ])
32      , -102.528    , array([ 0.0641254  ,  1.596      ,  0.118132   ,  0.0446074  ])
36      , -102.528    , array([ 0.0641254  ,  1.59607    ,  0.118132   ,  0.0446074  ])
40      , -106        , array([ 0.0641254  ,  1.59607    ,  0.108448   ,  0.0446074  ])
44      , -102.506    , array([ 0.0641254  ,  1.59607    ,  0.117406   ,  0.0446074  ])
52      , -3429.45    , array([ 0.0641254  ,  1.59607    ,  0.117406   ,  0.235538   ])
56      , -1127.57    , array([ 0.0641254  ,  1.59607    ,  0.117406   ,  0.0101656  ])
60      , -102.521    , array([ 0.0641254  ,  1.59607    ,  0.117406   ,  0.0447757  ])
64      , -102.506    , array([ 0.0641254  ,  1.59607    ,  0.117406   ,  0.0445864  ])
68      , -2667.25    , array([ 1.06413    ,  1.59607    ,  0.117406   ,  0.0445868  ])
72      , -1557.62    , array([ 0.446091   ,  1.59607    ,  0.117406   ,  0.0445868  ])
76      , -385.221    , array([ 0.13707    ,  1.59607    ,  0.117406   ,  0.0445868  ])
80      , -103.732    , array([ 0.0668585  ,  1.59607    ,  0.117406   ,  0.0445868  ])
84      , -102.489    , array([ 0.0637754  ,  1.59607    ,  0.117406   ,  0.0445868  ])
92      , -102.931    , array([ 0.0637718  ,  1.693      ,  0.117406   ,  0.0445868  ])
96      , -102.487    , array([ 0.0637718  ,  1.60137    ,  0.117406   ,  0.0445868  ])
104     , -1197.83    , array([ 0.0637718  ,  1.60137    ,  0.308355   ,  0.0445868  ])
108     , -102.468    , array([ 0.0637718  ,  1.60137    ,  0.116726   ,  0.0445868  ])
112     , -10338.7    , array([ 0.0637718  ,  1.60137    ,  0.116733   ,  1.04459    ])
116     , -6610.22    , array([ 0.0637718  ,  1.60137    ,  0.116733   ,  0.426553   ])
120     , -1105.69    , array([ 0.0637718  ,  1.60137    ,  0.116733   ,  0.117516   ])
124     , -103.985    , array([ 0.0637718  ,  1.60137    ,  0.116733   ,  0.046512   ])
128     , -102.468    , array([ 0.0637718  ,  1.60137    ,  0.116733   ,  0.044585   ])
132     , -102.468    , array([ 0.0637718  ,  1.60137    ,  0.116733   ,  0.0445851  ])
136     , -102.468    , array([ 0.0637718  ,  1.60137    ,  0.116733   ,  0.0445851  ])
140     , -102.592    , array([ 0.0477258  ,  1.84166    ,  0.0862003  ,  0.0445055  ])
144     , -102.098    , array([ 0.0564591  ,  1.71088    ,  0.102818   ,  0.0445488  ])
148     , -2682.06    , array([ 1.05646    ,  1.71088    ,  0.102818   ,  0.0445488  ])
152     , -1626.79    , array([ 0.438425   ,  1.71088    ,  0.102818   ,  0.0445488  ])
156     , -426.23     , array([ 0.129403   ,  1.71088    ,  0.102818   ,  0.0445488  ])
160     , -104.813    , array([ 0.0606127  ,  1.71088    ,  0.102818   ,  0.0445488  ])
164     , -102.097    , array([ 0.0565205  ,  1.71088    ,  0.102818   ,  0.0445488  ])
168     , -2242.36    , array([ 0.0565211  ,  0.0928434  ,  0.102818   ,  0.0445488  ])
172     , -102.49     , array([ 0.0565211  ,  1.7788     ,  0.102818   ,  0.0445488  ])
176     , -102.054    , array([ 0.0565211  ,  1.68115    ,  0.102818   ,  0.0445488  ])
180     , -10810.3    , array([ 0.0565211  ,  1.68115    ,  0.102818   ,  1.04455    ])
184     , -6858.85    , array([ 0.0565211  ,  1.68115    ,  0.102818   ,  0.426515   ])
188     , -1132.49    , array([ 0.0565211  ,  1.68115    ,  0.102818   ,  0.117477   ])
192     , -103.459    , array([ 0.0565211  ,  1.68115    ,  0.102818   ,  0.0467533  ])
196     , -102.002    , array([ 0.0565211  ,  1.68115    ,  0.102818   ,  0.0448913  ])
200     , -102.002    , array([ 0.0565211  ,  1.68115    ,  0.102818   ,  0.0448947  ])
204     , -101.989    , array([ 0.0550958  ,  1.7025     ,  0.100106   ,  0.0448877  ])
208     , -2679.2     , array([ 1.05511    ,  1.70228    ,  0.100133   ,  0.0448877  ])
212     , -1635.33    , array([ 0.437076   ,  1.70228    ,  0.100133   ,  0.0448877  ])
216     , -433.836    , array([ 0.128054   ,  1.70228    ,  0.100133   ,  0.0448877  ])
220     , -105.11     , array([ 0.0594694  ,  1.70228    ,  0.100133   ,  0.0448877  ])
224     , -101.989    , array([ 0.0551663  ,  1.70228    ,  0.100133   ,  0.0448877  ])
228     , -2386.51    , array([ 0.0551663  ,  0.0842507  ,  0.100133   ,  0.0448877  ])
232     , -102.393    , array([ 0.0551663  ,  1.76841    ,  0.100133   ,  0.0448877  ])
236     , -101.936    , array([ 0.0551663  ,  1.66961    ,  0.100133   ,  0.0448877  ])
240     , -101.936    , array([ 0.0551663  ,  1.66993    ,  0.100133   ,  0.0448877  ])
248     , -226.371    , array([ 0.0551663  ,  1.66993    ,  0.100133   ,  0.0646717  ])
252     , -101.89     , array([ 0.0551663  ,  1.66993    ,  0.100133   ,  0.0452173  ])
256     , -102.1      , array([ 0.0478535  ,  1.77945    ,  0.0862182  ,  0.0451778  ])
260     , -101.887    , array([ 0.052373   ,  1.71176    ,  0.0948181  ,  0.0452002  ])
264     , -101.765    , array([ 0.0522675  ,  1.68184    ,  0.0945101  ,  0.0455256  ])
272     , -101.133    , array([ 0.0414924  ,  1.60432    ,  0.0731949  ,  0.0479438  ])
276     , -101.111    , array([ 0.0395159  ,  1.5901     ,  0.0692849  ,  0.0483874  ])
280     , -101.111    , array([ 0.0396562  ,  1.59111    ,  0.0695625  ,  0.0483559  ])
288     , -240.111    , array([ 0.0675183  ,  1.59111    ,  0.0695625  ,  0.0483559  ])
292     , -100.898    , array([ 0.0385914  ,  1.59111    ,  0.0695625  ,  0.0483559  ])
296     , -100.879    , array([ 0.0388289  ,  1.59111    ,  0.0695625  ,  0.0483559  ])
300     , -101.088    , array([ 0.0433484  ,  1.52343    ,  0.0781623  ,  0.0483783  ])
304     , -100.876    , array([ 0.0383798  ,  1.59784    ,  0.068708   ,  0.0483537  ])
308     , -11151.8    , array([ 0.0383854  ,  1.59775    ,  0.0687186  ,  1.04835    ])
312     , -7181.18    , array([ 0.0383854  ,  1.59775    ,  0.0687186  ,  0.43032    ])
316     , -1100.18    , array([ 0.0383854  ,  1.59775    ,  0.0687186  ,  0.121281   ])
320     , -101.016    , array([ 0.0383854  ,  1.59775    ,  0.0687186  ,  0.0478205  ])
324     , -100.874    , array([ 0.0383854  ,  1.59775    ,  0.0687186  ,  0.0484137  ])
328     , -100.874    , array([ 0.0383854  ,  1.59775    ,  0.0687186  ,  0.0484143  ])
332     , -100.702    , array([ 0.0340023  ,  1.56622    ,  0.060048   ,  0.049398   ])
336     , -110.196    , array([ 0.013498   ,  1.4345     ,  0.0211564  ,  0.0537729  ])
340     , -100.7      , array([ 0.0335934  ,  1.56328    ,  0.059239   ,  0.0494898  ])
348     , -265.695    , array([ 0.0614554  ,  1.56328    ,  0.059239   ,  0.0494898  ])
352     , -100.65     , array([ 0.0327397  ,  1.56328    ,  0.059239   ,  0.0494898  ])
356     , -100.589    , array([ 0.0330985  ,  1.56328    ,  0.059239   ,  0.0494898  ])
360     , -100.838    , array([ 0.037618   ,  1.4956     ,  0.0678389  ,  0.0495122  ])
364     , -100.587    , array([ 0.0326916  ,  1.56937    ,  0.0584647  ,  0.0494878  ])
368     , -11293.4    , array([ 0.0326916  ,  1.56937    ,  0.0584647  ,  1.04949    ])
372     , -7360.5     , array([ 0.0326916  ,  1.56937    ,  0.0584647  ,  0.431454   ])
376     , -1094.62    , array([ 0.0326916  ,  1.56937    ,  0.0584647  ,  0.122414   ])
380     , -100.7      , array([ 0.0326916  ,  1.56937    ,  0.0584647  ,  0.0489859  ])
384     , -100.586    , array([ 0.0326916  ,  1.56937    ,  0.0584647  ,  0.0495247  ])
388     , -100.586    , array([ 0.0326916  ,  1.56937    ,  0.0584647  ,  0.0495253  ])
392     , -100.501    , array([ 0.0300534  ,  1.55039    ,  0.0532459  ,  0.0501173  ])
396     , -100.5      , array([ 0.0298519  ,  1.54894    ,  0.0528473  ,  0.0501626  ])
400     , -100.08     , array([ 0.0199529  ,  1.51067    ,  0.0359083  ,  0.0519472  ])
408     , -99.895     , array([ 0.0119863  ,  1.47994    ,  0.0222822  ,  0.0533825  ])
420     , -99.8402    , array([ 0.0112966  ,  1.4738     ,  0.0208234  ,  0.0535529  ])
424     , -99.84      , array([ 0.0112271  ,  1.4733     ,  0.0206859  ,  0.0535685  ])
428     , -100.48     , array([ 0.0157466  ,  1.40562    ,  0.0292858  ,  0.0535909  ])
432     , -99.8401    , array([ 0.0113155  ,  1.47198    ,  0.0208541  ,  0.0535689  ])
436     , -99.8399    , array([ 0.0112638  ,  1.47276    ,  0.0207557  ,  0.0535687  ])
440     , -12156.1    , array([ 0.0112602  ,  1.47281    ,  0.0207489  ,  1.05357    ])
444     , -9012.4     , array([ 0.0112602  ,  1.47281    ,  0.0207489  ,  0.435535   ])
448     , -1151.76    , array([ 0.0112602  ,  1.47281    ,  0.0207489  ,  0.12649    ])
452     , -102.836    , array([ 0.0112602  ,  1.47281    ,  0.0207489  ,  0.0563497  ])
456     , -99.8344    , array([ 0.0112602  ,  1.47281    ,  0.0207489  ,  0.0534452  ])
460     , -101.202    , array([ 0.0395496  ,  1.58191    ,  0.069135   ,  0.0483498  ])
464     , -100.03     , array([ 0.016663   ,  1.49365    ,  0.0299898  ,  0.0524731  ])
472     , -99.8056    , array([ 0.0101438  ,  1.4685     ,  0.0188393  ,  0.0536476  ])
480     , -104.499    , array([ 0.0327067  ,  1.63129    ,  0.0635114  ,  0.0485776  ])
484     , -100.491    , array([ 0.0143379  ,  1.49915    ,  0.0271742  ,  0.0527     ])
488     , -99.8366    , array([ 0.0106343  ,  1.47251    ,  0.0198476  ,  0.0535312  ])
508     , -99.8029    , array([ 0.01       ,  1.46794    ,  0.018593   ,  0.0536735  ])
544     , -99.8029    , array([ 0.01       ,  1.46794    ,  0.018593   ,  0.0536735  ])
548     , -99.8029    , array([ 0.01       ,  1.46794    ,  0.018593   ,  0.0536735  ])
552     , -99.8029    , array([ 0.01       ,  1.46794    ,  0.018593   ,  0.0536735  ])
560     , -4277.8     , array([ 0.01       ,  1.46794    ,  0.018593   ,  0.244583   ])
568     , -99.8184    , array([ 0.01       ,  1.46794    ,  0.018593   ,  0.0533689  ])
572     , -99.8003    , array([ 0.01       ,  1.46794    ,  0.018593   ,  0.0535908  ])
576     , -99.8003    , array([ 0.01       ,  1.46794    ,  0.018593   ,  0.05359    ])
608     , -99.8003    , array([ 0.01       ,  1.46794    ,  0.018593   ,  0.05359    ])
612     , -99.8003    , array([ 0.01       ,  1.46794    ,  0.018593   ,  0.05359    ])
