2624    , -393.155    , array([ 0.793121   ,  0.0109854  ,  0.00134007 ,  0.0534835  ])
2628    , -393.151    , array([ 2.77205    ,  0.0109854  ,  0.00134007 ,  0.0534835  ])
2632    , -393.151    , array([ 9.05938    ,  0.0109854  ,  0.00134007 ,  0.0534835  ])
2636    , -393.151    , array([ 25.8404    ,  0.0109854  ,  0.00134007 ,  0.0534835  ])
2640    , -393.151    , array([ 70.7398    ,  0.0109854  ,  0.00134007 ,  0.0534835  ])
2648    , -393.151    , array([ 94.7506    ,  0.0109854  ,  0.00134007 ,  0.0534835  ])
2656    , -1288.54    , array([ 93.1325    ,  0.20196    ,  0.00134007 ,  0.0534835  ])
2664    , -2153.16    , array([ 93.1325    ,  0.00596044 ,  0.00134007 ,  0.0534835  ])
2668    , -394.018    , array([ 93.1325    ,  0.0111252  ,  0.00134007 ,  0.0534835  ])
2672    , -393.074    , array([ 93.1325    ,  0.0110146  ,  0.00134007 ,  0.0534835  ])
2680    , -420.796    , array([ 93.1325    ,  0.0110149  ,  0.192322   ,  0.0534835  ])
2684    , -394.032    , array([ 93.1325    ,  0.0110149  ,  0.029204   ,  0.0534835  ])
2688    , -393.139    , array([ 93.1325    ,  0.0110149  ,  0.00540536 ,  0.0534835  ])
2696    , -393.059    , array([ 93.1325    ,  0.0110149  ,  1.09681e-05,  0.0534835  ])
2700    , -393.059    , array([ 93.1325    ,  0.0110149  ,  2.7007e-05 ,  0.0534835  ])
2704    , -393.059    , array([ 93.1325    ,  0.0110149  ,  1.09681e-05,  0.0534835  ])
2712    , -1885.31    , array([ 93.1325    ,  0.0110149  ,  1.09681e-05,  0.0813453  ])
2716    , -393.139    , array([ 93.1325    ,  0.0110149  ,  1.09681e-05,  0.053362   ])
2720    , -393.059    , array([ 93.1325    ,  0.0110149  ,  1.09681e-05,  0.0534796  ])
2724    , -393.059    , array([ 93.1325    ,  0.0110149  ,  1.09681e-05,  0.0534773  ])
2728    , -393.059    , array([ 91.5145    ,  0.0110149  ,  1.09681e-05,  0.0534772  ])
2732    , -393.059    , array([ 66.7161    ,  0.0110149  ,  1.09681e-05,  0.0534772  ])
2740    , -393.058    , array([ 1.73674    ,  0.0110149  ,  1.09681e-05,  0.0534772  ])
2744    , -393.059    , array([ 4.35792    ,  0.0110149  ,  1.09681e-05,  0.0534772  ])
2748    , -2346.21    , array([ 0.116766   ,  1.01101    ,  1.09681e-05,  0.0534772  ])
2752    , -1458.53    , array([ 0.116766   ,  0.392981   ,  1.09681e-05,  0.0534772  ])
2756    , -2515.37    , array([ 0.116766   ,  0.0839606  ,  1.09681e-05,  0.0534772  ])
2760    , -3026.34    , array([ 0.116766   ,  0.0216575  ,  1.09681e-05,  0.0534772  ])
2764    , -585.244    , array([ 0.116766   ,  0.0125677  ,  1.09681e-05,  0.0534772  ])
2768    , -393.057    , array([ 0.116766   ,  0.0110168  ,  1.09681e-05,  0.0534772  ])
2776    , -1119.82    , array([ 0.116766   ,  0.0110168  ,  0.190984   ,  0.0534772  ])
2784    , -393.057    , array([ 0.116766   ,  0.0110168  ,  1.09681e-05,  0.0534772  ])
2788    , -393.024    , array([ 0.116766   ,  0.0110168  ,  0.000762876,  0.0534772  ])
2792    , -2336.8     , array([ 0.116766   ,  0.0110168  ,  0.000753217,  1.05348    ])
2796    , -2336.8     , array([ 0.116766   ,  0.0110168  ,  0.000753217,  0.435443   ])
2800    , -2328.47    , array([ 0.116766   ,  0.0110168  ,  0.000753217,  0.12642    ])
2804    , -633.235    , array([ 0.116766   ,  0.0110168  ,  0.000753217,  0.0603285  ])
2808    , -393.008    , array([ 0.116766   ,  0.0110168  ,  0.000753217,  0.0534255  ])
2812    , -393.08     , array([ 1.11677    ,  0.0110168  ,  0.000753217,  0.053426   ])
2816    , -393.065    , array([ 0.498732   ,  0.0110168  ,  0.000753217,  0.053426   ])
2820    , -393.031    , array([ 0.189715   ,  0.0110168  ,  0.000753217,  0.053426   ])
2824    , -392.996    , array([ 0.0770716  ,  0.0110168  ,  0.000753217,  0.053426   ])
2828    , -392.996    , array([ 0.0744903  ,  0.0110168  ,  0.000753217,  0.053426   ])
2832    , -392.996    , array([ 0.0749088  ,  0.0110168  ,  0.000753217,  0.053426   ])
2840    , -3977.65    , array([ 0.0749088  ,  0.0388797  ,  0.000753217,  0.053426   ])
2844    , -1305.15    , array([ 0.0749088  ,  0.015082   ,  0.000753217,  0.053426   ])
2848    , -392.986    , array([ 0.0749088  ,  0.0110249  ,  0.000753217,  0.053426   ])
2852    , -392.985    , array([ 0.0749088  ,  0.0110278  ,  0.000753217,  0.053426   ])
2856    , -392.985    , array([ 0.0749088  ,  0.0110279  ,  0.000753217,  0.053426   ])
2864    , -472.933    , array([ 0.0749088  ,  0.0110279  ,  0.0286154  ,  0.053426   ])
2868    , -392.979    , array([ 0.0749088  ,  0.0110279  ,  0.00109872 ,  0.053426   ])
2872    , -392.977    , array([ 0.0749088  ,  0.0110279  ,  0.000993691,  0.053426   ])
2884    , -1732.2     , array([ 0.0749088  ,  0.0110279  ,  0.000993691,  0.0402704  ])
2888    , -392.973    , array([ 0.0749088  ,  0.0110279  ,  0.000993691,  0.0533988  ])
