1020    , -91.2667    , array([ 0.105877   ,  1.2736     ,  0.0654201  ,  0.034785   ])
1024    , -91.2654    , array([ 0.105771   ,  1.2736     ,  0.0654201  ,  0.034785   ])
1028    , -665.234    , array([ 0.0910665  ,  1.1517     ,  0.0501392  ,  0.0906113  ])
1032    , -91.2229    , array([ 0.105647   ,  1.27259    ,  0.0652843  ,  0.0350461  ])
1036    , -91.2238    , array([ 0.105647   ,  1.27259    ,  0.0652843  ,  0.0350812  ])
1040    , -91.1981    , array([ 0.10557    ,  1.26652    ,  0.0645807  ,  0.0352734  ])
1044    , -91.1497    , array([ 0.105024   ,  1.25901    ,  0.0641792  ,  0.0353921  ])
1048    , -91.1497    , array([ 0.105024   ,  1.25901    ,  0.0641792  ,  0.0354275  ])
1052    , -90.9776    , array([ 0.102868   ,  1.23558    ,  0.062598   ,  0.035871   ])
1056    , -90.6896    , array([ 0.0971453  ,  1.2387     ,  0.0579878  ,  0.0367031  ])
1060    , -90.6924    , array([ 0.0971453  ,  1.2387     ,  0.0579878  ,  0.0367398  ])
1064    , -90.2798    , array([ 0.0902505  ,  1.19389    ,  0.0529767  ,  0.038092   ])
1068    , -89.7823    , array([ 0.0795102  ,  1.13252    ,  0.0455518  ,  0.040179   ])
1072    , -89.7916    , array([ 0.0795102  ,  1.13252    ,  0.0455518  ,  0.0402192  ])
1076    , -89.3838    , array([ 0.0651071  ,  1.07327    ,  0.0361591  ,  0.0428933  ])
1080    , -89.0482    , array([ 0.0543207  ,  1.0493     ,  0.0296593  ,  0.0443764  ])
1084    , -89.062     , array([ 0.0543207  ,  1.0493     ,  0.0296593  ,  0.0444208  ])
1088    , -88.8856    , array([ 0.0435587  ,  1.04133    ,  0.0231429  ,  0.0459369  ])
1092    , -88.7602    , array([ 0.0393041  ,  1.03561    ,  0.0207464  ,  0.046313   ])
1096    , -88.7701    , array([ 0.0393041  ,  1.03561    ,  0.0207464  ,  0.0463594  ])
1100    , -88.7351    , array([ 0.0348827  ,  1.02872    ,  0.01822    ,  0.0470198  ])
1104    , -88.7219    , array([ 0.0340413  ,  1.02702    ,  0.0177521  ,  0.0471213  ])
1108    , -88.7331    , array([ 0.0340413  ,  1.02702    ,  0.0177521  ,  0.0471685  ])
1112    , -88.6915    , array([ 0.0308735  ,  1.02535    ,  0.0159975  ,  0.0475295  ])
1116    , -88.6775    , array([ 0.0295339  ,  1.02201    ,  0.0152637  ,  0.0477129  ])
1120    , -88.6881    , array([ 0.0295339  ,  1.02201    ,  0.0152637  ,  0.0477606  ])
1124    , -88.6664    , array([ 0.024732   ,  1.01378    ,  0.01265    ,  0.0484535  ])
1128    , -88.6594    , array([ 0.0241171  ,  1.0124     ,  0.0123214  ,  0.0485257  ])
1132    , -88.6706    , array([ 0.0241171  ,  1.0124     ,  0.0123214  ,  0.0485743  ])
1136    , -88.6469    , array([ 0.0218063  ,  1.01196    ,  0.01109    ,  0.0488158  ])
1140    , -88.7302    , array([ 0.0145752  ,  1.00514    ,  0.00727819 ,  0.0499937  ])
1144    , -88.7489    , array([ 0.0145752  ,  1.00514    ,  0.00727819 ,  0.0500438  ])
1148    , -88.6457    , array([ 0.0200677  ,  1.01075    ,  0.0101674  ,  0.0490565  ])
1152    , -88.6405    , array([ 0.0196044  ,  1.00902    ,  0.00992442 ,  0.0491155  ])
1156    , -88.6522    , array([ 0.0196044  ,  1.00902    ,  0.00992442 ,  0.0491647  ])
1160    , -88.6353    , array([ 0.0178558  ,  1.00712    ,  0.00900929 ,  0.0493523  ])
1164    , -88.6959    , array([ 0.012288   ,  0.994562   ,  0.00611831 ,  0.0503111  ])
1168    , -88.7106    , array([ 0.012288   ,  0.994562   ,  0.00611831 ,  0.0503614  ])
1172    , -88.6359    , array([ 0.0165453  ,  1.00475    ,  0.00832553 ,  0.0495464  ])
1176    , -88.6332    , array([ 0.0163802  ,  1.00365    ,  0.00824007 ,  0.0495647  ])
1180    , -88.6445    , array([ 0.0163802  ,  1.00365    ,  0.00824007 ,  0.0496143  ])
1184    , -88.6303    , array([ 0.0157359  ,  1.00428    ,  0.00790692 ,  0.0496379  ])
1188    , -88.624     , array([ 0.0134022  ,  1.0018     ,  0.00670369 ,  0.0499317  ])
1192    , -88.6351    , array([ 0.0134022  ,  1.0018     ,  0.00670369 ,  0.0499816  ])
1196    , -88.8147    , array([ 0.00705219 ,  0.996881   ,  0.00346369 ,  0.0511245  ])
1200    , -88.6325    , array([ 0.0118343  ,  1.00065    ,  0.00589852 ,  0.0501606  ])
1204    , -88.6446    , array([ 0.0118343  ,  1.00065    ,  0.00589852 ,  0.0502108  ])
1208    , -88.6346    , array([ 0.0118075  ,  1.00161    ,  0.00588489 ,  0.0501639  ])
1212    , -88.6319    , array([ 0.0117009  ,  1.00046    ,  0.0058307  ,  0.050177   ])
1216    , -88.6439    , array([ 0.0117009  ,  1.00046    ,  0.0058307  ,  0.0502272  ])
1220    , -88.6324    , array([ 0.0112842  ,  1.00086    ,  0.00561889 ,  0.0502293  ])
1224    , -88.6314    , array([ 0.00976053 ,  0.997454   ,  0.00484583 ,  0.0504391  ])
1228    , -88.643     , array([ 0.00976053 ,  0.997454   ,  0.00484583 ,  0.0504896  ])
1232    , -88.6317    , array([ 0.0109397  ,  1.00034    ,  0.00544389 ,  0.0502741  ])
1236    , -88.6301    , array([ 0.0101464  ,  0.998096   ,  0.00504141 ,  0.050383   ])
1240    , -88.6417    , array([ 0.0101464  ,  0.998096   ,  0.00504141 ,  0.0504334  ])
1244    , -88.6315    , array([ 0.0107662  ,  1.00008    ,  0.00535582 ,  0.0502972  ])
1248    , -88.6297    , array([ 0.0103531  ,  0.99843    ,  0.00514618 ,  0.0503538  ])
1252    , -88.6413    , array([ 0.0103531  ,  0.99843    ,  0.00514618 ,  0.0504042  ])
1256    , -88.6314    , array([ 0.0106774  ,  0.99994    ,  0.00531076 ,  0.0503092  ])
1260    , -88.6296    , array([ 0.0104622  ,  0.998604   ,  0.00520156 ,  0.0503386  ])
1264    , -88.6412    , array([ 0.0104622  ,  0.998604   ,  0.00520156 ,  0.050389   ])
1268    , -88.6314    , array([ 0.0106316  ,  0.999869   ,  0.0052875  ,  0.0503154  ])
1272    , -88.6295    , array([ 0.0105195  ,  0.998694   ,  0.00523062 ,  0.0503307  ])
1276    , -88.6412    , array([ 0.0105195  ,  0.998694   ,  0.00523062 ,  0.0503811  ])
1280    , -88.6314    , array([ 0.0106078  ,  0.999832   ,  0.00527545 ,  0.0503186  ])
1284    , -88.6295    , array([ 0.0106266  ,  0.998862   ,  0.00528496 ,  0.0503161  ])
1288    , -88.6412    , array([ 0.0106266  ,  0.998862   ,  0.00528496 ,  0.0503664  ])
1292    , -88.6314    , array([ 0.0106305  ,  0.999867   ,  0.00528697 ,  0.0503155  ])
1296    , -88.6295    , array([ 0.0106314  ,  0.998869   ,  0.00528739 ,  0.0503154  ])
1300    , -88.6412    , array([ 0.0106314  ,  0.998869   ,  0.00528739 ,  0.0503657  ])
1304    , -88.6314    , array([ 0.0106316  ,  0.999869   ,  0.00528748 ,  0.0503154  ])
1308    , -88.6295    , array([ 0.0106316  ,  0.99887    ,  0.0052875  ,  0.0503154  ])
1312    , -88.6412    , array([ 0.0106316  ,  0.99887    ,  0.0052875  ,  0.0503657  ])
1316    , -88.6314    , array([ 0.0106316  ,  0.999869   ,  0.0052875  ,  0.0503154  ])
1320    , -88.6295    , array([ 0.0106316  ,  0.99887    ,  0.0052875  ,  0.0503154  ])
1324    , -88.6412    , array([ 0.0106316  ,  0.99887    ,  0.0052875  ,  0.0503657  ])
1328    , -88.6314    , array([ 0.0106316  ,  0.999869   ,  0.0052875  ,  0.0503154  ])
1332    , -88.6295    , array([ 0.0106316  ,  0.99887    ,  0.0052875  ,  0.0503154  ])
1336    , -88.6412    , array([ 0.0106316  ,  0.99887    ,  0.0052875  ,  0.0503657  ])
1340    , -88.6314    , array([ 0.0106316  ,  0.999869   ,  0.0052875  ,  0.0503154  ])
1344    , -88.6295    , array([ 0.0106316  ,  0.99887    ,  0.0052875  ,  0.0503154  ])
1348    , -88.6412    , array([ 0.0106316  ,  0.99887    ,  0.0052875  ,  0.0503657  ])
1352    , -88.6314    , array([ 0.0106316  ,  0.999869   ,  0.0052875  ,  0.0503154  ])
1356    , -88.6295    , array([ 0.0106316  ,  0.99887    ,  0.0052875  ,  0.0503154  ])
1360    , -88.6412    , array([ 0.0106316  ,  0.99887    ,  0.0052875  ,  0.0503657  ])
1364    , -88.6314    , array([ 0.0106316  ,  0.999869   ,  0.0052875  ,  0.0503154  ])
1368    , -88.6295    , array([ 0.0106316  ,  0.99887    ,  0.0052875  ,  0.0503154  ])
1372    , -88.6412    , array([ 0.0106316  ,  0.99887    ,  0.0052875  ,  0.0503657  ])
1376    , -88.6314    , array([ 0.0106316  ,  0.999869   ,  0.0052875  ,  0.0503154  ])
1380    , -88.6295    , array([ 0.0106316  ,  0.99887    ,  0.0052875  ,  0.0503154  ])
1384    , -88.6412    , array([ 0.0106316  ,  0.99887    ,  0.0052875  ,  0.0503657  ])
1388    , -88.6346    , array([ 0.0118075  ,  1.00161    ,  0.00588489 ,  0.0501639  ])
1392    , -88.6323    , array([ 0.0117807  ,  1.00057    ,  0.0058713  ,  0.0501672  ])
1396    , -88.6443    , array([ 0.0117807  ,  1.00057    ,  0.0058713  ,  0.0502174  ])
1400    , -88.6342    , array([ 0.0117275  ,  1.0015     ,  0.0058442  ,  0.0501737  ])
1404    , -88.6316    , array([ 0.0116216  ,  1.00035    ,  0.00579039 ,  0.0501868  ])
1408    , -88.6435    , array([ 0.0116216  ,  1.00035    ,  0.00579039 ,  0.050237   ])
1412    , -88.6329    , array([ 0.0114128  ,  1.00105    ,  0.00568424 ,  0.0502129  ])
1416    , -88.6298    , array([ 0.0110063  ,  0.999444   ,  0.00547775 ,  0.0502653  ])
1420    , -88.6415    , array([ 0.0110063  ,  0.999444   ,  0.00547775 ,  0.0503156  ])
1424    , -88.6393    , array([ 0.0106252  ,  0.998843   ,  0.00527889 ,  0.0503177  ])
1428    , -88.6296    , array([ 0.0103953  ,  0.998497   ,  0.0051676  ,  0.0503479  ])
1432    , -88.6295    , array([ 0.0106072  ,  0.998832   ,  0.00527512 ,  0.0503187  ])
1436    , -88.6295    , array([ 0.0106144  ,  0.998843   ,  0.00527875 ,  0.0503177  ])
