75      , -1313.53    , array([ 1.00274    ,  0.0939288  ,  0.047223   ,  5.0065     ,  2.82967    ])
80      , -3115.97    , array([ 0.384702   ,  0.0939288  ,  0.047223   ,  5.0065     ,  2.82967    ])
85      , -1313.5     , array([ 0.997699   ,  0.0939288  ,  0.047223   ,  5.0065     ,  2.82967    ])
90      , -41472      , array([ 0.996775   ,  1.09393    ,  0.047223   ,  5.0065     ,  2.82967    ])
95      , -14762.2    , array([ 0.996775   ,  0.284715   ,  0.047223   ,  5.0065     ,  2.82967    ])
100     , -1628.05    , array([ 0.996775   ,  0.109789   ,  0.047223   ,  5.0065     ,  2.82967    ])
105     , -1313.27    , array([ 0.996775   ,  0.0943111  ,  0.047223   ,  5.0065     ,  2.82967    ])
110     , -1313.27    , array([ 0.996775   ,  0.0943073  ,  0.047223   ,  5.0065     ,  2.82967    ])
120     , -1386       , array([ 0.996775   ,  0.0943073  ,  0.0526707  ,  5.0065     ,  2.82967    ])
125     , -1313.2     , array([ 0.996775   ,  0.0943073  ,  0.0473745  ,  5.0065     ,  2.82967    ])
130     , -1323.57    , array([ 0.996775   ,  0.0943073  ,  0.047376   ,  4.38846    ,  2.82967    ])
135     , -1313.18    , array([ 0.996775   ,  0.0943073  ,  0.047376   ,  4.97786    ,  2.82967    ])
140     , -1338.01    , array([ 0.996775   ,  0.0943073  ,  0.047376   ,  4.97757    ,  2.21163    ])
145     , -1313.17    , array([ 0.996775   ,  0.0943073  ,  0.047376   ,  4.97757    ,  2.82181    ])
150     , -1313.25    , array([ 0.981168   ,  0.095298   ,  0.0477766  ,  4.90185    ,  2.80095    ])
155     , -1313.02    , array([ 0.989617   ,  0.0947617  ,  0.0475598  ,  4.94284    ,  2.8122     ])
160     , -1313.02    , array([ 0.989688   ,  0.0947572  ,  0.0475579  ,  4.94319    ,  2.81229    ])
165     , -1312.91    , array([ 1.00975    ,  0.0947572  ,  0.0475579  ,  4.94319    ,  2.81229    ])
170     , -1372.75    , array([ 1.00237    ,  0.0947572  ,  0.0475579  ,  4.94319    ,  3.81229    ])
175     , -1312.85    , array([ 1.00237    ,  0.0947572  ,  0.0475579  ,  4.94319    ,  2.81217    ])
180     , -1312.84    , array([ 1.00237    ,  0.0947572  ,  0.0475579  ,  4.94319    ,  2.80159    ])
190     , -5212.04    , array([ 1.00237    ,  0.0947572  ,  0.120477   ,  4.94319    ,  2.8017     ])
195     , -1315.2     , array([ 1.00237    ,  0.0947572  ,  0.0483884  ,  4.94319    ,  2.8017     ])
200     , -1312.83    , array([ 1.00237    ,  0.0947572  ,  0.0474882  ,  4.94319    ,  2.8017     ])
205     , -1316.86    , array([ 1.00237    ,  0.0947572  ,  0.0474882  ,  5.32515    ,  2.8017     ])
210     , -1312.83    , array([ 1.00237    ,  0.0947572  ,  0.0474882  ,  4.94991    ,  2.8017     ])
215     , -1313.12    , array([ 0.98382    ,  0.0959351  ,  0.0479645  ,  4.86061    ,  2.77699    ])
220     , -1312.69    , array([ 0.995552   ,  0.0951903  ,  0.0476633  ,  4.91753    ,  2.79261    ])
225     , -1313.41    , array([ 0.992594   ,  0.0974866  ,  0.0484092  ,  4.76151    ,  2.7167     ])
230     , -1312.6     , array([ 0.994868   ,  0.0957575  ,  0.0478473  ,  4.87902    ,  2.77383    ])
235     , -1312.6     , array([ 0.994875   ,  0.0957518  ,  0.0478455  ,  4.8794     ,  2.77401    ])
240     , -1312.54    , array([ 0.999485   ,  0.0954592  ,  0.0477271  ,  4.90177    ,  2.78015    ])
245     , -1335.81    , array([ 0.999439   ,  0.0954621  ,  0.0477283  ,  4.90155    ,  2.16205    ])
250     , -1312.47    , array([ 0.999439   ,  0.0954621  ,  0.0477283  ,  4.90155    ,  2.74751    ])
255     , -1312.47    , array([ 0.999439   ,  0.0954621  ,  0.0477283  ,  4.90155    ,  2.74719    ])
265     , -1382.97    , array([ 0.999439   ,  0.0954621  ,  0.0529052  ,  4.90155    ,  2.74719    ])
270     , -1312.47    , array([ 0.999439   ,  0.0954621  ,  0.0476996  ,  4.90155    ,  2.74719    ])
275     , -1326.23    , array([ 0.999439   ,  0.0954621  ,  0.047699   ,  4.28351    ,  2.74719    ])
280     , -1312.38    , array([ 0.999439   ,  0.0954621  ,  0.047699   ,  4.95613    ,  2.74719    ])
285     , -1312.19    , array([ 0.998235   ,  0.0963775  ,  0.0479965  ,  4.89447    ,  2.71694    ])
290     , -1311.99    , array([ 1.00104    ,  0.0974279  ,  0.0482856  ,  4.88068    ,  2.64585    ])
295     , -1312.01    , array([ 1.00271    ,  0.0981207  ,  0.0484784  ,  4.86919    ,  2.60047    ])
300     , -1311.99    , array([ 1.0016     ,  0.0976603  ,  0.0483502  ,  4.87682    ,  2.63063    ])
305     , -1311.9     , array([ 1.00515    ,  0.0974346  ,  0.048259   ,  4.89407    ,  2.63536    ])
310     , -1380.4     , array([ 1.00735    ,  0.0972951  ,  0.0482026  ,  4.90473    ,  3.63829    ])
315     , -1311.68    , array([ 1.00735    ,  0.0972951  ,  0.0482026  ,  4.90473    ,  2.59215    ])
320     , -1311.67    , array([ 1.00735    ,  0.0972951  ,  0.0482026  ,  4.90473    ,  2.58066    ])
325     , -11741.3    , array([ 1.00735    ,  0.0972951  ,  0.430169   ,  4.90473    ,  2.58066    ])
330     , -14428.9    , array([ 1.00735    ,  0.0972951  ,  0.0137607  ,  4.90473    ,  2.58066    ])
335     , -1311.66    , array([ 1.00735    ,  0.0972951  ,  0.0482305  ,  4.90473    ,  2.58066    ])
340     , -1337.86    , array([ 1.00735    ,  0.0972951  ,  0.0482843  ,  5.90473    ,  2.58066    ])
345     , -1311.58    , array([ 1.00735    ,  0.0972951  ,  0.0482843  ,  4.95711    ,  2.58066    ])
350     , -1311.48    , array([ 1.01062    ,  0.0986484  ,  0.048661   ,  4.9295     ,  2.49201    ])
355     , -1311.47    , array([ 1.00975    ,  0.0982873  ,  0.0485605  ,  4.93549    ,  2.51566    ])
360     , -1311.51    , array([ 1.00266    ,  0.0987372  ,  0.0487424  ,  4.90111    ,  2.50623    ])
365     , -1311.45    , array([ 1.00721    ,  0.0984487  ,  0.0486257  ,  4.92316    ,  2.51228    ])
370     , -1520.09    , array([ 1.00721    ,  0.0984487  ,  0.0486257  ,  4.92316    ,  0.894244   ])
375     , -1311.43    , array([ 1.00721    ,  0.0984487  ,  0.0486257  ,  4.92316    ,  2.49766    ])
380     , -14097.5    , array([ 1.00721    ,  0.0984487  ,  1.04863    ,  4.92316    ,  2.49812    ])
385     , -9455.07    , array([ 1.00721    ,  0.0984487  ,  0.239523   ,  4.92316    ,  2.49812    ])
390     , -2517.71    , array([ 1.00721    ,  0.0984487  ,  0.0764772  ,  4.92316    ,  2.49812    ])
395     , -1311.39    , array([ 1.00721    ,  0.0984487  ,  0.0487545  ,  4.92316    ,  2.49812    ])
400     , -1403.92    , array([ 1.00721    ,  0.0984487  ,  0.0487526  ,  3.30513    ,  2.49812    ])
405     , -1311.33    , array([ 1.00721    ,  0.0984487  ,  0.0487526  ,  4.96633    ,  2.49812    ])
410     , -1312.04    , array([ 1.00192    ,  0.0962589  ,  0.0481431  ,  5.00221    ,  2.64155    ])
415     , -1311.32    , array([ 1.00789    ,  0.0987299  ,  0.0488308  ,  4.96124    ,  2.4797     ])
420     , -1311.37    , array([ 1.00299    ,  0.0998784  ,  0.0495359  ,  5.0288     ,  2.38621    ])
425     , -1311.26    , array([ 1.00575    ,  0.0992272  ,  0.0491367  ,  4.99061    ,  2.43919    ])
430     , -1311.26    , array([ 0.998689   ,  0.0996722  ,  0.0493156  ,  4.95594    ,  2.43015    ])
435     , -1311.23    , array([ 1.00225    ,  0.0994461  ,  0.0492242  ,  4.97321    ,  2.4349     ])
440     , -1342.25    , array([ 1.00221    ,  0.0994484  ,  0.0492251  ,  4.97304    ,  1.81681    ])
445     , -1311.18    , array([ 1.00221    ,  0.0994484  ,  0.0492251  ,  4.97304    ,  2.45947    ])
455     , -5263.56    , array([ 1.00221    ,  0.0994484  ,  0.122141   ,  4.97304    ,  2.45972    ])
460     , -1312.95    , array([ 1.00221    ,  0.0994484  ,  0.0501505  ,  4.97304    ,  2.45972    ])
465     , -1311.14    , array([ 1.00221    ,  0.0994484  ,  0.0493451  ,  4.97304    ,  2.45972    ])
470     , -1311.18    , array([ 1.00346    ,  0.0999653  ,  0.0494889  ,  4.96447    ,  2.42586    ])
475     , -1311.14    , array([ 1.00201    ,  0.0993641  ,  0.0493216  ,  4.97444    ,  2.46524    ])
480     , -1311.14    , array([ 1.00121    ,  0.0995533  ,  0.0494376  ,  4.98553    ,  2.44985    ])
