244     , -29795.8    , array([ 100        ,  100        ,  0.0187294  ,  0.132316   ])
248     , -29795.8    , array([ 100        ,  100        ,  0.0187294  ,  0.132316   ])
292     , -29795.8    , array([ 100        ,  100        ,  0.0187294  ,  0.132316   ])
296     , -29795.8    , array([ 100        ,  100        ,  0.0187294  ,  0.132316   ])
300     , -29796.1    , array([ 100        ,  99.382     ,  0.0187294  ,  0.132316   ])
304     , -29795.9    , array([ 100        ,  99.882     ,  0.0187294  ,  0.132316   ])
308     , -29795.8    , array([ 100        ,  99.9828    ,  0.0187294  ,  0.132316   ])
312     , -29795.8    , array([ 100        ,  99.9975    ,  0.0187294  ,  0.132316   ])
316     , -29795.8    , array([ 100        ,  99.9996    ,  0.0187294  ,  0.132316   ])
320     , -29795.8    , array([ 100        ,  99.9999    ,  0.0187294  ,  0.132316   ])
324     , -29795.8    , array([ 100        ,  100        ,  0.0187294  ,  0.132316   ])
328     , -29795.8    , array([ 100        ,  100        ,  0.0187294  ,  0.132316   ])
332     , -29795.8    , array([ 100        ,  100        ,  0.0187294  ,  0.132316   ])
336     , -29795.8    , array([ 100        ,  100        ,  0.0187294  ,  0.132316   ])
340     , -29795.8    , array([ 100        ,  100        ,  0.0187294  ,  0.132316   ])
344     , -29795.8    , array([ 100        ,  100        ,  0.0187294  ,  0.132316   ])
348     , -29795.8    , array([ 100        ,  100        ,  0.0187294  ,  0.132316   ])
352     , -29795.8    , array([ 100        ,  100        ,  0.0187294  ,  0.132316   ])
356     , -29795.8    , array([ 100        ,  100        ,  0.0187294  ,  0.132316   ])
368     , -29795.8    , array([ 100        ,  100        ,  0.0187503  ,  0.132316   ])
372     , -29795.8    , array([ 100        ,  100        ,  0.0187483  ,  0.132316   ])
384     , -29795.8    , array([ 100        ,  100        ,  0.0187483  ,  0.131891   ])
388     , -29795.8    , array([ 100        ,  100        ,  0.0187483  ,  0.132316   ])
392     , -29795.8    , array([ 100        ,  100        ,  0.0187483  ,  0.132316   ])
396     , -29795.8    , array([ 100        ,  100        ,  0.0187483  ,  0.132316   ])
