5       , -1320.08    , array([ 0.996633   ,  0.111162   ,  5.12548    ,  2.35169    ,  0.0578085  ])
10      , -1320.13    , array([ 0.998486   ,  0.111162   ,  5.12548    ,  2.35169    ,  0.0578085  ])
15      , -1320       , array([ 0.988761   ,  0.111162   ,  5.12548    ,  2.35169    ,  0.0578085  ])
25      , -4578.23    , array([ 0.988682   ,  0.184046   ,  5.12548    ,  2.35169    ,  0.0578085  ])
30      , -1319.92    , array([ 0.988682   ,  0.110892   ,  5.12548    ,  2.35169    ,  0.0578085  ])
35      , -1432.89    , array([ 0.988682   ,  0.110892   ,  3.50745    ,  2.35169    ,  0.0578085  ])
40      , -1319.92    , array([ 0.988682   ,  0.110892   ,  5.12656    ,  2.35169    ,  0.0578085  ])
45      , -1401.4     , array([ 0.988682   ,  0.110892   ,  5.12661    ,  3.35169    ,  0.0578085  ])
50      , -1319.92    , array([ 0.988682   ,  0.110892   ,  5.12661    ,  2.37238    ,  0.0578085  ])
55      , -12561.1    , array([ 0.988682   ,  0.110892   ,  5.12661    ,  2.36018    ,  1.05781    ])
60      , -7901.44    , array([ 0.988682   ,  0.110892   ,  5.12661    ,  2.36018    ,  0.248718   ])
65      , -2127.95    , array([ 0.988682   ,  0.110892   ,  5.12661    ,  2.36018    ,  0.0842227  ])
70      , -1370.35    , array([ 0.988682   ,  0.110892   ,  5.12661    ,  2.36018    ,  0.0524242  ])
75      , -1319.4     , array([ 0.988682   ,  0.110892   ,  5.12661    ,  2.36018    ,  0.057289   ])
80      , -1319.32    , array([ 0.985645   ,  0.110789   ,  5.12704    ,  2.36342    ,  0.0570905  ])
85      , -1714.31    , array([ 1.985      ,  0.110767   ,  5.12713    ,  2.36411    ,  0.0570483  ])
90      , -1343.91    , array([ 1.14199    ,  0.110767   ,  5.12713    ,  2.36411    ,  0.0570483  ])
95      , -1319.3     , array([ 0.988876   ,  0.110767   ,  5.12713    ,  2.36411    ,  0.0570483  ])
100     , -1319.3     , array([ 0.988876   ,  0.110767   ,  5.12713    ,  2.36411    ,  0.0570483  ])
105     , -45452.5    , array([ 0.988876   ,  0.0205967  ,  5.12713    ,  2.36411    ,  0.0570483  ])
110     , -1318.39    , array([ 0.988876   ,  0.109602   ,  5.12713    ,  2.36411    ,  0.0570483  ])
115     , -1355.35    , array([ 0.988876   ,  0.109846   ,  6.12713    ,  2.36411    ,  0.0570483  ])
120     , -1318.33    , array([ 0.988876   ,  0.109846   ,  5.12782    ,  2.36411    ,  0.0570483  ])
125     , -1318.32    , array([ 0.988876   ,  0.109846   ,  5.12146    ,  2.36411    ,  0.0570483  ])
130     , -1330.31    , array([ 0.988876   ,  0.109846   ,  5.12146    ,  2.74608    ,  0.0570483  ])
135     , -1318.32    , array([ 0.988876   ,  0.109846   ,  5.12146    ,  2.37304    ,  0.0570483  ])
140     , -1317.66    , array([ 0.978111   ,  0.10948    ,  5.12299    ,  2.38454    ,  0.0563449  ])
145     , -1316.48    , array([ 0.967756   ,  0.108075   ,  5.11934    ,  2.40867    ,  0.0554149  ])
150     , -1315.77    , array([ 0.951142   ,  0.105839   ,  5.11356    ,  2.44716    ,  0.0539271  ])
155     , -1666.18    , array([ 1.95114    ,  0.105839   ,  5.11356    ,  2.44716    ,  0.0539271  ])
160     , -1330.7     , array([ 1.11965    ,  0.105839   ,  5.11356    ,  2.44716    ,  0.0539271  ])
165     , -1313.73    , array([ 0.990767   ,  0.105839   ,  5.11356    ,  2.44716    ,  0.0539271  ])
170     , -1313.75    , array([ 0.992651   ,  0.105916   ,  5.11324    ,  2.44473    ,  0.0540758  ])
175     , -1313.73    , array([ 0.990732   ,  0.105851   ,  5.11351    ,  2.44678    ,  0.0539504  ])
180     , -1320.66    , array([ 0.990732   ,  0.105851   ,  5.49548    ,  2.44678    ,  0.0539504  ])
185     , -1313.55    , array([ 0.990732   ,  0.105851   ,  5.04435    ,  2.44678    ,  0.0539504  ])
190     , -1327.43    , array([ 0.990732   ,  0.105851   ,  5.04435    ,  2.82874    ,  0.0539504  ])
195     , -1313.42    , array([ 0.990732   ,  0.105851   ,  5.04435    ,  2.40622    ,  0.0539504  ])
200     , -1314.07    , array([ 0.946921   ,  0.0999533  ,  5.02913    ,  2.50813    ,  0.0500269  ])
205     , -1313.35    , array([ 0.965261   ,  0.0971049  ,  4.95253    ,  2.51683    ,  0.0481472  ])
210     , -1314.98    , array([ 0.975744   ,  0.107119   ,  5.09042    ,  2.40971    ,  0.054785   ])
215     , -1312.14    , array([ 0.969413   ,  0.101071   ,  5.00714    ,  2.4744     ,  0.0507762  ])
220     , -1312.62    , array([ 0.99649    ,  0.104716   ,  5.01656    ,  2.41167    ,  0.053201   ])
225     , -1311.96    , array([ 0.975708   ,  0.102289   ,  5.01114    ,  2.45522    ,  0.0514291  ])
230     , -1311.89    , array([ 0.978738   ,  0.102392   ,  5.01071    ,  2.45198    ,  0.051627   ])
235     , -1417.36    , array([ 0.978738   ,  0.102392   ,  3.39267    ,  2.45198    ,  0.051627   ])
240     , -1311.66    , array([ 0.978738   ,  0.102392   ,  5.0954     ,  2.45198    ,  0.051627   ])
245     , -1545.99    , array([ 0.978738   ,  0.102392   ,  5.09455    ,  0.833946   ,  0.051627   ])
250     , -1311.65    , array([ 0.978738   ,  0.102392   ,  5.09455    ,  2.44367    ,  0.051627   ])
255     , -1311.41    , array([ 0.976411   ,  0.100169   ,  5.06394    ,  2.46781    ,  0.0501536  ])
260     , -1311.4     , array([ 0.976873   ,  0.100611   ,  5.07002    ,  2.46309    ,  0.0504461  ])
265     , -1314.07    , array([ 0.949796   ,  0.0969657  ,  5.06061    ,  2.52583    ,  0.0480213  ])
270     , -1311.31    , array([ 0.98299    ,  0.101434   ,  5.07214    ,  2.44892    ,  0.050994   ])
275     , -1311.59    , array([ 0.988949   ,  0.101637   ,  5.0713     ,  2.44255    ,  0.0513834  ])
280     , -1311.3     , array([ 0.982464   ,  0.101416   ,  5.07222    ,  2.44948    ,  0.0509596  ])
285     , -1311.3     , array([ 0.98247    ,  0.101416   ,  5.07222    ,  2.44947    ,  0.05096    ])
290     , -1311.3     , array([ 0.98247    ,  0.101416   ,  5.0867     ,  2.44947    ,  0.05096    ])
295     , -1311.3     , array([ 0.98247    ,  0.101416   ,  5.0867     ,  2.44947    ,  0.05096    ])
300     , -1311.29    , array([ 0.98247    ,  0.101416   ,  5.0867     ,  2.45787    ,  0.05096    ])
305     , -1311.29    , array([ 0.98247    ,  0.101416   ,  5.0867     ,  2.45787    ,  0.05096    ])
310     , -1311.21    , array([ 0.981433   ,  0.100426   ,  5.07307    ,  2.46846    ,  0.0503037  ])
315     , -1311.05    , array([ 0.991081   ,  0.100003   ,  5.0791     ,  2.48019    ,  0.0499805  ])
320     , -1311.05    , array([ 0.990985   ,  0.100007   ,  5.07904    ,  2.48008    ,  0.0499837  ])
325     , -1311.21    , array([ 0.992519   ,  0.101377   ,  5.09802    ,  2.4655     ,  0.0508911  ])
330     , -1311.05    , array([ 0.991086   ,  0.100008   ,  5.07916    ,  2.48015    ,  0.0499833  ])
335     , -1311.04    , array([ 0.993362   ,  0.100085   ,  5.07884    ,  2.47772    ,  0.0501321  ])
340     , -1311.04    , array([ 0.992535   ,  0.100057   ,  5.07896    ,  2.4786     ,  0.0500781  ])
345     , -1316.46    , array([ 0.992535   ,  0.100057   ,  5.46092    ,  2.4786     ,  0.0500781  ])
350     , -1310.99    , array([ 0.992535   ,  0.100057   ,  5.04277    ,  2.4786     ,  0.0500781  ])
355     , -1320.36    , array([ 0.992535   ,  0.100057   ,  5.04277    ,  2.86057    ,  0.0500781  ])
360     , -1310.98    , array([ 0.992535   ,  0.100057   ,  5.04277    ,  2.49363    ,  0.0500781  ])
365     , -1310.97    , array([ 0.996224   ,  0.0998993  ,  5.04513    ,  2.49807    ,  0.0499572  ])
