1656    , -92.1761    , array([ 0.043449   ,  2.19559    ,  0.00927369 ,  0.0716568  ])
1668    , -179.678    , array([ 0.0302934  ,  2.19559    ,  0.00927369 ,  0.0716568  ])
1672    , -92.1637    , array([ 0.0436467  ,  2.19559    ,  0.00927369 ,  0.0716568  ])
1676    , -102.92     , array([ 0.0436444  ,  3.19559    ,  0.00927369 ,  0.0716568  ])
1680    , -94.2083    , array([ 0.0436444  ,  2.57756    ,  0.00927369 ,  0.0716568  ])
1684    , -92.0107    , array([ 0.0436444  ,  2.2877     ,  0.00927369 ,  0.0716568  ])
1692    , -20676      , array([ 0.0436444  ,  2.28678    ,  0.200063   ,  0.0716568  ])
1700    , -92.0379    , array([ 0.0436444  ,  2.28678    ,  0.00890432 ,  0.0716568  ])
1704    , -91.9804    , array([ 0.0436444  ,  2.28678    ,  0.00911754 ,  0.0716568  ])
1716    , -91.8881    , array([ 0.0436444  ,  2.28678    ,  0.00911754 ,  0.0712213  ])
1720    , -92.0804    , array([ 0.0438397  ,  2.37798    ,  0.00896138 ,  0.0704442  ])
1724    , -91.8801    , array([ 0.0436444  ,  2.28678    ,  0.00911754 ,  0.0710505  ])
1732    , -243.893    , array([ 0.0715061  ,  2.28678    ,  0.00911754 ,  0.0710505  ])
1736    , -91.7697    , array([ 0.0429665  ,  2.28678    ,  0.00911754 ,  0.0710505  ])
1740    , -91.7667    , array([ 0.0430614  ,  2.28678    ,  0.00911754 ,  0.0710505  ])
1744    , -103.365    , array([ 0.0430614  ,  1.66875    ,  0.00911754 ,  0.0710505  ])
1748    , -91.6906    , array([ 0.0430614  ,  2.35455    ,  0.00911754 ,  0.0710505  ])
1752    , -24300.6    , array([ 0.0430614  ,  2.35455    ,  1.00912    ,  0.0710505  ])
1756    , -24256.8    , array([ 0.0430614  ,  2.35455    ,  0.391084   ,  0.0710505  ])
1760    , -5399.28    , array([ 0.0430614  ,  2.35455    ,  0.0819919  ,  0.0710505  ])
1764    , -93.1742    , array([ 0.0430614  ,  2.35455    ,  0.0100795  ,  0.0710505  ])
1768    , -91.6687    , array([ 0.0430614  ,  2.35455    ,  0.00898618 ,  0.0710505  ])
1772    , -91.6687    , array([ 0.0430614  ,  2.35455    ,  0.00898748 ,  0.0710505  ])
1780    , -94.3845    , array([ 0.0430614  ,  2.35455    ,  0.00898748 ,  0.073716   ])
1784    , -91.5935    , array([ 0.0430614  ,  2.35455    ,  0.00898748 ,  0.0705363  ])
1788    , -91.3261    , array([ 0.0415352  ,  2.53197    ,  0.008647   ,  0.0691713  ])
1792    , -91.5872    , array([ 0.0422779  ,  2.44564    ,  0.00881268 ,  0.069833   ])
1796    , -91.2954    , array([ 0.0423252  ,  2.44013    ,  0.00882325 ,  0.0698752  ])
1800    , -91.2954    , array([ 0.0423252  ,  2.44013    ,  0.00882325 ,  0.0698752  ])
1812    , -91.3013    , array([ 0.0423252  ,  2.44013    ,  0.00882325 ,  0.0700468  ])
1816    , -91.2952    , array([ 0.0423252  ,  2.44013    ,  0.00882325 ,  0.0699012  ])
1820    , -91.2952    , array([ 0.0423252  ,  2.44013    ,  0.00882325 ,  0.0699012  ])
1824    , -92.5798    , array([ 0.0423252  ,  2.20406    ,  0.00882325 ,  0.0699012  ])
1828    , -91.613     , array([ 0.0423252  ,  2.44822    ,  0.00882325 ,  0.0699012  ])
1832    , -91.6111    , array([ 0.0423252  ,  2.44131    ,  0.00882325 ,  0.0699012  ])
1836    , -91.2948    , array([ 0.0423252  ,  2.44041    ,  0.00882325 ,  0.0699012  ])
1840    , -91.2945    , array([ 0.0423252  ,  2.44065    ,  0.00882325 ,  0.0699012  ])
1844    , -91.2944    , array([ 0.0423252  ,  2.44068    ,  0.00882325 ,  0.0699012  ])
1856    , -839.742    , array([ 0.0423252  ,  2.44068    ,  0.0366585  ,  0.0699012  ])
1860    , -91.2695    , array([ 0.0423252  ,  2.44068    ,  0.008959   ,  0.0699012  ])
1864    , -91.3388    , array([ 0.041589   ,  2.52626    ,  0.00879476 ,  0.0692453  ])
1868    , -91.4877    , array([ 0.042044   ,  2.47337    ,  0.00889627 ,  0.0696507  ])
1872    , -91.5751    , array([ 0.0422842  ,  2.44545    ,  0.00894985 ,  0.0698646  ])
1876    , -91.5883    , array([ 0.0423192  ,  2.44138    ,  0.00895766 ,  0.0698959  ])
1880    , -91.5903    , array([ 0.0423243  ,  2.44078    ,  0.00895881 ,  0.0699004  ])
1884    , -91.5906    , array([ 0.0423251  ,  2.44069    ,  0.00895897 ,  0.0699011  ])
1888    , -91.2695    , array([ 0.0423252  ,  2.44068    ,  0.008959   ,  0.0699012  ])
1892    , -91.2695    , array([ 0.0423252  ,  2.44068    ,  0.00895899 ,  0.0699012  ])
1896    , -91.5906    , array([ 0.0423252  ,  2.44068    ,  0.00895899 ,  0.0699012  ])
1900    , -18134      , array([ 0.0423252  ,  2.44068    ,  0.00895899 ,  1.0699     ])
1904    , -15033.9    , array([ 0.0423252  ,  2.44068    ,  0.00895899 ,  0.451867   ])
1908    , -1318.85    , array([ 0.0423252  ,  2.44068    ,  0.00895899 ,  0.142804   ])
1912    , -91.255     , array([ 0.0423252  ,  2.44068    ,  0.00895899 ,  0.069674   ])
1916    , -100.296    , array([ 0.0423252  ,  3.44068    ,  0.00895899 ,  0.0696763  ])
1920    , -93.157     , array([ 0.0423252  ,  2.82265    ,  0.00895899 ,  0.0696763  ])
1924    , -91.256     , array([ 0.0423252  ,  2.44013    ,  0.00895899 ,  0.0696763  ])
1928    , -91.5307    , array([ 0.0423252  ,  2.44211    ,  0.00895899 ,  0.0696763  ])
1932    , -91.2552    , array([ 0.0423252  ,  2.4406     ,  0.00895899 ,  0.0696763  ])
1936    , -91.255     , array([ 0.0423252  ,  2.44067    ,  0.00895899 ,  0.0696763  ])
1940    , -91.255     , array([ 0.0423252  ,  2.44068    ,  0.00895899 ,  0.0696763  ])
1944    , -91.255     , array([ 0.0423252  ,  2.44068    ,  0.00895899 ,  0.0696763  ])
1948    , -91.255     , array([ 0.0423252  ,  2.44068    ,  0.00895899 ,  0.0696763  ])
1952    , -91.255     , array([ 0.0423252  ,  2.44068    ,  0.00895899 ,  0.0696763  ])
1956    , -91.531     , array([ 0.0423252  ,  2.44068    ,  0.00895899 ,  0.0696763  ])
1960    , -24526.1    , array([ 0.0423252  ,  2.44068    ,  1.00896    ,  0.0696763  ])
1964    , -24487.5    , array([ 0.0423252  ,  2.44068    ,  0.390925   ,  0.0696763  ])
1968    , -5542.67    , array([ 0.0423252  ,  2.44068    ,  0.0818326  ,  0.0696763  ])
1972    , -93.111     , array([ 0.0423252  ,  2.44068    ,  0.010238   ,  0.0696763  ])
1976    , -91.2467    , array([ 0.0423252  ,  2.44068    ,  0.00903853 ,  0.0696763  ])
1980    , -91.7297    , array([ 0.0435164  ,  2.30221    ,  0.00930348 ,  0.0707376  ])
1984    , -91.2786    , array([ 0.0424214  ,  2.4295     ,  0.00905922 ,  0.069762   ])
1988    , -91.5199    , array([ 0.0423095  ,  2.4425     ,  0.00903425 ,  0.0696623  ])
1992    , -91.5248    , array([ 0.0423229  ,  2.44095    ,  0.00903724 ,  0.0696742  ])
1996    , -91.5255    , array([ 0.0423248  ,  2.44072    ,  0.00903767 ,  0.069676   ])
2000    , -91.5256    , array([ 0.0423251  ,  2.44069    ,  0.00903774 ,  0.0696762  ])
2004    , -91.5256    , array([ 0.0423252  ,  2.44068    ,  0.00903774 ,  0.0696763  ])
2008    , -91.5256    , array([ 0.0423252  ,  2.44068    ,  0.00903775 ,  0.0696763  ])
2012    , -91.5256    , array([ 0.0423252  ,  2.44068    ,  0.00903775 ,  0.0696763  ])
2016    , -91.5256    , array([ 0.0423252  ,  2.44068    ,  0.00903775 ,  0.0696763  ])
2020    , -91.5256    , array([ 0.0423252  ,  2.44068    ,  0.00903775 ,  0.0696763  ])
2024    , -91.2467    , array([ 0.0423252  ,  2.44068    ,  0.00903775 ,  0.0696763  ])
2028    , -91.2467    , array([ 0.0423252  ,  2.44068    ,  0.00903775 ,  0.0696763  ])
2032    , -91.2467    , array([ 0.0423252  ,  2.44068    ,  0.00903775 ,  0.0696763  ])
2044    , -91.2494    , array([ 0.0423252  ,  2.44068    ,  0.00903775 ,  0.0697094  ])
2048    , -91.242     , array([ 0.0423252  ,  2.44068    ,  0.00903775 ,  0.0695481  ])
2052    , -100.713    , array([ 0.0423252  ,  1.82265    ,  0.00903775 ,  0.0695481  ])
2056    , -91.3021    , array([ 0.0423252  ,  2.41612    ,  0.00903775 ,  0.0695481  ])
2060    , -91.4942    , array([ 0.0423252  ,  2.44314    ,  0.00903775 ,  0.0695481  ])
2064    , -91.4951    , array([ 0.0423252  ,  2.44104    ,  0.00903775 ,  0.0695481  ])
2068    , -91.4953    , array([ 0.0423252  ,  2.44074    ,  0.00903775 ,  0.0695481  ])
2072    , -91.4953    , array([ 0.0423252  ,  2.44069    ,  0.00903775 ,  0.0695481  ])
2076    , -91.4953    , array([ 0.0423252  ,  2.44068    ,  0.00903775 ,  0.0695481  ])
2080    , -91.4953    , array([ 0.0423252  ,  2.44068    ,  0.00903775 ,  0.0695481  ])
2084    , -91.4953    , array([ 0.0423252  ,  2.44068    ,  0.00903775 ,  0.0695481  ])
2088    , -91.4953    , array([ 0.0423252  ,  2.44068    ,  0.00903775 ,  0.0695481  ])
2092    , -91.4953    , array([ 0.0423252  ,  2.44068    ,  0.00903775 ,  0.0695481  ])
2096    , -91.4953    , array([ 0.0423252  ,  2.44068    ,  0.00903775 ,  0.0695481  ])
2100    , -91.242     , array([ 0.0423252  ,  2.44068    ,  0.00903775 ,  0.0695481  ])
2104    , -91.242     , array([ 0.0423252  ,  2.44068    ,  0.00903775 ,  0.0695481  ])
2116    , -91.2393    , array([ 0.0423252  ,  2.44068    ,  0.00908676 ,  0.0695481  ])
2120    , -91.2392    , array([ 0.0423252  ,  2.44068    ,  0.00908271 ,  0.0695481  ])
2124    , -91.3972    , array([ 0.0427802  ,  2.38779    ,  0.00918421 ,  0.0699535  ])
2128    , -91.4798    , array([ 0.0422841  ,  2.44545    ,  0.00907355 ,  0.0695116  ])
2132    , -91.4922    , array([ 0.0423192  ,  2.44138    ,  0.00908137 ,  0.0695428  ])
2136    , -91.494     , array([ 0.0423243  ,  2.44078    ,  0.00908251 ,  0.0695474  ])
2140    , -91.4943    , array([ 0.042325   ,  2.4407     ,  0.00908268 ,  0.069548   ])
2144    , -91.4943    , array([ 0.0423252  ,  2.44069    ,  0.0090827  ,  0.0695481  ])
2148    , -91.4943    , array([ 0.0423252  ,  2.44068    ,  0.00908271 ,  0.0695481  ])
2152    , -91.4943    , array([ 0.0423252  ,  2.44068    ,  0.00908271 ,  0.0695481  ])
2156    , -91.4943    , array([ 0.0423252  ,  2.44068    ,  0.00908271 ,  0.0695481  ])
2160    , -91.4943    , array([ 0.0423252  ,  2.44068    ,  0.00908271 ,  0.0695481  ])
2164    , -91.4943    , array([ 0.0423252  ,  2.44068    ,  0.00908271 ,  0.0695481  ])
2168    , -91.4943    , array([ 0.0423252  ,  2.44068    ,  0.00908271 ,  0.0695481  ])
2172    , -91.2392    , array([ 0.0423252  ,  2.44068    ,  0.00908271 ,  0.0695481  ])
