114     , -4681.28    , array([ 0.926247   ,  1.0602     ,  0.0778464  ,  0.0757488  ,  5.83302    ,  2.88777    ])
120     , -1317.67    , array([ 0.780881   ,  1.0602     ,  0.0778464  ,  0.0757488  ,  5.83302    ,  2.88777    ])
126     , -1317.67    , array([ 0.780881   ,  1.0602     ,  0.0778464  ,  0.0757488  ,  5.83302    ,  2.88777    ])
132     , -1317.67    , array([ 0.780881   ,  1.05963    ,  0.0778464  ,  0.0757488  ,  5.83302    ,  2.88777    ])
138     , -1317.67    , array([ 0.780881   ,  1.05956    ,  0.0778464  ,  0.0757488  ,  5.83302    ,  2.88777    ])
144     , -7435.65    , array([ 0.780881   ,  1.05956    ,  0.26873    ,  0.0757488  ,  5.83302    ,  2.88777    ])
150     , -1323.47    , array([ 0.780881   ,  1.05956    ,  0.0812189  ,  0.0757488  ,  5.83302    ,  2.88777    ])
156     , -1317.62    , array([ 0.780881   ,  1.05956    ,  0.0781386  ,  0.0757488  ,  5.83302    ,  2.88777    ])
162     , -6363.04    , array([ 0.780881   ,  1.05956    ,  0.0781386  ,  0.266667   ,  5.83302    ,  2.88777    ])
168     , -1530.3     , array([ 0.780881   ,  1.05956    ,  0.0781386  ,  0.0625932  ,  5.83302    ,  2.88777    ])
174     , -1317.61    , array([ 0.780881   ,  1.05956    ,  0.0781386  ,  0.0758385  ,  5.83302    ,  2.88777    ])
180     , -1322.98    , array([ 0.780881   ,  1.05956    ,  0.0781386  ,  0.0758376  ,  6.21499    ,  2.88777    ])
186     , -1390.98    , array([ 0.780881   ,  1.05956    ,  0.0781386  ,  0.0758376  ,  5.8434     ,  3.88777    ])
192     , -1317.6     , array([ 0.780881   ,  1.05956    ,  0.0781386  ,  0.0758376  ,  5.8434     ,  2.88084    ])
