5       , -1310.97    , array([ 0.998299   ,  0.0998797  ,  0.0499336  ,  5.00607    ,  2.51492    ])
10      , -1311.05    , array([ 1.00805    ,  0.0998797  ,  0.0499336  ,  5.00607    ,  2.51492    ])
15      , -1310.97    , array([ 0.99939    ,  0.0998797  ,  0.0499336  ,  5.00607    ,  2.51492    ])
20      , -24640.9    , array([ 0.99939    ,  0.481846   ,  0.0499336  ,  5.00607    ,  2.51492    ])
25      , -3942.33    , array([ 0.99939    ,  0.0654378  ,  0.0499336  ,  5.00607    ,  2.51492    ])
30      , -1310.97    , array([ 0.99939    ,  0.0998953  ,  0.0499336  ,  5.00607    ,  2.51492    ])
45      , -2004.69    , array([ 0.99939    ,  0.0998953  ,  0.036778   ,  5.00607    ,  2.51492    ])
50      , -1310.97    , array([ 0.99939    ,  0.0998953  ,  0.0499465  ,  5.00607    ,  2.51492    ])
55      , -1401.83    , array([ 0.99939    ,  0.0998953  ,  0.0499464  ,  3.38804    ,  2.51492    ])
60      , -1310.97    , array([ 0.99939    ,  0.0998953  ,  0.0499464  ,  5.00796    ,  2.51492    ])
65      , -1310.97    , array([ 0.99939    ,  0.0998953  ,  0.0499464  ,  5.00803    ,  2.51492    ])
70      , -1340.15    , array([ 0.99939    ,  0.0998953  ,  0.0499464  ,  5.00803    ,  1.89689    ])
75      , -1310.97    , array([ 0.99939    ,  0.0998953  ,  0.0499464  ,  5.00803    ,  2.51644    ])
