488     , -2577.4     , array([ 1.1066     ,  1.22063    ,  0.0660278  ,  0.0354285  ])
492     , -1548.93    , array([ 0.488562   ,  1.22063    ,  0.0660278  ,  0.0354285  ])
496     , -320.985    , array([ 0.17954    ,  1.22063    ,  0.0660278  ,  0.0354285  ])
500     , -91.0951    , array([ 0.10627    ,  1.22063    ,  0.0660278  ,  0.0354285  ])
504     , -91.0902    , array([ 0.106516   ,  1.22063    ,  0.0660278  ,  0.0354285  ])
508     , -91.0902    , array([ 0.106516   ,  1.22063    ,  0.0660278  ,  0.0354285  ])
512     , -91.2147    , array([ 0.106516   ,  1.18226    ,  0.0660278  ,  0.0354285  ])
516     , -91.0902    , array([ 0.106516   ,  1.2203     ,  0.0660278  ,  0.0354285  ])
520     , -91.0902    , array([ 0.106516   ,  1.22031    ,  0.0660278  ,  0.0354285  ])
528     , -3985.79    , array([ 0.106516   ,  1.22032    ,  0.256935   ,  0.0354285  ])
532     , -93.5201    , array([ 0.106516   ,  1.22032    ,  0.0618966  ,  0.0354285  ])
536     , -91.0785    , array([ 0.106516   ,  1.22032    ,  0.0657561  ,  0.0354285  ])
544     , -2856.59    , array([ 0.106516   ,  1.22032    ,  0.0657533  ,  0.226378   ])
548     , -1889.18    , array([ 0.106516   ,  1.22032    ,  0.0657533  ,  0.000986699])
552     , -91.1783    , array([ 0.106516   ,  1.22032    ,  0.0657533  ,  0.0359516  ])
556     , -91.0739    , array([ 0.106516   ,  1.22032    ,  0.0657533  ,  0.0355175  ])
560     , -91.0805    , array([ 0.106305   ,  1.21949    ,  0.0650346  ,  0.0357535  ])
564     , -91.0676    , array([ 0.106429   ,  1.21997    ,  0.0654569  ,  0.0356153  ])
568     , -2576.66    , array([ 1.10643    ,  1.21997    ,  0.0654569  ,  0.0356153  ])
572     , -1554.44    , array([ 0.488395   ,  1.21997    ,  0.0654569  ,  0.0356153  ])
576     , -325.485    , array([ 0.179373   ,  1.21997    ,  0.0654569  ,  0.0356153  ])
580     , -91.0498    , array([ 0.105574   ,  1.21997    ,  0.0654569  ,  0.0356153  ])
584     , -91.0423    , array([ 0.105877   ,  1.21997    ,  0.0654569  ,  0.0356153  ])
588     , -179.581    , array([ 0.105877   ,  0.601941   ,  0.0654569  ,  0.0356153  ])
592     , -91.0405    , array([ 0.105877   ,  1.21756    ,  0.0654569  ,  0.0356153  ])
596     , -91.0395    , array([ 0.105877   ,  1.21408    ,  0.0654569  ,  0.0356153  ])
600     , -91.0395    , array([ 0.105877   ,  1.21414    ,  0.0654569  ,  0.0356153  ])
608     , -313.419    , array([ 0.105877   ,  1.21414    ,  0.0654569  ,  0.0603419  ])
612     , -91.0396    , array([ 0.105877   ,  1.21414    ,  0.0654569  ,  0.0355871  ])
616     , -91.0394    , array([ 0.105877   ,  1.21414    ,  0.0654569  ,  0.035603   ])
620     , -91.0232    , array([ 0.10579    ,  1.21379    ,  0.0651604  ,  0.0356998  ])
624     , -91.0194    , array([ 0.105721   ,  1.21352    ,  0.0649251  ,  0.0357768  ])
628     , -90.9795    , array([ 0.10493    ,  1.20674    ,  0.0641074  ,  0.0360317  ])
632     , -90.9489    , array([ 0.103381   ,  1.19349    ,  0.0624998  ,  0.0365331  ])
636     , -90.9488    , array([ 0.103437   ,  1.19397    ,  0.0625583  ,  0.0365149  ])
640     , -90.8908    , array([ 0.103704   ,  1.19512    ,  0.0634145  ,  0.0362351  ])
644     , -90.8927    , array([ 0.103664   ,  1.19497    ,  0.0632796  ,  0.0362792  ])
648     , -90.8908    , array([ 0.10371    ,  1.19515    ,  0.0634372  ,  0.0362276  ])
652     , -191.226    , array([ 0.10371    ,  0.577112   ,  0.0634372  ,  0.0362276  ])
656     , -90.891     , array([ 0.10371    ,  1.20133    ,  0.0634372  ,  0.0362276  ])
660     , -90.8902    , array([ 0.10371    ,  1.19929    ,  0.0634372  ,  0.0362276  ])
664     , -90.89      , array([ 0.10371    ,  1.19812    ,  0.0634372  ,  0.0362276  ])
672     , -2793.87    , array([ 0.10371    ,  1.19805    ,  0.0634372  ,  0.227178   ])
676     , -1790       , array([ 0.10371    ,  1.19805    ,  0.0634372  ,  0.0017858  ])
680     , -90.9859    , array([ 0.10371    ,  1.19805    ,  0.0634372  ,  0.0365633  ])
684     , -90.885     , array([ 0.10371    ,  1.19805    ,  0.0634372  ,  0.0361304  ])
688     , -90.8243    , array([ 0.101448   ,  1.17868    ,  0.0610887  ,  0.0368638  ])
692     , -90.8234    , array([ 0.101677   ,  1.18065    ,  0.061327   ,  0.0367895  ])
696     , -90.8158    , array([ 0.0976318  ,  1.14777    ,  0.0577237  ,  0.0378039  ])
700     , -90.7897    , array([ 0.099177   ,  1.16033    ,  0.0591001  ,  0.0374164  ])
704     , -90.7892    , array([ 0.099468   ,  1.1627     ,  0.0593593  ,  0.0373435  ])
708     , -90.6633    , array([ 0.0997772  ,  1.16382    ,  0.060472   ,  0.0369785  ])
712     , -90.6708    , array([ 0.0997042  ,  1.16353    ,  0.0602226  ,  0.0370601  ])
716     , -90.6631    , array([ 0.0997915  ,  1.16387    ,  0.0605206  ,  0.0369626  ])
720     , -208.149    , array([ 0.0997915  ,  0.545839   ,  0.0605206  ,  0.0369626  ])
724     , -90.6492    , array([ 0.0997915  ,  1.17953    ,  0.0605206  ,  0.0369626  ])
728     , -90.6481    , array([ 0.0997915  ,  1.17617    ,  0.0605206  ,  0.0369626  ])
740     , -211.12     , array([ 0.0997915  ,  1.17617    ,  0.0605206  ,  0.023807   ])
744     , -90.6394    , array([ 0.0997915  ,  1.17617    ,  0.0605206  ,  0.036834   ])
748     , -90.5439    , array([ 0.09756    ,  1.15804    ,  0.058533   ,  0.0373936  ])
752     , -90.5168    , array([ 0.0953284  ,  1.1399     ,  0.0565454  ,  0.0379532  ])
756     , -90.3665    , array([ 0.0897093  ,  1.10508    ,  0.0524136  ,  0.0389339  ])
760     , -90.3665    , array([ 0.0897093  ,  1.10508    ,  0.0524136  ,  0.0389339  ])
764     , -90.3643    , array([ 0.0889208  ,  1.1001     ,  0.0518263  ,  0.0390752  ])
768     , -90.5962    , array([ 0.086757   ,  1.08239    ,  0.0498891  ,  0.0396227  ])
772     , -90.2952    , array([ 0.0905292  ,  1.11305    ,  0.053249   ,  0.0386767  ])
776     , -90.2825    , array([ 0.0916237  ,  1.12195    ,  0.054224   ,  0.0384023  ])
780     , -90.2825    , array([ 0.0915976  ,  1.12173    ,  0.0542007  ,  0.0384088  ])
784     , -90.2504    , array([ 0.0915976  ,  1.1274     ,  0.0542007  ,  0.0384088  ])
788     , -90.1973    , array([ 0.0915976  ,  1.14907    ,  0.0542007  ,  0.0384088  ])
796     , -2636.83    , array([ 0.0915976  ,  1.14907    ,  0.0542007  ,  0.229361   ])
800     , -1605.22    , array([ 0.0915976  ,  1.14907    ,  0.0542007  ,  0.00396695 ])
804     , -90.2691    , array([ 0.0915976  ,  1.14907    ,  0.0542007  ,  0.0386631  ])
808     , -90.1853    , array([ 0.0915976  ,  1.14907    ,  0.0542007  ,  0.038252   ])
812     , -90.0016    , array([ 0.0848929  ,  1.10674    ,  0.0492072  ,  0.0394549  ])
816     , -90         , array([ 0.0842299  ,  1.10255    ,  0.0487134  ,  0.0395737  ])
820     , -90         , array([ 0.0843035  ,  1.10301    ,  0.0487682  ,  0.0395605  ])
824     , -89.9613    , array([ 0.0856827  ,  1.11422    ,  0.0499967  ,  0.0392147  ])
828     , -89.9606    , array([ 0.0858931  ,  1.11593    ,  0.0501841  ,  0.0391619  ])
832     , -89.9606    , array([ 0.0859092  ,  1.11606    ,  0.0501984  ,  0.0391579  ])
836     , -89.9746    , array([ 0.0859092  ,  1.11363    ,  0.0501984  ,  0.0391579  ])
840     , -89.9001    , array([ 0.0859092  ,  1.13856    ,  0.0501984  ,  0.0391579  ])
848     , -2597.12    , array([ 0.0859092  ,  1.13856    ,  0.0501984  ,  0.23011    ])
852     , -1565.92    , array([ 0.0859092  ,  1.13856    ,  0.0501984  ,  0.00471605 ])
856     , -89.9743    , array([ 0.0859092  ,  1.13856    ,  0.0501984  ,  0.0394748  ])
860     , -89.8969    , array([ 0.0859092  ,  1.13856    ,  0.0501984  ,  0.039076   ])
864     , -89.791     , array([ 0.0792045  ,  1.09622    ,  0.0452049  ,  0.0402782  ])
868     , -89.7798    , array([ 0.0806761  ,  1.10552    ,  0.0463009  ,  0.0400145  ])
872     , -89.6053    , array([ 0.0769428  ,  1.10735    ,  0.0437548  ,  0.0404874  ])
876     , -89.3811    , array([ 0.0642034  ,  1.11485    ,  0.0350778  ,  0.0420916  ])
880     , -89.3646    , array([ 0.066471   ,  1.11352    ,  0.0366222  ,  0.0418061  ])
884     , -89.4764    , array([ 0.0700816  ,  1.14286    ,  0.0398383  ,  0.0409006  ])
888     , -89.2943    , array([ 0.0678073  ,  1.12438    ,  0.0378125  ,  0.041471   ])
892     , -89.2942    , array([ 0.0677721  ,  1.12409    ,  0.0377812  ,  0.0414798  ])
896     , -237.785    , array([ 0.0677721  ,  0.50606    ,  0.0377812  ,  0.0414798  ])
900     , -89.293     , array([ 0.0677721  ,  1.12307    ,  0.0377812  ,  0.0414798  ])
904     , -89.2911    , array([ 0.0677721  ,  1.11926    ,  0.0377812  ,  0.0414798  ])
908     , -89.2911    , array([ 0.0677721  ,  1.11921    ,  0.0377812  ,  0.0414798  ])
916     , -262.029    , array([ 0.0677721  ,  1.11921    ,  0.0377812  ,  0.0652079  ])
920     , -89.2776    , array([ 0.0677721  ,  1.11921    ,  0.0377812  ,  0.0416451  ])
924     , -89.2776    , array([ 0.0677721  ,  1.11921    ,  0.0377812  ,  0.0416506  ])
928     , -89.5164    , array([ 0.0765187  ,  1.11406    ,  0.0437386  ,  0.0405492  ])
932     , -89.2447    , array([ 0.0639504  ,  1.12146    ,  0.0351782  ,  0.0421319  ])
936     , -89.2447    , array([ 0.0639504  ,  1.12146    ,  0.0351782  ,  0.0421319  ])
940     , -89.2754    , array([ 0.0653296  ,  1.13267    ,  0.0364066  ,  0.041786   ])
944     , -89.2355    , array([ 0.0643868  ,  1.12501    ,  0.0355669  ,  0.0420224  ])
948     , -139.386    , array([ 0.0643868  ,  2.12501    ,  0.0355669  ,  0.0420224  ])
952     , -102.564    , array([ 0.0643868  ,  1.50697    ,  0.0355669  ,  0.0420224  ])
956     , -89.2112    , array([ 0.0643868  ,  1.11212    ,  0.0355669  ,  0.0420224  ])
960     , -89.2112    , array([ 0.0643868  ,  1.1115     ,  0.0355669  ,  0.0420224  ])
972     , -195.728    , array([ 0.0643868  ,  1.1115     ,  0.0355669  ,  0.0288668  ])
976     , -89.1991    , array([ 0.0643868  ,  1.1115     ,  0.0355669  ,  0.0421859  ])
980     , -90.2107    , array([ 0.0502346  ,  1.11984    ,  0.0259276  ,  0.043968   ])
984     , -89.243     , array([ 0.0589811  ,  1.11469    ,  0.031885   ,  0.0428666  ])
988     , -89.1917    , array([ 0.0627339  ,  1.11248    ,  0.034441   ,  0.0423941  ])
992     , -89.1917    , array([ 0.0627339  ,  1.11248    ,  0.034441   ,  0.0423941  ])
996     , -89.9897    , array([ 0.0427188  ,  0.964664   ,  0.0223132  ,  0.0467078  ])
1000    , -89.0159    , array([ 0.0549132  ,  1.05472    ,  0.0297022  ,  0.0440796  ])
1004    , -89.8338    , array([ 0.0528249  ,  1.03764    ,  0.0278014  ,  0.0446083  ])
1008    , -89.0782    , array([ 0.057288   ,  1.07391    ,  0.0317767  ,  0.0434892  ])
1012    , -88.9525    , array([ 0.05594    ,  1.06296    ,  0.030576   ,  0.0438272  ])
1016    , -88.9525    , array([ 0.0559489  ,  1.06303    ,  0.0305839  ,  0.0438249  ])
1020    , -88.9323    , array([ 0.0541975  ,  1.06406    ,  0.029391   ,  0.0440455  ])
1024    , -88.9319    , array([ 0.0538856  ,  1.06425    ,  0.0291786  ,  0.0440848  ])
1028    , -88.9319    , array([ 0.053906   ,  1.06423    ,  0.0291925  ,  0.0440822  ])
1036    , -244.133    , array([ 0.053906   ,  1.06423    ,  0.0291925  ,  0.0671855  ])
1040    , -88.9315    , array([ 0.053906   ,  1.06423    ,  0.0291925  ,  0.0440391  ])
1044    , -88.9314    , array([ 0.053906   ,  1.06423    ,  0.0291925  ,  0.0440454  ])
1048    , -89.1054    , array([ 0.0462286  ,  1.00754    ,  0.0245405  ,  0.0457039  ])
1052    , -88.9267    , array([ 0.0509735  ,  1.04258    ,  0.0274156  ,  0.0446813  ])
1056    , -88.9205    , array([ 0.0522117  ,  1.05172    ,  0.0281659  ,  0.0444144  ])
1060    , -89.5957    , array([ 0.0558053  ,  1.08094    ,  0.0313716  ,  0.0435127  ])
1064    , -88.8897    , array([ 0.0527894  ,  1.05643    ,  0.0286853  ,  0.0442689  ])
1068    , -88.8896    , array([ 0.052774   ,  1.0563     ,  0.0286716  ,  0.0442728  ])
1072    , -88.8896    , array([ 0.0527683  ,  1.05626    ,  0.0286665  ,  0.0442742  ])
1076    , -88.8772    , array([ 0.0516557  ,  1.05691    ,  0.0279087  ,  0.0444143  ])
1080    , -88.8764    , array([ 0.051322   ,  1.05711    ,  0.0276814  ,  0.0444563  ])
1088    , -2319.11    , array([ 0.051322   ,  1.05711    ,  0.0276814  ,  0.235412   ])
1092    , -1271.01    , array([ 0.051322   ,  1.05711    ,  0.0276814  ,  0.0100145  ])
1096    , -88.9255    , array([ 0.051322   ,  1.05711    ,  0.0276814  ,  0.0447851  ])
1100    , -88.8764    , array([ 0.051322   ,  1.05711    ,  0.0276814  ,  0.044442   ])
1104    , -88.8764    , array([ 0.051322   ,  1.05711    ,  0.0276814  ,  0.0444421  ])
1108    , -88.8715    , array([ 0.0502748  ,  1.04938    ,  0.0270469  ,  0.0446678  ])
1112    , -88.8297    , array([ 0.0482466  ,  1.04636    ,  0.0258725  ,  0.0449409  ])
1116    , -88.6969    , array([ 0.0350895  ,  1.02889    ,  0.0182645  ,  0.0466832  ])
1120    , -88.7038    , array([ 0.0388951  ,  1.03394    ,  0.020465   ,  0.0461792  ])
1124    , -88.6939    , array([ 0.0361611  ,  1.03032    ,  0.0188841  ,  0.0465413  ])
1128    , -88.6938    , array([ 0.0363003  ,  1.0305     ,  0.0189646  ,  0.0465228  ])
1132    , -88.6807    , array([ 0.0375011  ,  1.03937    ,  0.0196922  ,  0.046264   ])
1136    , -88.6806    , array([ 0.0373905  ,  1.03855    ,  0.0196252  ,  0.0462879  ])
1140    , -89.5558    , array([ 0.046137   ,  1.0334     ,  0.0255826  ,  0.0451865  ])
1144    , -88.6783    , array([ 0.0378039  ,  1.03831    ,  0.0199067  ,  0.0462358  ])
1148    , -88.678     , array([ 0.0377124  ,  1.03836    ,  0.0198444  ,  0.0462474  ])
1152    , -88.678     , array([ 0.0377092  ,  1.03836    ,  0.0198422  ,  0.0462478  ])
1160    , -232.815    , array([ 0.0377092  ,  1.03836    ,  0.0198422  ,  0.0690831  ])
1164    , -88.6771    , array([ 0.0377092  ,  1.03836    ,  0.0198422  ,  0.046289   ])
1168    , -88.6771    , array([ 0.0377092  ,  1.03836    ,  0.0198422  ,  0.0462962  ])
1172    , -88.782     , array([ 0.0463124  ,  1.04978    ,  0.0248171  ,  0.0451569  ])
1176    , -88.6575    , array([ 0.0341045  ,  1.03358    ,  0.0177579  ,  0.0467735  ])
1180    , -88.6575    , array([ 0.0341045  ,  1.03358    ,  0.0177579  ,  0.0467735  ])
1184    , -88.8411    , array([ 0.0388494  ,  1.06862    ,  0.020633   ,  0.0457509  ])
1188    , -88.6552    , array([ 0.0345185  ,  1.03664    ,  0.0180087  ,  0.0466843  ])
1192    , -88.6552    , array([ 0.0345102  ,  1.03658    ,  0.0180037  ,  0.0466861  ])
1196    , -89.8106    , array([ 0.0432568  ,  1.03142    ,  0.0239611  ,  0.0455847  ])
1200    , -88.6526    , array([ 0.0349202  ,  1.03633    ,  0.018283   ,  0.0466345  ])
1204    , -88.6522    , array([ 0.034812   ,  1.0364     ,  0.0182092  ,  0.0466481  ])
1208    , -88.6522    , array([ 0.034809   ,  1.0364     ,  0.0182072  ,  0.0466485  ])
1216    , -231.14     , array([ 0.034809   ,  1.0364     ,  0.0182072  ,  0.0693901  ])
1220    , -88.652     , array([ 0.034809   ,  1.0364     ,  0.0182072  ,  0.0466616  ])
1224    , -88.652     , array([ 0.034809   ,  1.0364     ,  0.0182072  ,  0.0466692  ])
1228    , -88.7486    , array([ 0.0434122  ,  1.04782    ,  0.023182   ,  0.0455299  ])
1232    , -88.6455    , array([ 0.0318274  ,  1.03244    ,  0.0164831  ,  0.047064   ])
1236    , -88.6432    , array([ 0.0327039  ,  1.03361    ,  0.0169899  ,  0.046948   ])
1240    , -88.6223    , array([ 0.0291124  ,  1.03378    ,  0.015023   ,  0.0473947  ])
1244    , -88.6192    , array([ 0.0261954  ,  1.03389    ,  0.0134249  ,  0.0477576  ])
1248    , -88.6188    , array([ 0.0269887  ,  1.03386    ,  0.0138596  ,  0.0476589  ])
1252    , -88.6187    , array([ 0.0269308  ,  1.03386    ,  0.0138278  ,  0.0476661  ])
1256    , -88.6189    , array([ 0.0269721  ,  1.03417    ,  0.0138528  ,  0.0476572  ])
1260    , -88.6187    , array([ 0.0268896  ,  1.03356    ,  0.0138029  ,  0.047675   ])
1264    , -88.6187    , array([ 0.0268889  ,  1.03355    ,  0.0138024  ,  0.0476751  ])
1268    , -88.8302    , array([ 0.0255768  ,  1.03432    ,  0.0129087  ,  0.0478404  ])
1272    , -88.6146    , array([ 0.0271156  ,  1.03342    ,  0.0139569  ,  0.0476466  ])
1276    , -88.6146    , array([ 0.0271179  ,  1.03342    ,  0.0139584  ,  0.0476463  ])
1284    , -227.212    , array([ 0.0271179  ,  1.03342    ,  0.0139584  ,  0.0701767  ])
1288    , -88.6144    , array([ 0.0271179  ,  1.03342    ,  0.0139584  ,  0.0476141  ])
1292    , -88.6144    , array([ 0.0271179  ,  1.03342    ,  0.0139584  ,  0.0476229  ])
1296    , -88.6249    , array([ 0.0306988  ,  1.03328    ,  0.0159201  ,  0.0471774  ])
1300    , -88.6135    , array([ 0.025884   ,  1.03346    ,  0.0132824  ,  0.0477765  ])
