364     , -29795.8    , array([ 100        ,  100        ,  0.0139823  ,  0.137159   ])
368     , -29796.1    , array([ 100        ,  99.382     ,  0.0139823  ,  0.137159   ])
372     , -29795.9    , array([ 100        ,  99.882     ,  0.0139823  ,  0.137159   ])
376     , -29795.8    , array([ 100        ,  99.9828    ,  0.0139823  ,  0.137159   ])
380     , -29795.8    , array([ 100        ,  99.9975    ,  0.0139823  ,  0.137159   ])
384     , -29795.8    , array([ 100        ,  99.9996    ,  0.0139823  ,  0.137159   ])
388     , -29795.8    , array([ 100        ,  99.9999    ,  0.0139823  ,  0.137159   ])
392     , -29795.8    , array([ 100        ,  100        ,  0.0139823  ,  0.137159   ])
396     , -29795.8    , array([ 100        ,  100        ,  0.0139823  ,  0.137159   ])
400     , -29795.8    , array([ 100        ,  100        ,  0.0139823  ,  0.137159   ])
404     , -29795.8    , array([ 100        ,  100        ,  0.0139823  ,  0.137159   ])
408     , -29795.8    , array([ 100        ,  100        ,  0.0139823  ,  0.137159   ])
412     , -29795.8    , array([ 100        ,  100        ,  0.0139823  ,  0.137159   ])
416     , -29795.8    , array([ 100        ,  100        ,  0.0139823  ,  0.137159   ])
420     , -29795.8    , array([ 100        ,  100        ,  0.0139823  ,  0.137159   ])
424     , -29795.8    , array([ 100        ,  100        ,  0.0139823  ,  0.137159   ])
436     , -29795.8    , array([ 100        ,  100        ,  0.0139083  ,  0.137159   ])
440     , -29795.8    , array([ 100        ,  100        ,  0.0139054  ,  0.137159   ])
452     , -29795.8    , array([ 100        ,  100        ,  0.0139054  ,  0.136733   ])
456     , -29795.8    , array([ 100        ,  100        ,  0.0139054  ,  0.137159   ])
460     , -29795.8    , array([ 100        ,  100        ,  0.0139054  ,  0.137159   ])
464     , -29795.8    , array([ 100        ,  100        ,  0.0139054  ,  0.137159   ])
