80      , -32675      , array([ 1.001      ,  7.68961    ,  0.00303461 ,  0.0118268  ])
84      , -32947.2    , array([ 0.382966   ,  7.68961    ,  0.00303461 ,  0.0118268  ])
88      , -34459.1    , array([ 0.073921   ,  7.68961    ,  0.00303461 ,  0.0118268  ])
92      , -38167.5    , array([ 0.011639   ,  7.68961    ,  0.00303461 ,  0.0118268  ])
96      , -33740.5    , array([ 0.00255221 ,  7.68961    ,  0.00303461 ,  0.0118268  ])
100     , -25055.8    , array([ 0.00122646 ,  7.68961    ,  0.00303461 ,  0.0118268  ])
104     , -23931.7    , array([ 0.00103304 ,  7.68961    ,  0.00303461 ,  0.0118268  ])
108     , -23894.1    , array([ 0.00100482 ,  7.68961    ,  0.00303461 ,  0.0118268  ])
112     , -23892.9    , array([ 0.0010007  ,  7.68961    ,  0.00303461 ,  0.0118268  ])
116     , -23892.8    , array([ 0.0010001  ,  7.68961    ,  0.00303461 ,  0.0118268  ])
120     , -23892.8    , array([ 0.00100001 ,  7.68961    ,  0.00303461 ,  0.0118268  ])
124     , -23892.8    , array([ 0.001      ,  7.68961    ,  0.00303461 ,  0.0118268  ])
128     , -23892.8    , array([ 0.001      ,  7.68961    ,  0.00303461 ,  0.0118268  ])
132     , -23892.8    , array([ 0.001      ,  7.68961    ,  0.00303461 ,  0.0118268  ])
136     , -23892.8    , array([ 0.001      ,  7.68961    ,  0.00303461 ,  0.0118268  ])
140     , -23892.9    , array([ 0.001      ,  7.07158    ,  0.00303461 ,  0.0118268  ])
144     , -23892.8    , array([ 0.001      ,  7.69394    ,  0.00303461 ,  0.0118268  ])
148     , -73427.6    , array([ 0.001      ,  7.6939     ,  1.00303    ,  0.0118268  ])
152     , -73427.6    , array([ 0.001      ,  7.6939     ,  0.385001   ,  0.0118268  ])
156     , -73427.6    , array([ 0.001      ,  7.6939     ,  0.0758306  ,  0.0118268  ])
160     , -73394.2    , array([ 0.001      ,  7.6939     ,  0.0136554  ,  0.0118268  ])
164     , -24022.9    , array([ 0.001      ,  7.6939     ,  0.0032231  ,  0.0118268  ])
168     , -23892.8    , array([ 0.001      ,  7.6939     ,  0.00303804 ,  0.0118268  ])
172     , -23892.8    , array([ 0.001      ,  7.6939     ,  0.003038   ,  0.0118268  ])
180     , -29066.3    , array([ 0.001      ,  7.6939     ,  0.003038   ,  0.0396559  ])
184     , -24001.9    , array([ 0.001      ,  7.6939     ,  0.003038   ,  0.0140396  ])
188     , -23892.8    , array([ 0.001      ,  7.6939     ,  0.003038   ,  0.0118293  ])
