420     , -1312.62    , array([ 1.00051    ,  0.105348   ,  5.01606    ,  2.29574    ,  0.0527898  ])
425     , -3393.9     , array([ 0.382473   ,  0.105348   ,  5.01606    ,  2.29574    ,  0.0527898  ])
430     , -1312.62    , array([ 1.00082    ,  0.105348   ,  5.01606    ,  2.29574    ,  0.0527898  ])
435     , -1312.62    , array([ 1.00036    ,  0.105348   ,  5.01606    ,  2.29574    ,  0.0527898  ])
440     , -23686.3    , array([ 1.00036    ,  0.487314   ,  5.01606    ,  2.29574    ,  0.0527898  ])
445     , -3588.75    , array([ 1.00036    ,  0.0709058  ,  5.01606    ,  2.29574    ,  0.0527898  ])
450     , -1312.56    , array([ 1.00036    ,  0.105131   ,  5.01606    ,  2.29574    ,  0.0527898  ])
455     , -1312.56    , array([ 1.00036    ,  0.105129   ,  5.01606    ,  2.29574    ,  0.0527898  ])
460     , -1312.53    , array([ 1.00036    ,  0.105129   ,  5.04715    ,  2.29574    ,  0.0527898  ])
465     , -1312.53    , array([ 1.00036    ,  0.105129   ,  5.04715    ,  2.29574    ,  0.0527898  ])
470     , -1312.5     , array([ 1.00036    ,  0.105129   ,  5.04715    ,  2.31507    ,  0.0527898  ])
475     , -1312.5     , array([ 1.00036    ,  0.105129   ,  5.04715    ,  2.31507    ,  0.0527898  ])
485     , -1359.86    , array([ 1.00036    ,  0.105129   ,  5.04715    ,  2.31507    ,  0.0574366  ])
490     , -1312.5     , array([ 1.00036    ,  0.105129   ,  5.04715    ,  2.31507    ,  0.0527665  ])
