695     , -1311.03    , array([ 1.00274    ,  0.100416   ,  4.96236    ,  2.54823    ,  0.0504776  ])
700     , -1403.89    , array([ 1.3847     ,  0.100416   ,  4.96236    ,  2.54823    ,  0.0504776  ])
705     , -1311.03    , array([ 1.00288    ,  0.100416   ,  4.96236    ,  2.54823    ,  0.0504776  ])
720     , -1320.87    , array([ 1.00288    ,  0.103114   ,  4.96236    ,  2.54823    ,  0.0504776  ])
725     , -1311.03    , array([ 1.00288    ,  0.100405   ,  4.96236    ,  2.54823    ,  0.0504776  ])
730     , -1324.71    , array([ 1.00288    ,  0.100405   ,  4.34433    ,  2.54823    ,  0.0504776  ])
735     , -1311.02    , array([ 1.00288    ,  0.100405   ,  4.98386    ,  2.54823    ,  0.0504776  ])
740     , -1339.01    , array([ 1.00288    ,  0.100405   ,  4.98407    ,  1.9302     ,  0.0504776  ])
745     , -1311       , array([ 1.00288    ,  0.100405   ,  4.98407    ,  2.5336     ,  0.0504776  ])
750     , -1311       , array([ 1.00288    ,  0.100405   ,  4.98407    ,  2.53345    ,  0.0504776  ])
760     , -1367.48    , array([ 1.00288    ,  0.100405   ,  4.98407    ,  2.53345    ,  0.0553167  ])
765     , -1310.99    , array([ 1.00288    ,  0.100405   ,  4.98407    ,  2.53345    ,  0.0504063  ])
