6       , -1495.37    , array([ 0.380966   ,  0.997203   ,  0.100159   ,  0.0498951  ,  5.02076    ,  2.47337    ])
12      , -1311       , array([ 0.999      ,  0.997203   ,  0.100159   ,  0.0498951  ,  5.02076    ,  2.47337    ])
36      , -1347.75    , array([ 0.999      ,  1.37917    ,  0.100159   ,  0.0498951  ,  5.02076    ,  2.47337    ])
42      , -1311       , array([ 0.999      ,  0.998163   ,  0.100159   ,  0.0498951  ,  5.02076    ,  2.47337    ])
48      , -40347.4    , array([ 0.999      ,  0.998144   ,  1.10016    ,  0.0498951  ,  5.02076    ,  2.47337    ])
60      , -1311.08    , array([ 0.999      ,  0.998144   ,  0.0998393  ,  0.0498951  ,  5.02076    ,  2.47337    ])
66      , -13912.2    , array([ 0.999      ,  0.998144   ,  0.100083   ,  1.0499     ,  5.02076    ,  2.47337    ])
78      , -1370.31    , array([ 0.999      ,  0.998144   ,  0.100083   ,  0.0548535  ,  5.02076    ,  2.47337    ])
84      , -1310.99    , array([ 0.999      ,  0.998144   ,  0.100083   ,  0.0499144  ,  5.02076    ,  2.47337    ])
90      , -1315.61    , array([ 0.999      ,  0.998144   ,  0.100083   ,  0.0499146  ,  5.40273    ,  2.47337    ])
96      , -1310.99    , array([ 0.999      ,  0.998144   ,  0.100083   ,  0.0499146  ,  5.01802    ,  2.47337    ])
102     , -1310.99    , array([ 0.999      ,  0.998144   ,  0.100083   ,  0.0499146  ,  5.01802    ,  2.49499    ])
