1256    , -750.481    , array([ 91.5109    ,  0.279498   ,  1.82109    ,  0.938381   ])
1260    , -752.948    , array([ 91.5109    ,  0.279498   ,  1.82109    ,  0.93932    ])
1264    , -447.666    , array([ 91.5109    ,  0.279777   ,  3.57073    ,  0.938381   ])
1268    , -400.217    , array([ 91.5109    ,  0.279498   ,  4.46923    ,  0.938381   ])
1272    , -400.69     , array([ 91.5109    ,  0.279498   ,  4.46923    ,  0.93932    ])
1276    , -394.135    , array([ 91.5109    ,  0.279777   ,  4.81642    ,  0.938381   ])
1280    , -393.539    , array([ 91.5109    ,  0.279498   ,  4.93804    ,  0.938381   ])
1284    , -393.602    , array([ 91.5109    ,  0.279498   ,  4.93804    ,  0.93932    ])
1288    , -393.448    , array([ 91.5109    ,  0.279777   ,  4.97926    ,  0.938381   ])
1292    , -393.444    , array([ 91.5109    ,  0.279498   ,  4.99308    ,  0.938381   ])
1296    , -393.459    , array([ 91.5109    ,  0.279498   ,  4.99308    ,  0.93932    ])
1300    , -393.446    , array([ 91.5109    ,  0.279777   ,  4.99769    ,  0.938381   ])
1304    , -393.442    , array([ 91.5109    ,  0.279498   ,  4.99951    ,  0.938381   ])
1308    , -393.451    , array([ 91.5109    ,  0.279498   ,  4.99951    ,  0.93932    ])
1312    , -393.447    , array([ 91.5109    ,  0.279777   ,  4.9999     ,  0.938381   ])
1316    , -393.442    , array([ 91.5109    ,  0.279498   ,  4.99998    ,  0.938381   ])
1320    , -393.451    , array([ 91.5109    ,  0.279498   ,  4.99998    ,  0.93932    ])
1324    , -393.447    , array([ 91.5109    ,  0.279777   ,  5          ,  0.938381   ])
1328    , -393.442    , array([ 91.5109    ,  0.279498   ,  5          ,  0.938381   ])
1332    , -393.451    , array([ 91.5109    ,  0.279498   ,  5          ,  0.93932    ])
1336    , -393.447    , array([ 91.5109    ,  0.279777   ,  5          ,  0.938381   ])
1340    , -393.442    , array([ 91.5109    ,  0.279498   ,  5          ,  0.938381   ])
1344    , -393.451    , array([ 91.5109    ,  0.279498   ,  5          ,  0.93932    ])
1348    , -393.447    , array([ 91.5109    ,  0.279777   ,  5          ,  0.938381   ])
1352    , -393.442    , array([ 91.5109    ,  0.279498   ,  5          ,  0.938381   ])
1356    , -393.451    , array([ 91.5109    ,  0.279498   ,  5          ,  0.93932    ])
1360    , -393.447    , array([ 91.5109    ,  0.279777   ,  5          ,  0.938381   ])
1364    , -393.442    , array([ 91.5109    ,  0.279498   ,  5          ,  0.938381   ])
1368    , -393.451    , array([ 91.5109    ,  0.279498   ,  5          ,  0.93932    ])
1372    , -393.447    , array([ 91.5109    ,  0.279777   ,  5          ,  0.938381   ])
1376    , -393.442    , array([ 91.5109    ,  0.279498   ,  5          ,  0.938381   ])
1380    , -393.451    , array([ 91.5109    ,  0.279498   ,  5          ,  0.93932    ])
1384    , -393.447    , array([ 91.5109    ,  0.279777   ,  5          ,  0.938381   ])
1388    , -393.442    , array([ 91.5109    ,  0.279498   ,  5          ,  0.938381   ])
1392    , -393.451    , array([ 91.5109    ,  0.279498   ,  5          ,  0.93932    ])
1396    , -393.447    , array([ 91.5109    ,  0.279777   ,  5          ,  0.938381   ])
1400    , -393.442    , array([ 91.5109    ,  0.279498   ,  5          ,  0.938381   ])
1404    , -393.451    , array([ 91.5109    ,  0.279498   ,  5          ,  0.93932    ])
1408    , -393.447    , array([ 91.5109    ,  0.279777   ,  5          ,  0.938381   ])
1412    , -393.442    , array([ 91.5109    ,  0.279498   ,  5          ,  0.938381   ])
1416    , -393.451    , array([ 91.5109    ,  0.279498   ,  5          ,  0.93932    ])
1420    , -393.447    , array([ 91.5109    ,  0.279777   ,  5          ,  0.938381   ])
1424    , -393.442    , array([ 91.5109    ,  0.279498   ,  5          ,  0.938381   ])
1428    , -393.451    , array([ 91.5109    ,  0.279498   ,  5          ,  0.93932    ])
1432    , -393.447    , array([ 91.5109    ,  0.279777   ,  5          ,  0.938381   ])
1436    , -393.442    , array([ 91.5109    ,  0.279498   ,  5          ,  0.938381   ])
1440    , -393.451    , array([ 91.5109    ,  0.279498   ,  5          ,  0.93932    ])
1444    , -393.447    , array([ 91.5109    ,  0.279777   ,  5          ,  0.938381   ])
1448    , -393.442    , array([ 91.5109    ,  0.279498   ,  5          ,  0.938381   ])
1452    , -393.451    , array([ 91.5109    ,  0.279498   ,  5          ,  0.93932    ])
1456    , -393.447    , array([ 91.5109    ,  0.279777   ,  5          ,  0.938381   ])
1460    , -393.442    , array([ 91.5109    ,  0.279498   ,  5          ,  0.938381   ])
1464    , -393.451    , array([ 91.5109    ,  0.279498   ,  5          ,  0.93932    ])
1468    , -393.447    , array([ 91.5109    ,  0.279777   ,  5          ,  0.938381   ])
1472    , -393.442    , array([ 91.5109    ,  0.279498   ,  5          ,  0.938381   ])
1476    , -393.451    , array([ 91.5109    ,  0.279498   ,  5          ,  0.93932    ])
1480    , -393.447    , array([ 91.5109    ,  0.279777   ,  5          ,  0.938381   ])
1484    , -393.442    , array([ 91.5109    ,  0.279498   ,  5          ,  0.938381   ])
1488    , -393.451    , array([ 91.5109    ,  0.279498   ,  5          ,  0.93932    ])
1492    , -393.447    , array([ 91.5109    ,  0.279777   ,  5          ,  0.938381   ])
1496    , -393.442    , array([ 91.5109    ,  0.279498   ,  5          ,  0.938381   ])
1500    , -393.451    , array([ 91.5109    ,  0.279498   ,  5          ,  0.93932    ])
1504    , -393.447    , array([ 91.5109    ,  0.279777   ,  5          ,  0.938381   ])
1508    , -393.442    , array([ 91.5109    ,  0.279498   ,  5          ,  0.938381   ])
1512    , -393.451    , array([ 91.5109    ,  0.279498   ,  5          ,  0.93932    ])
1516    , -393.447    , array([ 91.5109    ,  0.279777   ,  5          ,  0.938381   ])
1520    , -393.442    , array([ 91.5109    ,  0.279498   ,  5          ,  0.938381   ])
1524    , -393.451    , array([ 91.5109    ,  0.279498   ,  5          ,  0.93932    ])
1528    , -393.447    , array([ 91.5109    ,  0.279777   ,  5          ,  0.938381   ])
1532    , -393.442    , array([ 91.5109    ,  0.279498   ,  5          ,  0.938381   ])
1536    , -393.451    , array([ 91.5109    ,  0.279498   ,  5          ,  0.93932    ])
1540    , -393.447    , array([ 91.5109    ,  0.279777   ,  5          ,  0.938381   ])
1544    , -393.442    , array([ 91.5109    ,  0.279498   ,  5          ,  0.938381   ])
1548    , -393.451    , array([ 91.5109    ,  0.279498   ,  5          ,  0.93932    ])
1552    , -393.447    , array([ 91.5109    ,  0.279777   ,  5          ,  0.938381   ])
1556    , -393.442    , array([ 91.5109    ,  0.279498   ,  5          ,  0.938381   ])
1560    , -393.451    , array([ 91.5109    ,  0.279498   ,  5          ,  0.93932    ])
1564    , -393.447    , array([ 91.5109    ,  0.279777   ,  5          ,  0.938381   ])
1568    , -393.442    , array([ 91.5109    ,  0.279498   ,  5          ,  0.938381   ])
1572    , -393.451    , array([ 91.5109    ,  0.279498   ,  5          ,  0.93932    ])
1576    , -393.447    , array([ 91.5109    ,  0.279777   ,  5          ,  0.938381   ])
1580    , -393.442    , array([ 91.5109    ,  0.279498   ,  5          ,  0.938381   ])
1584    , -393.451    , array([ 91.5109    ,  0.279498   ,  5          ,  0.93932    ])
1588    , -393.447    , array([ 91.5109    ,  0.279777   ,  5          ,  0.938381   ])
1592    , -393.442    , array([ 91.5109    ,  0.279498   ,  5          ,  0.938381   ])
1596    , -393.451    , array([ 91.5109    ,  0.279498   ,  5          ,  0.93932    ])
1600    , -393.447    , array([ 91.5109    ,  0.279777   ,  5          ,  0.938381   ])
1604    , -393.442    , array([ 91.5109    ,  0.279498   ,  5          ,  0.938381   ])
1608    , -393.451    , array([ 91.5109    ,  0.279498   ,  5          ,  0.93932    ])
1612    , -393.447    , array([ 91.5109    ,  0.279777   ,  5          ,  0.938381   ])
1616    , -393.442    , array([ 91.5109    ,  0.279498   ,  5          ,  0.938381   ])
1620    , -393.451    , array([ 91.5109    ,  0.279498   ,  5          ,  0.93932    ])
1624    , -393.447    , array([ 91.5109    ,  0.279777   ,  5          ,  0.938381   ])
1628    , -393.442    , array([ 91.5109    ,  0.279498   ,  5          ,  0.938381   ])
1632    , -393.451    , array([ 91.5109    ,  0.279498   ,  5          ,  0.93932    ])
1636    , -393.447    , array([ 91.5109    ,  0.279777   ,  5          ,  0.938381   ])
1640    , -393.442    , array([ 91.5109    ,  0.279498   ,  5          ,  0.938381   ])
1644    , -393.451    , array([ 91.5109    ,  0.279498   ,  5          ,  0.93932    ])
1648    , -393.447    , array([ 91.5109    ,  0.279777   ,  5          ,  0.938381   ])
1652    , -393.442    , array([ 91.5109    ,  0.279498   ,  5          ,  0.938381   ])
1656    , -393.451    , array([ 91.5109    ,  0.279498   ,  5          ,  0.93932    ])
1660    , -393.447    , array([ 91.5109    ,  0.279777   ,  5          ,  0.938381   ])
1664    , -393.442    , array([ 91.5109    ,  0.279498   ,  5          ,  0.938381   ])
1668    , -393.451    , array([ 91.5109    ,  0.279498   ,  5          ,  0.93932    ])
1672    , -393.447    , array([ 91.5109    ,  0.279777   ,  5          ,  0.938381   ])
1676    , -393.442    , array([ 91.5109    ,  0.279498   ,  5          ,  0.938381   ])
1680    , -393.451    , array([ 91.5109    ,  0.279498   ,  5          ,  0.93932    ])
1684    , -393.447    , array([ 91.5109    ,  0.279777   ,  5          ,  0.938381   ])
1688    , -393.442    , array([ 91.5109    ,  0.279498   ,  5          ,  0.938381   ])
1692    , -393.451    , array([ 91.5109    ,  0.279498   ,  5          ,  0.93932    ])
1696    , -393.447    , array([ 91.5109    ,  0.279777   ,  5          ,  0.938381   ])
1700    , -393.442    , array([ 91.5109    ,  0.279498   ,  5          ,  0.938381   ])
1704    , -393.451    , array([ 91.5109    ,  0.279498   ,  5          ,  0.93932    ])
1708    , -393.447    , array([ 91.5109    ,  0.279777   ,  5          ,  0.938381   ])
1712    , -393.442    , array([ 91.5109    ,  0.279498   ,  5          ,  0.938381   ])
1716    , -393.451    , array([ 91.5109    ,  0.279498   ,  5          ,  0.93932    ])
1720    , -393.447    , array([ 91.5109    ,  0.279777   ,  5          ,  0.938381   ])
1724    , -508.193    , array([ 91.5109    ,  0.279498   ,  3.01753    ,  0.938381   ])
1728    , -393.628    , array([ 91.5109    ,  0.279498   ,  4.91302    ,  0.938381   ])
1732    , -393.443    , array([ 91.5109    ,  0.279498   ,  4.99688    ,  0.938381   ])
