5       , -1310.98    , array([ 1.00185    ,  0.10065    ,  4.97173    ,  2.50001    ,  0.0504297  ])
10      , -1311.07    , array([ 1.01105    ,  0.10065    ,  4.97173    ,  2.50001    ,  0.0504297  ])
15      , -1310.98    , array([ 1.00247    ,  0.10065    ,  4.97173    ,  2.50001    ,  0.0504297  ])
20      , -24479.6    , array([ 1.00247    ,  0.482616   ,  4.97173    ,  2.50001    ,  0.0504297  ])
25      , -3880.93    , array([ 1.00247    ,  0.0662086  ,  4.97173    ,  2.50001    ,  0.0504297  ])
30      , -1310.98    , array([ 1.00247    ,  0.10064    ,  4.97173    ,  2.50001    ,  0.0504297  ])
35      , -1405.66    , array([ 1.00247    ,  0.10064    ,  3.3537     ,  2.50001    ,  0.0504297  ])
40      , -1310.97    , array([ 1.00247    ,  0.10064    ,  4.99148    ,  2.50001    ,  0.0504297  ])
45      , -1535.05    , array([ 1.00247    ,  0.10064    ,  4.99128    ,  0.881972   ,  0.0504297  ])
50      , -1310.97    , array([ 1.00247    ,  0.10064    ,  4.99128    ,  2.49359    ,  0.0504297  ])
55      , -13684.1    , array([ 1.00247    ,  0.10064    ,  4.99128    ,  2.49391    ,  1.05043    ])
60      , -9038.83    , array([ 1.00247    ,  0.10064    ,  4.99128    ,  2.49391    ,  0.24133    ])
65      , -2432.75    , array([ 1.00247    ,  0.10064    ,  4.99128    ,  2.49391    ,  0.0782817  ])
70      , -1310.97    , array([ 1.00247    ,  0.10064    ,  4.99128    ,  2.49391    ,  0.0504029  ])
