516     , -29795.8    , array([ 100        ,  100        ,  0.115197   ,  0.0361862  ])
520     , -29795.8    , array([ 100        ,  100        ,  0.115197   ,  0.0361862  ])
568     , -29795.8    , array([ 100        ,  100        ,  0.115197   ,  0.0361862  ])
572     , -29795.8    , array([ 100        ,  100        ,  0.115197   ,  0.0361862  ])
576     , -29795.9    , array([ 100        ,  99.382     ,  0.115197   ,  0.0361862  ])
580     , -29795.8    , array([ 100        ,  99.882     ,  0.115197   ,  0.0361862  ])
584     , -29795.8    , array([ 100        ,  99.9828    ,  0.115197   ,  0.0361862  ])
588     , -29795.8    , array([ 100        ,  99.9975    ,  0.115197   ,  0.0361862  ])
592     , -29795.8    , array([ 100        ,  99.9996    ,  0.115197   ,  0.0361862  ])
596     , -29795.8    , array([ 100        ,  99.9999    ,  0.115197   ,  0.0361862  ])
600     , -29795.8    , array([ 100        ,  100        ,  0.115197   ,  0.0361862  ])
604     , -29795.8    , array([ 100        ,  100        ,  0.115197   ,  0.0361862  ])
608     , -29795.8    , array([ 100        ,  100        ,  0.115197   ,  0.0361862  ])
612     , -29795.8    , array([ 100        ,  100        ,  0.115197   ,  0.0361862  ])
616     , -29795.8    , array([ 100        ,  100        ,  0.115197   ,  0.0361862  ])
620     , -29795.8    , array([ 100        ,  100        ,  0.115197   ,  0.0361862  ])
628     , -29795.8    , array([ 100        ,  100        ,  0.115197   ,  0.0361862  ])
632     , -39377.6    , array([ 100        ,  100        ,  1.1152     ,  0.0361862  ])
636     , -33290.2    , array([ 100        ,  100        ,  0.497163   ,  0.0361862  ])
640     , -30609.7    , array([ 100        ,  100        ,  0.0264289  ,  0.0361862  ])
644     , -29795.8    , array([ 100        ,  100        ,  0.11488    ,  0.0361862  ])
648     , -39375      , array([ 100        ,  100        ,  0.114877   ,  1.03619    ])
652     , -33286.6    , array([ 100        ,  100        ,  0.114877   ,  0.418152   ])
660     , -29795.8    , array([ 100        ,  100        ,  0.114877   ,  0.0365184  ])
664     , -29795.8    , array([ 100        ,  100        ,  0.114877   ,  0.0361872  ])
