1368    , -164.83     , array([ 0.0669622  ,  9.78092    ,  0.164554   ,  0.0036649  ])
1380    , -418.424    , array([ 0.0538066  ,  9.78092    ,  0.164554   ,  0.0036649  ])
1384    , -164.834    , array([ 0.0670297  ,  9.78092    ,  0.164554   ,  0.0036649  ])
1388    , -164.83     , array([ 0.0669661  ,  9.78092    ,  0.164554   ,  0.0036649  ])
1392    , -164.805    , array([ 0.066966   ,  12.399     ,  0.164554   ,  0.0036649  ])
1396    , -164.766    , array([ 0.066966   ,  25.79      ,  0.164554   ,  0.0036649  ])
1400    , -164.752    , array([ 0.066966   ,  56.1221    ,  0.164554   ,  0.0036649  ])
1404    , -164.748    , array([ 0.066966   ,  90.7824    ,  0.164554   ,  0.0036649  ])
1412    , -3996.43    , array([ 0.066966   ,  99.476     ,  1.16455    ,  0.0036649  ])
1416    , -3946.47    , array([ 0.066966   ,  99.476     ,  0.54652    ,  0.0036649  ])
1420    , -344.458    , array([ 0.066966   ,  99.476     ,  0.192441   ,  0.0036649  ])
1424    , -164.889    , array([ 0.066966   ,  99.476     ,  0.163664   ,  0.0036649  ])
1428    , -164.743    , array([ 0.066966   ,  99.476     ,  0.164415   ,  0.0036649  ])
1444    , -258.101    , array([ 0.066966   ,  99.476     ,  0.164415   ,  0.0018999  ])
1448    , -164.705    , array([ 0.066966   ,  99.476     ,  0.164415   ,  0.00362776 ])
1452    , -2574.7     , array([ 1.06697    ,  99.476     ,  0.164415   ,  0.00362776 ])
1456    , -806.806    , array([ 0.448932   ,  99.476     ,  0.164415   ,  0.00362776 ])
1460    , -606.488    , array([ 0.139913   ,  99.476     ,  0.164415   ,  0.00362776 ])
1464    , -200.45     , array([ 0.074447   ,  99.476     ,  0.164415   ,  0.00362776 ])
1468    , -164.693    , array([ 0.0668553  ,  99.476     ,  0.164415   ,  0.00362776 ])
1476    , -164.693    , array([ 0.0668537  ,  99.858     ,  0.164415   ,  0.00362776 ])
1484    , -164.693    , array([ 0.0668537  ,  99.9908    ,  0.164415   ,  0.00362776 ])
1492    , -3203.44    , array([ 0.0668537  ,  99.9959    ,  0.355367   ,  0.00362776 ])
1496    , -165.653    , array([ 0.0668537  ,  99.9959    ,  0.16258    ,  0.00362776 ])
1500    , -164.691    , array([ 0.0668537  ,  99.9959    ,  0.1645     ,  0.00362776 ])
1504    , -164.691    , array([ 0.0668537  ,  99.9959    ,  0.164501   ,  0.00362776 ])
1512    , -6662.97    , array([ 0.0668537  ,  99.9959    ,  0.164501   ,  0.031432   ])
1516    , -518.526    , array([ 0.0668537  ,  99.9959    ,  0.164501   ,  0.00768434 ])
1520    , -164.676    , array([ 0.0668537  ,  99.9959    ,  0.164501   ,  0.00360382 ])
1524    , -164.676    , array([ 0.0668537  ,  99.9959    ,  0.164501   ,  0.00360419 ])
1536    , -416.325    , array([ 0.0536981  ,  99.9959    ,  0.164501   ,  0.00360419 ])
1540    , -164.677    , array([ 0.0668627  ,  99.9959    ,  0.164501   ,  0.00360419 ])
1544    , -164.672    , array([ 0.066788   ,  99.9959    ,  0.164501   ,  0.00360419 ])
1548    , -164.672    , array([ 0.066788   ,  99.3779    ,  0.164501   ,  0.00360419 ])
1552    , -164.672    , array([ 0.066788   ,  99.8779    ,  0.164501   ,  0.00360419 ])
1556    , -164.672    , array([ 0.066788   ,  99.9787    ,  0.164501   ,  0.00360419 ])
1564    , -164.672    , array([ 0.066788   ,  99.9995    ,  0.164501   ,  0.00360419 ])
1568    , -164.672    , array([ 0.066788   ,  100        ,  0.164501   ,  0.00360419 ])
1572    , -164.672    , array([ 0.066788   ,  100        ,  0.164501   ,  0.00360419 ])
1580    , -164.675    , array([ 0.066788   ,  100        ,  0.164687   ,  0.00360419 ])
1584    , -164.671    , array([ 0.066788   ,  100        ,  0.164569   ,  0.00360419 ])
1600    , -257.184    , array([ 0.066788   ,  100        ,  0.164569   ,  0.00187894 ])
1604    , -164.665    , array([ 0.066788   ,  100        ,  0.164569   ,  0.00358905 ])
