372     , -1148.42    , array([ 0.258156   ,  1.09226    ,  0.0377118  ,  0.0419423  ])
376     , -771.154    , array([ 0.0327442  ,  1.09226    ,  0.0377118  ,  0.0419423  ])
380     , -89.3161    , array([ 0.0674224  ,  1.09226    ,  0.0377118  ,  0.0419423  ])
384     , -89.2831    , array([ 0.0670161  ,  1.09226    ,  0.0377118  ,  0.0419423  ])
388     , -89.2831    , array([ 0.0670178  ,  1.09226    ,  0.0377118  ,  0.0419423  ])
392     , -89.5865    , array([ 0.0670178  ,  1.04538    ,  0.0377118  ,  0.0419423  ])
396     , -89.2821    , array([ 0.0670178  ,  1.08973    ,  0.0377118  ,  0.0419423  ])
404     , -10941      , array([ 0.0670178  ,  1.0897     ,  0.228552   ,  0.0419423  ])
408     , -208.626    , array([ 0.0670178  ,  1.0897     ,  0.0245751  ,  0.0419423  ])
412     , -89.2813    , array([ 0.0670178  ,  1.0897     ,  0.0376713  ,  0.0419423  ])
416     , -4079.78    , array([ 0.0670178  ,  1.0897     ,  0.0376713  ,  1.04194    ])
420     , -3664.42    , array([ 0.0670178  ,  1.0897     ,  0.0376713  ,  0.423908   ])
424     , -973.81     , array([ 0.0670178  ,  1.0897     ,  0.0376713  ,  0.11488    ])
428     , -93.1387    , array([ 0.0670178  ,  1.0897     ,  0.0376713  ,  0.0448931  ])
432     , -89.2801    , array([ 0.0670178  ,  1.0897     ,  0.0376713  ,  0.0418918  ])
