1548    , -93.2179    , array([ 0.129912   ,  1.37578    ,  0.0853478  ,  0.0312437  ])
1552    , -93.2179    , array([ 0.129912   ,  1.37578    ,  0.0853478  ,  0.0312437  ])
1560    , -99.2813    , array([ 0.140084   ,  1.37578    ,  0.0853478  ,  0.0312437  ])
1564    , -93.1778    , array([ 0.129059   ,  1.37578    ,  0.0853478  ,  0.0312437  ])
1572    , -93.8381    , array([ 0.129059   ,  1.49093    ,  0.0853478  ,  0.0312437  ])
1576    , -93.1702    , array([ 0.129059   ,  1.363      ,  0.0853478  ,  0.0312437  ])
1580    , -9306.03    , array([ 0.129059   ,  1.363      ,  1.08535    ,  0.0312437  ])
1584    , -6660.99    , array([ 0.129059   ,  1.363      ,  0.467314   ,  0.0312437  ])
1588    , -93.8625    , array([ 0.129059   ,  1.363      ,  0.0820171  ,  0.0312437  ])
1592    , -93.1455    , array([ 0.129059   ,  1.363      ,  0.084814   ,  0.0312437  ])
1596    , -93.1455    , array([ 0.129059   ,  1.363      ,  0.0848193  ,  0.0312437  ])
1604    , -406.491    , array([ 0.129059   ,  1.363      ,  0.0848193  ,  0.0591021  ])
1608    , -93.2745    , array([ 0.129059   ,  1.363      ,  0.0848193  ,  0.0318778  ])
1612    , -93.1275    , array([ 0.129059   ,  1.363      ,  0.0848193  ,  0.0314047  ])
1616    , -92.929     , array([ 0.126824   ,  1.32954    ,  0.0834356  ,  0.0318318  ])
1620    , -92.8289    , array([ 0.115537   ,  1.16056    ,  0.0764479  ,  0.0339809  ])
1624    , -92.6715    , array([ 0.120172   ,  1.22995    ,  0.0793175  ,  0.0330983  ])
1628    , -92.6714    , array([ 0.12026    ,  1.23127    ,  0.079372   ,  0.0330816  ])
1636    , -384.043    , array([ 0.12026    ,  1.23127    ,  0.079372   ,  0.0609405  ])
1640    , -92.8283    , array([ 0.12026    ,  1.23127    ,  0.079372   ,  0.0335386  ])
1644    , -92.6696    , array([ 0.12026    ,  1.23127    ,  0.079372   ,  0.0330269  ])
1648    , -92.6696    , array([ 0.12026    ,  1.23127    ,  0.079372   ,  0.0330274  ])
1652    , -92.7294    , array([ 0.12026    ,  1.21157    ,  0.079372   ,  0.0330274  ])
1656    , -92.6614    , array([ 0.12026    ,  1.24211    ,  0.079372   ,  0.0330274  ])
1660    , -92.6614    , array([ 0.12026    ,  1.242      ,  0.079372   ,  0.0330274  ])
1668    , -93.231     , array([ 0.12026    ,  1.242      ,  0.0749351  ,  0.0330274  ])
1672    , -92.375     , array([ 0.12026    ,  1.242      ,  0.0777078  ,  0.0330274  ])
1676    , -92.375     , array([ 0.12026    ,  1.242      ,  0.0777242  ,  0.0330274  ])
1680    , -92.2978    , array([ 0.117111   ,  1.19487    ,  0.0757751  ,  0.0336269  ])
1684    , -93.6131    , array([ 0.105164   ,  1.02673    ,  0.0667308  ,  0.0358475  ])
1688    , -92.2978    , array([ 0.117111   ,  1.19487    ,  0.0757751  ,  0.0336269  ])
1696    , -362.814    , array([ 0.117111   ,  1.19487    ,  0.0757751  ,  0.061486   ])
1700    , -92.311     , array([ 0.117111   ,  1.19487    ,  0.0757751  ,  0.0344052  ])
1704    , -92.2163    , array([ 0.117111   ,  1.19487    ,  0.0757751  ,  0.0340003  ])
1708    , -189.736    , array([ 0.117111   ,  0.576833   ,  0.0757751  ,  0.0340003  ])
1712    , -92.1773    , array([ 0.117111   ,  1.22035    ,  0.0757751  ,  0.0340003  ])
1716    , -92.1764    , array([ 0.117111   ,  1.21735    ,  0.0757751  ,  0.0340003  ])
1720    , -92.1764    , array([ 0.117111   ,  1.21713    ,  0.0757751  ,  0.0340003  ])
1728    , -92.044     , array([ 0.117111   ,  1.21713    ,  0.0750381  ,  0.0340003  ])
1732    , -92.0252    , array([ 0.117111   ,  1.21713    ,  0.0746479  ,  0.0340003  ])
1736    , -92.0252    , array([ 0.117111   ,  1.21713    ,  0.0746365  ,  0.0340003  ])
1740    , -91.9428    , array([ 0.113926   ,  1.16944    ,  0.0726644  ,  0.0346068  ])
1744    , -91.9428    , array([ 0.113894   ,  1.16896    ,  0.0726447  ,  0.0346129  ])
1748    , -91.6198    , array([ 0.10728    ,  1.11571    ,  0.0662096  ,  0.0366398  ])
1752    , -91.6199    , array([ 0.107214   ,  1.11518    ,  0.0661452  ,  0.03666    ])
1756    , -91.6198    , array([ 0.10728    ,  1.11571    ,  0.0662096  ,  0.0366398  ])
1764    , -293.006    , array([ 0.10728    ,  1.11571    ,  0.0662096  ,  0.0611252  ])
1768    , -91.6146    , array([ 0.10728    ,  1.11571    ,  0.0662096  ,  0.0365193  ])
1772    , -91.6145    , array([ 0.10728    ,  1.11571    ,  0.0662096  ,  0.0365374  ])
1776    , -239.295    , array([ 0.10728    ,  0.497679   ,  0.0662096  ,  0.0365374  ])
1780    , -91.4179    , array([ 0.10728    ,  1.16257    ,  0.0662096  ,  0.0365374  ])
1784    , -91.4165    , array([ 0.10728    ,  1.15902    ,  0.0662096  ,  0.0365374  ])
1788    , -91.9145    , array([ 0.112718   ,  1.24043    ,  0.0695762  ,  0.035502   ])
1792    , -91.3437    , array([ 0.105466   ,  1.13186    ,  0.0650865  ,  0.0368828  ])
1796    , -91.6704    , array([ 0.0976936  ,  1.06126    ,  0.057934   ,  0.0391303  ])
1800    , -91.3375    , array([ 0.101781   ,  1.09417    ,  0.0619111  ,  0.0378776  ])
1804    , -91.3184    , array([ 0.103187   ,  1.10549    ,  0.0632789  ,  0.0374468  ])
1808    , -4231.99    , array([ 0.103176   ,  1.1054     ,  0.0632679  ,  1.03745    ])
1812    , -3845.27    , array([ 0.103176   ,  1.1054     ,  0.0632679  ,  0.419416   ])
1816    , -1046.4     , array([ 0.103176   ,  1.1054     ,  0.0632679  ,  0.110388   ])
1820    , -96.0895    , array([ 0.103176   ,  1.1054     ,  0.0632679  ,  0.0403193  ])
1824    , -91.2654    , array([ 0.103176   ,  1.1054     ,  0.0632679  ,  0.0371267  ])
1832    , -92.2741    , array([ 0.103176   ,  1.25743    ,  0.0632679  ,  0.0371234  ])
1836    , -91.0937    , array([ 0.103176   ,  1.14452    ,  0.0632679  ,  0.0371234  ])
1840    , -92.8065    , array([ 0.117412   ,  1.35767    ,  0.0720818  ,  0.0344128  ])
1844    , -91.0469    , array([ 0.100954   ,  1.11127    ,  0.0618927  ,  0.0375464  ])
1848    , -91.0469    , array([ 0.101009   ,  1.11208    ,  0.0619264  ,  0.037536   ])
1852    , -91.0469    , array([ 0.10103    ,  1.1124     ,  0.0619397  ,  0.0375319  ])
1856    , -91.0262    , array([ 0.0996404  ,  1.10121    ,  0.0605873  ,  0.0379579  ])
1860    , -91.0262    , array([ 0.0996081  ,  1.10095    ,  0.0605559  ,  0.0379678  ])
1864    , -90.3765    , array([ 0.0902682  ,  1.08931    ,  0.0534559  ,  0.0393227  ])
1868    , -89.9489    , array([ 0.0783427  ,  1.07444    ,  0.0443904  ,  0.0410526  ])
1872    , -4019.37    , array([ 0.0787231  ,  1.07492    ,  0.0446795  ,  1.041      ])
1876    , -3611.68    , array([ 0.0787231  ,  1.07492    ,  0.0446795  ,  0.422963   ])
1880    , -963.232    , array([ 0.0787231  ,  1.07492    ,  0.0446795  ,  0.113936   ])
1884    , -93.8648    , array([ 0.0787231  ,  1.07492    ,  0.0446795  ,  0.0440149  ])
1888    , -89.9482    , array([ 0.0787231  ,  1.07492    ,  0.0446795  ,  0.0409764  ])
1892    , -91.0833    , array([ 0.0894245  ,  1.16108    ,  0.0550918  ,  0.0376966  ])
1896    , -89.7617    , array([ 0.0813268  ,  1.09588    ,  0.0472129  ,  0.0401783  ])
1900    , -89.7605    , array([ 0.0811567  ,  1.09451    ,  0.0470473  ,  0.0402304  ])
1904    , -89.7605    , array([ 0.0811326  ,  1.09432    ,  0.0470239  ,  0.0402378  ])
1908    , -89.7604    , array([ 0.0811044  ,  1.0939     ,  0.0470065  ,  0.0402432  ])
1912    , -89.7604    , array([ 0.0810896  ,  1.09367    ,  0.0469973  ,  0.040246   ])
1916    , -89.7604    , array([ 0.0810804  ,  1.09354    ,  0.0469916  ,  0.0402477  ])
1920    , -90.5103    , array([ 0.0939881  ,  1.10963    ,  0.0568038  ,  0.0383753  ])
1924    , -89.645     , array([ 0.077669   ,  1.08929    ,  0.0443983  ,  0.0407426  ])
1928    , -98.993     , array([ 0.0506318  ,  1.07126    ,  0.0243653  ,  0.044257   ])
1932    , -89.6133    , array([ 0.07512    ,  1.08611    ,  0.0424606  ,  0.0411124  ])
1940    , -259.693    , array([ 0.07512    ,  1.08611    ,  0.0424606  ,  0.0648543  ])
1944    , -89.609     , array([ 0.07512    ,  1.08611    ,  0.0424606  ,  0.0412033  ])
1948    , -89.6089    , array([ 0.07512    ,  1.08611    ,  0.0424606  ,  0.0412113  ])
1952    , -89.7822    , array([ 0.0792076  ,  1.11902    ,  0.0464377  ,  0.0399586  ])
1956    , -89.5379    , array([ 0.0764655  ,  1.09694    ,  0.0437698  ,  0.0407989  ])
1960    , -91.0339    , array([ 0.0676533  ,  0.965102   ,  0.0383094  ,  0.0424783  ])
1964    , -89.6816    , array([ 0.0730912  ,  1.04652    ,  0.041676   ,  0.0414429  ])
1968    , -89.535     , array([ 0.0760082  ,  1.09019    ,  0.0434819  ,  0.0408875  ])
1972    , -91.7371    , array([ 0.109801   ,  1.13231    ,  0.0691704  ,  0.0359855  ])
1976    , -89.4841    , array([ 0.0739082  ,  1.08757    ,  0.0418855  ,  0.0411922  ])
1980    , -89.4735    , array([ 0.0725693  ,  1.0859     ,  0.0408677  ,  0.0413864  ])
1984    , -89.356     , array([ 0.0699491  ,  1.08561    ,  0.039222   ,  0.0416705  ])
1988    , -89.0149    , array([ 0.055571   ,  1.08421    ,  0.0302167  ,  0.0432225  ])
1992    , -89.0062    , array([ 0.053487   ,  1.08401    ,  0.0289115  ,  0.0434475  ])
1996    , -4026.31    , array([ 0.0532067  ,  1.08398    ,  0.0287359  ,  1.04348    ])
2000    , -3590.22    , array([ 0.0532067  ,  1.08398    ,  0.0287359  ,  0.425444   ])
2004    , -939.163    , array([ 0.0532067  ,  1.08398    ,  0.0287359  ,  0.116416   ])
2008    , -92.6192    , array([ 0.0532067  ,  1.08398    ,  0.0287359  ,  0.0468744  ])
2012    , -88.9373    , array([ 0.0532067  ,  1.08398    ,  0.0287359  ,  0.0438702  ])
2016    , -88.9373    , array([ 0.0532067  ,  1.08398    ,  0.0287359  ,  0.0438742  ])
2020    , -89.0104    , array([ 0.0518816  ,  1.08233    ,  0.0277286  ,  0.0440664  ])
2024    , -88.933     , array([ 0.0536367  ,  1.08452    ,  0.0290628  ,  0.0438118  ])
2028    , -88.933     , array([ 0.0536367  ,  1.08452    ,  0.0290628  ,  0.0438118  ])
2032    , -88.9068    , array([ 0.0526533  ,  1.0698     ,  0.028454   ,  0.0439991  ])
2036    , -88.9067    , array([ 0.0525998  ,  1.069      ,  0.0284209  ,  0.0440093  ])
2040    , -89.1792    , array([ 0.0645451  ,  1.07015    ,  0.0359024  ,  0.0427199  ])
2044    , -88.9037    , array([ 0.0487178  ,  1.06862    ,  0.0259895  ,  0.0444283  ])
2048    , -88.8961    , array([ 0.0504127  ,  1.06879    ,  0.0270511  ,  0.0442453  ])
2056    , -2337.59    , array([ 0.0503906  ,  1.06878    ,  0.0270372  ,  0.235203   ])
2060    , -1300.81    , array([ 0.0503906  ,  1.06878    ,  0.0270372  ,  0.00980587 ])
2064    , -88.9282    , array([ 0.0503906  ,  1.06878    ,  0.0270372  ,  0.0447662  ])
2068    , -88.8816    , array([ 0.0503906  ,  1.06878    ,  0.0270372  ,  0.0444317  ])
2072    , -88.8816    , array([ 0.0503906  ,  1.06878    ,  0.0270372  ,  0.0444336  ])
2076    , -88.9324    , array([ 0.0496108  ,  1.06781    ,  0.0264444  ,  0.0445467  ])
2080    , -88.8681    , array([ 0.0510788  ,  1.06964    ,  0.0275604  ,  0.0443338  ])
2084    , -92.1815    , array([ 0.0653155  ,  1.28279    ,  0.0363743  ,  0.0416231  ])
2088    , -88.8593    , array([ 0.0507486  ,  1.0647     ,  0.0273559  ,  0.0443966  ])
2092    , -88.8564    , array([ 0.0504274  ,  1.05989    ,  0.0271571  ,  0.0444578  ])
2096    , -88.8564    , array([ 0.0504209  ,  1.05979    ,  0.027153   ,  0.044459   ])
2100    , -88.8463    , array([ 0.0489289  ,  1.05965    ,  0.0262186  ,  0.0446201  ])
2104    , -88.8453    , array([ 0.0483315  ,  1.05959    ,  0.0258444  ,  0.0446846  ])
2108    , -88.8089    , array([ 0.0462723  ,  1.05039    ,  0.0246516  ,  0.0451214  ])
2112    , -88.78      , array([ 0.0421154  ,  1.03183    ,  0.0222436  ,  0.0460033  ])
2116    , -88.7799    , array([ 0.0422673  ,  1.03251    ,  0.0223316  ,  0.0459711  ])
2120    , -88.7799    , array([ 0.0423274  ,  1.03278    ,  0.0223664  ,  0.0459584  ])
2124    , -88.788     , array([ 0.0416147  ,  1.03271    ,  0.0219201  ,  0.0460353  ])
2128    , -88.7777    , array([ 0.0429743  ,  1.03284    ,  0.0227716  ,  0.0458885  ])
2132    , -96.0946    , array([ 0.0767669  ,  1.07496    ,  0.0484601  ,  0.0409865  ])
2136    , -89.223     , array([ 0.0470163  ,  1.03788    ,  0.0258442  ,  0.0453022  ])
2140    , -88.7637    , array([ 0.0435118  ,  1.03351    ,  0.0231802  ,  0.0458106  ])
2144    , -93.0508    , array([ 0.0347077  ,  0.901771   ,  0.0177288  ,  0.0474866  ])
2148    , -89.2562    , array([ 0.0401456  ,  0.983185   ,  0.0210954  ,  0.0464513  ])
2152    , -88.7636    , array([ 0.0435454  ,  1.03409    ,  0.0232002  ,  0.0458039  ])
2156    , -88.7636    , array([ 0.0435475  ,  1.03412    ,  0.0232016  ,  0.0458035  ])
2160    , -88.9306    , array([ 0.0532628  ,  1.07751    ,  0.0288293  ,  0.0437424  ])
2164    , -88.7603    , array([ 0.0419764  ,  1.02711    ,  0.0222915  ,  0.0461368  ])
2168    , -88.7603    , array([ 0.0419764  ,  1.02711    ,  0.0222915  ,  0.0461368  ])
2172    , -89.183     , array([ 0.0539217  ,  1.02826    ,  0.029773   ,  0.0448475  ])
2176    , -88.7717    , array([ 0.0389175  ,  1.02681    ,  0.0203756  ,  0.046467   ])
2180    , -88.7502    , array([ 0.0406493  ,  1.02698    ,  0.0214603  ,  0.0462801  ])
2184    , -97.3775    , array([ 0.0744286  ,  1.0691     ,  0.0471404  ,  0.0413795  ])
2188    , -89.329     , array([ 0.0446677  ,  1.032      ,  0.0245168  ,  0.0456967  ])
2192    , -88.7406    , array([ 0.0410413  ,  1.02748    ,  0.0217601  ,  0.0462227  ])
2196    , -93.1434    , array([ 0.0552718  ,  1.24062    ,  0.0305693  ,  0.043513   ])
2200    , -88.7477    , array([ 0.0415262  ,  1.03482    ,  0.0220594  ,  0.0461301  ])
2204    , -88.7405    , array([ 0.0410941  ,  1.02836    ,  0.0217919  ,  0.0462124  ])
2208    , -88.7405    , array([ 0.0410959  ,  1.02838    ,  0.021793   ,  0.0462121  ])
2212    , -88.7627    , array([ 0.0448067  ,  1.04495    ,  0.0239425  ,  0.0454248  ])
2216    , -88.7402    , array([ 0.0406611  ,  1.02644    ,  0.0215412  ,  0.0463043  ])
2220    , -88.7402    , array([ 0.0406671  ,  1.02647    ,  0.0215446  ,  0.046303   ])
2224    , -88.6954    , array([ 0.0372393  ,  1.0248     ,  0.0195893  ,  0.0467381  ])
2228    , -88.651     , array([ 0.0314193  ,  1.02197    ,  0.0162694  ,  0.0474768  ])
2232    , -88.6509    , array([ 0.0312906  ,  1.02191    ,  0.016196   ,  0.0474931  ])
2236    , -88.6618    , array([ 0.0350013  ,  1.03848    ,  0.0183455  ,  0.0467059  ])
2240    , -88.6434    , array([ 0.0326148  ,  1.02782    ,  0.016963   ,  0.0472122  ])
2244    , -1239.25    , array([ 0.0117048  ,  1.00168    ,  0.00107222 ,  0.0502472  ])
2248    , -105.758    , array([ 0.0246125  ,  1.01777    ,  0.0108844  ,  0.0483747  ])
2252    , -88.6433    , array([ 0.0325917  ,  1.02771    ,  0.01695    ,  0.0472172  ])
2256    , -88.6423    , array([ 0.0326861  ,  1.02783    ,  0.0170218  ,  0.0472035  ])
2260    , -94.7178    , array([ 0.0469217  ,  1.24097    ,  0.0258348  ,  0.044493   ])
2264    , -88.6539    , array([ 0.0329861  ,  1.03234    ,  0.0172073  ,  0.0471464  ])
2268    , -88.6402    , array([ 0.0325002  ,  1.02506    ,  0.0169065  ,  0.0472389  ])
2272    , -88.6402    , array([ 0.0324983  ,  1.02503    ,  0.0169054  ,  0.0472392  ])
2276    , -88.6348    , array([ 0.0309437  ,  1.02428    ,  0.0160186  ,  0.0474366  ])
2280    , -88.6347    , array([ 0.030729   ,  1.02417    ,  0.0158961  ,  0.0474638  ])
2284    , -88.812     , array([ 0.0404613  ,  1.06757    ,  0.0215336  ,  0.0454005  ])
2288    , -88.6322    , array([ 0.0319178  ,  1.02941    ,  0.0165846  ,  0.0472131  ])
2292    , -88.6316    , array([ 0.031526   ,  1.02766    ,  0.0163576  ,  0.0472962  ])
2296    , -104.447    , array([ 0.0653265  ,  1.06982    ,  0.0420507  ,  0.0423925  ])
2300    , -90.2525    , array([ 0.0358775  ,  1.03311    ,  0.0196641  ,  0.0466644  ])
2304    , -88.6298    , array([ 0.0316552  ,  1.02785    ,  0.0164544  ,  0.0472769  ])
2308    , -88.6298    , array([ 0.0316466  ,  1.02784    ,  0.0164479  ,  0.0472782  ])
2312    , -94.8995    , array([ 0.0458861  ,  1.24099    ,  0.0252639  ,  0.0445671  ])
2316    , -88.6434    , array([ 0.0319888  ,  1.03292    ,  0.0166602  ,  0.0472132  ])
2320    , -88.6281    , array([ 0.0314859  ,  1.02539    ,  0.0163488  ,  0.0473089  ])
2324    , -88.6281    , array([ 0.0314843  ,  1.02537    ,  0.0163478  ,  0.0473092  ])
2328    , -88.6249    , array([ 0.0304276  ,  1.02486    ,  0.015745   ,  0.0474433  ])
2332    , -88.6248    , array([ 0.030188   ,  1.02474    ,  0.0156084  ,  0.0474738  ])
2336    , -88.6174    , array([ 0.0296295  ,  1.0253     ,  0.0153106  ,  0.0474859  ])
2340    , -88.6092    , array([ 0.0281694  ,  1.02675    ,  0.0145323  ,  0.0475177  ])
2344    , -88.6091    , array([ 0.0281216  ,  1.0268     ,  0.0145068  ,  0.0475188  ])
2348    , -88.6091    , array([ 0.028142   ,  1.02678    ,  0.0145177  ,  0.0475183  ])
2352    , -88.6086    , array([ 0.0279412  ,  1.02588    ,  0.0144013  ,  0.0475609  ])
2356    , -88.6086    , array([ 0.0278735  ,  1.02558    ,  0.0143621  ,  0.0475753  ])
2360    , -88.6086    , array([ 0.0278761  ,  1.02559    ,  0.0143636  ,  0.0475747  ])
2364    , -91.1487    , array([ 0.0248291  ,  1.02179    ,  0.0120473  ,  0.0480168  ])
2368    , -88.6187    , array([ 0.0282823  ,  1.0261     ,  0.0146724  ,  0.0475158  ])
2372    , -88.6054    , array([ 0.028008   ,  1.02576    ,  0.0144639  ,  0.0475556  ])
2376    , -90.2396    , array([ 0.0334459  ,  1.10717    ,  0.0178305  ,  0.0465202  ])
2380    , -88.6052    , array([ 0.0279492  ,  1.02488    ,  0.0144275  ,  0.0475668  ])
2384    , -88.6052    , array([ 0.0279515  ,  1.02491    ,  0.0144289  ,  0.0475664  ])
2388    , -88.6107    , array([ 0.029216   ,  1.02365    ,  0.015103   ,  0.0475388  ])
2392    , -88.6052    , array([ 0.0279855  ,  1.02488    ,  0.014447   ,  0.0475656  ])
2396    , -88.6052    , array([ 0.0279835  ,  1.02488    ,  0.014446   ,  0.0475657  ])
