1656    , -750.207    , array([ 0.318034   ,  1.44356    ,  0.0862235  ,  0.0297824  ])
1660    , -1275.61    , array([ 0.0541658  ,  1.44356    ,  0.0862235  ,  0.0297824  ])
1664    , -93.921     , array([ 0.129528   ,  1.44356    ,  0.0862235  ,  0.0297824  ])
1668    , -105.75     , array([ 0.129573   ,  2.44356    ,  0.0862235  ,  0.0297824  ])
1672    , -96.0987    , array([ 0.129573   ,  1.82552    ,  0.0862235  ,  0.0297824  ])
1676    , -93.7879    , array([ 0.129573   ,  1.50664    ,  0.0862235  ,  0.0297824  ])
1684    , -2415.56    , array([ 0.129573   ,  1.50602    ,  0.277155   ,  0.0297824  ])
1688    , -93.7858    , array([ 0.129573   ,  1.50602    ,  0.0861827  ,  0.0297824  ])
1692    , -93.7792    , array([ 0.129573   ,  1.50602    ,  0.0859036  ,  0.0297824  ])
1708    , -93.5519    , array([ 0.129573   ,  1.50602    ,  0.0859036  ,  0.0303423  ])
1712    , -93.5518    , array([ 0.129573   ,  1.50602    ,  0.0859036  ,  0.0303364  ])
1720    , -3880.94    , array([ 0.039403   ,  1.50602    ,  0.0859036  ,  0.0303364  ])
1724    , -98.9952    , array([ 0.140823   ,  1.50602    ,  0.0859036  ,  0.0303364  ])
1728    , -93.5191    , array([ 0.130344   ,  1.50602    ,  0.0859036  ,  0.0303364  ])
1736    , -93.9986    , array([ 0.130344   ,  1.59537    ,  0.0859036  ,  0.0303364  ])
1740    , -93.4547    , array([ 0.130344   ,  1.46232    ,  0.0859036  ,  0.0303364  ])
1744    , -9165.17    , array([ 0.130344   ,  1.46232    ,  1.0859     ,  0.0303364  ])
1748    , -6496.17    , array([ 0.130344   ,  1.46232    ,  0.46787    ,  0.0303364  ])
1752    , -94.0493    , array([ 0.130344   ,  1.46232    ,  0.0833747  ,  0.0303364  ])
1756    , -93.4543    , array([ 0.130344   ,  1.46232    ,  0.0859741  ,  0.0303364  ])
1764    , -3485.83    , array([ 0.130344   ,  1.46232    ,  0.0859741  ,  0.221278   ])
1772    , -102.743    , array([ 0.130344   ,  1.46232    ,  0.0859741  ,  0.0343737  ])
1776    , -93.3979    , array([ 0.130344   ,  1.46232    ,  0.0859741  ,  0.0306204  ])
1780    , -2719.67    , array([ 1.13034    ,  1.46232    ,  0.0859741  ,  0.0306176  ])
1784    , -1475.97    , array([ 0.51231    ,  1.46232    ,  0.0859741  ,  0.0306176  ])
1788    , -269.955    , array([ 0.203288   ,  1.46232    ,  0.0859741  ,  0.0306176  ])
1792    , -93.3974    , array([ 0.130133   ,  1.46232    ,  0.0859741  ,  0.0306176  ])
1796    , -93.397     , array([ 0.130219   ,  1.46232    ,  0.0859741  ,  0.0306176  ])
1800    , -93.397     , array([ 0.130217   ,  1.46232    ,  0.0859741  ,  0.0306176  ])
1804    , -93.4683    , array([ 0.130217   ,  1.37361    ,  0.0859741  ,  0.0306176  ])
1808    , -93.3496    , array([ 0.130217   ,  1.42714    ,  0.0859741  ,  0.0306176  ])
1816    , -2418.52    , array([ 0.130217   ,  1.42679    ,  0.276905   ,  0.0306176  ])
1820    , -93.3622    , array([ 0.130217   ,  1.42679    ,  0.0862454  ,  0.0306176  ])
1824    , -93.3481    , array([ 0.130217   ,  1.42679    ,  0.0858393  ,  0.0306176  ])
1828    , -93.3481    , array([ 0.130217   ,  1.42679    ,  0.0858406  ,  0.0306176  ])
1836    , -419.123    , array([ 0.130217   ,  1.42679    ,  0.0858406  ,  0.0584758  ])
1840    , -93.4583    , array([ 0.130217   ,  1.42679    ,  0.0858406  ,  0.0313109  ])
1844    , -93.3104    , array([ 0.130217   ,  1.42679    ,  0.0858406  ,  0.0308455  ])
1848    , -93.24      , array([ 0.129887   ,  1.33377    ,  0.0854911  ,  0.0314505  ])
1852    , -93.2329    , array([ 0.129934   ,  1.34691    ,  0.0855404  ,  0.0313654  ])
1856    , -2680.64    , array([ 1.12996    ,  1.35503    ,  0.085571   ,  0.0313128  ])
1860    , -1464.65    , array([ 0.511928   ,  1.35503    ,  0.085571   ,  0.0313128  ])
1864    , -272.39     , array([ 0.202907   ,  1.35503    ,  0.085571   ,  0.0313128  ])
1868    , -93.1933    , array([ 0.128982   ,  1.35503    ,  0.085571   ,  0.0313128  ])
1872    , -93.1924    , array([ 0.129116   ,  1.35503    ,  0.085571   ,  0.0313128  ])
1888    , -93.1926    , array([ 0.129116   ,  1.35503    ,  0.085571   ,  0.0312754  ])
1892    , -93.1922    , array([ 0.129116   ,  1.35503    ,  0.085571   ,  0.0312985  ])
1896    , -93.1922    , array([ 0.129116   ,  1.35503    ,  0.085571   ,  0.0312981  ])
1904    , -463.342    , array([ 0.129116   ,  1.35503    ,  0.1585     ,  0.0312981  ])
1908    , -93.1502    , array([ 0.129116   ,  1.35503    ,  0.0848809  ,  0.0312981  ])
1912    , -93.3649    , array([ 0.129528   ,  1.47114    ,  0.0853172  ,  0.0305459  ])
1916    , -93.15      , array([ 0.129108   ,  1.35299    ,  0.0848732  ,  0.0313114  ])
1920    , -93.1516    , array([ 0.129072   ,  1.34268    ,  0.0848344  ,  0.0313782  ])
1924    , -93.15      , array([ 0.129104   ,  1.35178    ,  0.0848687  ,  0.0313192  ])
1928    , -93.15      , array([ 0.129105   ,  1.35195    ,  0.0848693  ,  0.0313181  ])
1936    , -3905.69    , array([ 0.0389347  ,  1.35195    ,  0.0848693  ,  0.0313181  ])
1940    , -93.2822    , array([ 0.130044   ,  1.35195    ,  0.0848693  ,  0.0313181  ])
1944    , -93.1124    , array([ 0.128287   ,  1.35195    ,  0.0848693  ,  0.0313181  ])
1948    , -93.1124    , array([ 0.128279   ,  1.35195    ,  0.0848693  ,  0.0313181  ])
1956    , -407.724    , array([ 0.128279   ,  1.35195    ,  0.0848693  ,  0.0591765  ])
1960    , -93.2655    , array([ 0.128279   ,  1.35195    ,  0.0848693  ,  0.0319075  ])
1964    , -93.1058    , array([ 0.128279   ,  1.35195    ,  0.0848693  ,  0.0314156  ])
1968    , -93.1058    , array([ 0.128279   ,  1.35195    ,  0.0848693  ,  0.0314166  ])
1976    , -93.0583    , array([ 0.128279   ,  1.35195    ,  0.084155   ,  0.0314166  ])
1980    , -93.1534    , array([ 0.128024   ,  1.28019    ,  0.0838729  ,  0.0318815  ])
1984    , -93.0674    , array([ 0.128182   ,  1.32454    ,  0.0840396  ,  0.0315942  ])
1988    , -93.0577    , array([ 0.12826    ,  1.34647    ,  0.084122   ,  0.0314521  ])
1992    , -92.9674    , array([ 0.127415   ,  1.3411     ,  0.083375   ,  0.0315854  ])
1996    , -91.7893    , array([ 0.112431   ,  1.24485    ,  0.0701216  ,  0.0339559  ])
2000    , -91.696     , array([ 0.108055   ,  1.21674    ,  0.0662511  ,  0.0346482  ])
2004    , -2574.56    , array([ 1.10806    ,  1.21674    ,  0.0662511  ,  0.0346482  ])
2008    , -1546.34    , array([ 0.490021   ,  1.21674    ,  0.0662511  ,  0.0346482  ])
2012    , -326.014    , array([ 0.181      ,  1.21674    ,  0.0662511  ,  0.0346482  ])
2016    , -91.4598    , array([ 0.105884   ,  1.21674    ,  0.0662511  ,  0.0346482  ])
2020    , -91.4477    , array([ 0.106277   ,  1.21674    ,  0.0662511  ,  0.0346482  ])
2032    , -241.77     , array([ 0.106277   ,  1.21674    ,  0.0662511  ,  0.0214926  ])
2036    , -91.128     , array([ 0.106277   ,  1.21674    ,  0.0662511  ,  0.0353962  ])
2040    , -91.6602    , array([ 0.10669    ,  1.33284    ,  0.0666875  ,  0.0346439  ])
2044    , -91.1229    , array([ 0.10624    ,  1.20624    ,  0.0662117  ,  0.0354643  ])
2048    , -91.1229    , array([ 0.106238   ,  1.20571    ,  0.0662097  ,  0.0354677  ])
2052    , -92.4583    , array([ 0.118725   ,  1.28593    ,  0.0772546  ,  0.0334921  ])
2056    , -90.7755    , array([ 0.0989028  ,  1.1586     ,  0.0597218  ,  0.0366281  ])
2060    , -90.7755    , array([ 0.0989028  ,  1.1586     ,  0.0597218  ,  0.0366281  ])
2068    , -52193      , array([ 0.00873288 ,  1.1586     ,  0.0597218  ,  0.0366281  ])
2072    , -91.8008    , array([ 0.101467   ,  1.1586     ,  0.0597218  ,  0.0366281  ])
2076    , -90.6953    , array([ 0.0979885  ,  1.1586     ,  0.0597218  ,  0.0366281  ])
2080    , -90.6952    , array([ 0.0979793  ,  1.1586     ,  0.0597218  ,  0.0366281  ])
2088    , -297.538    , array([ 0.0979793  ,  1.1586     ,  0.0597218  ,  0.0616174  ])
2092    , -90.586     , array([ 0.0979793  ,  1.1586     ,  0.0597218  ,  0.0370853  ])
2096    , -91.0052    , array([ 0.0977243  ,  1.08684    ,  0.0594522  ,  0.0375456  ])
2100    , -90.6606    , array([ 0.0978819  ,  1.13119    ,  0.0596188  ,  0.0372583  ])
2104    , -90.5811    , array([ 0.0980123  ,  1.16788    ,  0.0597567  ,  0.0370206  ])
2108    , -94.8389    , array([ 0.130705   ,  1.37797    ,  0.088673   ,  0.0318479  ])
2112    , -90.3672    , array([ 0.0929003  ,  1.13513    ,  0.0552352  ,  0.0378287  ])
2116    , -90.366     , array([ 0.0931745  ,  1.1369     ,  0.0554777  ,  0.0377854  ])
2120    , -89.844     , array([ 0.0783507  ,  1.0812     ,  0.0445198  ,  0.0407877  ])
2124    , -89.8475    , array([ 0.0796917  ,  1.08625    ,  0.0455117  ,  0.0405163  ])
2128    , -2452.33    , array([ 1.07862    ,  1.08222    ,  0.0447211  ,  0.0407327  ])
2132    , -1675.52    , array([ 0.460589   ,  1.08222    ,  0.0447211  ,  0.0407327  ])
2136    , -434.301    , array([ 0.151567   ,  1.08222    ,  0.0447211  ,  0.0407327  ])
2140    , -90.251     , array([ 0.0794715  ,  1.08222    ,  0.0447211  ,  0.0407327  ])
2144    , -89.6242    , array([ 0.077423   ,  1.08222    ,  0.0447211  ,  0.0407327  ])
2152    , -2456.06    , array([ 0.0774108  ,  1.08222    ,  0.0447211  ,  0.231687   ])
2156    , -1453.31    , array([ 0.0774108  ,  1.08222    ,  0.0447211  ,  0.00629081 ])
2160    , -89.6907    , array([ 0.0774108  ,  1.08222    ,  0.0447211  ,  0.0410827  ])
2164    , -89.6237    , array([ 0.0774108  ,  1.08222    ,  0.0447211  ,  0.0407     ])
2168    , -89.6237    , array([ 0.0774108  ,  1.08222    ,  0.0447211  ,  0.0407004  ])
2172    , -89.5897    , array([ 0.0774815  ,  1.10209    ,  0.0447958  ,  0.0405716  ])
2176    , -89.5896    , array([ 0.0774799  ,  1.10165    ,  0.0447941  ,  0.0405745  ])
2180    , -90.0278    , array([ 0.0865029  ,  1.13563    ,  0.0514683  ,  0.0387483  ])
2184    , -89.4011    , array([ 0.0702901  ,  1.07458    ,  0.0394759  ,  0.0420296  ])
2188    , -94.4868    , array([ 0.0471958  ,  1.01134    ,  0.0233119  ,  0.0463143  ])
2192    , -89.4011    , array([ 0.0702091  ,  1.07427    ,  0.039416   ,  0.042046   ])
2200    , -163.766    , array([ 0.093682   ,  1.07427    ,  0.039416   ,  0.042046   ])
2204    , -89.3447    , array([ 0.0696342  ,  1.07427    ,  0.039416   ,  0.042046   ])
2208    , -89.3446    , array([ 0.0696589  ,  1.07427    ,  0.039416   ,  0.042046   ])
2220    , -188.009    , array([ 0.0696589  ,  1.07427    ,  0.039416   ,  0.0288904  ])
2224    , -89.3242    , array([ 0.0696589  ,  1.07427    ,  0.039416   ,  0.0418317  ])
2228    , -90.1496    , array([ 0.0694038  ,  1.00251    ,  0.0391463  ,  0.0422966  ])
2232    , -89.4848    , array([ 0.0695614  ,  1.04686    ,  0.039313   ,  0.0420093  ])
2236    , -89.3052    , array([ 0.0697072  ,  1.08789    ,  0.0394672  ,  0.0417435  ])
2240    , -90.6164    , array([ 0.0933302  ,  1.17699    ,  0.0569408  ,  0.0369615  ])
2244    , -89.2347    , array([ 0.0658198  ,  1.07338    ,  0.0365919  ,  0.0425295  ])
2248    , -89.2338    , array([ 0.066127   ,  1.07454    ,  0.036819   ,  0.0424673  ])
2252    , -88.9996    , array([ 0.0555681  ,  1.07572    ,  0.030115   ,  0.0435442  ])
2256    , -88.9969    , array([ 0.0545207  ,  1.07582    ,  0.0294496  ,  0.0436514  ])
2260    , -2422.42    , array([ 1.05452    ,  1.07582    ,  0.0294496  ,  0.0436514  ])
2264    , -1835.45    , array([ 0.436487   ,  1.07582    ,  0.0294496  ,  0.0436514  ])
2268    , -594.646    , array([ 0.127464   ,  1.07582    ,  0.0294496  ,  0.0436514  ])
2272    , -94.5672    , array([ 0.0585093  ,  1.07582    ,  0.0294496  ,  0.0436514  ])
2276    , -88.9247    , array([ 0.0540395  ,  1.07582    ,  0.0294496  ,  0.0436514  ])
2284    , -2374.26    , array([ 0.0540395  ,  1.07582    ,  0.0294496  ,  0.234606   ])
2288    , -1334.93    , array([ 0.0540395  ,  1.07582    ,  0.0294496  ,  0.00920954 ])
2292    , -88.9679    , array([ 0.0540395  ,  1.07582    ,  0.0294496  ,  0.0441253  ])
2296    , -88.9173    , array([ 0.0540395  ,  1.07582    ,  0.0294496  ,  0.043784   ])
2300    , -88.9173    , array([ 0.0540395  ,  1.07582    ,  0.0294496  ,  0.0437827  ])
2304    , -88.9103    , array([ 0.0540129  ,  1.06835    ,  0.0294215  ,  0.0438311  ])
2308    , -89.1823    , array([ 0.0423707  ,  1.06936    ,  0.0220253  ,  0.0450233  ])
2312    , -88.876     , array([ 0.0495657  ,  1.06865    ,  0.0265961  ,  0.044287   ])
2316    , -88.8751    , array([ 0.0501324  ,  1.06859    ,  0.0269561  ,  0.044229   ])
2320    , -2413.56    , array([ 1.05009    ,  1.0686     ,  0.0269312  ,  0.0442331  ])
2324    , -1864.31    , array([ 0.432059   ,  1.0686     ,  0.0269312  ,  0.0442331  ])
2328    , -633.811    , array([ 0.123037   ,  1.0686     ,  0.0269312  ,  0.0442331  ])
2332    , -96.7912    , array([ 0.0548142  ,  1.0686     ,  0.0269312  ,  0.0442331  ])
2336    , -88.8558    , array([ 0.0498642  ,  1.0686     ,  0.0269312  ,  0.0442331  ])
2344    , -2348.26    , array([ 0.0498642  ,  1.0686     ,  0.0269312  ,  0.235188   ])
2348    , -1308.98    , array([ 0.0498642  ,  1.0686     ,  0.0269312  ,  0.0097912  ])
2352    , -88.8934    , array([ 0.0498642  ,  1.0686     ,  0.0269312  ,  0.0447253  ])
2356    , -88.8455    , array([ 0.0498642  ,  1.0686     ,  0.0269312  ,  0.0443909  ])
2360    , -88.8455    , array([ 0.0498642  ,  1.0686     ,  0.0269312  ,  0.0443893  ])
2364    , -88.8374    , array([ 0.0498365  ,  1.0608     ,  0.0269019  ,  0.0444398  ])
2368    , -89.514     , array([ 0.0381942  ,  1.06181    ,  0.0195057  ,  0.045632   ])
2372    , -88.8442    , array([ 0.0453892  ,  1.0611     ,  0.0240764  ,  0.0448958  ])
2376    , -88.8225    , array([ 0.0476398  ,  1.06087    ,  0.0255062  ,  0.0446655  ])
2380    , -88.8225    , array([ 0.0476398  ,  1.06087    ,  0.0255062  ,  0.0446655  ])
2384    , -88.7311    , array([ 0.0412169  ,  1.04066    ,  0.0217755  ,  0.0457976  ])
2388    , -88.7186    , array([ 0.0384074  ,  1.03181    ,  0.0201437  ,  0.0462927  ])
2392    , -89.4546    , array([ 0.0573355  ,  1.03024    ,  0.0321632  ,  0.0443491  ])
2396    , -88.7178    , array([ 0.0409076  ,  1.03186    ,  0.021727   ,  0.0460301  ])
2400    , -88.7078    , array([ 0.0392138  ,  1.03203    ,  0.020651   ,  0.0462035  ])
2404    , -3796.88    , array([ 0.0396673  ,  1.03199    ,  0.0209391  ,  1.04616    ])
2408    , -3384.03    , array([ 0.0396673  ,  1.03199    ,  0.0209391  ,  0.428123   ])
2412    , -889.722    , array([ 0.0396673  ,  1.03199    ,  0.0209391  ,  0.119096   ])
2416    , -91.705     , array([ 0.0396673  ,  1.03199    ,  0.0209391  ,  0.0489801  ])
2420    , -88.7059    , array([ 0.0396673  ,  1.03199    ,  0.0209391  ,  0.0461735  ])
2424    , -90.2841    , array([ 0.04008    ,  1.14809    ,  0.0213754  ,  0.0454212  ])
2428    , -88.7002    , array([ 0.0396929  ,  1.03918    ,  0.0209661  ,  0.0461269  ])
2432    , -88.7       , array([ 0.0396893  ,  1.03818    ,  0.0209624  ,  0.0461333  ])
2436    , -88.7       , array([ 0.0396891  ,  1.03812    ,  0.0209622  ,  0.0461337  ])
2440    , -88.6832    , array([ 0.036665   ,  1.0286     ,  0.0192056  ,  0.0466668  ])
2444    , -89.2546    , array([ 0.0252437  ,  0.994925   ,  0.0126458  ,  0.0487467  ])
2448    , -88.6831    , array([ 0.0364418  ,  1.0279     ,  0.019076   ,  0.0467061  ])
2452    , -88.6825    , array([ 0.0365021  ,  1.02789    ,  0.0191143  ,  0.0466999  ])
2456    , -88.681     , array([ 0.036855   ,  1.02786    ,  0.0193385  ,  0.0466638  ])
2460    , -3775.54    , array([ 0.0368591  ,  1.02786    ,  0.0193411  ,  1.04666    ])
2464    , -3363.01    , array([ 0.0368591  ,  1.02786    ,  0.0193411  ,  0.428629   ])
2468    , -884.781    , array([ 0.0368591  ,  1.02786    ,  0.0193411  ,  0.119602   ])
2472    , -91.5549    , array([ 0.0368591  ,  1.02786    ,  0.0193411  ,  0.0493351  ])
2476    , -88.6778    , array([ 0.0368591  ,  1.02786    ,  0.0193411  ,  0.0465742  ])
2480    , -90.3391    , array([ 0.0372718  ,  1.14396    ,  0.0197774  ,  0.0458211  ])
2484    , -88.6719    , array([ 0.0368844  ,  1.03498    ,  0.0193679  ,  0.0465272  ])
2488    , -88.6717    , array([ 0.0368809  ,  1.034      ,  0.0193642  ,  0.0465336  ])
2492    , -88.6717    , array([ 0.0368807  ,  1.03394    ,  0.019364   ,  0.046534   ])
2496    , -88.665     , array([ 0.0352325  ,  1.02875    ,  0.0184066  ,  0.0468245  ])
2500    , -88.665     , array([ 0.0350626  ,  1.02821    ,  0.0183079  ,  0.0468544  ])
2504    , -88.6336    , array([ 0.0315169  ,  1.02924    ,  0.0163349  ,  0.0472313  ])
2508    , -88.6408    , array([ 0.0263225  ,  1.03066    ,  0.0134438  ,  0.0477852  ])
2512    , -88.6262    , array([ 0.028989   ,  1.02993    ,  0.0149279  ,  0.0475008  ])
2516    , -88.6262    , array([ 0.0290493  ,  1.02992    ,  0.0149615  ,  0.0474944  ])
2520    , -88.6205    , array([ 0.0292598  ,  1.02989    ,  0.0150952  ,  0.0474729  ])
2524    , -88.6168    , array([ 0.0296351  ,  1.02986    ,  0.0153337  ,  0.0474344  ])
2528    , -88.6168    , array([ 0.0296293  ,  1.02986    ,  0.01533    ,  0.047435   ])
2536    , -227.616    , array([ 0.0296293  ,  1.02986    ,  0.01533    ,  0.0699779  ])
2540    , -88.6158    , array([ 0.0296293  ,  1.02986    ,  0.01533    ,  0.0473751  ])
2544    , -88.6158    , array([ 0.0296293  ,  1.02986    ,  0.01533    ,  0.0473845  ])
2548    , -88.9909    , array([ 0.029787   ,  1.07421    ,  0.0154966  ,  0.0470971  ])
2552    , -88.6147    , array([ 0.0296208  ,  1.02745    ,  0.0153209  ,  0.0474001  ])
2556    , -88.658     , array([ 0.0235895  ,  1.0291     ,  0.0119641  ,  0.0480432  ])
2560    , -88.6119    , array([ 0.0273171  ,  1.02808    ,  0.0140387  ,  0.0476457  ])
2564    , -88.6113    , array([ 0.0279539  ,  1.02791    ,  0.0143932  ,  0.0475778  ])
2568    , -109.409    , array([ 0.0162953  ,  1.02906    ,  0.00698814 ,  0.0487709  ])
2572    , -89.8223    , array([ 0.0234903  ,  1.02835    ,  0.0115589  ,  0.0480346  ])
2576    , -88.6074    , array([ 0.0282812  ,  1.02788    ,  0.0146024  ,  0.0475444  ])
2580    , -88.6074    , array([ 0.0282897  ,  1.02788    ,  0.0146078  ,  0.0475435  ])
2592    , -176.798    , array([ 0.0282897  ,  1.02788    ,  0.0146078  ,  0.0343879  ])
2596    , -88.6072    , array([ 0.0282897  ,  1.02788    ,  0.0146078  ,  0.0475635  ])
2600    , -88.6072    , array([ 0.0282897  ,  1.02788    ,  0.0146078  ,  0.0475639  ])
2604    , -88.6072    , array([ 0.0282897  ,  1.02788    ,  0.0146078  ,  0.0475637  ])
2608    , -88.6054    , array([ 0.0282791  ,  1.0249     ,  0.0145966  ,  0.047583   ])
2612    , -88.6054    , array([ 0.0282788  ,  1.02483    ,  0.0145964  ,  0.0475834  ])
2616    , -88.6276    , array([ 0.0320064  ,  1.02382    ,  0.016671   ,  0.0471859  ])
2620    , -88.6033    , array([ 0.0270341  ,  1.02517    ,  0.0139036  ,  0.0477161  ])
