152     , -29795.8    , array([ 98.382     ,  100        ,  0.0354703  ,  0.115634   ])
156     , -29795.8    , array([ 99.691     ,  100        ,  0.0354703  ,  0.115634   ])
160     , -29795.8    , array([ 99.9549    ,  100        ,  0.0354703  ,  0.115634   ])
164     , -29795.8    , array([ 99.9934    ,  100        ,  0.0354703  ,  0.115634   ])
168     , -29795.8    , array([ 99.999     ,  100        ,  0.0354703  ,  0.115634   ])
172     , -29795.8    , array([ 99.9999    ,  100        ,  0.0354703  ,  0.115634   ])
176     , -29795.8    , array([ 100        ,  100        ,  0.0354703  ,  0.115634   ])
180     , -29795.8    , array([ 100        ,  100        ,  0.0354703  ,  0.115634   ])
184     , -29795.8    , array([ 100        ,  100        ,  0.0354703  ,  0.115634   ])
188     , -29795.8    , array([ 100        ,  100        ,  0.0354703  ,  0.115634   ])
192     , -29795.8    , array([ 100        ,  100        ,  0.0354703  ,  0.115634   ])
204     , -29795.8    , array([ 100        ,  100        ,  0.0354703  ,  0.115634   ])
264     , -29795.8    , array([ 100        ,  100        ,  0.0354703  ,  0.115634   ])
276     , -29797.5    , array([ 100        ,  100        ,  0.0404357  ,  0.115634   ])
280     , -29795.8    , array([ 100        ,  100        ,  0.035431   ,  0.115634   ])
288     , -31145.3    , array([ 100        ,  100        ,  0.0354306  ,  0.306588   ])
292     , -29867.8    , array([ 100        ,  100        ,  0.0354306  ,  0.150252   ])
296     , -29795.8    , array([ 100        ,  100        ,  0.0354306  ,  0.115634   ])
300     , -29795.8    , array([ 100        ,  100        ,  0.0354306  ,  0.115634   ])
