804     , -91.4782    , array([ 0.111456   ,  1.27316    ,  0.0696149  ,  0.0342503  ])
812     , -14488.7    , array([ 0.021286   ,  1.27316    ,  0.0696149  ,  0.0342503  ])
816     , -91.9427    , array([ 0.113626   ,  1.27316    ,  0.0696149  ,  0.0342503  ])
820     , -91.4672    , array([ 0.111065   ,  1.27316    ,  0.0696149  ,  0.0342503  ])
824     , -91.4672    , array([ 0.111069   ,  1.27316    ,  0.0696149  ,  0.0342503  ])
828     , -91.5644    , array([ 0.111069   ,  1.23457    ,  0.0696149  ,  0.0342503  ])
832     , -91.467     , array([ 0.111069   ,  1.27143    ,  0.0696149  ,  0.0342503  ])
836     , -91.467     , array([ 0.111069   ,  1.27147    ,  0.0696149  ,  0.0342503  ])
848     , -91.4623    , array([ 0.111069   ,  1.27147    ,  0.0694454  ,  0.0342503  ])
852     , -91.4623    , array([ 0.111069   ,  1.27147    ,  0.0694305  ,  0.0342503  ])
864     , -1451.98    , array([ 0.111069   ,  1.27147    ,  0.0694305  ,  0.00333541 ])
868     , -91.4358    , array([ 0.111069   ,  1.27147    ,  0.0694305  ,  0.0344551  ])
872     , -91.4359    , array([ 0.110682   ,  1.26977    ,  0.0692461  ,  0.0346739  ])
876     , -91.4357    , array([ 0.111069   ,  1.27147    ,  0.0694305  ,  0.0344621  ])
880     , -91.4305    , array([ 0.110875   ,  1.27062    ,  0.0693382  ,  0.0345681  ])
888     , -855.557    , array([ 0.301849   ,  1.27063    ,  0.0693391  ,  0.034567   ])
892     , -234.567    , array([ 0.0764354  ,  1.27063    ,  0.0693391  ,  0.034567   ])
896     , -91.4305    , array([ 0.110898   ,  1.27063    ,  0.0693391  ,  0.034567   ])
900     , -91.4305    , array([ 0.110895   ,  1.27063    ,  0.0693391  ,  0.034567   ])
908     , -92.5364    , array([ 0.110895   ,  1.38885    ,  0.0693391  ,  0.034567   ])
912     , -91.4094    , array([ 0.110895   ,  1.25335    ,  0.0693391  ,  0.034567   ])
916     , -11171.4    , array([ 0.110895   ,  1.25335    ,  1.06934    ,  0.034567   ])
920     , -8867.87    , array([ 0.110895   ,  1.25335    ,  0.451305   ,  0.034567   ])
924     , -636.578    , array([ 0.110895   ,  1.25335    ,  0.142261   ,  0.034567   ])
928     , -91.4066    , array([ 0.110895   ,  1.25335    ,  0.0691954  ,  0.034567   ])
932     , -91.3885    , array([ 0.110703   ,  1.25251    ,  0.0691055  ,  0.034672   ])
936     , -91.3815    , array([ 0.110554   ,  1.25185    ,  0.0690341  ,  0.034754   ])
940     , -91.3506    , array([ 0.109853   ,  1.23143    ,  0.0685496  ,  0.0351472  ])
944     , -91.3506    , array([ 0.109853   ,  1.23143    ,  0.0685496  ,  0.0351472  ])
948     , -91.3445    , array([ 0.109436   ,  1.21768    ,  0.0682472  ,  0.0353824  ])
956     , -859.9      , array([ 0.300397   ,  1.21734    ,  0.0682397  ,  0.0353882  ])
960     , -239.387    , array([ 0.0749836  ,  1.21734    ,  0.0682397  ,  0.0353882  ])
964     , -91.3436    , array([ 0.109316   ,  1.21734    ,  0.0682397  ,  0.0353882  ])
968     , -123.148    , array([ 0.109316   ,  2.21734    ,  0.0682397  ,  0.0353882  ])
972     , -99.7063    , array([ 0.109316   ,  1.59931    ,  0.0682397  ,  0.0353882  ])
976     , -91.331     , array([ 0.109316   ,  1.20553    ,  0.0682397  ,  0.0353882  ])
980     , -91.3309    , array([ 0.109316   ,  1.20503    ,  0.0682397  ,  0.0353882  ])
992     , -91.3138    , array([ 0.109316   ,  1.20503    ,  0.0679168  ,  0.0353882  ])
996     , -91.3137    , array([ 0.109316   ,  1.20503    ,  0.0678956  ,  0.0353882  ])
1000    , -91.3332    , array([ 0.109956   ,  1.22611    ,  0.0683593  ,  0.0350275  ])
1004    , -91.3135    , array([ 0.109241   ,  1.20255    ,  0.0678411  ,  0.0354306  ])
1008    , -91.3135    , array([ 0.109231   ,  1.20224    ,  0.0678342  ,  0.0354359  ])
1016    , -18113.1    , array([ 0.0190614  ,  1.20224    ,  0.0678342  ,  0.0354359  ])
1020    , -91.8644    , array([ 0.111377   ,  1.20224    ,  0.0678342  ,  0.0354359  ])
1024    , -91.2836    , array([ 0.10862    ,  1.20224    ,  0.0678342  ,  0.0354359  ])
1028    , -91.2836    , array([ 0.108614   ,  1.20224    ,  0.0678342  ,  0.0354359  ])
1032    , -91.4163    , array([ 0.108614   ,  1.16451    ,  0.0678342  ,  0.0354359  ])
1036    , -91.2836    , array([ 0.108614   ,  1.2028     ,  0.0678342  ,  0.0354359  ])
1040    , -91.2836    , array([ 0.108614   ,  1.20283    ,  0.0678342  ,  0.0354359  ])
1052    , -91.2559    , array([ 0.108614   ,  1.20283    ,  0.067423   ,  0.0354359  ])
1056    , -91.2559    , array([ 0.108614   ,  1.20283    ,  0.0674003  ,  0.0354359  ])
1060    , -91.2812    , array([ 0.109254   ,  1.22391    ,  0.067864   ,  0.0350753  ])
1064    , -91.2544    , array([ 0.108413   ,  1.19621    ,  0.0672546  ,  0.0355492  ])
1068    , -91.1165    , array([ 0.106278   ,  1.18067    ,  0.0657423  ,  0.0358417  ])
1072    , -91.2131    , array([ 0.0887286  ,  1.05247    ,  0.0533129  ,  0.038253   ])
1076    , -90.8443    , array([ 0.0974503  ,  1.11618    ,  0.0594901  ,  0.0370547  ])
1080    , -90.8442    , array([ 0.0975589  ,  1.11697    ,  0.059567   ,  0.0370397  ])
1084    , -90.8291    , array([ 0.0980822  ,  1.13421    ,  0.0599461  ,  0.0367449  ])
1092    , -91.571     , array([ 0.0980822  ,  1.28724    ,  0.0599461  ,  0.0367449  ])
1096    , -90.6116    , array([ 0.0980822  ,  1.1806     ,  0.0599461  ,  0.0367449  ])
1104    , -4837.37    , array([ 0.0980822  ,  1.18014    ,  0.250842   ,  0.0367449  ])
1108    , -94.5593    , array([ 0.0980822  ,  1.18014    ,  0.0550152  ,  0.0367449  ])
1112    , -90.5572    , array([ 0.0980822  ,  1.18014    ,  0.0594196  ,  0.0367449  ])
1116    , -93.7634    , array([ 0.0696603  ,  0.972525   ,  0.0392894  ,  0.0406501  ])
1120    , -90.4079    , array([ 0.0910529  ,  1.1288     ,  0.0544411  ,  0.0377107  ])
1124    , -90.9535    , array([ 0.0747812  ,  1.06928    ,  0.0423983  ,  0.0397235  ])
1128    , -90.4068    , array([ 0.0915981  ,  1.13278    ,  0.0548272  ,  0.0376358  ])
1132    , -90.4026    , array([ 0.0913262  ,  1.12382    ,  0.0546302  ,  0.037789   ])
1140    , -91.2671    , array([ 0.0913234  ,  1.27584    ,  0.0546282  ,  0.0377906  ])
1144    , -90.199     , array([ 0.0913234  ,  1.16707    ,  0.0546282  ,  0.0377906  ])
1152    , -5696.8     , array([ 0.0913234  ,  1.16664    ,  0.245514   ,  0.0377906  ])
1156    , -97.1442    , array([ 0.0913234  ,  1.16664    ,  0.0491127  ,  0.0377906  ])
1160    , -90.1776    , array([ 0.0913234  ,  1.16664    ,  0.0543285  ,  0.0377906  ])
1164    , -91.5534    , array([ 0.108889   ,  1.29496    ,  0.0667696  ,  0.035377   ])
1168    , -90.0777    , array([ 0.0852172  ,  1.12204    ,  0.0500037  ,  0.0386296  ])
1172    , -89.8287    , array([ 0.0809504  ,  1.12674    ,  0.0466775  ,  0.0393329  ])
1176    , -89.8287    , array([ 0.0809504  ,  1.12674    ,  0.0466775  ,  0.0393329  ])
1180    , -89.7457    , array([ 0.0765937  ,  1.12427    ,  0.0433429  ,  0.0400273  ])
1184    , -89.9273    , array([ 0.0781716  ,  1.17939    ,  0.0444821  ,  0.0390987  ])
1188    , -89.7456    , array([ 0.0764669  ,  1.12326    ,  0.043247   ,  0.0400592  ])
1192    , -89.7456    , array([ 0.0764603  ,  1.12304    ,  0.0432422  ,  0.040063   ])
1196    , -89.7456    , array([ 0.0764609  ,  1.12306    ,  0.0432427  ,  0.0400626  ])
1200    , -89.7147    , array([ 0.078695   ,  1.13938    ,  0.044825   ,  0.0397556  ])
1204    , -89.7146    , array([ 0.078547   ,  1.1383     ,  0.0447201  ,  0.039776   ])
1216    , -89.6215    , array([ 0.078547   ,  1.1383     ,  0.0453545  ,  0.039776   ])
1220    , -89.6169    , array([ 0.078547   ,  1.1383     ,  0.0452419  ,  0.039776   ])
1224    , -89.9084    , array([ 0.0845903  ,  1.14172    ,  0.0498675  ,  0.0388127  ])
1228    , -89.501     , array([ 0.0734672  ,  1.13541    ,  0.0413539  ,  0.0405856  ])
1232    , -90.5085    , array([ 0.0603943  ,  1.14092    ,  0.031752   ,  0.0427293  ])
1236    , -89.4991    , array([ 0.0722987  ,  1.10123    ,  0.0405018  ,  0.0411904  ])
1240    , -89.482     , array([ 0.0727932  ,  1.11752    ,  0.0408601  ,  0.0409117  ])
1244    , -91.1394    , array([ 0.061937   ,  1.03822    ,  0.033171   ,  0.0424034  ])
1248    , -89.6888    , array([ 0.0686465  ,  1.08723    ,  0.0379231  ,  0.0414815  ])
1252    , -89.4809    , array([ 0.0731445  ,  1.12009    ,  0.041109   ,  0.0408634  ])
1256    , -17032.1    , array([ 0.0731445  ,  1.12009    ,  1.04111    ,  0.0408634  ])
1260    , -16162.9    , array([ 0.0731445  ,  1.12009    ,  0.423075   ,  0.0408634  ])
1264    , -1611.94    , array([ 0.0731445  ,  1.12009    ,  0.114008   ,  0.0408634  ])
1268    , -89.4033    , array([ 0.0731445  ,  1.12009    ,  0.0415377  ,  0.0408634  ])
1272    , -89.8216    , array([ 0.0633662  ,  1.11454    ,  0.0340485  ,  0.042422   ])
1276    , -89.3576    , array([ 0.0694096  ,  1.11797    ,  0.0386741  ,  0.0414587  ])
1280    , -89.3535    , array([ 0.0701692  ,  1.1184     ,  0.0392555  ,  0.0413377  ])
1284    , -89.3535    , array([ 0.0701692  ,  1.1184     ,  0.0392555  ,  0.0413377  ])
1288    , -89.1799    , array([ 0.0573198  ,  1.04962    ,  0.0311496  ,  0.0443048  ])
1292    , -89.1596    , array([ 0.0602464  ,  1.06529    ,  0.0329958  ,  0.043629   ])
1296    , -89.2386    , array([ 0.061922   ,  1.12047    ,  0.0342098  ,  0.0426848  ])
1300    , -89.1344    , array([ 0.060786   ,  1.08306    ,  0.0333868  ,  0.0433249  ])
1304    , -89.1344    , array([ 0.0607732  ,  1.08264    ,  0.0333774  ,  0.0433321  ])
1308    , -89.9352    , array([ 0.0674827  ,  1.13165    ,  0.0381295  ,  0.0424102  ])
1312    , -89.1132    , array([ 0.0596578  ,  1.07449    ,  0.0325875  ,  0.0434854  ])
1316    , -92.2233    , array([ 0.049891   ,  1.06903    ,  0.0251113  ,  0.0450423  ])
1320    , -89.4962    , array([ 0.0559343  ,  1.07245    ,  0.0297369  ,  0.0440791  ])
1324    , -89.0998    , array([ 0.0606466  ,  1.07513    ,  0.0333436  ,  0.043328   ])
1328    , -89.2559    , array([ 0.0507237  ,  1.02201    ,  0.0270839  ,  0.0456194  ])
1332    , -89.0907    , array([ 0.0568564  ,  1.05484    ,  0.0309526  ,  0.0442032  ])
1336    , -89.0868    , array([ 0.0581674  ,  1.06186    ,  0.0317796  ,  0.0439005  ])
1340    , -89.2096    , array([ 0.059818   ,  1.1169     ,  0.0329779  ,  0.0429621  ])
1344    , -89.0714    , array([ 0.0585499  ,  1.07514    ,  0.0320591  ,  0.0436766  ])
1348    , -92.0766    , array([ 0.0476897  ,  0.995708   ,  0.0243671  ,  0.0451706  ])
1352    , -89.273     , array([ 0.0543992  ,  1.04472    ,  0.0291192  ,  0.0442487  ])
1356    , -89.0505    , array([ 0.057505   ,  1.06741    ,  0.031319   ,  0.043822   ])
1360    , -90.4629    , array([ 0.0733266  ,  1.07638    ,  0.0434288  ,  0.0413002  ])
1364    , -89.0497    , array([ 0.0589894  ,  1.06825    ,  0.0324551  ,  0.0435854  ])
1368    , -89.0428    , array([ 0.0579599  ,  1.06766    ,  0.0316671  ,  0.0437495  ])
1372    , -89.2793    , array([ 0.0483255  ,  1.01472    ,  0.0256282  ,  0.0459948  ])
1376    , -89.0464    , array([ 0.0544582  ,  1.04754    ,  0.0294969  ,  0.0445787  ])
1380    , -89.035     , array([ 0.056558   ,  1.05878    ,  0.0308216  ,  0.0440938  ])
1384    , -88.9878    , array([ 0.0549394  ,  1.05566    ,  0.0298578  ,  0.0442892  ])
1388    , -88.8586    , array([ 0.0387361  ,  1.02497    ,  0.0202151  ,  0.0462262  ])
1392    , -88.7945    , array([ 0.0432076  ,  1.03344    ,  0.0228761  ,  0.0456916  ])
1396    , -89.1739    , array([ 0.0421719  ,  0.999333   ,  0.0221258  ,  0.0462752  ])
1400    , -88.7905    , array([ 0.0442432  ,  1.06754    ,  0.0236264  ,  0.0451081  ])
1404    , -88.7507    , array([ 0.0437308  ,  1.05067    ,  0.0232552  ,  0.0453968  ])
1408    , -88.7507    , array([ 0.0437256  ,  1.0505     ,  0.0232514  ,  0.0453997  ])
1412    , -88.7491    , array([ 0.0433753  ,  1.04862    ,  0.0230305  ,  0.0454806  ])
1416    , -88.749     , array([ 0.0432407  ,  1.0479     ,  0.0229455  ,  0.0455117  ])
1420    , -88.749     , array([ 0.0432455  ,  1.04793    ,  0.0229486  ,  0.0455106  ])
1424    , -88.7448    , array([ 0.0434397  ,  1.04804    ,  0.0230972  ,  0.0454796  ])
1428    , -88.7441    , array([ 0.0435607  ,  1.04811    ,  0.0231898  ,  0.0454604  ])
1432    , -88.7441    , array([ 0.0435639  ,  1.04811    ,  0.0231923  ,  0.0454599  ])
1436    , -88.7226    , array([ 0.0405801  ,  1.04246    ,  0.0214166  ,  0.0458165  ])
1440    , -91.1028    , array([ 0.02414    ,  1.02532    ,  0.0117372  ,  0.0475926  ])
1444    , -88.7224    , array([ 0.0403404  ,  1.042      ,  0.021274   ,  0.0458452  ])
1448    , -88.7176    , array([ 0.0405088  ,  1.04755    ,  0.021396   ,  0.0457503  ])
1452    , -90.796     , array([ 0.0305832  ,  0.994344   ,  0.0151342  ,  0.0480432  ])
1456    , -88.881     , array([ 0.0367158  ,  1.02717    ,  0.0190029  ,  0.0466271  ])
1460    , -88.7169    , array([ 0.0402518  ,  1.04609    ,  0.0212336  ,  0.0458106  ])
1464    , -103.386    , array([ 0.0304735  ,  1.04055    ,  0.0137493  ,  0.0473691  ])
1468    , -90.0686    , array([ 0.0365168  ,  1.04398    ,  0.0183748  ,  0.0464059  ])
1472    , -88.7115    , array([ 0.0405467  ,  1.04626    ,  0.0214593  ,  0.0457636  ])
1476    , -89.9323    , array([ 0.0272163  ,  1.02101    ,  0.0135268  ,  0.047357   ])
1480    , -88.7466    , array([ 0.0354567  ,  1.03662    ,  0.0184307  ,  0.046372   ])
1484    , -88.7035    , array([ 0.0388179  ,  1.04298    ,  0.020431   ,  0.0459701  ])
1488    , -88.6922    , array([ 0.0371852  ,  1.04376    ,  0.0195224  ,  0.0461083  ])
1492    , -88.6877    , array([ 0.0353117  ,  1.0448     ,  0.0184824  ,  0.0462645  ])
1496    , -88.6877    , array([ 0.035267   ,  1.04482    ,  0.0184576  ,  0.0462682  ])
1500    , -89.3046    , array([ 0.0369427  ,  1.1        ,  0.0196716  ,  0.045324   ])
1504    , -88.685     , array([ 0.0351623  ,  1.04137    ,  0.0183817  ,  0.0463272  ])
1508    , -88.685     , array([ 0.0351573  ,  1.04121    ,  0.0183781  ,  0.04633    ])
1512    , -89.0846    , array([ 0.04129    ,  1.07403    ,  0.0222468  ,  0.0449139  ])
1516    , -88.6849    , array([ 0.0350641  ,  1.04071    ,  0.0183193  ,  0.0463515  ])
1520    , -88.6849    , array([ 0.035073   ,  1.04076    ,  0.0183249  ,  0.0463495  ])
1524    , -88.6849    , array([ 0.035074   ,  1.04076    ,  0.0183255  ,  0.0463493  ])
1528    , -88.6847    , array([ 0.0350786  ,  1.04077    ,  0.0183291  ,  0.0463485  ])
1532    , -88.6802    , array([ 0.0352974  ,  1.04089    ,  0.0184965  ,  0.0463136  ])
1536    , -88.7294    , array([ 0.0409537  ,  1.03775    ,  0.0216365  ,  0.045842   ])
1540    , -88.68      , array([ 0.0348239  ,  1.04115    ,  0.0182336  ,  0.0463531  ])
1544    , -88.68      , array([ 0.0346981  ,  1.04122    ,  0.0181638  ,  0.0463636  ])
