8       , -1259       , array([ 0.236283   ,  1.46497    ,  0.0216863  ,  0.050179   ])
12      , -5829.79    , array([ 0.0108721  ,  1.46497    ,  0.0216863  ,  0.050179   ])
16      , -101.246    , array([ 0.04651    ,  1.46497    ,  0.0216863  ,  0.050179   ])
20      , -100.857    , array([ 0.0454611  ,  1.46497    ,  0.0216863  ,  0.050179   ])
28      , -101.452    , array([ 0.0454597  ,  1.57418    ,  0.0216863  ,  0.050179   ])
32      , -100.835    , array([ 0.0454597  ,  1.48163    ,  0.0216863  ,  0.050179   ])
40      , -20394.6    , array([ 0.0454597  ,  1.48147    ,  0.212473   ,  0.050179   ])
48      , -100.827    , array([ 0.0454597  ,  1.48147    ,  0.0216051  ,  0.050179   ])
52      , -10422.3    , array([ 0.0454597  ,  1.48147    ,  0.0216043  ,  1.05018    ])
56      , -6726.19    , array([ 0.0454597  ,  1.48147    ,  0.0216043  ,  0.432145   ])
60      , -1028.1     , array([ 0.0454597  ,  1.48147    ,  0.0216043  ,  0.123108   ])
64      , -100.932    , array([ 0.0454597  ,  1.48147    ,  0.0216043  ,  0.0492934  ])
68      , -100.798    , array([ 0.0454597  ,  1.48147    ,  0.0216043  ,  0.0499018  ])
76      , -1266.4     , array([ 0.236429   ,  1.48147    ,  0.0216043  ,  0.049899   ])
80      , -5540.95    , array([ 0.0110178  ,  1.48147    ,  0.0216043  ,  0.049899   ])
84      , -101.187    , array([ 0.046333   ,  1.48147    ,  0.0216043  ,  0.049899   ])
88      , -100.785    , array([ 0.0452681  ,  1.48147    ,  0.0216043  ,  0.049899   ])
92      , -100.785    , array([ 0.04527    ,  1.48147    ,  0.0216043  ,  0.049899   ])
96      , -100.779    , array([ 0.04527    ,  1.48449    ,  0.0216043  ,  0.049899   ])
100     , -100.767    , array([ 0.04527    ,  1.49736    ,  0.0216043  ,  0.049899   ])
104     , -100.767    , array([ 0.04527    ,  1.4972     ,  0.0216043  ,  0.049899   ])
112     , -789.204    , array([ 0.04527    ,  1.4972     ,  0.0494396  ,  0.049899   ])
116     , -100.76     , array([ 0.04527    ,  1.4972     ,  0.0215314  ,  0.049899   ])
124     , -3364.35    , array([ 0.04527    ,  1.4972     ,  0.0215314  ,  0.240828   ])
128     , -924.598    , array([ 0.04527    ,  1.4972     ,  0.0215314  ,  0.0154571  ])
132     , -100.746    , array([ 0.04527    ,  1.4972     ,  0.0215314  ,  0.0497193  ])
136     , -100.71     , array([ 0.0450803  ,  1.51294    ,  0.0214586  ,  0.0495143  ])
140     , -100.681    , array([ 0.0447123  ,  1.54348    ,  0.0213173  ,  0.0491411  ])
144     , -100.682    , array([ 0.0447356  ,  1.54154    ,  0.0213263  ,  0.0491647  ])
148     , -2624.87    , array([ 1.04471    ,  1.54403    ,  0.0213148  ,  0.0491343  ])
152     , -1859.73    , array([ 0.426672   ,  1.54403    ,  0.0213148  ,  0.0491343  ])
156     , -619.297    , array([ 0.117649   ,  1.54403    ,  0.0213148  ,  0.0491343  ])
160     , -111.04     , array([ 0.0503281  ,  1.54403    ,  0.0213148  ,  0.0491343  ])
164     , -100.681    , array([ 0.0446942  ,  1.54403    ,  0.0213148  ,  0.0491343  ])
168     , -10686.7    , array([ 0.0446942  ,  1.54403    ,  0.0213148  ,  1.04913    ])
172     , -6848.1     , array([ 0.0446942  ,  1.54403    ,  0.0213148  ,  0.4311     ])
176     , -1055.15    , array([ 0.0446942  ,  1.54403    ,  0.0213148  ,  0.122062   ])
180     , -100.815    , array([ 0.0446942  ,  1.54403    ,  0.0213148  ,  0.0485624  ])
184     , -100.681    , array([ 0.0446942  ,  1.54403    ,  0.0213148  ,  0.0491525  ])
188     , -100.681    , array([ 0.0446942  ,  1.54403    ,  0.0213148  ,  0.0491528  ])
196     , -805.655    , array([ 0.0446942  ,  1.54403    ,  0.0491498  ,  0.0491528  ])
200     , -100.68     , array([ 0.0446942  ,  1.54403    ,  0.0212905  ,  0.0491528  ])
204     , -100.739    , array([ 0.0441298  ,  1.59085    ,  0.0210738  ,  0.0485805  ])
208     , -100.688    , array([ 0.0444786  ,  1.56191    ,  0.0212077  ,  0.0489342  ])
212     , -100.68     , array([ 0.0446854  ,  1.54476    ,  0.0212871  ,  0.0491439  ])
