276     , -393.176    , array([ 13.639     ,  0.0619572  ,  4.78204    ,  0.289923   ])
280     , -393.006    , array([ 13.021     ,  0.0619572  ,  4.78204    ,  0.289923   ])
284     , -392.966    , array([ 12.5766    ,  0.0619572  ,  4.78204    ,  0.289923   ])
292     , -2853.65    , array([ 12.5759    ,  0.252928   ,  4.78204    ,  0.289923   ])
296     , -2296.8     , array([ 12.5759    ,  0.0275154  ,  4.78204    ,  0.289923   ])
300     , -393.199    , array([ 12.5759    ,  0.0622506  ,  4.78204    ,  0.289923   ])
304     , -392.966    , array([ 12.5759    ,  0.0619569  ,  4.78204    ,  0.289923   ])
308     , -444.223    , array([ 12.5759    ,  0.0619569  ,  3.16401    ,  0.289923   ])
312     , -394.428    , array([ 12.5759    ,  0.0619569  ,  4.47302    ,  0.289923   ])
316     , -392.966    , array([ 12.5759    ,  0.0619569  ,  4.78237    ,  0.289923   ])
324     , -2065.05    , array([ 12.5759    ,  0.0619569  ,  4.78237    ,  0.48089    ])
328     , -667.122    , array([ 12.5759    ,  0.0619569  ,  4.78237    ,  0.255481   ])
332     , -392.966    , array([ 12.5759    ,  0.0619569  ,  4.78237    ,  0.289925   ])
