150     , -1312.13    , array([ 1.01609    ,  0.100724   ,  4.93201    ,  2.24627    ,  0.0491456  ])
155     , -1312.16    , array([ 1.0177     ,  0.100724   ,  4.93201    ,  2.24627    ,  0.0491456  ])
160     , -1312.06    , array([ 1.008      ,  0.100724   ,  4.93201    ,  2.24627    ,  0.0491456  ])
170     , -5100.34    , array([ 1.00792    ,  0.173601   ,  4.93201    ,  2.24627    ,  0.0491456  ])
175     , -1312.05    , array([ 1.00792    ,  0.100623   ,  4.93201    ,  2.24627    ,  0.0491456  ])
180     , -1339.36    , array([ 1.00792    ,  0.100621   ,  5.93201    ,  2.24627    ,  0.0491456  ])
185     , -1311.98    , array([ 1.00792    ,  0.100621   ,  4.98337    ,  2.24627    ,  0.0491456  ])
190     , -1373.91    , array([ 1.00792    ,  0.100621   ,  4.97817    ,  3.24627    ,  0.0491456  ])
195     , -1311.9     , array([ 1.00792    ,  0.100621   ,  4.97817    ,  2.29033    ,  0.0491456  ])
200     , -15114.8    , array([ 1.00792    ,  0.100621   ,  4.97817    ,  2.28009    ,  1.04915    ])
205     , -9947.38    , array([ 1.00792    ,  0.100621   ,  4.97817    ,  2.28009    ,  0.240036   ])
210     , -2523.34    , array([ 1.00792    ,  0.100621   ,  4.97817    ,  2.28009    ,  0.0769961  ])
215     , -1311.68    , array([ 1.00792    ,  0.100621   ,  4.97817    ,  2.28009    ,  0.0494197  ])
220     , -1311.46    , array([ 0.999757   ,  0.100517   ,  5.02433    ,  2.31391    ,  0.0496877  ])
225     , -1311.44    , array([ 0.996246   ,  0.100473   ,  5.04417    ,  2.32844    ,  0.0498042  ])
235     , -1316.38    , array([ 0.934659   ,  0.100473   ,  5.04417    ,  2.32844    ,  0.0498042  ])
240     , -1311.44    , array([ 0.997592   ,  0.100473   ,  5.04417    ,  2.32844    ,  0.0498042  ])
250     , -5055.69    , array([ 0.997606   ,  0.17335    ,  5.04417    ,  2.32844    ,  0.0498042  ])
255     , -1311.32    , array([ 0.997606   ,  0.100774   ,  5.04417    ,  2.32844    ,  0.0498042  ])
260     , -1342.53    , array([ 0.997606   ,  0.100766   ,  6.04417    ,  2.32844    ,  0.0498042  ])
265     , -1311.32    , array([ 0.997606   ,  0.100766   ,  5.0365     ,  2.32844    ,  0.0498042  ])
270     , -1373.84    , array([ 0.997606   ,  0.100766   ,  5.03055    ,  3.32844    ,  0.0498042  ])
275     , -1311.24    , array([ 0.997606   ,  0.100766   ,  5.03055    ,  2.37156    ,  0.0498042  ])
280     , -1311.2     , array([ 0.985929   ,  0.100618   ,  5.09655    ,  2.40965    ,  0.0501917  ])
285     , -1311.15    , array([ 0.990797   ,  0.10068    ,  5.06903    ,  2.38949    ,  0.0500302  ])
290     , -1641.76    , array([ 1.9908     ,  0.10068    ,  5.06903    ,  2.38949    ,  0.0500302  ])
295     , -1331.95    , array([ 1.14839    ,  0.10068    ,  5.06903    ,  2.38949    ,  0.0500302  ])
300     , -1311.13    , array([ 0.994949   ,  0.10068    ,  5.06903    ,  2.38949    ,  0.0500302  ])
305     , -1311.13    , array([ 0.994949   ,  0.10068    ,  5.06903    ,  2.38949    ,  0.0500302  ])
310     , -78917.2    , array([ 0.994949   ,  0.0105101  ,  5.06903    ,  2.38949    ,  0.0500302  ])
315     , -1311.21    , array([ 0.994949   ,  0.100384   ,  5.06903    ,  2.38949    ,  0.0500302  ])
320     , -1311.13    , array([ 0.994949   ,  0.100622   ,  5.06903    ,  2.38949    ,  0.0500302  ])
325     , -1316.41    , array([ 0.994949   ,  0.100622   ,  5.451      ,  2.38949    ,  0.0500302  ])
330     , -1311.1     , array([ 0.994949   ,  0.100622   ,  5.0397     ,  2.38949    ,  0.0500302  ])
335     , -1320       , array([ 0.994949   ,  0.100622   ,  5.0397     ,  2.77146    ,  0.0500302  ])
340     , -1311.05    , array([ 0.994949   ,  0.100622   ,  5.0397     ,  2.41524    ,  0.0500302  ])
345     , -1311.06    , array([ 0.990489   ,  0.100565   ,  5.06491    ,  2.43371    ,  0.0501782  ])
