80      , -1311.09    , array([ 1.00453    ,  0.0988954  ,  0.0494206  ,  4.96937    ,  2.57594    ])
85      , -3205.11    , array([ 0.386492   ,  0.0988954  ,  0.0494206  ,  4.96937    ,  2.57594    ])
90      , -1311.09    , array([ 1.00266    ,  0.0988954  ,  0.0494206  ,  4.96937    ,  2.57594    ])
95      , -40583.5    , array([ 1.00203    ,  1.0989     ,  0.0494206  ,  4.96937    ,  2.57594    ])
100     , -14130.3    , array([ 1.00203    ,  0.289688   ,  0.0494206  ,  4.96937    ,  2.57594    ])
105     , -1575.8     , array([ 1.00203    ,  0.113644   ,  0.0494206  ,  4.96937    ,  2.57594    ])
110     , -1311.09    , array([ 1.00203    ,  0.0988848  ,  0.0494206  ,  4.96937    ,  2.57594    ])
125     , -2023.83    , array([ 1.00203    ,  0.098885   ,  0.036265   ,  4.96937    ,  2.57594    ])
130     , -1311.08    , array([ 1.00203    ,  0.098885   ,  0.0494574  ,  4.96937    ,  2.57594    ])
135     , -1402.15    , array([ 1.00203    ,  0.098885   ,  0.0494574  ,  3.35134    ,  2.57594    ])
140     , -1311.08    , array([ 1.00203    ,  0.098885   ,  0.0494574  ,  4.98528    ,  2.57594    ])
145     , -1525.07    , array([ 1.00203    ,  0.098885   ,  0.0494574  ,  4.98512    ,  0.957904   ])
150     , -1311.07    , array([ 1.00203    ,  0.098885   ,  0.0494574  ,  4.98512    ,  2.56907    ])
