4       , -392.999    , array([ 3.18888    ,  0.0522886  ,  2.60491    ,  0.214267   ])
8       , -1219.39    , array([ 3.09357    ,  0.0265372  ,  2.54996    ,  0.101465   ])
12      , -1212.48    , array([ 3.09357    ,  0.0265372  ,  2.54996    ,  0.101567   ])
16      , -393.102    , array([ 3.18806    ,  0.0520416  ,  2.60186    ,  0.212917   ])
20      , -393        , array([ 3.18875    ,  0.0522391  ,  2.60223    ,  0.214044   ])
24      , -393.002    , array([ 3.18875    ,  0.0522391  ,  2.60223    ,  0.214258   ])
28      , -393.009    , array([ 3.18886    ,  0.0523313  ,  2.60229    ,  0.214224   ])
32      , -392.998    , array([ 3.18888    ,  0.0522867  ,  2.6023     ,  0.214259   ])
36      , -393.008    , array([ 3.18888    ,  0.0522867  ,  2.6023     ,  0.214473   ])
40      , -393.008    , array([ 3.18888    ,  0.0523406  ,  2.6023     ,  0.214266   ])
44      , -392.998    , array([ 3.18888    ,  0.0522886  ,  2.6023     ,  0.214267   ])
48      , -393.009    , array([ 3.18888    ,  0.0522886  ,  2.6023     ,  0.214481   ])
52      , -393.008    , array([ 3.18888    ,  0.0523409  ,  2.6023     ,  0.214267   ])
56      , -392.998    , array([ 3.18888    ,  0.0522886  ,  2.6023     ,  0.214267   ])
60      , -393.009    , array([ 3.18888    ,  0.0522886  ,  2.6023     ,  0.214482   ])
64      , -393.008    , array([ 3.18888    ,  0.0523409  ,  2.6023     ,  0.214267   ])
68      , -392.998    , array([ 3.18888    ,  0.0522886  ,  2.6023     ,  0.214267   ])
72      , -393.009    , array([ 3.18888    ,  0.0522886  ,  2.6023     ,  0.214482   ])
76      , -393.008    , array([ 3.18888    ,  0.0523409  ,  2.6023     ,  0.214267   ])
80      , -392.998    , array([ 3.18888    ,  0.0522886  ,  2.6023     ,  0.214267   ])
84      , -393.009    , array([ 3.18888    ,  0.0522886  ,  2.6023     ,  0.214482   ])
88      , -393.008    , array([ 3.18888    ,  0.0523409  ,  2.6023     ,  0.214267   ])
92      , -392.998    , array([ 3.18888    ,  0.0522886  ,  2.6023     ,  0.214267   ])
96      , -393.009    , array([ 3.18888    ,  0.0522886  ,  2.6023     ,  0.214482   ])
100     , -393.008    , array([ 3.18888    ,  0.0523409  ,  2.6023     ,  0.214267   ])
104     , -392.998    , array([ 3.18888    ,  0.0522886  ,  2.6023     ,  0.214267   ])
108     , -393.009    , array([ 3.18888    ,  0.0522886  ,  2.6023     ,  0.214482   ])
112     , -393.008    , array([ 3.18888    ,  0.0523409  ,  2.6023     ,  0.214267   ])
116     , -392.998    , array([ 3.18888    ,  0.0522886  ,  2.6023     ,  0.214267   ])
120     , -393.009    , array([ 3.18888    ,  0.0522886  ,  2.6023     ,  0.214482   ])
124     , -393.008    , array([ 3.18888    ,  0.0523409  ,  2.6023     ,  0.214267   ])
128     , -392.998    , array([ 3.18888    ,  0.0522886  ,  2.6023     ,  0.214267   ])
132     , -393.009    , array([ 3.18888    ,  0.0522886  ,  2.6023     ,  0.214482   ])
136     , -393.008    , array([ 3.18888    ,  0.0523409  ,  2.6023     ,  0.214267   ])
140     , -392.998    , array([ 3.18888    ,  0.0522886  ,  2.6023     ,  0.214267   ])
144     , -393.009    , array([ 3.18888    ,  0.0522886  ,  2.6023     ,  0.214482   ])
148     , -393.008    , array([ 3.18888    ,  0.0523409  ,  2.6023     ,  0.214267   ])
152     , -392.998    , array([ 3.18888    ,  0.0522886  ,  2.6023     ,  0.214267   ])
156     , -393.009    , array([ 3.18888    ,  0.0522886  ,  2.6023     ,  0.214482   ])
160     , -393.008    , array([ 3.18888    ,  0.0523409  ,  2.6023     ,  0.214267   ])
164     , -392.998    , array([ 3.18888    ,  0.0522886  ,  2.6023     ,  0.214267   ])
168     , -393.009    , array([ 3.18888    ,  0.0522886  ,  2.6023     ,  0.214482   ])
172     , -393.008    , array([ 3.18888    ,  0.0523409  ,  2.6023     ,  0.214267   ])
176     , -392.998    , array([ 3.18888    ,  0.0522886  ,  2.6023     ,  0.214267   ])
180     , -393.009    , array([ 3.18888    ,  0.0522886  ,  2.6023     ,  0.214482   ])
184     , -393.008    , array([ 3.18888    ,  0.0523409  ,  2.6023     ,  0.214267   ])
188     , -392.998    , array([ 3.18888    ,  0.0522886  ,  2.6023     ,  0.214267   ])
192     , -393.009    , array([ 3.18888    ,  0.0522886  ,  2.6023     ,  0.214482   ])
196     , -393.008    , array([ 3.18888    ,  0.0523409  ,  2.6023     ,  0.214267   ])
200     , -392.998    , array([ 3.18888    ,  0.0522886  ,  2.6023     ,  0.214267   ])
204     , -393.009    , array([ 3.18888    ,  0.0522886  ,  2.6023     ,  0.214482   ])
208     , -393.008    , array([ 3.18888    ,  0.0523409  ,  2.6023     ,  0.214267   ])
212     , -392.998    , array([ 3.18888    ,  0.0522886  ,  2.6023     ,  0.214267   ])
216     , -393.009    , array([ 3.18888    ,  0.0522886  ,  2.6023     ,  0.214482   ])
220     , -393.008    , array([ 3.18888    ,  0.0523409  ,  2.6023     ,  0.214267   ])
224     , -392.998    , array([ 3.18888    ,  0.0522886  ,  2.6023     ,  0.214267   ])
228     , -393.009    , array([ 3.18888    ,  0.0522886  ,  2.6023     ,  0.214482   ])
232     , -393.008    , array([ 3.18888    ,  0.0523409  ,  2.6023     ,  0.214267   ])
236     , -392.998    , array([ 3.18888    ,  0.0522886  ,  2.6023     ,  0.214267   ])
240     , -393.009    , array([ 3.18888    ,  0.0522886  ,  2.6023     ,  0.214482   ])
244     , -393.008    , array([ 3.18888    ,  0.0523409  ,  2.6023     ,  0.214267   ])
248     , -392.998    , array([ 3.18888    ,  0.0522886  ,  2.6023     ,  0.214267   ])
252     , -393.009    , array([ 3.18888    ,  0.0522886  ,  2.6023     ,  0.214482   ])
256     , -393.008    , array([ 3.18888    ,  0.0523409  ,  2.6023     ,  0.214267   ])
260     , -392.998    , array([ 3.18888    ,  0.0522886  ,  2.6023     ,  0.214267   ])
264     , -393.009    , array([ 3.18888    ,  0.0522886  ,  2.6023     ,  0.214482   ])
268     , -393.008    , array([ 3.18888    ,  0.0523409  ,  2.6023     ,  0.214267   ])
272     , -392.998    , array([ 3.18888    ,  0.0522886  ,  2.6023     ,  0.214267   ])
276     , -393.009    , array([ 3.18888    ,  0.0522886  ,  2.6023     ,  0.214482   ])
280     , -393.008    , array([ 3.18888    ,  0.0523409  ,  2.6023     ,  0.214267   ])
284     , -392.998    , array([ 3.18888    ,  0.0522886  ,  2.6023     ,  0.214267   ])
288     , -393.009    , array([ 3.18888    ,  0.0522886  ,  2.6023     ,  0.214482   ])
292     , -393.008    , array([ 3.18888    ,  0.0523409  ,  2.6023     ,  0.214267   ])
296     , -392.998    , array([ 3.18888    ,  0.0522886  ,  2.6023     ,  0.214267   ])
300     , -393.009    , array([ 3.18888    ,  0.0522886  ,  2.6023     ,  0.214482   ])
304     , -393.008    , array([ 3.18888    ,  0.0523409  ,  2.6023     ,  0.214267   ])
308     , -392.998    , array([ 3.18888    ,  0.0522886  ,  2.6023     ,  0.214267   ])
312     , -393.009    , array([ 3.18888    ,  0.0522886  ,  2.6023     ,  0.214482   ])
316     , -393.008    , array([ 3.18888    ,  0.0523409  ,  2.6023     ,  0.214267   ])
320     , -392.998    , array([ 3.18888    ,  0.0522886  ,  2.6023     ,  0.214267   ])
324     , -393.009    , array([ 3.18888    ,  0.0522886  ,  2.6023     ,  0.214482   ])
328     , -393.008    , array([ 3.18888    ,  0.0523409  ,  2.6023     ,  0.214267   ])
332     , -392.998    , array([ 3.18888    ,  0.0522886  ,  2.6023     ,  0.214267   ])
336     , -393.009    , array([ 3.18888    ,  0.0522886  ,  2.6023     ,  0.214482   ])
340     , -393.008    , array([ 3.18888    ,  0.0523409  ,  2.6023     ,  0.214267   ])
344     , -392.998    , array([ 3.18888    ,  0.0522886  ,  2.6023     ,  0.214267   ])
348     , -393.009    , array([ 3.18888    ,  0.0522886  ,  2.6023     ,  0.214482   ])
352     , -393.008    , array([ 3.18888    ,  0.0523409  ,  2.6023     ,  0.214267   ])
356     , -392.998    , array([ 3.18888    ,  0.0522886  ,  2.6023     ,  0.214267   ])
360     , -393.009    , array([ 3.18888    ,  0.0522886  ,  2.6023     ,  0.214482   ])
364     , -393.008    , array([ 3.18888    ,  0.0523409  ,  2.6023     ,  0.214267   ])
368     , -392.998    , array([ 3.18888    ,  0.0522886  ,  2.6023     ,  0.214267   ])
372     , -393.009    , array([ 3.18888    ,  0.0522886  ,  2.6023     ,  0.214482   ])
376     , -393.008    , array([ 3.18888    ,  0.0523409  ,  2.6023     ,  0.214267   ])
380     , -392.998    , array([ 3.18888    ,  0.0522886  ,  2.6023     ,  0.214267   ])
384     , -393.009    , array([ 3.18888    ,  0.0522886  ,  2.6023     ,  0.214482   ])
388     , -393.008    , array([ 3.18888    ,  0.0523409  ,  2.6023     ,  0.214267   ])
392     , -392.998    , array([ 3.18888    ,  0.0522886  ,  2.6023     ,  0.214267   ])
396     , -393.009    , array([ 3.18888    ,  0.0522886  ,  2.6023     ,  0.214482   ])
400     , -393.008    , array([ 3.18888    ,  0.0523409  ,  2.6023     ,  0.214267   ])
404     , -392.998    , array([ 3.18888    ,  0.0522886  ,  2.6023     ,  0.214267   ])
408     , -393.009    , array([ 3.18888    ,  0.0522886  ,  2.6023     ,  0.214482   ])
412     , -404.492    , array([ 3.17681    ,  0.0480384  ,  2.5957     ,  0.195153   ])
416     , -392.999    , array([ 3.18879    ,  0.0522547  ,  2.60225    ,  0.214114   ])
420     , -392.998    , array([ 3.18888    ,  0.0522877  ,  2.6023     ,  0.214263   ])
