220     , -1311.06    , array([ 0.999323   ,  0.101452   ,  5.02511    ,  2.4284     ,  0.0507278  ])
225     , -1406.12    , array([ 1.38129    ,  0.101452   ,  5.02511    ,  2.4284     ,  0.0507278  ])
230     , -1311.06    , array([ 0.998437   ,  0.101452   ,  5.02511    ,  2.4284     ,  0.0507278  ])
245     , -1320.44    , array([ 0.998448   ,  0.104073   ,  5.02511    ,  2.4284     ,  0.0507278  ])
250     , -1311.06    , array([ 0.998448   ,  0.101406   ,  5.02511    ,  2.4284     ,  0.0507278  ])
255     , -1323.87    , array([ 0.998448   ,  0.101405   ,  4.40708    ,  2.4284     ,  0.0507278  ])
260     , -1311.06    , array([ 0.998448   ,  0.101405   ,  5.02356    ,  2.4284     ,  0.0507278  ])
265     , -1311.06    , array([ 0.998448   ,  0.101405   ,  5.02355    ,  2.4284     ,  0.0507278  ])
270     , -1311.05    , array([ 0.998448   ,  0.101405   ,  5.02355    ,  2.43883    ,  0.0507278  ])
275     , -1311.05    , array([ 0.998448   ,  0.101405   ,  5.02355    ,  2.43873    ,  0.0507278  ])
285     , -1366.51    , array([ 0.998448   ,  0.101405   ,  5.02355    ,  2.43873    ,  0.0555989  ])
290     , -1311.05    , array([ 0.998448   ,  0.101405   ,  5.02355    ,  2.43873    ,  0.0507334  ])
