3112    , -34513.6    , array([ 3.8758     ,  3.18697    ,  0.276082   ,  0.283938   ,  2.38273    ,  5.59663    ,  1.4521     ,  0.25353    ])
3120    , -32153.6    , array([ 2.19759    ,  3.18697    ,  0.276082   ,  0.283938   ,  2.38273    ,  5.59663    ,  1.4521     ,  0.25353    ])
3128    , -25269.8    , array([ 2.20708    ,  1.43557    ,  0.276082   ,  0.283938   ,  2.38273    ,  5.59663    ,  1.4521     ,  0.25353    ])
3144    , -21790.8    , array([ 2.20708    ,  1.17584    ,  0.532948   ,  0.283938   ,  2.38273    ,  5.59663    ,  1.4521     ,  0.25353    ])
3152    , -22156      , array([ 2.20708    ,  1.17584    ,  0.532948   ,  0.474912   ,  2.38273    ,  5.59663    ,  1.4521     ,  0.25353    ])
3160    , -21771.6    , array([ 2.20708    ,  1.17584    ,  0.532948   ,  0.231694   ,  2.38273    ,  5.59663    ,  1.4521     ,  0.25353    ])
3168    , -21765.9    , array([ 2.20708    ,  1.17584    ,  0.532948   ,  0.231694   ,  2.42466    ,  5.59663    ,  1.4521     ,  0.25353    ])
3176    , -21701      , array([ 2.20708    ,  1.17584    ,  0.532948   ,  0.231694   ,  2.42466    ,  6.25764    ,  1.4521     ,  0.25353    ])
3184    , -19533.4    , array([ 2.20708    ,  1.17584    ,  0.532948   ,  0.231694   ,  2.42466    ,  6.26432    ,  0.643499   ,  0.25353    ])
3192    , -19531.4    , array([ 2.20708    ,  1.17584    ,  0.532948   ,  0.231694   ,  2.42466    ,  6.26432    ,  0.621292   ,  0.25353    ])
3200    , -18477.2    , array([ 2.20708    ,  1.17584    ,  0.532948   ,  0.231694   ,  2.42466    ,  6.26432    ,  0.621292   ,  0.164714   ])
3208    , -18610.2    , array([ 1.58905    ,  1.17584    ,  0.532948   ,  0.231694   ,  2.42466    ,  6.26432    ,  0.621292   ,  0.162103   ])
3216    , -18334.9    , array([ 1.91771    ,  1.17584    ,  0.532948   ,  0.231694   ,  2.42466    ,  6.26432    ,  0.621292   ,  0.162103   ])
3224    , -17979.3    , array([ 1.91771    ,  0.969785   ,  0.532948   ,  0.231694   ,  2.42466    ,  6.26432    ,  0.621292   ,  0.162103   ])
3232    , -17978.9    , array([ 1.91771    ,  0.975337   ,  0.532948   ,  0.231694   ,  2.42466    ,  6.26432    ,  0.621292   ,  0.162103   ])
3240    , -17978.9    , array([ 1.91771    ,  0.975337   ,  0.534759   ,  0.231694   ,  2.42466    ,  6.26432    ,  0.621292   ,  0.162103   ])
3248    , -18265.8    , array([ 1.91771    ,  0.975337   ,  0.534777   ,  0.61366    ,  2.42466    ,  6.26432    ,  0.621292   ,  0.162103   ])
3256    , -26644.5    , array([ 1.91771    ,  0.975337   ,  0.534777   ,  0.317081   ,  0.806626   ,  6.26432    ,  0.621292   ,  0.162103   ])
3264    , -17943.8    , array([ 1.91771    ,  0.975337   ,  0.534777   ,  0.317081   ,  2.47381    ,  6.26432    ,  0.621292   ,  0.162103   ])
3272    , -17941.2    , array([ 1.91771    ,  0.975337   ,  0.534777   ,  0.317081   ,  2.47333    ,  6.42343    ,  0.621292   ,  0.162103   ])
3280    , -22112      , array([ 1.91771    ,  0.975337   ,  0.534777   ,  0.317081   ,  2.47333    ,  6.4206     ,  1.00326    ,  0.162103   ])
3288    , -16438.1    , array([ 1.91771    ,  0.975337   ,  0.534777   ,  0.317081   ,  2.47333    ,  6.4206     ,  0.347103   ,  0.162103   ])
3304    , -20934.9    , array([ 1.62834    ,  0.774831   ,  0.536605   ,  0.402469   ,  2.52199    ,  6.57687    ,  0.0783442  ,  0.0155265  ])
3312    , -15269.4    , array([ 1.89588    ,  0.975337   ,  0.534777   ,  0.317081   ,  2.47333    ,  6.4206     ,  0.349818   ,  0.0888149  ])
3320    , -26043.5    , array([ 1.9092     ,  0.357303   ,  0.534777   ,  0.317081   ,  2.47333    ,  6.4206     ,  0.349818   ,  0.0888149  ])
3328    , -15163.6    , array([ 1.9092     ,  0.883053   ,  0.534777   ,  0.317081   ,  2.47333    ,  6.4206     ,  0.349818   ,  0.0888149  ])
3336    , -15210.6    , array([ 1.9092     ,  0.883966   ,  0.502103   ,  0.317081   ,  2.47333    ,  6.4206     ,  0.349818   ,  0.0888149  ])
3344    , -15150.6    , array([ 1.9092     ,  0.883966   ,  0.5656     ,  0.317081   ,  2.47333    ,  6.4206     ,  0.349818   ,  0.0888149  ])
3352    , -15137.7    , array([ 1.9092     ,  0.883966   ,  0.5656     ,  0.39548    ,  2.47333    ,  6.4206     ,  0.349818   ,  0.0888149  ])
3360    , -15226.3    , array([ 1.9092     ,  0.883966   ,  0.5656     ,  0.393524   ,  2.85529    ,  6.4206     ,  0.349818   ,  0.0888149  ])
3368    , -15134.2    , array([ 1.9092     ,  0.883966   ,  0.5656     ,  0.393524   ,  2.54663    ,  4.80256    ,  0.349818   ,  0.0888149  ])
3376    , -41215.7    , array([ 1.9092     ,  0.883966   ,  0.5656     ,  0.393524   ,  2.54663    ,  5.57638    ,  1.34982    ,  0.0888149  ])
3384    , -14265      , array([ 1.9092     ,  0.883966   ,  0.5656     ,  0.393524   ,  2.54663    ,  5.57638    ,  0.273643   ,  0.0888149  ])
3392    , -22264.2    , array([ 1.9092     ,  0.883966   ,  0.5656     ,  0.393524   ,  2.54663    ,  5.57638    ,  0.247886   ,  1.08881    ])
3400    , -16672.8    , array([ 1.9092     ,  0.883966   ,  0.5656     ,  0.393524   ,  2.54663    ,  5.57638    ,  0.247886   ,  0.161742   ])
3408    , -14168.8    , array([ 1.9007     ,  0.792596   ,  0.596423   ,  0.469966   ,  2.61993    ,  4.73217    ,  0.145955   ,  0.0237616  ])
3416    , -13532.9    , array([ 1.79187    ,  0.883966   ,  0.5656     ,  0.393524   ,  2.54663    ,  5.57638    ,  0.247886   ,  0.0562883  ])
3424    , -13530.2    , array([ 1.83029    ,  0.883966   ,  0.5656     ,  0.393524   ,  2.54663    ,  5.57638    ,  0.247886   ,  0.0562883  ])
3432    , -13390.6    , array([ 1.83029    ,  0.790902   ,  0.5656     ,  0.393524   ,  2.54663    ,  5.57638    ,  0.247886   ,  0.0562883  ])
3440    , -13946      , array([ 1.83029    ,  0.790902   ,  0.947566   ,  0.393524   ,  2.54663    ,  5.57638    ,  0.247886   ,  0.0562883  ])
3448    , -13385.7    , array([ 1.83029    ,  0.790902   ,  0.587997   ,  0.393524   ,  2.54663    ,  5.57638    ,  0.247886   ,  0.0562883  ])
3456    , -13378.9    , array([ 1.83029    ,  0.790902   ,  0.587997   ,  0.466152   ,  2.54663    ,  5.57638    ,  0.247886   ,  0.0562883  ])
3464    , -13427.9    , array([ 1.83029    ,  0.790902   ,  0.587997   ,  0.464475   ,  2.92859    ,  5.57638    ,  0.247886   ,  0.0562883  ])
3472    , -13250.8    , array([ 1.83029    ,  0.790902   ,  0.587997   ,  0.464475   ,  2.63009    ,  3.66416    ,  0.247886   ,  0.0562883  ])
3480    , -52911.3    , array([ 1.83029    ,  0.790902   ,  0.587997   ,  0.464475   ,  2.63009    ,  3.93453    ,  1.24789    ,  0.0562883  ])
3488    , -12790      , array([ 1.83029    ,  0.790902   ,  0.587997   ,  0.464475   ,  2.63009    ,  3.93453    ,  0.203177   ,  0.0562883  ])
3504    , -14519.6    , array([ 1.83029    ,  0.790902   ,  0.587997   ,  0.464475   ,  2.63009    ,  3.93453    ,  0.198943   ,  0.0218464  ])
3512    , -12186.6    , array([ 1.75137    ,  0.697839   ,  0.610393   ,  0.535426   ,  2.71356    ,  2.29268    ,  0.15       ,  0.0340705  ])
3520    , -12181      , array([ 1.7586     ,  0.706371   ,  0.608339   ,  0.528921   ,  2.70591    ,  2.44321    ,  0.154488   ,  0.0350891  ])
3528    , -12573.5    , array([ 2.14057    ,  0.706371   ,  0.608339   ,  0.528921   ,  2.70591    ,  2.44321    ,  0.154488   ,  0.0350891  ])
3536    , -21003.3    , array([ 1.53515    ,  1.70637    ,  0.608339   ,  0.528921   ,  2.70591    ,  2.44321    ,  0.154488   ,  0.0350891  ])
3544    , -11869      , array([ 1.53515    ,  0.630227   ,  0.608339   ,  0.528921   ,  2.70591    ,  2.44321    ,  0.154488   ,  0.0350891  ])
3552    , -11860.8    , array([ 1.53515    ,  0.613887   ,  0.608339   ,  0.528921   ,  2.70591    ,  2.44321    ,  0.154488   ,  0.0350891  ])
3560    , -11859      , array([ 1.53515    ,  0.613887   ,  0.625183   ,  0.528921   ,  2.70591    ,  2.44321    ,  0.154488   ,  0.0350891  ])
3568    , -11966.3    , array([ 1.53515    ,  0.613887   ,  0.625183   ,  0.910887   ,  2.70591    ,  2.44321    ,  0.154488   ,  0.0350891  ])
3576    , -12862.6    , array([ 1.53515    ,  0.613887   ,  0.625183   ,  0.512929   ,  1.08787    ,  2.44321    ,  0.154488   ,  0.0350891  ])
3584    , -11847      , array([ 1.53515    ,  0.613887   ,  0.625183   ,  0.512929   ,  2.52386    ,  2.44321    ,  0.154488   ,  0.0350891  ])
3592    , -11753.6    , array([ 1.53515    ,  0.613887   ,  0.625183   ,  0.512929   ,  2.52566    ,  0.638177   ,  0.154488   ,  0.0350891  ])
3600    , -41256.6    , array([ 1.53515    ,  0.613887   ,  0.625183   ,  0.512929   ,  2.52566    ,  0.65698    ,  0.154488   ,  0.417055   ])
3608    , -11809.6    , array([ 1.53515    ,  0.613887   ,  0.625183   ,  0.512929   ,  2.52566    ,  0.65698    ,  0.154488   ,  0.0390939  ])
3616    , -11752.2    , array([ 1.53515    ,  0.613887   ,  0.625183   ,  0.512929   ,  2.52566    ,  0.65698    ,  0.154488   ,  0.0356128  ])
3640    , -11630.6    , array([ 1.48804    ,  0.577124   ,  0.63403    ,  0.540956   ,  2.55863    ,  0.00841201 ,  0.135154   ,  0.0312245  ])
3648    , -12531.1    , array([ 1.48804    ,  0.768085   ,  0.63403    ,  0.540956   ,  2.55863    ,  0.00841201 ,  0.135154   ,  0.0312245  ])
3656    , -12469.8    , array([ 1.48804    ,  0.582184   ,  1.63403    ,  0.540956   ,  2.55863    ,  0.00841201 ,  0.135154   ,  0.0312245  ])
3664    , -11610.7    , array([ 1.48804    ,  0.582184   ,  0.695466   ,  0.540956   ,  2.55863    ,  0.00841201 ,  0.135154   ,  0.0312245  ])
3672    , -11710.8    , array([ 1.48804    ,  0.582184   ,  0.695466   ,  0.922922   ,  2.55863    ,  0.00841201 ,  0.135154   ,  0.0312245  ])
3680    , -12370.7    , array([ 1.48804    ,  0.582184   ,  0.695466   ,  0.520205   ,  0.940598   ,  0.00841201 ,  0.135154   ,  0.0312245  ])
3688    , -11577.4    , array([ 1.48804    ,  0.582184   ,  0.695466   ,  0.520205   ,  2.24365    ,  0.00841201 ,  0.135154   ,  0.0312245  ])
3704    , -11576.9    , array([ 1.48804    ,  0.582184   ,  0.695466   ,  0.520205   ,  2.24677    ,  0.000281391,  0.135154   ,  0.0312245  ])
3728    , -11505.3    , array([ 1.48804    ,  0.582184   ,  0.695466   ,  0.520205   ,  2.24677    ,  1.35789e-06,  0.135154   ,  0.0347616  ])
3736    , -11505.2    , array([ 1.48804    ,  0.582184   ,  0.695466   ,  0.520205   ,  2.24677    ,  1.35789e-06,  0.135154   ,  0.0346326  ])
3784    , -11504.5    , array([ 1.49808    ,  0.582184   ,  0.695466   ,  0.520205   ,  2.24677    ,  2.82845e-09,  0.135154   ,  0.0346326  ])
3792    , -11504.1    , array([ 1.51085    ,  0.582184   ,  0.695466   ,  0.520205   ,  2.24677    ,  2.82845e-09,  0.135154   ,  0.0346326  ])
3800    , -11500.7    , array([ 1.51085    ,  0.591821   ,  0.695466   ,  0.520205   ,  2.24677    ,  2.82845e-09,  0.135154   ,  0.0346326  ])
3808    , -11498.4    , array([ 1.51085    ,  0.591821   ,  0.88316    ,  0.520205   ,  2.24677    ,  2.82845e-09,  0.135154   ,  0.0346326  ])
3816    , -11471      , array([ 1.51085    ,  0.591821   ,  0.781923   ,  0.520205   ,  2.24677    ,  2.82845e-09,  0.135154   ,  0.0346326  ])
3824    , -11471      , array([ 1.51085    ,  0.591821   ,  0.781923   ,  0.526226   ,  2.24677    ,  2.82845e-09,  0.135154   ,  0.0346326  ])
3832    , -11479.1    , array([ 1.51085    ,  0.591821   ,  0.781923   ,  0.525547   ,  1.62874    ,  2.82845e-09,  0.135154   ,  0.0346326  ])
3840    , -11432.1    , array([ 1.51085    ,  0.591821   ,  0.781923   ,  0.525547   ,  1.94316    ,  2.82845e-09,  0.135154   ,  0.0346326  ])
3888    , -11432.1    , array([ 1.51085    ,  0.591821   ,  0.781923   ,  0.525547   ,  1.94316    ,  5.21614e-10,  0.135154   ,  0.0346326  ])
3904    , -27752.8    , array([ 1.51085    ,  0.591821   ,  0.781923   ,  0.525547   ,  1.94316    ,  3.45366e-11,  0.135154   ,  0.000190767])
3912    , -11407.2    , array([ 1.51085    ,  0.591821   ,  0.781923   ,  0.525547   ,  1.94316    ,  3.45366e-11,  0.135154   ,  0.0368322  ])
3968    , -11407.2    , array([ 1.51085    ,  0.591821   ,  0.781923   ,  0.525547   ,  1.94316    ,  1.42966e-11,  0.135154   ,  0.0368104  ])
3976    , -11585.1    , array([ 1.89282    ,  0.591821   ,  0.781923   ,  0.525547   ,  1.94316    ,  1.42966e-11,  0.135154   ,  0.0368104  ])
3984    , -20267.4    , array([ 1.54155    ,  1.59182    ,  0.781923   ,  0.525547   ,  1.94316    ,  1.42966e-11,  0.135154   ,  0.0368104  ])
3992    , -11403.9    , array([ 1.54155    ,  0.59944    ,  0.781923   ,  0.525547   ,  1.94316    ,  1.42966e-11,  0.135154   ,  0.0368104  ])
4000    , -24491.4    , array([ 1.54155    ,  0.598101   ,  0.163889   ,  0.525547   ,  1.94316    ,  1.42966e-11,  0.135154   ,  0.0368104  ])
4008    , -11385.3    , array([ 1.54155    ,  0.598101   ,  0.860566   ,  0.525547   ,  1.94316    ,  1.42966e-11,  0.135154   ,  0.0368104  ])
4016    , -11384.9    , array([ 1.54155    ,  0.598101   ,  0.860566   ,  0.547505   ,  1.94316    ,  1.42966e-11,  0.135154   ,  0.0368104  ])
4024    , -11466.6    , array([ 1.54155    ,  0.598101   ,  0.860566   ,  0.54644    ,  1.32513    ,  1.42966e-11,  0.135154   ,  0.0368104  ])
4032    , -11433      , array([ 1.54155    ,  0.598101   ,  0.860566   ,  0.54644    ,  1.74686    ,  1          ,  0.135154   ,  0.0368104  ])
4040    , -11368.5    , array([ 1.54155    ,  0.598101   ,  0.860566   ,  0.54644    ,  1.74686    ,  0.072949   ,  0.135154   ,  0.0368104  ])
4048    , -11366      , array([ 1.54155    ,  0.598101   ,  0.860566   ,  0.54644    ,  1.74686    ,  0.00155281 ,  0.135154   ,  0.0368104  ])
4056    , -11365.9    , array([ 1.54155    ,  0.598101   ,  0.860566   ,  0.54644    ,  1.74686    ,  3.30535e-05,  0.135154   ,  0.0368104  ])
4064    , -11365.9    , array([ 1.54155    ,  0.598101   ,  0.860566   ,  0.54644    ,  1.74686    ,  7.03598e-07,  0.135154   ,  0.0368104  ])
4072    , -11365.9    , array([ 1.54155    ,  0.598101   ,  0.860566   ,  0.54644    ,  1.74686    ,  1.49909e-08,  0.135154   ,  0.0368104  ])
4080    , -11365.9    , array([ 1.54155    ,  0.598101   ,  0.860566   ,  0.54644    ,  1.74686    ,  3.33093e-10,  0.135154   ,  0.0368104  ])
4088    , -11365.9    , array([ 1.54155    ,  0.598101   ,  0.860566   ,  0.54644    ,  1.74686    ,  4.29658e-12,  0.135154   ,  0.0368104  ])
4104    , -11354      , array([ 1.54155    ,  0.598101   ,  0.860566   ,  0.54644    ,  1.74686    ,  4.29658e-12,  0.135154   ,  0.0383941  ])
4112    , -11490.8    , array([ 1.56371    ,  0.624223   ,  0.85428    ,  0.526525   ,  1.72343    ,  0.46084    ,  0.148892   ,  0.0415122  ])
4120    , -11355.9    , array([ 1.54203    ,  0.598657   ,  0.860432   ,  0.546016   ,  1.74636    ,  0.00980954 ,  0.135447   ,  0.0384605  ])
4128    , -11354      , array([ 1.54156    ,  0.598113   ,  0.860563   ,  0.546431   ,  1.74685    ,  0.000208808,  0.135161   ,  0.0383955  ])
4136    , -11354      , array([ 1.54155    ,  0.598102   ,  0.860566   ,  0.546439   ,  1.74686    ,  4.44474e-06,  0.135155   ,  0.0383942  ])
4144    , -11354      , array([ 1.54155    ,  0.598101   ,  0.860566   ,  0.54644    ,  1.74686    ,  9.46161e-08,  0.135154   ,  0.0383941  ])
4152    , -11354      , array([ 1.54155    ,  0.598101   ,  0.860566   ,  0.54644    ,  1.74686    ,  2.01823e-09,  0.135154   ,  0.0383941  ])
4160    , -11354      , array([ 1.54155    ,  0.598101   ,  0.860566   ,  0.54644    ,  1.74686    ,  4.71655e-11,  0.135154   ,  0.0383941  ])
4168    , -13013.8    , array([ 0.92352    ,  0.598101   ,  0.860566   ,  0.54644    ,  1.74686    ,  4.29658e-12,  0.135154   ,  0.0383941  ])
4176    , -11353.1    , array([ 1.56192    ,  0.598101   ,  0.860566   ,  0.54644    ,  1.74686    ,  4.29658e-12,  0.135154   ,  0.0383941  ])
4184    , -11367.6    , array([ 1.56192    ,  0.621262   ,  0.860566   ,  0.54644    ,  1.74686    ,  4.29658e-12,  0.135154   ,  0.0383941  ])
4192    , -11352.9    , array([ 1.56192    ,  0.600655   ,  0.860566   ,  0.54644    ,  1.74686    ,  4.29658e-12,  0.135154   ,  0.0383941  ])
4200    , -11343.3    , array([ 1.56192    ,  0.600655   ,  0.924797   ,  0.54644    ,  1.74686    ,  4.29658e-12,  0.135154   ,  0.0383941  ])
4208    , -11342.9    , array([ 1.56192    ,  0.600655   ,  0.924161   ,  0.559256   ,  1.74686    ,  4.29658e-12,  0.135154   ,  0.0383941  ])
4216    , -11342.8    , array([ 1.56192    ,  0.600655   ,  0.924161   ,  0.56865    ,  1.74686    ,  4.29658e-12,  0.135154   ,  0.0383941  ])
4224    , -11334.1    , array([ 1.56192    ,  0.600655   ,  0.924161   ,  0.56865    ,  1.62119    ,  4.29658e-12,  0.135154   ,  0.0383941  ])
4296    , -11328.9    , array([ 1.56192    ,  0.600655   ,  0.924161   ,  0.56865    ,  1.62119    ,  4.29658e-12,  0.135154   ,  0.0394914  ])
4360    , -11315      , array([ 1.58229    ,  0.603208   ,  0.987756   ,  0.590861   ,  1.49553    ,  4.29658e-12,  0.135154   ,  0.0405547  ])
4376    , -11311.7    , array([ 1.60254    ,  0.605182   ,  1.03694    ,  0.60804    ,  1.39834    ,  4.29658e-12,  0.135154   ,  0.0413902  ])
4384    , -12245.5    , array([ 1.60254    ,  0.796143   ,  1.03694    ,  0.60804    ,  1.39834    ,  4.29658e-12,  0.135154   ,  0.0413902  ])
4392    , -11311.6    , array([ 1.60254    ,  0.603936   ,  1.03694    ,  0.60804    ,  1.39834    ,  4.29658e-12,  0.135154   ,  0.0413902  ])
4400    , -11362.2    , array([ 1.61101    ,  0.613914   ,  1.03454    ,  0.600433   ,  1.38939    ,  0.176025   ,  0.140402   ,  0.0425812  ])
4408    , -11312.6    , array([ 1.60273    ,  0.604149   ,  1.03689    ,  0.607878   ,  1.39815    ,  0.00374691 ,  0.135266   ,  0.0414156  ])
4416    , -11311.7    , array([ 1.60255    ,  0.603941   ,  1.03694    ,  0.608036   ,  1.39834    ,  7.97576e-05,  0.135157   ,  0.0413908  ])
4424    , -11311.7    , array([ 1.60255    ,  0.603936   ,  1.03694    ,  0.60804    ,  1.39834    ,  1.69774e-06,  0.135154   ,  0.0413903  ])
4432    , -11311.6    , array([ 1.60254    ,  0.603936   ,  1.03694    ,  0.60804    ,  1.39834    ,  3.61428e-08,  0.135154   ,  0.0413902  ])
4440    , -11311.6    , array([ 1.60254    ,  0.603936   ,  1.03694    ,  0.60804    ,  1.39834    ,  7.73548e-10,  0.135154   ,  0.0413902  ])
4448    , -11311.6    , array([ 1.60254    ,  0.603936   ,  1.03694    ,  0.60804    ,  1.39834    ,  2.06711e-11,  0.135154   ,  0.0413902  ])
4456    , -11311.8    , array([ 1.60254    ,  0.603936   ,  1.03694    ,  0.599677   ,  1.39834    ,  4.29658e-12,  0.135154   ,  0.0413902  ])
4464    , -11311.6    , array([ 1.60254    ,  0.603936   ,  1.03694    ,  0.61273    ,  1.39834    ,  4.29658e-12,  0.135154   ,  0.0413902  ])
4472    , -11356      , array([ 1.60254    ,  0.603936   ,  1.03694    ,  0.61273    ,  1.42317    ,  1          ,  0.135154   ,  0.0413902  ])
4480    , -11311.2    , array([ 1.60254    ,  0.603936   ,  1.03694    ,  0.61273    ,  1.42317    ,  0.00696285 ,  0.135154   ,  0.0413902  ])
4488    , -39197.1    , array([ 1.60254    ,  0.603936   ,  1.03694    ,  0.61273    ,  1.42317    ,  0.00696285 ,  0.135154   ,  0.231997   ])
4496    , -11311      , array([ 1.60254    ,  0.603936   ,  1.03694    ,  0.61273    ,  1.42317    ,  0.00696285 ,  0.135154   ,  0.0412046  ])
4504    , -11318.9    , array([ 1.58022    ,  0.601138   ,  0.96724    ,  0.588386   ,  1.56091    ,  0.00696285 ,  0.135154   ,  0.039995   ])
