325     , -1310.98    , array([ 1.00068    ,  0.099799   ,  0.0499004  ,  4.99273    ,  2.51712    ])
330     , -3272.02    , array([ 0.382647   ,  0.099799   ,  0.0499004  ,  4.99273    ,  2.51712    ])
335     , -1310.98    , array([ 1.001      ,  0.099799   ,  0.0499004  ,  4.99273    ,  2.51712    ])
340     , -1311.08    , array([ 0.99112    ,  0.099799   ,  0.0499004  ,  4.99273    ,  2.51712    ])
345     , -1310.98    , array([ 1.00044    ,  0.099799   ,  0.0499004  ,  4.99273    ,  2.51712    ])
350     , -1310.98    , array([ 1.00052    ,  0.099799   ,  0.0499004  ,  4.99273    ,  2.51712    ])
355     , -24645.3    , array([ 1.00052    ,  0.481765   ,  0.0499004  ,  4.99273    ,  2.51712    ])
360     , -3953.63    , array([ 1.00052    ,  0.0653571  ,  0.0499004  ,  4.99273    ,  2.51712    ])
365     , -1310.97    , array([ 1.00052    ,  0.099864   ,  0.0499004  ,  4.99273    ,  2.51712    ])
380     , -2006.24    , array([ 1.00052    ,  0.099864   ,  0.0367448  ,  4.99273    ,  2.51712    ])
385     , -1310.97    , array([ 1.00052    ,  0.099864   ,  0.0499137  ,  4.99273    ,  2.51712    ])
390     , -1402.6     , array([ 1.00052    ,  0.099864   ,  0.0499137  ,  3.3747     ,  2.51712    ])
395     , -1310.97    , array([ 1.00052    ,  0.099864   ,  0.0499137  ,  5.00157    ,  2.51712    ])
400     , -1532.07    , array([ 1.00052    ,  0.099864   ,  0.0499137  ,  5.00157    ,  0.899083   ])
405     , -1310.97    , array([ 1.00052    ,  0.099864   ,  0.0499137  ,  5.00157    ,  2.51654    ])
410     , -1310.97    , array([ 1.00052    ,  0.099864   ,  0.0499137  ,  5.00157    ,  2.51672    ])
