8       , -26724      , array([ 4.29781    ,  7.21515    ,  0.538573   ,  7.16832e-05,  0.846516   ,  6.75886    ,  4.17323    ,  1.57071    ])
16      , -24561.8    , array([ 3.20053    ,  5.59712    ,  0.538573   ,  7.16832e-05,  0.846516   ,  6.75886    ,  4.17323    ,  1.57071    ])
24      , -19696.9    , array([ 3.20053    ,  1.56964    ,  0.538573   ,  7.16832e-05,  0.846516   ,  6.75886    ,  4.17323    ,  1.57071    ])
32      , -17489.4    , array([ 3.20053    ,  1.41959    ,  1.15661    ,  7.16832e-05,  0.846516   ,  6.75886    ,  4.17323    ,  1.57071    ])
40      , -17333.3    , array([ 3.20053    ,  1.41959    ,  0.969235   ,  7.16832e-05,  0.846516   ,  6.75886    ,  4.17323    ,  1.57071    ])
48      , -17221.3    , array([ 3.20053    ,  1.41959    ,  0.969235   ,  0.0680025  ,  0.846516   ,  6.75886    ,  4.17323    ,  1.57071    ])
56      , -42063.3    , array([ 3.20053    ,  1.41959    ,  0.969235   ,  0.0614654  ,  0.228482   ,  6.75886    ,  4.17323    ,  1.57071    ])
64      , -17170.8    , array([ 3.20053    ,  1.41959    ,  0.969235   ,  0.0614654  ,  0.89661    ,  6.75886    ,  4.17323    ,  1.57071    ])
72      , -15810.3    , array([ 3.20053    ,  1.41959    ,  0.969235   ,  0.0614654  ,  0.89661    ,  2.9606     ,  4.17323    ,  1.57071    ])
80      , -16506.2    , array([ 3.20053    ,  1.41959    ,  0.969235   ,  0.0614654  ,  0.89661    ,  3.59536    ,  2.5552     ,  1.57071    ])
88      , -15182.7    , array([ 3.20053    ,  1.41959    ,  0.969235   ,  0.0614654  ,  0.89661    ,  3.59536    ,  4.37504    ,  2.57071    ])
96      , -15177.9    , array([ 3.20053    ,  1.41959    ,  0.969235   ,  0.0614654  ,  0.89661    ,  3.59536    ,  4.37504    ,  2.42026    ])
104     , -15177.9    , array([ 3.20053    ,  1.41959    ,  0.969235   ,  0.0614654  ,  0.89661    ,  3.59536    ,  4.37504    ,  2.42026    ])
112     , -15173      , array([ 3.27766    ,  1.41959    ,  0.969235   ,  0.0614654  ,  0.89661    ,  3.59536    ,  4.37504    ,  2.42026    ])
120     , -14720.4    , array([ 3.27766    ,  1.07483    ,  0.969235   ,  0.0614654  ,  0.89661    ,  3.59536    ,  4.37504    ,  2.42026    ])
128     , -14713.3    , array([ 3.27766    ,  1.10744    ,  0.969235   ,  0.0614654  ,  0.89661    ,  3.59536    ,  4.37504    ,  2.42026    ])
136     , -14491.1    , array([ 3.27766    ,  1.10744    ,  1.17404    ,  0.0614654  ,  0.89661    ,  3.59536    ,  4.37504    ,  2.42026    ])
152     , -14469.5    , array([ 3.27766    ,  1.10744    ,  1.17201    ,  0.0328917  ,  0.89661    ,  3.59536    ,  4.37504    ,  2.42026    ])
160     , -14449.1    , array([ 3.27766    ,  1.10744    ,  1.17201    ,  0.0328917  ,  0.86477    ,  3.59536    ,  4.37504    ,  2.42026    ])
168     , -14448.9    , array([ 3.27766    ,  1.10744    ,  1.17201    ,  0.0328917  ,  0.860435   ,  3.59536    ,  4.37504    ,  2.42026    ])
176     , -14435.5    , array([ 3.27766    ,  1.10744    ,  1.17201    ,  0.0328917  ,  0.860435   ,  3.79797    ,  4.37504    ,  2.42026    ])
184     , -14428.9    , array([ 3.27766    ,  1.10744    ,  1.17201    ,  0.0328917  ,  0.860435   ,  3.80002    ,  4.20316    ,  2.42026    ])
192     , -14428.9    , array([ 3.27766    ,  1.10744    ,  1.17201    ,  0.0328917  ,  0.860435   ,  3.80002    ,  4.19029    ,  2.42026    ])
200     , -14424.1    , array([ 3.27766    ,  1.10744    ,  1.17201    ,  0.0328917  ,  0.860435   ,  3.80002    ,  4.19029    ,  2.57432    ])
208     , -14865.5    , array([ 2.65963    ,  1.10744    ,  1.17201    ,  0.0328917  ,  0.860435   ,  3.80002    ,  4.19029    ,  2.57795    ])
216     , -14422.4    , array([ 3.31987    ,  1.10744    ,  1.17201    ,  0.0328917  ,  0.860435   ,  3.80002    ,  4.19029    ,  2.57795    ])
224     , -14412.9    , array([ 3.31987    ,  1.07248    ,  1.17201    ,  0.0328917  ,  0.860435   ,  3.80002    ,  4.19029    ,  2.57795    ])
232     , -14412.9    , array([ 3.31987    ,  1.07006    ,  1.17201    ,  0.0328917  ,  0.860435   ,  3.80002    ,  4.19029    ,  2.57795    ])
240     , -14404.8    , array([ 3.31987    ,  1.07006    ,  1.21691    ,  0.0328917  ,  0.860435   ,  3.80002    ,  4.19029    ,  2.57795    ])
248     , -14450.1    , array([ 3.31987    ,  1.07006    ,  1.21736    ,  0.00824346 ,  0.860435   ,  3.80002    ,  4.19029    ,  2.57795    ])
264     , -14377.4    , array([ 3.31987    ,  1.07006    ,  1.21736    ,  0.0522285  ,  0.827813   ,  3.80002    ,  4.19029    ,  2.57795    ])
272     , -14423.9    , array([ 3.31987    ,  1.07006    ,  1.21736    ,  0.0522285  ,  0.827813   ,  4.18199    ,  4.19029    ,  2.57795    ])
280     , -14377.4    , array([ 3.31987    ,  1.07006    ,  1.21736    ,  0.0522285  ,  0.827813   ,  3.80246    ,  4.19029    ,  2.57795    ])
288     , -14377.3    , array([ 3.31987    ,  1.07006    ,  1.21736    ,  0.0522285  ,  0.827813   ,  3.80147    ,  4.19029    ,  2.57795    ])
296     , -14377.3    , array([ 3.31987    ,  1.07006    ,  1.21736    ,  0.0522285  ,  0.827813   ,  3.80147    ,  4.18523    ,  2.57795    ])
304     , -14396.3    , array([ 3.31987    ,  1.07006    ,  1.21736    ,  0.0522285  ,  0.827813   ,  3.80147    ,  4.18523    ,  2.95992    ])
312     , -14377.4    , array([ 3.31987    ,  1.07006    ,  1.21736    ,  0.0522285  ,  0.827813   ,  3.80147    ,  4.18523    ,  2.57686    ])
320     , -14377.3    , array([ 3.31987    ,  1.07006    ,  1.21736    ,  0.0522285  ,  0.827813   ,  3.80147    ,  4.18523    ,  2.57795    ])
328     , -14377.3    , array([ 3.31987    ,  1.07006    ,  1.21736    ,  0.0522285  ,  0.827813   ,  3.80147    ,  4.18523    ,  2.57795    ])
336     , -14323.8    , array([ 3.4204     ,  0.98101    ,  1.32539    ,  0.0982881  ,  0.750108   ,  3.80491    ,  4.17317    ,  2.57795    ])
344     , -14574.3    , array([ 2.80886    ,  0.975251   ,  1.33237    ,  0.101267   ,  0.745082   ,  3.80513    ,  4.17239    ,  2.57795    ])
352     , -17526.8    , array([ 3.32572    ,  1.97525    ,  1.33237    ,  0.101267   ,  0.745082   ,  3.80513    ,  4.17239    ,  2.57795    ])
360     , -14302.8    , array([ 3.32572    ,  1.01396    ,  1.33237    ,  0.101267   ,  0.745082   ,  3.80513    ,  4.17239    ,  2.57795    ])
368     , -14590.3    , array([ 3.32572    ,  1.01396    ,  1.71434    ,  0.101267   ,  0.745082   ,  3.80513    ,  4.17239    ,  2.57795    ])
376     , -22930.7    , array([ 3.32572    ,  1.01396    ,  1.33746    ,  1.10127    ,  0.745082   ,  3.80513    ,  4.17239    ,  2.57795    ])
384     , -14362.1    , array([ 3.32572    ,  1.01396    ,  1.33746    ,  0.200368   ,  0.745082   ,  3.80513    ,  4.17239    ,  2.57795    ])
392     , -14400.3    , array([ 3.32572    ,  1.01396    ,  1.33746    ,  0.136984   ,  0.745082   ,  3.80513    ,  4.17239    ,  1.95992    ])
400     , -14267.7    , array([ 3.32572    ,  1.01396    ,  1.33746    ,  0.136984   ,  0.745082   ,  3.80513    ,  4.17239    ,  2.52352    ])
408     , -14372      , array([ 3.32572    ,  1.01396    ,  1.33746    ,  0.136984   ,  0.745082   ,  3.18709    ,  4.17239    ,  2.52283    ])
416     , -14263.6    , array([ 3.32572    ,  1.01396    ,  1.33746    ,  0.136984   ,  0.745082   ,  3.68725    ,  4.17239    ,  2.52283    ])
424     , -14261.9    , array([ 3.32572    ,  1.01396    ,  1.33746    ,  0.136984   ,  0.745082   ,  3.68725    ,  4.26427    ,  2.52283    ])
432     , -14212.7    , array([ 3.41986    ,  0.930579   ,  1.43862    ,  0.180115   ,  0.672319   ,  3.69047    ,  4.25298    ,  2.52283    ])
440     , -14447.2    , array([ 2.80282    ,  0.929696   ,  1.43969    ,  0.180571   ,  0.671549   ,  3.69051    ,  4.25286    ,  2.52283    ])
448     , -17836.1    , array([ 3.30409    ,  1.9297     ,  1.43969    ,  0.180571   ,  0.671549   ,  3.69051    ,  4.25286    ,  2.52283    ])
456     , -14192.4    , array([ 3.30409    ,  0.961224   ,  1.43969    ,  0.180571   ,  0.671549   ,  3.69051    ,  4.25286    ,  2.52283    ])
464     , -14470.2    , array([ 3.30409    ,  0.96154    ,  1.82166    ,  0.180571   ,  0.671549   ,  3.69051    ,  4.25286    ,  2.52283    ])
472     , -22763.6    , array([ 3.30409    ,  0.96154    ,  1.42167    ,  1.18057    ,  0.671549   ,  3.69051    ,  4.25286    ,  2.52283    ])
480     , -14280.3    , array([ 3.30409    ,  0.96154    ,  1.42167    ,  0.272416   ,  0.671549   ,  3.69051    ,  4.25286    ,  2.52283    ])
488     , -14331.9    , array([ 3.30409    ,  0.96154    ,  1.42167    ,  0.204344   ,  0.671549   ,  3.69051    ,  4.25286    ,  1.90479    ])
496     , -14176.6    , array([ 3.30409    ,  0.96154    ,  1.42167    ,  0.204344   ,  0.671549   ,  3.69051    ,  4.25286    ,  2.4631     ])
504     , -14223.7    , array([ 3.30409    ,  0.96154    ,  1.42167    ,  0.204344   ,  0.671549   ,  4.07247    ,  4.25286    ,  2.46583    ])
512     , -14176.5    , array([ 3.30409    ,  0.96154    ,  1.42167    ,  0.204344   ,  0.671549   ,  3.68984    ,  4.25286    ,  2.46583    ])
520     , -14176.5    , array([ 3.30409    ,  0.96154    ,  1.42167    ,  0.204344   ,  0.671549   ,  3.69044    ,  4.25286    ,  2.46583    ])
528     , -14258.8    , array([ 3.30409    ,  0.96154    ,  1.42167    ,  0.204344   ,  0.671549   ,  3.69044    ,  3.63483    ,  2.46583    ])
536     , -14576.7    , array([ 3.5843     ,  0.713333   ,  1.72277    ,  0.332728   ,  0.454958   ,  3.70003    ,  4.22908    ,  2.46582    ])
544     , -14086.6    , array([ 3.33221    ,  0.865041   ,  1.55934    ,  0.294501   ,  0.559554   ,  3.69534    ,  4.25514    ,  2.40883    ])
552     , -14013.1    , array([ 3.21302    ,  0.778105   ,  1.72022    ,  0.447693   ,  0.408964   ,  3.70184    ,  4.25819    ,  2.25554    ])
560     , -14123.4    , array([ 3.59499    ,  0.778105   ,  1.72022    ,  0.447693   ,  0.408964   ,  3.70184    ,  4.25819    ,  2.25554    ])
568     , -18823.6    , array([ 3.21324    ,  1.7781     ,  1.72022    ,  0.447693   ,  0.408964   ,  3.70184    ,  4.25819    ,  2.25554    ])
576     , -13993.7    , array([ 3.21324    ,  0.81389    ,  1.72022    ,  0.447693   ,  0.408964   ,  3.70184    ,  4.25819    ,  2.25554    ])
584     , -14139.2    , array([ 3.21324    ,  0.814293   ,  2.10219    ,  0.447693   ,  0.408964   ,  3.70184    ,  4.25819    ,  2.25554    ])
592     , -22082.6    , array([ 3.21324    ,  0.814293   ,  1.74075    ,  1.44769    ,  0.408964   ,  3.70184    ,  4.25819    ,  2.25554    ])
600     , -13990.4    , array([ 3.21324    ,  0.814293   ,  1.74075    ,  0.45873    ,  0.408964   ,  3.70184    ,  4.25819    ,  2.25554    ])
608     , -13995.4    , array([ 3.21324    ,  0.814293   ,  1.74075    ,  0.45887    ,  0.408964   ,  3.70184    ,  4.25819    ,  2.63751    ])
616     , -13983.2    , array([ 3.21324    ,  0.814293   ,  1.74075    ,  0.45887    ,  0.408964   ,  3.70184    ,  4.25819    ,  2.40354    ])
624     , -13983.5    , array([ 3.21324    ,  0.814293   ,  1.74075    ,  0.45887    ,  0.408964   ,  3.76063    ,  4.25819    ,  2.40504    ])
632     , -13983.1    , array([ 3.21324    ,  0.814293   ,  1.74075    ,  0.45887    ,  0.408964   ,  3.72487    ,  4.25819    ,  2.40504    ])
640     , -13982.1    , array([ 3.21324    ,  0.814293   ,  1.74075    ,  0.45887    ,  0.408964   ,  3.72487    ,  4.18874    ,  2.40504    ])
648     , -13971.8    , array([ 3.15078    ,  0.768738   ,  1.82505    ,  0.539143   ,  0.330055   ,  3.72828    ,  4.19034    ,  2.32472    ])
656     , -14506.2    , array([ 4.16665    ,  0.780312   ,  1.80363    ,  0.518749   ,  0.350103   ,  3.72741    ,  4.18994    ,  2.34512    ])
664     , -13966.3    , array([ 3.23318    ,  0.780312   ,  1.80363    ,  0.518749   ,  0.350103   ,  3.72741    ,  4.18994    ,  2.34512    ])
672     , -14281.4    , array([ 3.23318    ,  0.932674   ,  1.80363    ,  0.518749   ,  0.350103   ,  3.72741    ,  4.18994    ,  2.34512    ])
680     , -14649.1    , array([ 3.23318    ,  0.775027   ,  2.80363    ,  0.518749   ,  0.350103   ,  3.72741    ,  4.18994    ,  2.34512    ])
688     , -13965.8    , array([ 3.23318    ,  0.775027   ,  1.81197    ,  0.518749   ,  0.350103   ,  3.72741    ,  4.18994    ,  2.34512    ])
696     , -15915.2    , array([ 3.23318    ,  0.775027   ,  1.81197    ,  0.900715   ,  0.350103   ,  3.72741    ,  4.18994    ,  2.34512    ])
704     , -13965.8    , array([ 3.23318    ,  0.775027   ,  1.81197    ,  0.51788    ,  0.350103   ,  3.72741    ,  4.18994    ,  2.34512    ])
712     , -13962.3    , array([ 3.23318    ,  0.775027   ,  1.81197    ,  0.51788    ,  0.350103   ,  3.72741    ,  4.18994    ,  2.46144    ])
720     , -15683.2    , array([ 3.23318    ,  0.775027   ,  1.81197    ,  0.51788    ,  0.350103   ,  2.10938    ,  4.18994    ,  2.45327    ])
728     , -13960.6    , array([ 3.23318    ,  0.775027   ,  1.81197    ,  0.51788    ,  0.350103   ,  3.77524    ,  4.18994    ,  2.45327    ])
736     , -14030.7    , array([ 3.23318    ,  0.775027   ,  1.81197    ,  0.51788    ,  0.350103   ,  3.80691    ,  3.5719     ,  2.45327    ])
744     , -14143.1    , array([ 3.06967    ,  0.655763   ,  2.03268    ,  0.728037   ,  0.143516   ,  3.81583    ,  4.15151    ,  2.24299    ])
752     , -13957      , array([ 3.21146    ,  0.759183   ,  1.84129    ,  0.545799   ,  0.322658   ,  3.8081     ,  4.14787    ,  2.42534    ])
760     , -14420.2    , array([ 2.59342    ,  0.759183   ,  1.84129    ,  0.545799   ,  0.322658   ,  3.8081     ,  4.14787    ,  2.42534    ])
776     , -13956      , array([ 3.24296    ,  0.756135   ,  1.84129    ,  0.545799   ,  0.322658   ,  3.8081     ,  4.14787    ,  2.42534    ])
784     , -14087.3    , array([ 3.24296    ,  0.756165   ,  2.22326    ,  0.545799   ,  0.322658   ,  3.8081     ,  4.14787    ,  2.42534    ])
792     , -13955.9    , array([ 3.24296    ,  0.756165   ,  1.85082    ,  0.545799   ,  0.322658   ,  3.8081     ,  4.14787    ,  2.42534    ])
800     , -13956.8    , array([ 3.24296    ,  0.756165   ,  1.85082    ,  0.55193    ,  0.322658   ,  3.8081     ,  4.14787    ,  2.42534    ])
808     , -13955.9    , array([ 3.24296    ,  0.756165   ,  1.85082    ,  0.545117   ,  0.322658   ,  3.8081     ,  4.14787    ,  2.42534    ])
816     , -13954.8    , array([ 3.24296    ,  0.756165   ,  1.85082    ,  0.545117   ,  0.322658   ,  3.8081     ,  4.14787    ,  2.48263    ])
824     , -13984.1    , array([ 3.24296    ,  0.756165   ,  1.85082    ,  0.545117   ,  0.322658   ,  4.19006    ,  4.14787    ,  2.48346    ])
832     , -13954.1    , array([ 3.24296    ,  0.756165   ,  1.85082    ,  0.545117   ,  0.322658   ,  3.85145    ,  4.14787    ,  2.48346    ])
840     , -13954      , array([ 3.24296    ,  0.756165   ,  1.85082    ,  0.545117   ,  0.322658   ,  3.85188    ,  4.12531    ,  2.48346    ])
848     , -14016.8    , array([ 3.34402    ,  0.829874   ,  1.71442    ,  0.415233   ,  0.450336   ,  3.84637    ,  4.12364    ,  2.61342    ])
856     , -13953.3    , array([ 3.23297    ,  0.748883   ,  1.8643     ,  0.557949   ,  0.310043   ,  3.85243    ,  4.12649    ,  2.47062    ])
864     , -13951.3    , array([ 3.26478    ,  0.733661   ,  1.8983     ,  0.575905   ,  0.291401   ,  3.91795    ,  4.09489    ,  2.53754    ])
872     , -14060.6    , array([ 3.64642    ,  0.733813   ,  1.89796    ,  0.575725   ,  0.291587   ,  3.91729    ,  4.0952     ,  2.53687    ])
888     , -13951.3    , array([ 3.25689    ,  0.733812   ,  1.89796    ,  0.575725   ,  0.291587   ,  3.91729    ,  4.0952     ,  2.53687    ])
896     , -41011.1    , array([ 3.25689    ,  0.733815   ,  0.279926   ,  0.575725   ,  0.291587   ,  3.91729    ,  4.0952     ,  2.53687    ])
904     , -13951.3    , array([ 3.25689    ,  0.733815   ,  1.90018    ,  0.575725   ,  0.291587   ,  3.91729    ,  4.0952     ,  2.53687    ])
912     , -14514.3    , array([ 3.25689    ,  0.733815   ,  1.90016    ,  0.766693   ,  0.291587   ,  3.91729    ,  4.0952     ,  2.53687    ])
920     , -14234.6    , array([ 3.09338    ,  0.614551   ,  2.12087    ,  0.787009   ,  0.085      ,  3.92621    ,  4.0994     ,  2.32659    ])
928     , -13951.2    , array([ 3.25599    ,  0.733155   ,  1.90138    ,  0.578015   ,  0.290444   ,  3.91734    ,  4.09523    ,  2.5357     ])
936     , -13988.1    , array([ 3.25599    ,  0.733155   ,  1.90138    ,  0.578015   ,  0.290444   ,  4.29931    ,  4.09523    ,  2.5357     ])
944     , -13951.2    , array([ 3.25599    ,  0.733155   ,  1.90138    ,  0.578015   ,  0.290444   ,  3.92064    ,  4.09523    ,  2.5357     ])
952     , -13951.2    , array([ 3.25599    ,  0.733155   ,  1.90138    ,  0.578015   ,  0.290444   ,  3.92064    ,  4.09609    ,  2.5357     ])
960     , -13951.5    , array([ 3.26801    ,  0.727399   ,  1.91424    ,  0.584805   ,  0.283394   ,  3.94542    ,  4.08414    ,  2.56101    ])
