16      , -19582      , array([ 1.01566    ,  0.432422   ,  0.385747   ,  0.070531   ,  2.77483    ,  4.93417    ,  1.83262    ,  2.87396    ])
24      , -18696.3    , array([ 1.22129    ,  0.556323   ,  0.385747   ,  0.070531   ,  2.77483    ,  4.93417    ,  1.83262    ,  2.87396    ])
40      , -18541.9    , array([ 1.22129    ,  0.534264   ,  0.446373   ,  0.070531   ,  2.77483    ,  4.93417    ,  1.83262    ,  2.87396    ])
48      , -18948.7    , array([ 1.22129    ,  0.534264   ,  0.445773   ,  0.261506   ,  2.77483    ,  4.93417    ,  1.83262    ,  2.87396    ])
56      , -18466.6    , array([ 1.22129    ,  0.534264   ,  0.445773   ,  0.00667233 ,  2.77483    ,  4.93417    ,  1.83262    ,  2.87396    ])
64      , -18461.2    , array([ 1.22129    ,  0.534264   ,  0.445773   ,  0.00046109 ,  2.77483    ,  4.93417    ,  1.83262    ,  2.87396    ])
72      , -15971.8    , array([ 1.22129    ,  0.534264   ,  0.445773   ,  0.00046109 ,  2.1568     ,  7.5522     ,  1.83262    ,  2.87396    ])
80      , -15871.5    , array([ 1.22129    ,  0.534264   ,  0.445773   ,  0.00046109 ,  2.1568     ,  8.66967    ,  1.83262    ,  2.87396    ])
88      , -15200      , array([ 1.22129    ,  0.534264   ,  0.445773   ,  0.00046109 ,  2.1568     ,  8.63232    ,  0.214583   ,  2.87396    ])
112     , -13565      , array([ 1.22129    ,  0.534264   ,  0.445773   ,  0.00046109 ,  2.1568     ,  8.63232    ,  0.0184444  ,  0.2003     ])
120     , -18957.8    , array([ 0.603252   ,  0.534264   ,  0.445773   ,  0.00046109 ,  2.1568     ,  8.63232    ,  0.0184444  ,  0.287612   ])
128     , -13199.2    , array([ 1.34829    ,  0.534264   ,  0.445773   ,  0.00046109 ,  2.1568     ,  8.63232    ,  0.0184444  ,  0.287612   ])
136     , -12703.5    , array([ 1.34829    ,  0.444239   ,  0.445773   ,  0.00046109 ,  2.1568     ,  8.63232    ,  0.0184444  ,  0.287612   ])
144     , -17525.3    , array([ 1.34829    ,  0.408314   ,  1.44577    ,  0.00046109 ,  2.1568     ,  8.63232    ,  0.0184444  ,  0.287612   ])
152     , -12647.4    , array([ 1.34829    ,  0.408314   ,  0.44225    ,  0.00046109 ,  2.1568     ,  8.63232    ,  0.0184444  ,  0.287612   ])
160     , -12644.5    , array([ 1.34829    ,  0.408314   ,  0.452108   ,  0.00046109 ,  2.1568     ,  8.63232    ,  0.0184444  ,  0.287612   ])
176     , -12644.4    , array([ 1.34829    ,  0.408314   ,  0.452108   ,  8.34989e-06,  2.1568     ,  8.63232    ,  0.0184444  ,  0.287612   ])
184     , -12644.4    , array([ 1.34829    ,  0.408314   ,  0.452108   ,  1.7987e-05 ,  2.1568     ,  8.63232    ,  0.0184444  ,  0.287612   ])
192     , -13150.1    , array([ 1.34829    ,  0.408314   ,  0.452108   ,  2.39381e-06,  2.53877    ,  8.63232    ,  0.0184444  ,  0.287612   ])
208     , -12398      , array([ 1.34829    ,  0.408314   ,  0.452108   ,  2.39381e-06,  1.88048    ,  9.9344     ,  0.0184444  ,  0.287612   ])
232     , -14725.9    , array([ 1.34829    ,  0.408314   ,  0.452108   ,  2.39381e-06,  1.88048    ,  9.97521    ,  0.00736821 ,  1.28761    ])
240     , -12311.7    , array([ 1.34829    ,  0.408314   ,  0.452108   ,  2.39381e-06,  1.88048    ,  9.97521    ,  0.00736821 ,  0.261756   ])
248     , -13695      , array([ 2.34829    ,  0.408314   ,  0.452108   ,  2.39381e-06,  1.88048    ,  9.97521    ,  0.00736821 ,  0.241892   ])
256     , -12287.6    , array([ 1.37797    ,  0.408314   ,  0.452108   ,  2.39381e-06,  1.88048    ,  9.97521    ,  0.00736821 ,  0.241892   ])
264     , -15784.1    , array([ 1.37797    ,  0.79028    ,  0.452108   ,  2.39381e-06,  1.88048    ,  9.97521    ,  0.00736821 ,  0.241892   ])
272     , -12217.5    , array([ 1.37797    ,  0.371666   ,  0.452108   ,  2.39381e-06,  1.88048    ,  9.97521    ,  0.00736821 ,  0.241892   ])
280     , -12758      , array([ 1.37797    ,  0.371296   ,  0.643078   ,  2.39381e-06,  1.88048    ,  9.97521    ,  0.00736821 ,  0.241892   ])
288     , -12216.2    , array([ 1.37797    ,  0.371296   ,  0.458943   ,  2.39381e-06,  1.88048    ,  9.97521    ,  0.00736821 ,  0.241892   ])
296     , -12235.4    , array([ 1.37797    ,  0.371296   ,  0.458943   ,  0.0729503  ,  1.88048    ,  9.97521    ,  0.00736821 ,  0.241892   ])
304     , -12216.3    , array([ 1.37797    ,  0.371296   ,  0.458943   ,  0.00155518 ,  1.88048    ,  9.97521    ,  0.00736821 ,  0.241892   ])
312     , -12216.2    , array([ 1.37797    ,  0.371296   ,  0.458943   ,  3.54468e-05,  1.88048    ,  9.97521    ,  0.00736821 ,  0.241892   ])
320     , -12216.2    , array([ 1.37797    ,  0.371296   ,  0.458943   ,  7.42991e-07,  1.88048    ,  9.97521    ,  0.00736821 ,  0.241892   ])
328     , -12216.2    , array([ 1.37797    ,  0.371296   ,  0.458943   ,  2.0438e-08 ,  1.88048    ,  9.97521    ,  0.00736821 ,  0.241892   ])
336     , -12163.6    , array([ 1.37797    ,  0.371296   ,  0.458943   ,  2.0438e-08 ,  1.69285    ,  9.97521    ,  0.00736821 ,  0.241892   ])
352     , -12162.9    , array([ 1.37797    ,  0.371296   ,  0.458943   ,  2.0438e-08 ,  1.69473    ,  9.98836    ,  0.00736821 ,  0.241892   ])
360     , -12162.3    , array([ 1.37797    ,  0.371296   ,  0.458943   ,  2.0438e-08 ,  1.69473    ,  9.99988    ,  0.00736821 ,  0.241892   ])
376     , -12162.2    , array([ 1.37797    ,  0.371296   ,  0.458943   ,  2.0438e-08 ,  1.69473    ,  9.99988    ,  0.00680861 ,  0.241892   ])
384     , -13469.6    , array([ 1.37797    ,  0.371296   ,  0.458943   ,  2.0438e-08 ,  1.69473    ,  9.99988    ,  0.00680295 ,  0.432857   ])
392     , -12102.9    , array([ 1.37797    ,  0.371296   ,  0.458943   ,  2.0438e-08 ,  1.69473    ,  9.99988    ,  0.00680295 ,  0.214415   ])
400     , -14870.9    , array([ 0.759936   ,  0.371296   ,  0.458943   ,  2.0438e-08 ,  1.69473    ,  9.99988    ,  0.00680295 ,  0.214415   ])
408     , -12101.8    , array([ 1.39711    ,  0.371296   ,  0.458943   ,  2.0438e-08 ,  1.69473    ,  9.99988    ,  0.00680295 ,  0.214415   ])
416     , -21767.1    , array([ 1.39692    ,  0.135228   ,  0.458943   ,  2.0438e-08 ,  1.69473    ,  9.99988    ,  0.00680295 ,  0.214415   ])
424     , -12097.8    , array([ 1.39692    ,  0.363117   ,  0.458943   ,  2.0438e-08 ,  1.69473    ,  9.99988    ,  0.00680295 ,  0.214415   ])
432     , -12121      , array([ 1.39692    ,  0.363117   ,  0.503349   ,  2.0438e-08 ,  1.69473    ,  9.99988    ,  0.00680295 ,  0.214415   ])
448     , -12098.2    , array([ 1.39692    ,  0.363117   ,  0.46915    ,  0.0278637  ,  1.69473    ,  9.99988    ,  0.00680295 ,  0.214415   ])
456     , -12095.2    , array([ 1.39692    ,  0.363117   ,  0.46915    ,  0.000593133,  1.69473    ,  9.99988    ,  0.00680295 ,  0.214415   ])
464     , -12095.2    , array([ 1.39692    ,  0.363117   ,  0.46915    ,  1.26456e-05,  1.69473    ,  9.99988    ,  0.00680295 ,  0.214415   ])
472     , -12095.2    , array([ 1.39692    ,  0.363117   ,  0.46915    ,  2.89179e-07,  1.69473    ,  9.99988    ,  0.00680295 ,  0.214415   ])
480     , -12095.2    , array([ 1.39692    ,  0.363117   ,  0.46915    ,  2.23222e-09,  1.69473    ,  9.99988    ,  0.00680295 ,  0.214415   ])
488     , -12095.2    , array([ 1.39692    ,  0.363117   ,  0.46915    ,  2.03066e-10,  1.69473    ,  9.99988    ,  0.00680295 ,  0.214415   ])
496     , -12051.6    , array([ 1.39692    ,  0.363117   ,  0.46915    ,  2.03066e-10,  1.52188    ,  9.99988    ,  0.00680295 ,  0.214415   ])
536     , -25226.7    , array([ 1.39692    ,  0.363117   ,  0.46915    ,  2.03066e-10,  1.5236     ,  10         ,  0.388769   ,  0.214415   ])
544     , -12047.6    , array([ 1.39692    ,  0.363117   ,  0.46915    ,  2.03066e-10,  1.5236     ,  10         ,  0.0106619  ,  0.214415   ])
560     , -12001.3    , array([ 1.39692    ,  0.363117   ,  0.46915    ,  2.03066e-10,  1.5236     ,  10         ,  0.0101198  ,  0.195209   ])
568     , -13226.1    , array([ 2.39692    ,  0.363117   ,  0.46915    ,  2.03066e-10,  1.5236     ,  10         ,  0.0101198  ,  0.194084   ])
576     , -11999.6    , array([ 1.41942    ,  0.363117   ,  0.46915    ,  2.03066e-10,  1.5236     ,  10         ,  0.0101198  ,  0.194084   ])
584     , -15435.8    , array([ 1.41964    ,  0.745083   ,  0.46915    ,  2.03066e-10,  1.5236     ,  10         ,  0.0101198  ,  0.194084   ])
592     , -11999.1    , array([ 1.41964    ,  0.360205   ,  0.46915    ,  2.03066e-10,  1.5236     ,  10         ,  0.0101198  ,  0.194084   ])
600     , -12433.3    , array([ 1.41964    ,  0.360205   ,  0.660123   ,  2.03066e-10,  1.5236     ,  10         ,  0.0101198  ,  0.194084   ])
608     , -11993.7    , array([ 1.41964    ,  0.360205   ,  0.484473   ,  2.03066e-10,  1.5236     ,  10         ,  0.0101198  ,  0.194084   ])
616     , -12003.2    , array([ 1.41964    ,  0.360205   ,  0.484473   ,  0.0729481  ,  1.5236     ,  10         ,  0.0101198  ,  0.194084   ])
632     , -11961.3    , array([ 1.41964    ,  0.360205   ,  0.484473   ,  0.00923385 ,  1.37512    ,  10         ,  0.0101198  ,  0.194084   ])
696     , -11951.1    , array([ 1.41964    ,  0.360205   ,  0.484473   ,  0.00923385 ,  1.37659    ,  10         ,  0.0145597  ,  0.194084   ])
704     , -13477.8    , array([ 1.41964    ,  0.360205   ,  0.484473   ,  0.00923385 ,  1.37659    ,  10         ,  0.0145597  ,  0.103914   ])
712     , -11912.1    , array([ 1.41964    ,  0.360205   ,  0.484473   ,  0.00923385 ,  1.37659    ,  10         ,  0.0145597  ,  0.177501   ])
720     , -11935.8    , array([ 1.53762    ,  0.360205   ,  0.484473   ,  0.00923385 ,  1.37659    ,  10         ,  0.0145597  ,  0.177334   ])
728     , -21209.2    , array([ 1.43724    ,  1.36021    ,  0.484473   ,  0.00923385 ,  1.37659    ,  10         ,  0.0145597  ,  0.177334   ])
736     , -11968.1    , array([ 1.43724    ,  0.389068   ,  0.484473   ,  0.00923385 ,  1.37659    ,  10         ,  0.0145597  ,  0.177334   ])
752     , -11904.7    , array([ 1.43724    ,  0.358041   ,  0.502332   ,  0.00923385 ,  1.37659    ,  10         ,  0.0145597  ,  0.177334   ])
768     , -11903.1    , array([ 1.43724    ,  0.358041   ,  0.50178    ,  0.0349619  ,  1.37659    ,  10         ,  0.0145597  ,  0.177334   ])
776     , -11877.4    , array([ 1.43724    ,  0.358041   ,  0.50178    ,  0.0349619  ,  1.24611    ,  10         ,  0.0145597  ,  0.177334   ])
832     , -11877.4    , array([ 1.43724    ,  0.358041   ,  0.50178    ,  0.0349619  ,  1.24611    ,  10         ,  0.0145597  ,  0.177334   ])
840     , -31015.5    , array([ 1.43724    ,  0.358041   ,  0.50178    ,  0.0349619  ,  1.24611    ,  10         ,  0.396526   ,  0.177334   ])
848     , -11863.1    , array([ 1.43724    ,  0.358041   ,  0.50178    ,  0.0349619  ,  1.24611    ,  10         ,  0.0200057  ,  0.177334   ])
856     , -11862.7    , array([ 1.43724    ,  0.358041   ,  0.50178    ,  0.0349619  ,  1.24611    ,  10         ,  0.0192954  ,  0.177334   ])
864     , -11911.9    , array([ 1.43724    ,  0.358041   ,  0.50178    ,  0.0349619  ,  1.24611    ,  10         ,  0.0192954  ,  0.142892   ])
872     , -12964.5    , array([ 2.43724    ,  0.358041   ,  0.50178    ,  0.0349619  ,  1.24611    ,  10         ,  0.0192954  ,  0.162847   ])
880     , -11828.7    , array([ 1.44773    ,  0.358041   ,  0.50178    ,  0.0349619  ,  1.24611    ,  10         ,  0.0192954  ,  0.162847   ])
888     , -15522      , array([ 1.44783    ,  0.740007   ,  0.50178    ,  0.0349619  ,  1.24611    ,  10         ,  0.0192954  ,  0.162847   ])
896     , -11828.3    , array([ 1.44783    ,  0.355676   ,  0.50178    ,  0.0349619  ,  1.24611    ,  10         ,  0.0192954  ,  0.162847   ])
904     , -12164.1    , array([ 1.44783    ,  0.355676   ,  0.692754   ,  0.0349619  ,  1.24611    ,  10         ,  0.0192954  ,  0.162847   ])
912     , -11821.7    , array([ 1.44783    ,  0.355676   ,  0.520684   ,  0.0349619  ,  1.24611    ,  10         ,  0.0192954  ,  0.162847   ])
920     , -11818.6    , array([ 1.44783    ,  0.355676   ,  0.520684   ,  0.0731437  ,  1.24611    ,  10         ,  0.0192954  ,  0.162847   ])
928     , -12293.8    , array([ 1.44783    ,  0.355676   ,  0.520684   ,  0.071457   ,  0.628072   ,  10         ,  0.0192954  ,  0.162847   ])
944     , -11799.3    , array([ 1.44783    ,  0.355676   ,  0.520684   ,  0.071457   ,  1.1322     ,  9.95492    ,  0.0192954  ,  0.162847   ])
952     , -11798.8    , array([ 1.44783    ,  0.355676   ,  0.520684   ,  0.071457   ,  1.1322     ,  9.99904    ,  0.0192954  ,  0.162847   ])
960     , -11798.8    , array([ 1.44783    ,  0.355676   ,  0.520684   ,  0.071457   ,  1.1322     ,  9.99998    ,  0.0192954  ,  0.162847   ])
968     , -11798.8    , array([ 1.44783    ,  0.355676   ,  0.520684   ,  0.071457   ,  1.1322     ,  10         ,  0.0192954  ,  0.162847   ])
976     , -11798.8    , array([ 1.44783    ,  0.355676   ,  0.520684   ,  0.071457   ,  1.1322     ,  10         ,  0.0192954  ,  0.162847   ])
984     , -11798.8    , array([ 1.44783    ,  0.355676   ,  0.520684   ,  0.071457   ,  1.1322     ,  10         ,  0.0192954  ,  0.162847   ])
992     , -11798.8    , array([ 1.44783    ,  0.355676   ,  0.520684   ,  0.071457   ,  1.1322     ,  10         ,  0.0192954  ,  0.162847   ])
1008    , -11781.6    , array([ 1.44783    ,  0.355676   ,  0.520684   ,  0.071457   ,  1.1322     ,  10         ,  0.023964   ,  0.162847   ])
1016    , -14332.9    , array([ 1.44783    ,  0.355676   ,  0.520684   ,  0.071457   ,  1.1322     ,  10         ,  0.023964   ,  0.353793   ])
1024    , -11752.4    , array([ 1.44783    ,  0.355676   ,  0.520684   ,  0.071457   ,  1.1322     ,  10         ,  0.023964   ,  0.150467   ])
1032    , -13858.2    , array([ 0.8298     ,  0.355676   ,  0.520684   ,  0.071457   ,  1.1322     ,  10         ,  0.023964   ,  0.150052   ])
1040    , -11752.3    , array([ 1.45285    ,  0.355676   ,  0.520684   ,  0.071457   ,  1.1322     ,  10         ,  0.023964   ,  0.150052   ])
1048    , -12544.4    , array([ 1.45285    ,  0.265506   ,  0.520684   ,  0.071457   ,  1.1322     ,  10         ,  0.023964   ,  0.150052   ])
1056    , -14675.8    , array([ 1.45285    ,  0.353241   ,  1.52068    ,  0.071457   ,  1.1322     ,  10         ,  0.023964   ,  0.150052   ])
1064    , -11745.5    , array([ 1.45285    ,  0.353241   ,  0.541161   ,  0.071457   ,  1.1322     ,  10         ,  0.023964   ,  0.150052   ])
1080    , -11741.3    , array([ 1.45285    ,  0.353241   ,  0.540531   ,  0.114564   ,  1.1322     ,  10         ,  0.023964   ,  0.150052   ])
1088    , -11730      , array([ 1.45285    ,  0.353241   ,  0.540531   ,  0.114137   ,  1.08097    ,  10         ,  0.023964   ,  0.150052   ])
1096    , -11726.6    , array([ 1.45285    ,  0.353241   ,  0.540531   ,  0.114137   ,  1.03421    ,  10         ,  0.023964   ,  0.150052   ])
1104    , -11726.6    , array([ 1.45285    ,  0.353241   ,  0.540531   ,  0.114137   ,  1.03421    ,  9.97236    ,  0.023964   ,  0.150052   ])
1120    , -11708.6    , array([ 1.45285    ,  0.353241   ,  0.540531   ,  0.114137   ,  1.03421    ,  9.97236    ,  0.0284113  ,  0.150052   ])
1128    , -14407.2    , array([ 1.45285    ,  0.353241   ,  0.540531   ,  0.114137   ,  1.03421    ,  9.97236    ,  0.0284113  ,  0.340995   ])
1136    , -11683.7    , array([ 1.45285    ,  0.353241   ,  0.540531   ,  0.114137   ,  1.03421    ,  9.97236    ,  0.0284113  ,  0.139012   ])
1144    , -11551.2    , array([ 1.46599    ,  0.346866   ,  0.59249    ,  0.225876   ,  0.777671   ,  9.90001    ,  0.0400545  ,  0.108801   ])
1152    , -11537.9    , array([ 1.47047    ,  0.344691   ,  0.610216   ,  0.263997   ,  0.69015    ,  9.87532    ,  0.0440266  ,  0.0986172  ])
1160    , -11537.7    , array([ 1.46258    ,  0.344691   ,  0.610216   ,  0.263997   ,  0.69015    ,  9.87532    ,  0.0440266  ,  0.0986172  ])
1176    , -11532.7    , array([ 1.46126    ,  0.35228    ,  0.610216   ,  0.263997   ,  0.69015    ,  9.87532    ,  0.0440266  ,  0.0986172  ])
1184    , -11934.4    , array([ 1.46126    ,  0.352204   ,  0.992182   ,  0.263997   ,  0.69015    ,  9.87532    ,  0.0440266  ,  0.0986172  ])
1192    , -11514.5    , array([ 1.46126    ,  0.352204   ,  0.657761   ,  0.263997   ,  0.69015    ,  9.87532    ,  0.0440266  ,  0.0986172  ])
1200    , -11509.2    , array([ 1.46126    ,  0.352204   ,  0.657761   ,  0.317109   ,  0.69015    ,  9.87532    ,  0.0440266  ,  0.0986172  ])
1208    , -11509.2    , array([ 1.46126    ,  0.352204   ,  0.657761   ,  0.320386   ,  0.69015    ,  9.87532    ,  0.0440266  ,  0.0986172  ])
1216    , -11509.2    , array([ 1.46126    ,  0.352204   ,  0.657761   ,  0.320386   ,  0.686474   ,  9.87532    ,  0.0440266  ,  0.0986172  ])
1224    , -11475      , array([ 1.46126    ,  0.352204   ,  0.657761   ,  0.320386   ,  0.686474   ,  8.98681    ,  0.0440266  ,  0.0986172  ])
1232    , -26403.6    , array([ 1.46126    ,  0.352204   ,  0.657761   ,  0.320386   ,  0.686474   ,  8.98681    ,  0.234744   ,  0.0986172  ])
1240    , -11453.4    , array([ 1.46126    ,  0.352204   ,  0.657761   ,  0.320386   ,  0.686474   ,  8.98681    ,  0.0480712  ,  0.0986172  ])
1248    , -11550.1    , array([ 1.45037    ,  0.357488   ,  0.614693   ,  0.227767   ,  0.899114   ,  9.04678    ,  0.0382334  ,  0.123359   ])
1256    , -11451.2    , array([ 1.4628     ,  0.351455   ,  0.663863   ,  0.333507   ,  0.65635    ,  8.97831    ,  0.0492514  ,  0.0951121  ])
1264    , -11451.2    , array([ 1.469      ,  0.351455   ,  0.663863   ,  0.333507   ,  0.65635    ,  8.97831    ,  0.0492514  ,  0.0951121  ])
1280    , -11436.9    , array([ 1.46758    ,  0.364163   ,  0.663863   ,  0.333507   ,  0.65635    ,  8.97831    ,  0.0492514  ,  0.0951121  ])
1288    , -11819.2    , array([ 1.46758    ,  0.364345   ,  1.04583    ,  0.333507   ,  0.65635    ,  8.97831    ,  0.0492514  ,  0.0951121  ])
1296    , -11428.8    , array([ 1.46758    ,  0.364345   ,  0.6984     ,  0.333507   ,  0.65635    ,  8.97831    ,  0.0492514  ,  0.0951121  ])
1304    , -11426.5    , array([ 1.46758    ,  0.364345   ,  0.698749   ,  0.364989   ,  0.65635    ,  8.97831    ,  0.0492514  ,  0.0951121  ])
1312    , -11426.4    , array([ 1.46758    ,  0.364345   ,  0.698749   ,  0.371405   ,  0.65635    ,  8.97831    ,  0.0492514  ,  0.0951121  ])
1320    , -11426.4    , array([ 1.46758    ,  0.364345   ,  0.698749   ,  0.371405   ,  0.658992   ,  8.97831    ,  0.0492514  ,  0.0951121  ])
1328    , -11416      , array([ 1.46758    ,  0.364345   ,  0.698749   ,  0.371405   ,  0.658992   ,  8.51427    ,  0.0492514  ,  0.0951121  ])
1336    , -25930.8    , array([ 1.46758    ,  0.364345   ,  0.698749   ,  0.371405   ,  0.658992   ,  8.51427    ,  0.239974   ,  0.0951121  ])
1344    , -11398.3    , array([ 1.46758    ,  0.364345   ,  0.698749   ,  0.371405   ,  0.658992   ,  8.51427    ,  0.0530126  ,  0.0951121  ])
1352    , -11506.9    , array([ 1.45669    ,  0.369629   ,  0.655681   ,  0.278787   ,  0.871633   ,  8.57424    ,  0.0431959  ,  0.119854   ])
1360    , -11356.1    , array([ 1.4749     ,  0.376003   ,  0.743669   ,  0.430882   ,  0.612094   ,  8.03626    ,  0.0586905  ,  0.0893478  ])
1368    , -11309      , array([ 1.489      ,  0.404621   ,  0.836709   ,  0.544403   ,  0.5605     ,  6.938      ,  0.0696947  ,  0.0826276  ])
1376    , -13113.3    , array([ 0.87466    ,  0.412122   ,  0.861096   ,  0.574159   ,  0.546976   ,  6.65013    ,  0.0725791  ,  0.0808662  ])
1384    , -11305.7    , array([ 1.51711    ,  0.412122   ,  0.861096   ,  0.574159   ,  0.546976   ,  6.65013    ,  0.0725791  ,  0.0808662  ])
1392    , -11406.9    , array([ 1.51711    ,  0.458938   ,  0.861096   ,  0.574159   ,  0.546976   ,  6.65013    ,  0.0725791  ,  0.0808662  ])
1408    , -11300.9    , array([ 1.51711    ,  0.417739   ,  0.889482   ,  0.574159   ,  0.546976   ,  6.65013    ,  0.0725791  ,  0.0808662  ])
1424    , -11300.8    , array([ 1.51711    ,  0.417739   ,  0.889863   ,  0.564989   ,  0.546976   ,  6.65013    ,  0.0725791  ,  0.0808662  ])
1432    , -11287.1    , array([ 1.51711    ,  0.417739   ,  0.889863   ,  0.564989   ,  0.642329   ,  6.65013    ,  0.0725791  ,  0.0808662  ])
1440    , -11308.3    , array([ 1.51711    ,  0.417739   ,  0.889863   ,  0.564989   ,  0.639827   ,  6.0321     ,  0.0725791  ,  0.0808662  ])
1448    , -12267.1    , array([ 1.53473    ,  0.409188   ,  0.959548   ,  0.714849   ,  0.295767   ,  6.50925    ,  0.0881945  ,  0.0408329  ])
1456    , -11276      , array([ 1.51937    ,  0.416642   ,  0.8988     ,  0.584209   ,  0.5957     ,  6.59384    ,  0.0745818  ,  0.0757318  ])
1464    , -11274.5    , array([ 1.5226     ,  0.423182   ,  0.920062   ,  0.610151   ,  0.58391    ,  6.34287    ,  0.0770965  ,  0.0741961  ])
1472    , -11274.5    , array([ 1.52268    ,  0.423349   ,  0.920605   ,  0.610814   ,  0.583609   ,  6.33645    ,  0.0771608  ,  0.0741569  ])
1480    , -11273.7    , array([ 1.50201    ,  0.423349   ,  0.920605   ,  0.610814   ,  0.583609   ,  6.33645    ,  0.0771608  ,  0.0741569  ])
1488    , -15059.8    , array([ 1.50222    ,  0.250922   ,  0.920605   ,  0.610814   ,  0.583609   ,  6.33645    ,  0.0771608  ,  0.0741569  ])
1496    , -11273.7    , array([ 1.50222    ,  0.422742   ,  0.920605   ,  0.610814   ,  0.583609   ,  6.33645    ,  0.0771608  ,  0.0741569  ])
1504    , -11273.9    , array([ 1.50222    ,  0.422742   ,  0.927211   ,  0.610814   ,  0.583609   ,  6.33645    ,  0.0771608  ,  0.0741569  ])
1512    , -11273.6    , array([ 1.50222    ,  0.422742   ,  0.917411   ,  0.610814   ,  0.583609   ,  6.33645    ,  0.0771608  ,  0.0741569  ])
1520    , -11272.9    , array([ 1.50222    ,  0.422742   ,  0.917411   ,  0.588367   ,  0.583609   ,  6.33645    ,  0.0771608  ,  0.0741569  ])
1528    , -11258.3    , array([ 1.50222    ,  0.422742   ,  0.917411   ,  0.588367   ,  0.685186   ,  6.33645    ,  0.0771608  ,  0.0741569  ])
1536    , -11272.2    , array([ 1.50222    ,  0.422742   ,  0.917411   ,  0.588367   ,  0.683834   ,  5.71842    ,  0.0771608  ,  0.0741569  ])
1544    , -12748.1    , array([ 1.51984    ,  0.414191   ,  0.987097   ,  0.738227   ,  0.339775   ,  6.11102    ,  0.0927761  ,  0.0341236  ])
1552    , -11251.9    , array([ 1.50366    ,  0.422041   ,  0.923127   ,  0.600659   ,  0.655615   ,  6.2001     ,  0.0784415  ,  0.0708733  ])
1560    , -11292.3    , array([ 1.4889     ,  0.392147   ,  0.82577    ,  0.481757   ,  0.710134   ,  7.34805    ,  0.0669139  ,  0.0779662  ])
1568    , -11234.2    , array([ 1.49074    ,  0.433252   ,  0.966014   ,  0.639529   ,  0.706299   ,  5.58474    ,  0.0844709  ,  0.064796   ])
1576    , -11226.5    , array([ 1.47248    ,  0.438915   ,  0.991977   ,  0.655947   ,  0.776446   ,  5.15496    ,  0.0886504  ,  0.059444   ])
1584    , -11226.5    , array([ 1.47569    ,  0.438915   ,  0.991977   ,  0.655947   ,  0.776446   ,  5.15496    ,  0.0886504  ,  0.059444   ])
1600    , -11223.6    , array([ 1.47433    ,  0.445546   ,  0.991977   ,  0.655947   ,  0.776446   ,  5.15496    ,  0.0886504  ,  0.059444   ])
1608    , -11408.8    , array([ 1.47433    ,  0.445613   ,  1.37394    ,  0.655947   ,  0.776446   ,  5.15496    ,  0.0886504  ,  0.059444   ])
1616    , -11221.7    , array([ 1.47433    ,  0.445613   ,  0.959906   ,  0.655947   ,  0.776446   ,  5.15496    ,  0.0886504  ,  0.059444   ])
1624    , -11277.5    , array([ 1.47433    ,  0.445613   ,  0.959906   ,  0.373699   ,  0.776446   ,  5.15496    ,  0.0886504  ,  0.059444   ])
1632    , -11238.7    , array([ 1.45959    ,  0.415704   ,  0.862671   ,  0.472898   ,  0.830367   ,  6.30274    ,  0.0771499  ,  0.0664672  ])
1640    , -11286.8    , array([ 1.4718     ,  0.440476   ,  0.943207   ,  0.571163   ,  0.785706   ,  6.35208    ,  0.0866753  ,  0.0606502  ])
1648    , -11212.4    , array([ 1.4718     ,  0.440476   ,  0.943207   ,  0.571163   ,  0.785706   ,  5.09275    ,  0.0866753  ,  0.0606502  ])
1656    , -11211.4    , array([ 1.47117    ,  0.440778   ,  0.940748   ,  0.565874   ,  0.797847   ,  5.09875    ,  0.0861243  ,  0.0620629  ])
1664    , -11211.3    , array([ 1.47132    ,  0.440708   ,  0.941321   ,  0.567106   ,  0.795019   ,  5.09795    ,  0.0862526  ,  0.0617338  ])
1672    , -11206.9    , array([ 1.45768    ,  0.444937   ,  0.960713   ,  0.579369   ,  0.847415   ,  4.77693    ,  0.0893744  ,  0.0577362  ])
1680    , -11206.4    , array([ 1.47504    ,  0.444937   ,  0.960713   ,  0.579369   ,  0.847415   ,  4.77693    ,  0.0893744  ,  0.0577362  ])
1688    , -11206.4    , array([ 1.47351    ,  0.444937   ,  0.960713   ,  0.579369   ,  0.847415   ,  4.77693    ,  0.0893744  ,  0.0577362  ])
1696    , -11199.5    , array([ 1.47351    ,  0.455273   ,  0.960713   ,  0.579369   ,  0.847415   ,  4.77693    ,  0.0893744  ,  0.0577362  ])
1704    , -11378.8    , array([ 1.47351    ,  0.455377   ,  1.34268    ,  0.579369   ,  0.847415   ,  4.77693    ,  0.0893744  ,  0.0577362  ])
1712    , -11199.3    , array([ 1.47351    ,  0.455377   ,  0.949109   ,  0.579369   ,  0.847415   ,  4.77693    ,  0.0893744  ,  0.0577362  ])
1720    , -11197.6    , array([ 1.47351    ,  0.455377   ,  0.948992   ,  0.509522   ,  0.847415   ,  4.77693    ,  0.0893744  ,  0.0577362  ])
1728    , -11196.9    , array([ 1.47351    ,  0.455377   ,  0.948992   ,  0.534045   ,  0.847415   ,  4.77693    ,  0.0893744  ,  0.0577362  ])
1736    , -11196.7    , array([ 1.47445    ,  0.457273   ,  0.955156   ,  0.541566   ,  0.843996   ,  4.70416    ,  0.0901035  ,  0.057291   ])
1744    , -11195.3    , array([ 1.47445    ,  0.457273   ,  0.955156   ,  0.541566   ,  0.843996   ,  4.53984    ,  0.0901035  ,  0.057291   ])
1752    , -11563.2    , array([ 1.48118    ,  0.454007   ,  0.981773   ,  0.598807   ,  0.712577   ,  4.50278    ,  0.096068   ,  0.0419996  ])
1760    , -11264.3    , array([ 1.52957    ,  0.440223   ,  0.875399   ,  0.489595   ,  0.636232   ,  5.8448     ,  0.0772003  ,  0.0741048  ])
1768    , -11184.6    , array([ 1.4751     ,  0.474694   ,  0.969752   ,  0.513436   ,  0.910484   ,  3.93846    ,  0.0939493  ,  0.0534363  ])
1776    , -11181.6    , array([ 1.48398    ,  0.489861   ,  0.97436    ,  0.479829   ,  0.942632   ,  3.51108    ,  0.0962812  ,  0.0512446  ])
1784    , -11200.2    , array([ 1.59854    ,  0.490165   ,  0.974452   ,  0.479157   ,  0.943275   ,  3.50253    ,  0.0963279  ,  0.0512007  ])
1792    , -11254.5    , array([ 1.55203    ,  0.472991   ,  0.895707   ,  0.429361   ,  0.730517   ,  4.80608    ,  0.0836513  ,  0.0674335  ])
1800    , -11181.1    , array([ 1.49787    ,  0.489785   ,  0.972712   ,  0.478056   ,  0.938574   ,  3.53133    ,  0.0960478  ,  0.0515594  ])
1808    , -11214.2    , array([ 1.49863    ,  0.489551   ,  1.12843    ,  0.477376   ,  0.935668   ,  3.54914    ,  0.0958747  ,  0.0517811  ])
1816    , -11181      , array([ 1.49863    ,  0.489551   ,  0.977848   ,  0.477376   ,  0.935668   ,  3.54914    ,  0.0958747  ,  0.0517811  ])
1824    , -11181      , array([ 1.49863    ,  0.489551   ,  0.977848   ,  0.479925   ,  0.935668   ,  3.54914    ,  0.0958747  ,  0.0517811  ])
1832    , -11224      , array([ 1.48389    ,  0.459642   ,  0.880613   ,  0.360663   ,  0.989589   ,  4.69692    ,  0.0843742  ,  0.0588043  ])
1840    , -11237.2    , array([ 1.49873    ,  0.489768   ,  0.978554   ,  0.480165   ,  0.935277   ,  4.5408     ,  0.0959582  ,  0.0517301  ])
1848    , -11180.5    , array([ 1.49873    ,  0.489768   ,  0.978554   ,  0.480165   ,  0.935277   ,  3.43794    ,  0.0959582  ,  0.0517301  ])
1856    , -11200.2    , array([ 1.49709    ,  0.490567   ,  0.972042   ,  0.466159   ,  0.967432   ,  3.44597    ,  0.0944988  ,  0.0554716  ])
1864    , -11211.1    , array([ 1.46993    ,  0.440686   ,  0.963435   ,  0.588536   ,  0.832197   ,  4.82087    ,  0.088363   ,  0.0589426  ])
1872    , -11192.9    , array([ 1.5346     ,  0.525972   ,  0.993354   ,  0.399315   ,  1.00675    ,  2.34193    ,  0.101117   ,  0.0472108  ])
1880    , -11181.5    , array([ 1.47321    ,  0.492893   ,  0.979293   ,  0.472859   ,  0.94285    ,  3.34981    ,  0.0963895  ,  0.0513985  ])
1888    , -11180.3    , array([ 1.4975     ,  0.492893   ,  0.979293   ,  0.472859   ,  0.94285    ,  3.34981    ,  0.0963895  ,  0.0513985  ])
1896    , -11180.1    , array([ 1.49569    ,  0.493456   ,  0.981873   ,  0.47449    ,  0.949821   ,  3.3071     ,  0.0968048  ,  0.0508667  ])
1904    , -11186.1    , array([ 1.49567    ,  0.493462   ,  0.932492   ,  0.474507   ,  0.949891   ,  3.30667    ,  0.096809   ,  0.0508613  ])
1920    , -11180      , array([ 1.49567    ,  0.493462   ,  0.987593   ,  0.481035   ,  0.949891   ,  3.30667    ,  0.096809   ,  0.0508613  ])
1928    , -11180.3    , array([ 1.49473    ,  0.491553   ,  0.981388   ,  0.4734     ,  0.953332   ,  3.37991    ,  0.0960751  ,  0.0513095  ])
1936    , -11180      , array([ 1.49587    ,  0.493857   ,  0.988879   ,  0.48254    ,  0.949178   ,  3.29149    ,  0.0969611  ,  0.0507684  ])
1944    , -11179.8    , array([ 1.49587    ,  0.493857   ,  0.988879   ,  0.48254    ,  0.949178   ,  3.22323    ,  0.0969611  ,  0.0507684  ])
1952    , -11179.8    , array([ 1.49583    ,  0.493877   ,  0.988723   ,  0.482204   ,  0.949948   ,  3.22345    ,  0.0969262  ,  0.0508581  ])
1960    , -11184      , array([ 1.48484    ,  0.475122   ,  0.983004   ,  0.523719   ,  0.910299   ,  3.752      ,  0.0940376  ,  0.0535808  ])
