5       , -1311.41    , array([ 0.98237    ,  0.0984968  ,  5.11173    ,  2.58612    ,  0.0494565  ])
10      , -1311.42    , array([ 0.997948   ,  0.0984968  ,  5.11173    ,  2.58612    ,  0.0494565  ])
15      , -40600.4    , array([ 0.989786   ,  1.0985     ,  5.11173    ,  2.58612    ,  0.0494565  ])
20      , -14172.2    , array([ 0.989786   ,  0.289289   ,  5.11173    ,  2.58612    ,  0.0494565  ])
25      , -1579.62    , array([ 0.989786   ,  0.113298   ,  5.11173    ,  2.58612    ,  0.0494565  ])
30      , -1311.35    , array([ 0.989786   ,  0.0984829  ,  5.11173    ,  2.58612    ,  0.0494565  ])
35      , -1311.35    , array([ 0.989786   ,  0.098483   ,  5.11173    ,  2.58612    ,  0.0494565  ])
40      , -1311.18    , array([ 0.989786   ,  0.098483   ,  5.03872    ,  2.58612    ,  0.0494565  ])
45      , -1311.18    , array([ 0.989786   ,  0.098483   ,  5.03872    ,  2.58612    ,  0.0494565  ])
50      , -1311.18    , array([ 0.989786   ,  0.098483   ,  5.03872    ,  2.5917     ,  0.0494565  ])
55      , -1311.18    , array([ 0.989786   ,  0.098483   ,  5.03872    ,  2.5917     ,  0.0494565  ])
65      , -1372.23    , array([ 0.989786   ,  0.098483   ,  5.03872    ,  2.5917     ,  0.0544221  ])
70      , -1311.18    , array([ 0.989786   ,  0.098483   ,  5.03872    ,  2.5917     ,  0.0494101  ])
75      , -1311.13    , array([ 0.997202   ,  0.0984692  ,  4.96571    ,  2.59728    ,  0.0493627  ])
80      , -1311.12    , array([ 0.995253   ,  0.0984729  ,  4.98489    ,  2.59582    ,  0.0493751  ])
85      , -3322.43    , array([ 0.377165   ,  0.098473   ,  4.98543    ,  2.59578    ,  0.0493754  ])
90      , -1311.09    , array([ 1.00063    ,  0.098473   ,  4.98543    ,  2.59578    ,  0.0493754  ])
95      , -40615.6    , array([ 1.00044    ,  1.09847    ,  4.98543    ,  2.59578    ,  0.0493754  ])
100     , -14149.1    , array([ 1.00044    ,  0.289266   ,  4.98543    ,  2.59578    ,  0.0493754  ])
105     , -1578.67    , array([ 1.00044    ,  0.113387   ,  4.98543    ,  2.59578    ,  0.0493754  ])
110     , -1311.08    , array([ 1.00044    ,  0.0985714  ,  4.98543    ,  2.59578    ,  0.0493754  ])
115     , -1311.08    , array([ 1.00044    ,  0.0985705  ,  4.98543    ,  2.59578    ,  0.0493754  ])
125     , -1372.63    , array([ 1.00044    ,  0.0985705  ,  4.98543    ,  2.59578    ,  0.0544349  ])
130     , -1311.08    , array([ 1.00044    ,  0.0985705  ,  4.98543    ,  2.59578    ,  0.049407   ])
135     , -1311.08    , array([ 1.00044    ,  0.0985705  ,  4.98543    ,  2.59578    ,  0.0494067  ])
140     , -1311.07    , array([ 1.00044    ,  0.0985705  ,  4.98543    ,  2.58683    ,  0.0494067  ])
145     , -1311.19    , array([ 0.991685   ,  0.0985868  ,  5.07165    ,  2.58024    ,  0.0494621  ])
150     , -1311.07    , array([ 0.999781   ,  0.0985717  ,  4.99195    ,  2.58633    ,  0.0494109  ])
