8       , -567.529    , array([ 5.16208    ,  0.264507   ,  1.82109    ,  0.767198   ])
12      , -569.235    , array([ 5.16208    ,  0.264507   ,  1.82109    ,  0.767966   ])
16      , -413.474    , array([ 5.16208    ,  0.264772   ,  3.57073    ,  0.767198   ])
20      , -395.873    , array([ 5.16208    ,  0.264507   ,  4.46923    ,  0.767198   ])
24      , -396.109    , array([ 5.16208    ,  0.264507   ,  4.46923    ,  0.767966   ])
28      , -393.853    , array([ 5.16208    ,  0.264772   ,  4.81642    ,  0.767198   ])
32      , -393.666    , array([ 5.16208    ,  0.264507   ,  4.93804    ,  0.767198   ])
36      , -393.699    , array([ 5.16208    ,  0.264507   ,  4.93804    ,  0.767966   ])
40      , -393.634    , array([ 5.16208    ,  0.264772   ,  4.97926    ,  0.767198   ])
44      , -393.631    , array([ 5.16208    ,  0.264507   ,  4.99308    ,  0.767198   ])
48      , -393.64     , array([ 5.16208    ,  0.264507   ,  4.99308    ,  0.767966   ])
52      , -393.633    , array([ 5.16208    ,  0.264772   ,  4.99769    ,  0.767198   ])
56      , -393.629    , array([ 5.16208    ,  0.264507   ,  4.99951    ,  0.767198   ])
60      , -393.636    , array([ 5.16208    ,  0.264507   ,  4.99951    ,  0.767966   ])
64      , -393.633    , array([ 5.16208    ,  0.264772   ,  4.9999     ,  0.767198   ])
68      , -393.629    , array([ 5.16208    ,  0.264507   ,  4.99998    ,  0.767198   ])
72      , -393.636    , array([ 5.16208    ,  0.264507   ,  4.99998    ,  0.767966   ])
76      , -393.633    , array([ 5.16208    ,  0.264772   ,  5          ,  0.767198   ])
80      , -393.629    , array([ 5.16208    ,  0.264507   ,  5          ,  0.767198   ])
84      , -393.636    , array([ 5.16208    ,  0.264507   ,  5          ,  0.767966   ])
88      , -393.633    , array([ 5.16208    ,  0.264772   ,  5          ,  0.767198   ])
92      , -393.629    , array([ 5.16208    ,  0.264507   ,  5          ,  0.767198   ])
96      , -393.636    , array([ 5.16208    ,  0.264507   ,  5          ,  0.767966   ])
100     , -393.633    , array([ 5.16208    ,  0.264772   ,  5          ,  0.767198   ])
104     , -393.629    , array([ 5.16208    ,  0.264507   ,  5          ,  0.767198   ])
108     , -393.636    , array([ 5.16208    ,  0.264507   ,  5          ,  0.767966   ])
112     , -393.633    , array([ 5.16208    ,  0.264772   ,  5          ,  0.767198   ])
116     , -393.629    , array([ 5.16208    ,  0.264507   ,  5          ,  0.767198   ])
120     , -393.636    , array([ 5.16208    ,  0.264507   ,  5          ,  0.767966   ])
124     , -393.633    , array([ 5.16208    ,  0.264772   ,  5          ,  0.767198   ])
128     , -393.629    , array([ 5.16208    ,  0.264507   ,  5          ,  0.767198   ])
132     , -393.636    , array([ 5.16208    ,  0.264507   ,  5          ,  0.767966   ])
136     , -393.633    , array([ 5.16208    ,  0.264772   ,  5          ,  0.767198   ])
140     , -393.629    , array([ 5.16208    ,  0.264507   ,  5          ,  0.767198   ])
144     , -393.636    , array([ 5.16208    ,  0.264507   ,  5          ,  0.767966   ])
148     , -393.633    , array([ 5.16208    ,  0.264772   ,  5          ,  0.767198   ])
152     , -393.629    , array([ 5.16208    ,  0.264507   ,  5          ,  0.767198   ])
156     , -393.636    , array([ 5.16208    ,  0.264507   ,  5          ,  0.767966   ])
160     , -393.633    , array([ 5.16208    ,  0.264772   ,  5          ,  0.767198   ])
164     , -393.629    , array([ 5.16208    ,  0.264507   ,  5          ,  0.767198   ])
168     , -393.636    , array([ 5.16208    ,  0.264507   ,  5          ,  0.767966   ])
172     , -393.633    , array([ 5.16208    ,  0.264772   ,  5          ,  0.767198   ])
176     , -393.629    , array([ 5.16208    ,  0.264507   ,  5          ,  0.767198   ])
180     , -393.636    , array([ 5.16208    ,  0.264507   ,  5          ,  0.767966   ])
184     , -393.633    , array([ 5.16208    ,  0.264772   ,  5          ,  0.767198   ])
188     , -393.629    , array([ 5.16208    ,  0.264507   ,  5          ,  0.767198   ])
192     , -393.636    , array([ 5.16208    ,  0.264507   ,  5          ,  0.767966   ])
196     , -393.633    , array([ 5.16208    ,  0.264772   ,  5          ,  0.767198   ])
200     , -393.629    , array([ 5.16208    ,  0.264507   ,  5          ,  0.767198   ])
204     , -393.636    , array([ 5.16208    ,  0.264507   ,  5          ,  0.767966   ])
208     , -393.633    , array([ 5.16208    ,  0.264772   ,  5          ,  0.767198   ])
212     , -393.629    , array([ 5.16208    ,  0.264507   ,  5          ,  0.767198   ])
216     , -393.636    , array([ 5.16208    ,  0.264507   ,  5          ,  0.767966   ])
220     , -393.633    , array([ 5.16208    ,  0.264772   ,  5          ,  0.767198   ])
224     , -393.629    , array([ 5.16208    ,  0.264507   ,  5          ,  0.767198   ])
228     , -393.636    , array([ 5.16208    ,  0.264507   ,  5          ,  0.767966   ])
232     , -393.633    , array([ 5.16208    ,  0.264772   ,  5          ,  0.767198   ])
236     , -393.629    , array([ 5.16208    ,  0.264507   ,  5          ,  0.767198   ])
240     , -393.636    , array([ 5.16208    ,  0.264507   ,  5          ,  0.767966   ])
244     , -393.633    , array([ 5.16208    ,  0.264772   ,  5          ,  0.767198   ])
248     , -393.629    , array([ 5.16208    ,  0.264507   ,  5          ,  0.767198   ])
252     , -393.636    , array([ 5.16208    ,  0.264507   ,  5          ,  0.767966   ])
256     , -393.633    , array([ 5.16208    ,  0.264772   ,  5          ,  0.767198   ])
260     , -393.629    , array([ 5.16208    ,  0.264507   ,  5          ,  0.767198   ])
264     , -393.636    , array([ 5.16208    ,  0.264507   ,  5          ,  0.767966   ])
268     , -393.633    , array([ 5.16208    ,  0.264772   ,  5          ,  0.767198   ])
272     , -393.629    , array([ 5.16208    ,  0.264507   ,  5          ,  0.767198   ])
276     , -393.636    , array([ 5.16208    ,  0.264507   ,  5          ,  0.767966   ])
280     , -393.633    , array([ 5.16208    ,  0.264772   ,  5          ,  0.767198   ])
284     , -393.629    , array([ 5.16208    ,  0.264507   ,  5          ,  0.767198   ])
288     , -393.636    , array([ 5.16208    ,  0.264507   ,  5          ,  0.767966   ])
292     , -393.633    , array([ 5.16208    ,  0.264772   ,  5          ,  0.767198   ])
296     , -393.629    , array([ 5.16208    ,  0.264507   ,  5          ,  0.767198   ])
300     , -393.636    , array([ 5.16208    ,  0.264507   ,  5          ,  0.767966   ])
304     , -393.633    , array([ 5.16208    ,  0.264772   ,  5          ,  0.767198   ])
308     , -393.629    , array([ 5.16208    ,  0.264507   ,  5          ,  0.767198   ])
312     , -393.636    , array([ 5.16208    ,  0.264507   ,  5          ,  0.767966   ])
316     , -393.633    , array([ 5.16208    ,  0.264772   ,  5          ,  0.767198   ])
320     , -393.629    , array([ 5.16208    ,  0.264507   ,  5          ,  0.767198   ])
324     , -393.636    , array([ 5.16208    ,  0.264507   ,  5          ,  0.767966   ])
328     , -393.633    , array([ 5.16208    ,  0.264772   ,  5          ,  0.767198   ])
332     , -393.629    , array([ 5.16208    ,  0.264507   ,  5          ,  0.767198   ])
336     , -393.636    , array([ 5.16208    ,  0.264507   ,  5          ,  0.767966   ])
340     , -393.633    , array([ 5.16208    ,  0.264772   ,  5          ,  0.767198   ])
344     , -393.629    , array([ 5.16208    ,  0.264507   ,  5          ,  0.767198   ])
348     , -393.636    , array([ 5.16208    ,  0.264507   ,  5          ,  0.767966   ])
352     , -393.633    , array([ 5.16208    ,  0.264772   ,  5          ,  0.767198   ])
356     , -393.629    , array([ 5.16208    ,  0.264507   ,  5          ,  0.767198   ])
360     , -393.636    , array([ 5.16208    ,  0.264507   ,  5          ,  0.767966   ])
364     , -393.633    , array([ 5.16208    ,  0.264772   ,  5          ,  0.767198   ])
368     , -393.629    , array([ 5.16208    ,  0.264507   ,  5          ,  0.767198   ])
372     , -393.636    , array([ 5.16208    ,  0.264507   ,  5          ,  0.767966   ])
376     , -393.633    , array([ 5.16208    ,  0.264772   ,  5          ,  0.767198   ])
380     , -393.629    , array([ 5.16208    ,  0.264507   ,  5          ,  0.767198   ])
384     , -393.636    , array([ 5.16208    ,  0.264507   ,  5          ,  0.767966   ])
388     , -393.633    , array([ 5.16208    ,  0.264772   ,  5          ,  0.767198   ])
392     , -393.629    , array([ 5.16208    ,  0.264507   ,  5          ,  0.767198   ])
396     , -393.636    , array([ 5.16208    ,  0.264507   ,  5          ,  0.767966   ])
400     , -393.633    , array([ 5.16208    ,  0.264772   ,  5          ,  0.767198   ])
404     , -393.629    , array([ 5.16208    ,  0.264507   ,  5          ,  0.767198   ])
408     , -393.636    , array([ 5.16208    ,  0.264507   ,  5          ,  0.767966   ])
412     , -393.633    , array([ 5.16208    ,  0.264772   ,  5          ,  0.767198   ])
416     , -393.629    , array([ 5.16208    ,  0.264507   ,  5          ,  0.767198   ])
420     , -393.636    , array([ 5.16208    ,  0.264507   ,  5          ,  0.767966   ])
424     , -393.633    , array([ 5.16208    ,  0.264772   ,  5          ,  0.767198   ])
428     , -393.629    , array([ 5.16208    ,  0.264507   ,  5          ,  0.767198   ])
432     , -393.636    , array([ 5.16208    ,  0.264507   ,  5          ,  0.767966   ])
436     , -393.633    , array([ 5.16208    ,  0.264772   ,  5          ,  0.767198   ])
440     , -393.629    , array([ 5.16208    ,  0.264507   ,  5          ,  0.767198   ])
444     , -393.636    , array([ 5.16208    ,  0.264507   ,  5          ,  0.767966   ])
448     , -393.633    , array([ 5.16208    ,  0.264772   ,  5          ,  0.767198   ])
452     , -393.629    , array([ 5.16208    ,  0.264507   ,  5          ,  0.767198   ])
456     , -393.636    , array([ 5.16208    ,  0.264507   ,  5          ,  0.767966   ])
460     , -393.633    , array([ 5.16208    ,  0.264772   ,  5          ,  0.767198   ])
464     , -393.629    , array([ 5.16208    ,  0.264507   ,  5          ,  0.767198   ])
468     , -393.636    , array([ 5.16208    ,  0.264507   ,  5          ,  0.767966   ])
472     , -393.633    , array([ 5.16208    ,  0.264772   ,  5          ,  0.767198   ])
476     , -439.395    , array([ 5.16208    ,  0.264507   ,  3.01753    ,  0.767198   ])
480     , -393.697    , array([ 5.16208    ,  0.264507   ,  4.91302    ,  0.767198   ])
484     , -393.63     , array([ 5.16208    ,  0.264507   ,  4.99688    ,  0.767198   ])
