7724    , -102.795    , array([ 0.0989845  ,  1.17867    ,  0.0613705  ,  0.0361071  ])
7728    , -102.795    , array([ 0.0989845  ,  1.17867    ,  0.0613705  ,  0.0361071  ])
7736    , -123.316    , array([ 0.115141   ,  1.17867    ,  0.0613705  ,  0.0361071  ])
7740    , -102.795    , array([ 0.0989824  ,  1.17867    ,  0.0613705  ,  0.0361071  ])
7744    , -102.795    , array([ 0.0989827  ,  1.17867    ,  0.0613705  ,  0.0361071  ])
7748    , -102.795    , array([ 0.0989825  ,  1.17867    ,  0.0613705  ,  0.0361071  ])
7752    , -102.795    , array([ 0.0989826  ,  1.17867    ,  0.0613705  ,  0.0361071  ])
7756    , -102.946    , array([ 0.0989826  ,  1.14024    ,  0.0613705  ,  0.0361071  ])
7760    , -102.795    , array([ 0.0989826  ,  1.17932    ,  0.0613705  ,  0.0361071  ])
7764    , -12494.8    , array([ 0.0989826  ,  1.17933    ,  1.06137    ,  0.0361071  ])
7768    , -10604.4    , array([ 0.0989826  ,  1.17933    ,  0.443337   ,  0.0361071  ])
7772    , -825.088    , array([ 0.0989826  ,  1.17933    ,  0.134287   ,  0.0361071  ])
7776    , -102.778    , array([ 0.0989826  ,  1.17933    ,  0.0610704  ,  0.0361071  ])
7780    , -4632.46    , array([ 0.0989826  ,  1.17933    ,  0.0610734  ,  1.03611    ])
7784    , -4187.99    , array([ 0.0989826  ,  1.17933    ,  0.0610734  ,  0.418073   ])
7788    , -1132.73    , array([ 0.0989826  ,  1.17933    ,  0.0610734  ,  0.109044   ])
7792    , -108.659    , array([ 0.0989826  ,  1.17933    ,  0.0610734  ,  0.039612   ])
7796    , -102.771    , array([ 0.0989826  ,  1.17933    ,  0.0610734  ,  0.0362239  ])
7800    , -102.772    , array([ 0.0989806  ,  1.17999    ,  0.0607763  ,  0.036343   ])
7804    , -102.768    , array([ 0.0989818  ,  1.17958    ,  0.0609599  ,  0.0362701  ])
7808    , -102.768    , array([ 0.0989816  ,  1.17964    ,  0.0609355  ,  0.0362798  ])
7820    , -103.874    , array([ 0.102023   ,  1.17964    ,  0.0609355  ,  0.0362798  ])
7824    , -102.747    , array([ 0.0985127  ,  1.17964    ,  0.0609355  ,  0.0362798  ])
7828    , -102.747    , array([ 0.0985174  ,  1.17964    ,  0.0609355  ,  0.0362798  ])
7832    , -102.942    , array([ 0.0985174  ,  1.12981    ,  0.0609355  ,  0.0362798  ])
7836    , -102.744    , array([ 0.0985174  ,  1.17396    ,  0.0609355  ,  0.0362798  ])
7844    , -2802.9     , array([ 0.0985174  ,  1.17396    ,  0.0609355  ,  0.22723    ])
7848    , -1837.69    , array([ 0.0985174  ,  1.17396    ,  0.0609355  ,  0.00183797 ])
7852    , -102.847    , array([ 0.0985174  ,  1.17396    ,  0.0609355  ,  0.0367069  ])
7856    , -102.744    , array([ 0.0985174  ,  1.17396    ,  0.0609355  ,  0.0362742  ])
7860    , -102.744    , array([ 0.0985174  ,  1.17396    ,  0.0609355  ,  0.0362727  ])
7864    , -102.728    , array([ 0.0985152  ,  1.1747     ,  0.0606012  ,  0.0364054  ])
7868    , -102.728    , array([ 0.0985151  ,  1.17471    ,  0.0605979  ,  0.0364067  ])
7872    , -102.652    , array([ 0.0972915  ,  1.16259    ,  0.059365   ,  0.0368775  ])
7876    , -102.644    , array([ 0.0953346  ,  1.14321    ,  0.0573879  ,  0.0376324  ])
7880    , -102.629    , array([ 0.0962243  ,  1.15202    ,  0.0582868  ,  0.0372892  ])
7884    , -102.555    , array([ 0.0962057  ,  1.15028    ,  0.0589394  ,  0.0370297  ])
7888    , -102.56     , array([ 0.0962045  ,  1.15067    ,  0.0587664  ,  0.0370984  ])
7892    , -102.555    , array([ 0.0962058  ,  1.15025    ,  0.0589552  ,  0.0370235  ])
7896    , -223.585    , array([ 0.0962058  ,  0.532214   ,  0.0589552  ,  0.0370235  ])
7900    , -102.556    , array([ 0.0962058  ,  1.15453    ,  0.0589552  ,  0.0370235  ])
7904    , -102.555    , array([ 0.0962058  ,  1.15082    ,  0.0589552  ,  0.0370235  ])
7908    , -4498.59    , array([ 0.0962058  ,  1.15078    ,  0.0589552  ,  1.03702    ])
7912    , -4074.88    , array([ 0.0962058  ,  1.15078    ,  0.0589552  ,  0.418989   ])
7916    , -1107.54    , array([ 0.0962058  ,  1.15078    ,  0.0589552  ,  0.10996    ])
7920    , -107.875    , array([ 0.0962058  ,  1.15078    ,  0.0589552  ,  0.0401486  ])
7924    , -102.543    , array([ 0.0962058  ,  1.15078    ,  0.0589552  ,  0.0368774  ])
7928    , -102.858    , array([ 0.0901476  ,  1.0908     ,  0.0528348  ,  0.0392131  ])
7932    , -102.462    , array([ 0.0941898  ,  1.13082    ,  0.0569185  ,  0.0376537  ])
7936    , -102.462    , array([ 0.0941697  ,  1.13062    ,  0.0568981  ,  0.0376614  ])
7940    , -102.453    , array([ 0.0941769  ,  1.1282     ,  0.0579839  ,  0.0372304  ])
7944    , -102.41     , array([ 0.0941734  ,  1.12937    ,  0.0574611  ,  0.037438   ])
7952    , -103.954    , array([ 0.0941734  ,  1.26816    ,  0.0574611  ,  0.037438   ])
7956    , -102.4      , array([ 0.0941734  ,  1.13879    ,  0.0574611  ,  0.037438   ])
7964    , -2702.46    , array([ 0.0941734  ,  1.13879    ,  0.0574611  ,  0.228389   ])
7968    , -1705.69    , array([ 0.0941734  ,  1.13879    ,  0.0574611  ,  0.0029961  ])
7972    , -102.478    , array([ 0.0941734  ,  1.13879    ,  0.0574611  ,  0.037684   ])
7976    , -102.382    , array([ 0.0941734  ,  1.13879    ,  0.0574611  ,  0.0372534  ])
7980    , -102.321    , array([ 0.0918594  ,  1.11588    ,  0.0551233  ,  0.0381479  ])
7984    , -102.315    , array([ 0.0924038  ,  1.12127    ,  0.0556733  ,  0.0379379  ])
7988    , -102.178    , array([ 0.0906022  ,  1.11156    ,  0.0544123  ,  0.0382282  ])
7992    , -101.822    , array([ 0.0678379  ,  0.989949   ,  0.0385498  ,  0.0418445  ])
7996    , -101.528    , array([ 0.0752479  ,  1.02954    ,  0.0437132  ,  0.0406674  ])
8000    , -101.496    , array([ 0.0754322  ,  1.03001    ,  0.0440637  ,  0.0405497  ])
8004    , -101.493    , array([ 0.0754335  ,  1.02955    ,  0.0442699  ,  0.0404679  ])
8008    , -101.491    , array([ 0.075433   ,  1.02972    ,  0.0441953  ,  0.0404975  ])
8012    , -337.285    , array([ 0.075433   ,  0.411687   ,  0.0441953  ,  0.0404975  ])
8016    , -101.116    , array([ 0.075433   ,  1.08337    ,  0.0441953  ,  0.0404975  ])
8020    , -101.113    , array([ 0.075433   ,  1.07903    ,  0.0441953  ,  0.0404975  ])
8032    , -206.089    , array([ 0.075433   ,  1.07903    ,  0.0441953  ,  0.0273419  ])
8036    , -101.094    , array([ 0.075433   ,  1.07903    ,  0.0441953  ,  0.0402954  ])
8040    , -101.377    , array([ 0.0584778  ,  0.988451   ,  0.0323807  ,  0.042989   ])
8044    , -100.854    , array([ 0.0689567  ,  1.04443    ,  0.0396825  ,  0.0413243  ])
8048    , -100.838    , array([ 0.0670456  ,  1.03422    ,  0.0383508  ,  0.0416279  ])
8052    , -100.837    , array([ 0.0671294  ,  1.03467    ,  0.0384092  ,  0.0416146  ])
8056    , -100.832    , array([ 0.0671302  ,  1.03442    ,  0.0385231  ,  0.0415693  ])
8060    , -100.832    , array([ 0.0671302  ,  1.03441    ,  0.0385243  ,  0.0415689  ])
8064    , -100.832    , array([ 0.0671302  ,  1.03442    ,  0.0385231  ,  0.0415693  ])
8068    , -100.659    , array([ 0.0671302  ,  1.05427    ,  0.0385231  ,  0.0415693  ])
8072    , -100.613    , array([ 0.0671302  ,  1.07186    ,  0.0385231  ,  0.0415693  ])
8076    , -100.613    , array([ 0.0671302  ,  1.07149    ,  0.0385231  ,  0.0415693  ])
8084    , -274.032    , array([ 0.0671302  ,  1.07149    ,  0.0385231  ,  0.0651945  ])
8088    , -100.609    , array([ 0.0671302  ,  1.07149    ,  0.0385231  ,  0.0414597  ])
8092    , -100.609    , array([ 0.0671302  ,  1.07149    ,  0.0385231  ,  0.0414738  ])
8096    , -101.356    , array([ 0.0776091  ,  1.12747    ,  0.045825   ,  0.0398091  ])
8100    , -100.453    , array([ 0.0617516  ,  1.04275    ,  0.0347752  ,  0.0423283  ])
8104    , -100.453    , array([ 0.0617516  ,  1.04275    ,  0.0347752  ,  0.0423283  ])
8108    , -100.159    , array([ 0.05305    ,  1.05583    ,  0.0288953  ,  0.0434831  ])
8112    , -100.159    , array([ 0.0534996  ,  1.05515    ,  0.0291991  ,  0.0434234  ])
8116    , -100.041    , array([ 0.0534177  ,  1.05478    ,  0.0293659  ,  0.0433459  ])
8120    , -100.013    , array([ 0.0534201  ,  1.05398    ,  0.0297227  ,  0.0432043  ])
8124    , -100.001    , array([ 0.0534192  ,  1.05427    ,  0.0295954  ,  0.0432548  ])
8128    , -100.912    , array([ 0.0638982  ,  1.11025    ,  0.0368973  ,  0.0415901  ])
8132    , -100.037    , array([ 0.0505372  ,  1.03887    ,  0.0275872  ,  0.0437127  ])
8136    , -99.9882    , array([ 0.052418   ,  1.04892    ,  0.0288977  ,  0.0434139  ])
8140    , -99.9882    , array([ 0.0524079  ,  1.04886    ,  0.0288907  ,  0.0434155  ])
8148    , -259.175    , array([ 0.0524079  ,  1.04886    ,  0.0288907  ,  0.0670427  ])
8152    , -99.9455    , array([ 0.0524079  ,  1.04886    ,  0.0288907  ,  0.0437296  ])
8156    , -100.149    , array([ 0.0440725  ,  1.06139    ,  0.0232582  ,  0.0448358  ])
8160    , -99.8849    , array([ 0.0492241  ,  1.05365    ,  0.0267393  ,  0.0441521  ])
8164    , -99.8849    , array([ 0.0491422  ,  1.05377    ,  0.026684   ,  0.044163   ])
8168    , -99.8217    , array([ 0.049176   ,  1.05322    ,  0.0269289  ,  0.0440701  ])
8172    , -99.8208    , array([ 0.0491764  ,  1.0531     ,  0.026985   ,  0.0440479  ])
8176    , -99.8204    , array([ 0.0491763  ,  1.05314    ,  0.0269661  ,  0.0440553  ])
8180    , -101.12     , array([ 0.0596552  ,  1.10912    ,  0.034268   ,  0.0423906  ])
8184    , -99.8594    , array([ 0.0462001  ,  1.03724    ,  0.0248923  ,  0.0445281  ])
8188    , -99.7957    , array([ 0.0479872  ,  1.04679    ,  0.0261376  ,  0.0442442  ])
8192    , -99.7957    , array([ 0.0479752  ,  1.04672    ,  0.0261292  ,  0.0442461  ])
8200    , -255.495    , array([ 0.0479752  ,  1.04672    ,  0.0261292  ,  0.0675077  ])
8204    , -99.7922    , array([ 0.0479752  ,  1.04672    ,  0.0261292  ,  0.0443308  ])
8208    , -99.7922    , array([ 0.0479752  ,  1.04672    ,  0.0261292  ,  0.0443377  ])
8212    , -100.003    , array([ 0.0531267  ,  1.03898    ,  0.0296103  ,  0.043654   ])
8216    , -99.781     , array([ 0.0467513  ,  1.04856    ,  0.0253022  ,  0.0445001  ])
8220    , -99.781     , array([ 0.0467703  ,  1.04854    ,  0.025315   ,  0.0444976  ])
8224    , -99.5604    , array([ 0.0404759  ,  1.03496    ,  0.0216739  ,  0.045385   ])
8228    , -99.4054    , array([ 0.0323309  ,  1.01738    ,  0.0169623  ,  0.0465332  ])
8232    , -106.732    , array([ 0.0237765  ,  1.02944    ,  0.0112031  ,  0.0476703  ])
8236    , -100.236    , array([ 0.028928   ,  1.02169    ,  0.0146842  ,  0.0469866  ])
8240    , -99.3534    , array([ 0.0333736  ,  1.01501    ,  0.0176882  ,  0.0463966  ])
8244    , -200.874    , array([ 0.016431   ,  0.924415   ,  0.00588209 ,  0.0490884  ])
8248    , -103.735    , array([ 0.0269099  ,  0.980397   ,  0.0131839  ,  0.0474237  ])
8252    , -99.3503    , array([ 0.0336143  ,  1.01621    ,  0.0178556  ,  0.0463587  ])
8256    , -3803.21    , array([ 0.0336188  ,  1.01624    ,  0.0178588  ,  1.04636    ])
8260    , -3398.47    , array([ 0.0336188  ,  1.01624    ,  0.0178588  ,  0.428324   ])
8264    , -901.997    , array([ 0.0336188  ,  1.01624    ,  0.0178588  ,  0.119297   ])
8268    , -102.402    , array([ 0.0336188  ,  1.01624    ,  0.0178588  ,  0.0492745  ])
8272    , -99.3472    , array([ 0.0336188  ,  1.01624    ,  0.0178588  ,  0.0464453  ])
8276    , -100.257    , array([ 0.0573367  ,  1.06741    ,  0.0315789  ,  0.0431027  ])
8280    , -99.3659    , array([ 0.0251838  ,  0.99804    ,  0.0129794  ,  0.0476353  ])
8284    , -99.2748    , array([ 0.0287572  ,  1.00575    ,  0.0150465  ,  0.0471316  ])
8288    , -99.2748    , array([ 0.0287572  ,  1.00575    ,  0.0150465  ,  0.0471316  ])
8292    , -99.8378    , array([ 0.0339087  ,  0.998008   ,  0.0185276  ,  0.0464479  ])
8296    , -99.2573    , array([ 0.0293963  ,  1.00479    ,  0.0154784  ,  0.0470468  ])
8300    , -99.2573    , array([ 0.0293697  ,  1.00483    ,  0.0154604  ,  0.0470503  ])
8304    , -103.216    , array([ 0.0398487  ,  1.06081    ,  0.0227623  ,  0.0453856  ])
8308    , -99.258     , array([ 0.0297506  ,  1.00686    ,  0.0157258  ,  0.0469898  ])
8312    , -99.2551    , array([ 0.0294792  ,  1.00541    ,  0.0155367  ,  0.0470329  ])
8320    , -2226.66    , array([ 0.0295468  ,  1.00577    ,  0.0155838  ,  0.237979   ])
8324    , -1191.59    , array([ 0.0295468  ,  1.00577    ,  0.0155838  ,  0.0125803  ])
8328    , -99.2941    , array([ 0.0295468  ,  1.00577    ,  0.0155838  ,  0.0474011  ])
8332    , -99.2535    , array([ 0.0295468  ,  1.00577    ,  0.0155838  ,  0.0470799  ])
8336    , -99.2535    , array([ 0.0295468  ,  1.00577    ,  0.0155838  ,  0.0470793  ])
8340    , -99.2222    , array([ 0.0273208  ,  1.00097    ,  0.0142961  ,  0.0473931  ])
8344    , -99.2209    , array([ 0.0268266  ,  0.999906   ,  0.0140102  ,  0.0474628  ])
8348    , -99.2209    , array([ 0.0268266  ,  0.999906   ,  0.0140102  ,  0.0474628  ])
8356    , -99.0973    , array([ 0.0176276  ,  0.972064   ,  0.00907263 ,  0.0490407  ])
8364    , -102.879    , array([ 0.0143154  ,  0.976459   ,  0.00685229 ,  0.0494853  ])
8368    , -99.0901    , array([ 0.0176865  ,  0.971394   ,  0.00913026 ,  0.0490379  ])
8372    , -99.0901    , array([ 0.0176913  ,  0.971386   ,  0.0091335  ,  0.0490373  ])
8376    , -109.699    , array([ 0.0281702  ,  1.02737    ,  0.0164353  ,  0.0473726  ])
8380    , -99.2053    , array([ 0.0184365  ,  0.975367   ,  0.00965273 ,  0.0489189  ])
8384    , -99.0881    , array([ 0.0177729  ,  0.971822   ,  0.00919033 ,  0.0490243  ])
8388    , -99.0881    , array([ 0.0177737  ,  0.971827   ,  0.0091909  ,  0.0490242  ])
8396    , -229.928    , array([ 0.0177737  ,  0.971827   ,  0.0091909  ,  0.0714196  ])
8400    , -99.0874    , array([ 0.0177737  ,  0.971827   ,  0.0091909  ,  0.0489725  ])
8404    , -99.0874    , array([ 0.0177737  ,  0.971827   ,  0.0091909  ,  0.0489812  ])
8408    , -99.1463    , array([ 0.0235383  ,  0.989274   ,  0.0122851  ,  0.0479924  ])
8412    , -99.0801    , array([ 0.0157402  ,  0.965672   ,  0.00809939 ,  0.0493301  ])
8416    , -99.0801    , array([ 0.015665   ,  0.965444   ,  0.00805902 ,  0.049343   ])
8420    , -107.909    , array([ 0.0291727  ,  0.945241   ,  0.0171837  ,  0.0475495  ])
8424    , -99.4466    , array([ 0.0170295  ,  0.963488   ,  0.00897816 ,  0.0491611  ])
8428    , -99.0799    , array([ 0.0157091  ,  0.965472   ,  0.00808595 ,  0.0493363  ])
8432    , -99.0799    , array([ 0.0157097  ,  0.965471   ,  0.00808638 ,  0.0493362  ])
8436    , -99.0799    , array([ 0.0157095  ,  0.965472   ,  0.00808622 ,  0.0493363  ])
8440    , -102.834    , array([ 0.0132358  ,  0.952256   ,  0.00636249 ,  0.0497292  ])
8444    , -99.0779    , array([ 0.0157828  ,  0.965863   ,  0.00813732 ,  0.0493246  ])
8448    , -99.0779    , array([ 0.0157804  ,  0.965851   ,  0.00813563 ,  0.049325   ])
8452    , -99.0779    , array([ 0.0157812  ,  0.965855   ,  0.00813619 ,  0.0493249  ])
8460    , -228.321    , array([ 0.0157812  ,  0.965855   ,  0.00813619 ,  0.0717025  ])
8464    , -99.0778    , array([ 0.0157812  ,  0.965855   ,  0.00813619 ,  0.0492988  ])
8468    , -99.0778    , array([ 0.0157812  ,  0.965855   ,  0.00813619 ,  0.0493082  ])
8476    , -99.1066    , array([ 0.0122185  ,  0.955072   ,  0.00622386 ,  0.0499184  ])
8480    , -99.076     , array([ 0.0149073  ,  0.96321    ,  0.00766712 ,  0.0494571  ])
8484    , -99.076     , array([ 0.014836   ,  0.962994   ,  0.00762885 ,  0.0494693  ])
