215     , -1640.86    , array([ 2.00194    ,  0.100449   ,  5.00839    ,  2.45857    ,  0.0500932  ])
220     , -1332.41    , array([ 1.15677    ,  0.100449   ,  5.00839    ,  2.45857    ,  0.0500932  ])
225     , -1310.96    , array([ 0.999616   ,  0.100449   ,  5.00839    ,  2.45857    ,  0.0500932  ])
230     , -1310.96    , array([ 0.999616   ,  0.100449   ,  5.00839    ,  2.45857    ,  0.0500932  ])
235     , -79382.7    , array([ 0.999616   ,  0.0102792  ,  5.00839    ,  2.45857    ,  0.0500932  ])
240     , -1311.03    , array([ 0.999616   ,  0.10014    ,  5.00839    ,  2.45857    ,  0.0500932  ])
245     , -1310.95    , array([ 0.999616   ,  0.10038    ,  5.00839    ,  2.45857    ,  0.0500932  ])
250     , -1315.56    , array([ 0.999616   ,  0.10038    ,  5.39036    ,  2.45857    ,  0.0500932  ])
255     , -1310.95    , array([ 0.999616   ,  0.10038    ,  5.00768    ,  2.45857    ,  0.0500932  ])
260     , -1341.03    , array([ 0.999616   ,  0.10038    ,  5.00769    ,  1.84054    ,  0.0500932  ])
265     , -1310.95    , array([ 0.999616   ,  0.10038    ,  5.00769    ,  2.46546    ,  0.0500932  ])
275     , -5126.74    , array([ 0.999616   ,  0.10038    ,  5.00769    ,  2.46539    ,  0.12301    ])
280     , -1312.62    , array([ 0.999616   ,  0.10038    ,  5.00769    ,  2.46539    ,  0.0509116  ])
285     , -1310.95    , array([ 0.999616   ,  0.10038    ,  5.00769    ,  2.46539    ,  0.0501199  ])
