8       , -835.158    , array([ 0.305211   ,  1.26088    ,  0.0722591  ,  0.0340417  ])
12      , -221.623    , array([ 0.0797974  ,  1.26088    ,  0.0722591  ,  0.0340417  ])
16      , -91.6866    , array([ 0.114107   ,  1.26088    ,  0.0722591  ,  0.0340417  ])
20      , -117.984    , array([ 0.114105   ,  2.26088    ,  0.0722591  ,  0.0340417  ])
24      , -98.3052    , array([ 0.114105   ,  1.64285    ,  0.0722591  ,  0.0340417  ])
28      , -91.6866    , array([ 0.114105   ,  1.26034    ,  0.0722591  ,  0.0340417  ])
32      , -91.6866    , array([ 0.114105   ,  1.26003    ,  0.0722591  ,  0.0340417  ])
36      , -91.6866    , array([ 0.114105   ,  1.26023    ,  0.0722591  ,  0.0340417  ])
40      , -91.6866    , array([ 0.114105   ,  1.26024    ,  0.0722591  ,  0.0340417  ])
48      , -91.7149    , array([ 0.114105   ,  1.26024    ,  0.0724915  ,  0.0340417  ])
52      , -91.67      , array([ 0.114105   ,  1.26024    ,  0.0718951  ,  0.0340417  ])
56      , -91.67      , array([ 0.114105   ,  1.26024    ,  0.0718988  ,  0.0340417  ])
64      , -373.163    , array([ 0.114105   ,  1.26024    ,  0.0718988  ,  0.0619006  ])
68      , -91.7685    , array([ 0.114105   ,  1.26024    ,  0.0718988  ,  0.0345915  ])
72      , -91.6611    , array([ 0.114105   ,  1.26024    ,  0.0718988  ,  0.0341624  ])
76      , -91.6519    , array([ 0.113754   ,  1.25856    ,  0.0709554  ,  0.0344827  ])
80      , -91.6448    , array([ 0.113893   ,  1.25923    ,  0.0713285  ,  0.0343565  ])
84      , -2609.03    , array([ 1.11389    ,  1.25923    ,  0.0713285  ,  0.0343565  ])
88      , -1526.86    , array([ 0.495859   ,  1.25923    ,  0.0713285  ,  0.0343565  ])
92      , -307.567    , array([ 0.186838   ,  1.25923    ,  0.0713285  ,  0.0343565  ])
96      , -91.6072    , array([ 0.112896   ,  1.25923    ,  0.0713285  ,  0.0343565  ])
100     , -91.6031    , array([ 0.113134   ,  1.25923    ,  0.0713285  ,  0.0343565  ])
104     , -164.577    , array([ 0.113134   ,  0.641191   ,  0.0713285  ,  0.0343565  ])
108     , -91.5949    , array([ 0.113134   ,  1.25137    ,  0.0713285  ,  0.0343565  ])
112     , -91.5941    , array([ 0.113134   ,  1.24791    ,  0.0713285  ,  0.0343565  ])
116     , -91.5941    , array([ 0.113134   ,  1.24802    ,  0.0713285  ,  0.0343565  ])
124     , -373.034    , array([ 0.113134   ,  1.24802    ,  0.0713285  ,  0.0622155  ])
128     , -91.7132    , array([ 0.113134   ,  1.24802    ,  0.0713285  ,  0.0347901  ])
132     , -91.5939    , array([ 0.113134   ,  1.24802    ,  0.0713285  ,  0.0343391  ])
136     , -91.5939    , array([ 0.113134   ,  1.24802    ,  0.0713285  ,  0.0343382  ])
140     , -91.5622    , array([ 0.11279    ,  1.24637    ,  0.0704058  ,  0.0346503  ])
144     , -91.5614    , array([ 0.11284    ,  1.24661    ,  0.0705381  ,  0.0346056  ])
148     , -91.496     , array([ 0.109516   ,  1.21087    ,  0.0669472  ,  0.0357723  ])
152     , -91.4843    , array([ 0.110101   ,  1.21717    ,  0.0675789  ,  0.0355671  ])
156     , -91.5706    , array([ 0.110251   ,  1.22005    ,  0.067399   ,  0.0356331  ])
160     , -91.4188    , array([ 0.110852   ,  1.22292    ,  0.0690137  ,  0.035087   ])
164     , -91.4188    , array([ 0.110865   ,  1.22299    ,  0.0690498  ,  0.0350748  ])
172     , -92.5318    , array([ 0.110861   ,  1.35371    ,  0.0690391  ,  0.0350784  ])
176     , -91.4183    , array([ 0.110861   ,  1.22548    ,  0.0690391  ,  0.0350784  ])
180     , -91.4183    , array([ 0.110861   ,  1.22532    ,  0.0690391  ,  0.0350784  ])
184     , -4776.05    , array([ 0.110861   ,  1.22543    ,  0.0690391  ,  1.03508    ])
188     , -4301.74    , array([ 0.110861   ,  1.22543    ,  0.0690391  ,  0.417044   ])
192     , -1158.84    , array([ 0.110861   ,  1.22543    ,  0.0690391  ,  0.108014   ])
196     , -97.4226    , array([ 0.110861   ,  1.22543    ,  0.0690391  ,  0.0383124  ])
200     , -91.4094    , array([ 0.110861   ,  1.22543    ,  0.0690391  ,  0.0349541  ])
204     , -91.6484    , array([ 0.104647   ,  1.15859    ,  0.0623346  ,  0.037131   ])
208     , -91.3379    , array([ 0.108706   ,  1.20225    ,  0.0667143  ,  0.0357081  ])
212     , -91.3379    , array([ 0.108685   ,  1.20202    ,  0.0666911  ,  0.0357157  ])
216     , -91.2911    , array([ 0.109012   ,  1.20359    ,  0.0675697  ,  0.0354185  ])
220     , -91.2911    , array([ 0.10902    ,  1.20363    ,  0.067593   ,  0.0354106  ])
224     , -91.2911    , array([ 0.109017   ,  1.20361    ,  0.0675841  ,  0.0354136  ])
228     , -91.3567    , array([ 0.109017   ,  1.18545    ,  0.0675841  ,  0.0354136  ])
232     , -91.2794    , array([ 0.109017   ,  1.21558    ,  0.0675841  ,  0.0354136  ])
236     , -91.2794    , array([ 0.109017   ,  1.21546    ,  0.0675841  ,  0.0354136  ])
244     , -314.613    , array([ 0.109017   ,  1.21546    ,  0.0675841  ,  0.0600478  ])
248     , -91.2697    , array([ 0.109017   ,  1.21546    ,  0.0675841  ,  0.03526    ])
252     , -91.2695    , array([ 0.109017   ,  1.21546    ,  0.0675841  ,  0.03528    ])
256     , -91.2788    , array([ 0.105176   ,  1.17415    ,  0.0634405  ,  0.0366262  ])
260     , -91.21      , array([ 0.107082   ,  1.19465    ,  0.0654969  ,  0.0359581  ])
264     , -90.9072    , array([ 0.102957   ,  1.17611    ,  0.0624454  ,  0.0365685  ])
268     , -95.9478    , array([ 0.0622451  ,  0.991906   ,  0.03227    ,  0.0426301  ])
272     , -90.268     , array([ 0.0868213  ,  1.1031     ,  0.0504859  ,  0.0389709  ])
276     , -90.1882    , array([ 0.0871645  ,  1.10475    ,  0.0514086  ,  0.0386588  ])
280     , -90.189     , array([ 0.0870769  ,  1.10433    ,  0.0511729  ,  0.0387385  ])
284     , -128.293    , array([ 0.0871254  ,  2.10456    ,  0.0513034  ,  0.0386944  ])
288     , -98.4271    , array([ 0.0871254  ,  1.48652    ,  0.0513034  ,  0.0386944  ])
292     , -89.951     , array([ 0.0871254  ,  1.14897    ,  0.0513034  ,  0.0386944  ])
296     , -4385.95    , array([ 0.0871254  ,  1.14897    ,  0.0513034  ,  1.03869    ])
300     , -3945.21    , array([ 0.0871254  ,  1.14897    ,  0.0513034  ,  0.42066    ])
304     , -1052.18    , array([ 0.0871254  ,  1.14897    ,  0.0513034  ,  0.111632   ])
308     , -94.7594    , array([ 0.0871254  ,  1.14897    ,  0.0513034  ,  0.0419116  ])
312     , -89.9506    , array([ 0.0871254  ,  1.14897    ,  0.0513034  ,  0.038722   ])
316     , -90.7777    , array([ 0.0668452  ,  1.05721    ,  0.0362717  ,  0.0417418  ])
320     , -89.7065    , array([ 0.0793791  ,  1.11392    ,  0.0455618  ,  0.0398756  ])
324     , -89.7428    , array([ 0.0757701  ,  1.09759    ,  0.0428868  ,  0.0404129  ])
328     , -98.8724    , array([ 0.0499304  ,  1.02517    ,  0.0243266  ,  0.0440568  ])
332     , -89.7031    , array([ 0.078516   ,  1.11002    ,  0.0449221  ,  0.0400041  ])
336     , -89.6779    , array([ 0.0786596  ,  1.1107     ,  0.0453083  ,  0.0398735  ])
344     , -91.1097    , array([ 0.0786596  ,  1.25562    ,  0.0453083  ,  0.0398735  ])
348     , -89.6053    , array([ 0.0786596  ,  1.1346     ,  0.0453083  ,  0.0398735  ])
352     , -4303.29    , array([ 0.0786596  ,  1.13492    ,  0.0453083  ,  1.03987    ])
356     , -3862.01    , array([ 0.0786596  ,  1.13492    ,  0.0453083  ,  0.421839   ])
360     , -1024.49    , array([ 0.0786596  ,  1.13492    ,  0.0453083  ,  0.112811   ])
364     , -94.0983    , array([ 0.0786596  ,  1.13492    ,  0.0453083  ,  0.0431245  ])
368     , -89.5991    , array([ 0.0786596  ,  1.13492    ,  0.0453083  ,  0.0399853  ])
372     , -91.8151    , array([ 0.111474   ,  1.28339    ,  0.0696301  ,  0.0351007  ])
376     , -89.4848    , array([ 0.0735144  ,  1.11164    ,  0.0414946  ,  0.0407525  ])
380     , -89.4841    , array([ 0.0738996  ,  1.11338    ,  0.0417801  ,  0.0406951  ])
384     , -89.3574    , array([ 0.0616396  ,  1.1214     ,  0.0334254  ,  0.0425301  ])
388     , -89.3099    , array([ 0.0653347  ,  1.11891    ,  0.0359426  ,  0.041977   ])
392     , -89.5962    , array([ 0.0651226  ,  1.11789    ,  0.0353723  ,  0.0421699  ])
396     , -89.2353    , array([ 0.0654599  ,  1.11951    ,  0.036279   ,  0.0418632  ])
400     , -89.2228    , array([ 0.0655372  ,  1.11988    ,  0.036487   ,  0.0417929  ])
404     , -240.279    , array([ 0.0655372  ,  0.501845   ,  0.036487   ,  0.0417929  ])
408     , -89.2133    , array([ 0.0655372  ,  1.11465    ,  0.036487   ,  0.0417929  ])
412     , -89.211     , array([ 0.0655372  ,  1.1104     ,  0.036487   ,  0.0417929  ])
416     , -89.211     , array([ 0.0655372  ,  1.11049    ,  0.036487   ,  0.0417929  ])
424     , -259.986    , array([ 0.0655372  ,  1.11049    ,  0.036487   ,  0.0654974  ])
428     , -89.1954    , array([ 0.0655372  ,  1.11049    ,  0.036487   ,  0.0419727  ])
432     , -89.1954    , array([ 0.0655372  ,  1.11049    ,  0.036487   ,  0.0419778  ])
436     , -89.3295    , array([ 0.0708008  ,  1.10694    ,  0.0400727  ,  0.0411899  ])
440     , -89.1551    , array([ 0.061452   ,  1.11325    ,  0.033704   ,  0.0425892  ])
444     , -89.4593    , array([ 0.0489709  ,  1.11339    ,  0.0256079  ,  0.0444884  ])
448     , -89.1551    , array([ 0.0614112  ,  1.11328    ,  0.0336762  ,  0.0425953  ])
452     , -89.1351    , array([ 0.0614996  ,  1.1137     ,  0.033914   ,  0.0425149  ])
460     , -91.5499    , array([ 0.0614996  ,  1.2401     ,  0.033914   ,  0.0425149  ])
464     , -89.0965    , array([ 0.0614996  ,  1.09709    ,  0.033914   ,  0.0425149  ])
468     , -4100.25    , array([ 0.0614996  ,  1.09709    ,  0.033914   ,  1.04251    ])
472     , -3665.7     , array([ 0.0614996  ,  1.09709    ,  0.033914   ,  0.424481   ])
476     , -965.68     , array([ 0.0614996  ,  1.09709    ,  0.033914   ,  0.115453   ])
480     , -92.8908    , array([ 0.0614996  ,  1.09709    ,  0.033914   ,  0.0456519  ])
484     , -89.0879    , array([ 0.0614996  ,  1.09709    ,  0.033914   ,  0.0426525  ])
488     , -89.5572    , array([ 0.0752801  ,  1.0878     ,  0.0433017  ,  0.0405913  ])
492     , -89.0707    , array([ 0.0588475  ,  1.09888    ,  0.0321073  ,  0.0430509  ])
496     , -89.0704    , array([ 0.0590843  ,  1.09872    ,  0.0322686  ,  0.0430154  ])
500     , -88.9433    , array([ 0.0530788  ,  1.06057    ,  0.0286424  ,  0.0441023  ])
504     , -88.9409    , array([ 0.0523908  ,  1.05622    ,  0.0282267  ,  0.0442267  ])
508     , -88.9407    , array([ 0.0522139  ,  1.0551     ,  0.0281198  ,  0.0442587  ])
512     , -88.8849    , array([ 0.052345   ,  1.05573    ,  0.0284722  ,  0.0441395  ])
516     , -88.8845    , array([ 0.0523332  ,  1.05567    ,  0.0284407  ,  0.0441502  ])
520     , -88.8845    , array([ 0.0523344  ,  1.05568    ,  0.028444   ,  0.0441491  ])
524     , -88.866     , array([ 0.0506933  ,  1.05678    ,  0.027326   ,  0.0443947  ])
528     , -88.8659    , array([ 0.0506351  ,  1.05682    ,  0.0272863  ,  0.0444034  ])
532     , -88.8659    , array([ 0.0506179  ,  1.05684    ,  0.0272746  ,  0.044406   ])
540     , -241.712    , array([ 0.0506179  ,  1.05684    ,  0.0272746  ,  0.0676042  ])
544     , -88.8601    , array([ 0.0506179  ,  1.05684    ,  0.0272746  ,  0.044518   ])
548     , -88.8601    , array([ 0.0506179  ,  1.05684    ,  0.0272746  ,  0.044524   ])
552     , -88.9529    , array([ 0.0548789  ,  1.08379    ,  0.0298488  ,  0.0437534  ])
556     , -88.8512    , array([ 0.0490424  ,  1.04687    ,  0.0263228  ,  0.0448089  ])
560     , -89.2009    , array([ 0.0488303  ,  1.04585    ,  0.0257525  ,  0.0450018  ])
564     , -88.9133    , array([ 0.0492545  ,  1.04789    ,  0.026893   ,  0.044616   ])
568     , -88.8277    , array([ 0.0491143  ,  1.04721    ,  0.0265162  ,  0.0447435  ])
572     , -89.0483    , array([ 0.054378   ,  1.04366    ,  0.030102   ,  0.0439557  ])
576     , -88.8161    , array([ 0.0478949  ,  1.04804    ,  0.0256855  ,  0.044926   ])
580     , -88.8161    , array([ 0.04792    ,  1.04802    ,  0.0257026  ,  0.0449223  ])
592     , -183.123    , array([ 0.04792    ,  1.04802    ,  0.0257026  ,  0.0317666  ])
596     , -88.8154    , array([ 0.04792    ,  1.04802    ,  0.0257026  ,  0.0449616  ])
600     , -89.0382    , array([ 0.0410257  ,  1.00441    ,  0.0215375  ,  0.0462085  ])
604     , -88.8298    , array([ 0.0452866  ,  1.03136    ,  0.0241117  ,  0.0454379  ])
608     , -88.8131    , array([ 0.0471768  ,  1.04332    ,  0.0252536  ,  0.045096   ])
612     , -88.781     , array([ 0.0453112  ,  1.03977    ,  0.0241845  ,  0.0453831  ])
616     , -88.6812    , array([ 0.0332434  ,  1.0168     ,  0.0172684  ,  0.0472402  ])
620     , -88.6789    , array([ 0.034463   ,  1.01912    ,  0.0179674  ,  0.0470526  ])
624     , -89.9692    , array([ 0.0274416  ,  0.975273   ,  0.0137294  ,  0.048319   ])
628     , -88.8622    , array([ 0.0317025  ,  1.00222    ,  0.0163036  ,  0.0475484  ])
632     , -88.6658    , array([ 0.035387   ,  1.02553    ,  0.0185295  ,  0.046882   ])
636     , -90.4627    , array([ 0.0491674  ,  1.01623    ,  0.0279172  ,  0.0448194  ])
640     , -88.6837    , array([ 0.0362856  ,  1.02492    ,  0.0191417  ,  0.0467475  ])
644     , -88.6655    , array([ 0.0354774  ,  1.02547    ,  0.0185911  ,  0.0468685  ])
648     , -88.6655    , array([ 0.0354756  ,  1.02547    ,  0.0185899  ,  0.0468687  ])
656     , -229.433    , array([ 0.0354756  ,  1.02547    ,  0.0185899  ,  0.0694537  ])
660     , -88.6605    , array([ 0.0354756  ,  1.02547    ,  0.0185899  ,  0.0467435  ])
664     , -88.6604    , array([ 0.0354756  ,  1.02547    ,  0.0185899  ,  0.0467549  ])
668     , -88.7429    , array([ 0.0434118  ,  1.04057    ,  0.0231381  ,  0.0455336  ])
672     , -88.6502    , array([ 0.0326943  ,  1.02018    ,  0.0169959  ,  0.0471829  ])
676     , -88.6501    , array([ 0.0328115  ,  1.0204     ,  0.0170631  ,  0.0471649  ])
680     , -89.3234    , array([ 0.0439931  ,  1.09101    ,  0.0238175  ,  0.0451433  ])
684     , -88.6447    , array([ 0.0340107  ,  1.02787    ,  0.0177868  ,  0.0469487  ])
688     , -88.6425    , array([ 0.0335783  ,  1.02513    ,  0.0175256  ,  0.0470269  ])
692     , -88.6425    , array([ 0.0335858  ,  1.02518    ,  0.0175301  ,  0.0470255  ])
696     , -88.6428    , array([ 0.0337509  ,  1.02507    ,  0.0176425  ,  0.0470008  ])
700     , -88.6424    , array([ 0.0336385  ,  1.02514    ,  0.017566   ,  0.0470176  ])
708     , -2217.04    , array([ 0.0336385  ,  1.02514    ,  0.017566   ,  0.237974   ])
712     , -1164.19    , array([ 0.0336385  ,  1.02514    ,  0.017566   ,  0.0125758  ])
716     , -88.6828    , array([ 0.0336385  ,  1.02514    ,  0.017566   ,  0.0472982  ])
720     , -88.6416    , array([ 0.0336385  ,  1.02514    ,  0.017566   ,  0.0469732  ])
724     , -88.6416    , array([ 0.0336385  ,  1.02514    ,  0.017566   ,  0.0469737  ])
728     , -88.6353    , array([ 0.0321608  ,  1.02233    ,  0.0167191  ,  0.0472011  ])
732     , -88.6349    , array([ 0.0317043  ,  1.02146    ,  0.0164575  ,  0.0472713  ])
736     , -88.623     , array([ 0.0305707  ,  1.02248    ,  0.0158367  ,  0.0473819  ])
740     , -88.6032    , array([ 0.0264847  ,  1.02613    ,  0.0135993  ,  0.0477803  ])
744     , -88.6032    , array([ 0.0262622  ,  1.02633    ,  0.0134774  ,  0.047802   ])
748     , -88.8404    , array([ 0.0470392  ,  1.06587    ,  0.0253847  ,  0.0446046  ])
752     , -88.6248    , array([ 0.0290284  ,  1.0316     ,  0.0150627  ,  0.0473763  ])
756     , -88.6025    , array([ 0.0266308  ,  1.02703    ,  0.0136887  ,  0.0477453  ])
760     , -88.6025    , array([ 0.0266228  ,  1.02702    ,  0.0136841  ,  0.0477465  ])
764     , -89.8077    , array([ 0.0318865  ,  1.02347    ,  0.0172699  ,  0.0469587  ])
768     , -88.6011    , array([ 0.0267784  ,  1.02691    ,  0.0137901  ,  0.0477232  ])
772     , -88.601     , array([ 0.0267587  ,  1.02693    ,  0.0137767  ,  0.0477262  ])
784     , -176.566    , array([ 0.0267587  ,  1.02693    ,  0.0137767  ,  0.0345705  ])
788     , -88.6007    , array([ 0.0267587  ,  1.02693    ,  0.0137767  ,  0.0477555  ])
792     , -88.6282    , array([ 0.0213165  ,  1.03179    ,  0.0107966  ,  0.0482862  ])
796     , -88.6009    , array([ 0.02468    ,  1.02879    ,  0.0126384  ,  0.0479582  ])
800     , -88.6       , array([ 0.0253385  ,  1.0282     ,  0.012999   ,  0.047894   ])
