4676    , -108.025    , array([ 0.137888   ,  1.57841    ,  0.0923938  ,  0.0287937  ])
4680    , -108.025    , array([ 0.137888   ,  1.57841    ,  0.0923938  ,  0.0287937  ])
4688    , -111.943    , array([ 0.144759   ,  1.57841    ,  0.0923938  ,  0.0287937  ])
4692    , -107.662    , array([ 0.135181   ,  1.57841    ,  0.0923938  ,  0.0287937  ])
4700    , -108.01     , array([ 0.135154   ,  1.64493    ,  0.0923938  ,  0.0287937  ])
4704    , -107.521    , array([ 0.135154   ,  1.50559    ,  0.0923938  ,  0.0287937  ])
4708    , -8630.37    , array([ 0.135154   ,  1.50638    ,  1.09239    ,  0.0287937  ])
4712    , -5972.13    , array([ 0.135154   ,  1.50638    ,  0.47436    ,  0.0287937  ])
4716    , -107.88     , array([ 0.135154   ,  1.50638    ,  0.0901118  ,  0.0287937  ])
4720    , -107.52     , array([ 0.135154   ,  1.50638    ,  0.092294   ,  0.0287937  ])
4728    , -3685.04    , array([ 0.135154   ,  1.50638    ,  0.092293   ,  0.219733   ])
4736    , -118.222    , array([ 0.135154   ,  1.50638    ,  0.092293   ,  0.0330078  ])
4740    , -107.445    , array([ 0.135154   ,  1.50638    ,  0.092293   ,  0.0291095  ])
4744    , -107.409    , array([ 0.13242    ,  1.43435    ,  0.0921922  ,  0.0294128  ])
4748    , -107.358    , array([ 0.133464   ,  1.46186    ,  0.0922307  ,  0.0292946  ])
4752    , -107.358    , array([ 0.133604   ,  1.46554    ,  0.0922358  ,  0.0292787  ])
4764    , -287.694    , array([ 0.133604   ,  1.46554    ,  0.0922358  ,  0.0161231  ])
4768    , -107.356    , array([ 0.133604   ,  1.46554    ,  0.0922358  ,  0.0292272  ])
4772    , -122.459    , array([ 0.133604   ,  2.46554    ,  0.0922358  ,  0.0292277  ])
4776    , -111.387    , array([ 0.133604   ,  1.84751    ,  0.0922358  ,  0.0292277  ])
4780    , -107.314    , array([ 0.133604   ,  1.43227    ,  0.0922358  ,  0.0292277  ])
4784    , -107.314    , array([ 0.133604   ,  1.4311     ,  0.0922358  ,  0.0292277  ])
4792    , -437.846    , array([ 0.133604   ,  1.4311     ,  0.165166   ,  0.0292277  ])
4796    , -107.246    , array([ 0.133604   ,  1.4311     ,  0.0912816  ,  0.0292277  ])
4800    , -107.514    , array([ 0.129546   ,  1.32419    ,  0.091132   ,  0.0296872  ])
4804    , -107.194    , array([ 0.132431   ,  1.4002     ,  0.0912384  ,  0.0293605  ])
4808    , -107.194    , array([ 0.132431   ,  1.4002     ,  0.0912384  ,  0.0293605  ])
4824    , -107.094    , array([ 0.132431   ,  1.4002     ,  0.0912384  ,  0.029726   ])
4828    , -123.772    , array([ 0.132431   ,  2.4002     ,  0.0912384  ,  0.0297309  ])
4832    , -111.384    , array([ 0.132431   ,  1.78217    ,  0.0912384  ,  0.0297309  ])
4836    , -107.084    , array([ 0.132431   ,  1.3851     ,  0.0912384  ,  0.0297309  ])
4840    , -107.084    , array([ 0.132431   ,  1.38463    ,  0.0912384  ,  0.0297309  ])
4848    , -448.67     , array([ 0.132431   ,  1.38463    ,  0.164168   ,  0.0297309  ])
4852    , -106.983    , array([ 0.132431   ,  1.38463    ,  0.0900999  ,  0.0297309  ])
4856    , -107.302    , array([ 0.128374   ,  1.27772    ,  0.0899503  ,  0.0301904  ])
4860    , -106.941    , array([ 0.131389   ,  1.35716    ,  0.0900615  ,  0.029849   ])
4864    , -106.941    , array([ 0.131389   ,  1.35716    ,  0.0900615  ,  0.029849   ])
4868    , -106.598    , array([ 0.128659   ,  1.24449    ,  0.0869803  ,  0.0311279  ])
4872    , -106.597    , array([ 0.128511   ,  1.23839    ,  0.0868135  ,  0.0311971  ])
4880    , -3085.24    , array([ 0.128511   ,  1.23839    ,  0.0868135  ,  0.222144   ])
4888    , -115.101    , array([ 0.128511   ,  1.23839    ,  0.0868135  ,  0.0353615  ])
4892    , -106.518    , array([ 0.128511   ,  1.23839    ,  0.0868135  ,  0.0315517  ])
4896    , -106.518    , array([ 0.128511   ,  1.23839    ,  0.0868135  ,  0.0315482  ])
4900    , -106.466    , array([ 0.128511   ,  1.25519    ,  0.0868135  ,  0.0315482  ])
4904    , -106.449    , array([ 0.128511   ,  1.2719     ,  0.0868135  ,  0.0315482  ])
4908    , -106.449    , array([ 0.128511   ,  1.27156    ,  0.0868135  ,  0.0315482  ])
4912    , -106.448    , array([ 0.128323   ,  1.26659    ,  0.0868065  ,  0.0315696  ])
4916    , -106.566    , array([ 0.125449   ,  1.14792    ,  0.0835587  ,  0.0329173  ])
4920    , -106.391    , array([ 0.127227   ,  1.22133    ,  0.085566   ,  0.0320841  ])
4924    , -106.391    , array([ 0.127166   ,  1.2188     ,  0.0854971  ,  0.0321127  ])
4932    , -3038.56    , array([ 0.127178   ,  1.21928    ,  0.08551    ,  0.223055   ])
4940    , -106.552    , array([ 0.127178   ,  1.21928    ,  0.08551    ,  0.0324531  ])
4944    , -106.365    , array([ 0.127178   ,  1.21928    ,  0.08551    ,  0.031906   ])
4948    , -106.365    , array([ 0.127178   ,  1.21928    ,  0.08551    ,  0.031904   ])
4952    , -106.288    , array([ 0.127178   ,  1.24144    ,  0.08551    ,  0.031904   ])
4956    , -106.274    , array([ 0.127178   ,  1.25542    ,  0.08551    ,  0.031904   ])
4960    , -106.274    , array([ 0.127178   ,  1.25578    ,  0.08551    ,  0.031904   ])
4964    , -106.272    , array([ 0.126988   ,  1.25078    ,  0.085503   ,  0.0319254  ])
4968    , -106.272    , array([ 0.126986   ,  1.25073    ,  0.085503   ,  0.0319256  ])
4972    , -106.512    , array([ 0.128764   ,  1.32414    ,  0.0875103  ,  0.0310924  ])
4976    , -106.236    , array([ 0.126093   ,  1.21388    ,  0.0844951  ,  0.032344   ])
4980    , -106.085    , array([ 0.125009   ,  1.20848    ,  0.0834801  ,  0.0325806  ])
4984    , -104.208    , array([ 0.107808   ,  1.12284    ,  0.0673819  ,  0.0363338  ])
4988    , -104        , array([ 0.102118   ,  1.09451    ,  0.0620573  ,  0.0375753  ])
4992    , -104        , array([ 0.102356   ,  1.09569    ,  0.0622794  ,  0.0375235  ])
5000    , -298.688    , array([ 0.102356   ,  1.09569    ,  0.0622794  ,  0.0615261  ])
5004    , -103.91     , array([ 0.102356   ,  1.09569    ,  0.0622794  ,  0.0370673  ])
5008    , -103.91     , array([ 0.102356   ,  1.09569    ,  0.0622794  ,  0.0370908  ])
5012    , -103.91     , array([ 0.102356   ,  1.09569    ,  0.0622794  ,  0.0370951  ])
5016    , -103.451    , array([ 0.104292   ,  1.1756     ,  0.0644647  ,  0.036188   ])
5020    , -103.318    , array([ 0.102742   ,  1.13477    ,  0.0644076  ,  0.0363635  ])
5024    , -103.329    , array([ 0.103334   ,  1.15036    ,  0.0644294  ,  0.0362965  ])
5028    , -103.316    , array([ 0.102906   ,  1.13908    ,  0.0644136  ,  0.036345   ])
5032    , -105.124    , array([ 0.117576   ,  1.21212    ,  0.0781437  ,  0.0331439  ])
5036    , -102.882    , array([ 0.0953661  ,  1.10154    ,  0.0573575  ,  0.0379901  ])
5040    , -102.882    , array([ 0.0954415  ,  1.10192    ,  0.0574281  ,  0.0379736  ])
5052    , -214.531    , array([ 0.0954415  ,  1.10192    ,  0.0574281  ,  0.024818   ])
5056    , -102.869    , array([ 0.0954415  ,  1.10192    ,  0.0574281  ,  0.0378151  ])
5060    , -105.849    , array([ 0.092564   ,  0.983147   ,  0.0541801  ,  0.0391632  ])
5064    , -102.987    , array([ 0.098319   ,  1.22069    ,  0.0606761  ,  0.0364669  ])
5068    , -102.657    , array([ 0.0966426  ,  1.15149    ,  0.0587838  ,  0.0372523  ])
5072    , -103.413    , array([ 0.0925728  ,  1.04409    ,  0.0586208  ,  0.0377174  ])
5076    , -102.585    , array([ 0.0956824  ,  1.12601    ,  0.0587354  ,  0.0373653  ])
5080    , -108.139    , array([ 0.13409    ,  1.31724    ,  0.0946811  ,  0.0289847  ])
5084    , -102.349    , array([ 0.0915188  ,  1.10528    ,  0.0548388  ,  0.0382738  ])
5088    , -102.344    , array([ 0.0908445  ,  1.10193    ,  0.0542077  ,  0.0384209  ])
5092    , -102.344    , array([ 0.0908445  ,  1.10193    ,  0.0542077  ,  0.0384209  ])
5096    , -113.872    , array([ 0.0415079  ,  1.10204    ,  0.0196456  ,  0.043221   ])
5100    , -101.034    , array([ 0.0681882  ,  1.10198    ,  0.0383361  ,  0.0406252  ])
5104    , -101.033    , array([ 0.0688058  ,  1.10198    ,  0.0387688  ,  0.0405651  ])
5116    , -219.846    , array([ 0.0688058  ,  1.10198    ,  0.0387688  ,  0.0274095  ])
5120    , -100.825    , array([ 0.0688058  ,  1.10198    ,  0.0387688  ,  0.0412321  ])
5124    , -105.027    , array([ 0.0734617  ,  1.29415    ,  0.0440242  ,  0.0390508  ])
5128    , -100.793    , array([ 0.0692051  ,  1.11846    ,  0.0392195  ,  0.0410451  ])
5132    , -100.791    , array([ 0.0691383  ,  1.1157     ,  0.0391441  ,  0.0410763  ])
5136    , -100.694    , array([ 0.0675851  ,  1.07473    ,  0.0390833  ,  0.0412534  ])
5140    , -100.647    , array([ 0.0681501  ,  1.08962    ,  0.0391041  ,  0.0411894  ])
5144    , -104.348    , array([ 0.103799   ,  1.08927    ,  0.0640844  ,  0.0377211  ])
5148    , -100.572    , array([ 0.0545518  ,  1.08938    ,  0.0295847  ,  0.0425126  ])
5152    , -132.353    , array([ 0.0285998  ,  1.07682    ,  0.0122056  ,  0.0455982  ])
5156    , -100.366    , array([ 0.0597221  ,  1.08937    ,  0.0332066  ,  0.0420096  ])
5164    , -269.365    , array([ 0.0597221  ,  1.08937    ,  0.0332066  ,  0.0659061  ])
5168    , -100.297    , array([ 0.0597221  ,  1.08937    ,  0.0332066  ,  0.0423993  ])
5172    , -104.731    , array([ 0.0568446  ,  0.970603   ,  0.0299586  ,  0.0437435  ])
5176    , -100.901    , array([ 0.058623   ,  1.04401    ,  0.031966   ,  0.0429103  ])
5180    , -100.296    , array([ 0.0597701  ,  1.09135    ,  0.0332607  ,  0.0423729  ])
5184    , -100.296    , array([ 0.059769   ,  1.09131    ,  0.0332596  ,  0.0423734  ])
5188    , -102.029    , array([ 0.062278   ,  1.15743    ,  0.0333532  ,  0.0420889  ])
5192    , -100.223    , array([ 0.059143   ,  1.07483    ,  0.0332376  ,  0.0424439  ])
5196    , -108.946    , array([ 0.0371111  ,  1.07506    ,  0.017799   ,  0.0445874  ])
5200    , -100.299    , array([ 0.0507318  ,  1.07503    ,  0.0273407  ,  0.0432622  ])
5204    , -100.112    , array([ 0.054974   ,  1.07502    ,  0.0303126  ,  0.0428494  ])
5208    , -100.112    , array([ 0.054974   ,  1.07502    ,  0.0303126  ,  0.0428494  ])
5212    , -99.72      , array([ 0.0425434  ,  1.03744    ,  0.022736   ,  0.0450482  ])
5216    , -99.7179    , array([ 0.0417698  ,  1.0351     ,  0.0222644  ,  0.0451851  ])
5224    , -2295.85    , array([ 0.0417698  ,  1.0351     ,  0.0222644  ,  0.236141   ])
5228    , -1269.01    , array([ 0.0417698  ,  1.0351     ,  0.0222644  ,  0.0107432  ])
5232    , -99.747     , array([ 0.0417698  ,  1.0351     ,  0.0222644  ,  0.0457002  ])
5236    , -99.7033    , array([ 0.0417698  ,  1.0351     ,  0.0222644  ,  0.0453739  ])
5240    , -101.37     , array([ 0.0435482  ,  1.10851    ,  0.0242718  ,  0.0445407  ])
5244    , -99.6221    , array([ 0.0420705  ,  1.04752    ,  0.0226039  ,  0.045233   ])
5248    , -100.182    , array([ 0.0405206  ,  1.00668    ,  0.0225468  ,  0.0454085  ])
5252    , -99.6199    , array([ 0.0414785  ,  1.03192    ,  0.0225821  ,  0.0453     ])
5256    , -99.5883    , array([ 0.0417693  ,  1.03958    ,  0.0225928  ,  0.0452671  ])
5260    , -99.8954    , array([ 0.04993    ,  1.06425    ,  0.0275669  ,  0.0438236  ])
5264    , -99.46      , array([ 0.0361052  ,  1.02246    ,  0.0191405  ,  0.046269   ])
5268    , -99.46      , array([ 0.035907   ,  1.02186    ,  0.0190197  ,  0.0463041  ])
5276    , -2265.72    , array([ 0.0359651  ,  1.02203    ,  0.019055   ,  0.23725    ])
5280    , -1206.31    , array([ 0.0359651  ,  1.02203    ,  0.019055   ,  0.0118519  ])
5284    , -99.4996    , array([ 0.0359651  ,  1.02203    ,  0.019055   ,  0.0465138  ])
5288    , -99.4546    , array([ 0.0359651  ,  1.02203    ,  0.019055   ,  0.0461775  ])
5292    , -99.4546    , array([ 0.0359651  ,  1.02203    ,  0.019055   ,  0.0461786  ])
5296    , -99.4198    , array([ 0.0361314  ,  1.0289     ,  0.0192427  ,  0.0461007  ])
5300    , -99.4198    , array([ 0.0361355  ,  1.02907    ,  0.0192475  ,  0.0460987  ])
5304    , -99.9794    , array([ 0.0370935  ,  1.05431    ,  0.0192828  ,  0.0459903  ])
5308    , -99.4124    , array([ 0.0360126  ,  1.02583    ,  0.0192429  ,  0.0461127  ])
5312    , -100.253    , array([ 0.0573788  ,  1.09045    ,  0.0322652  ,  0.0423334  ])
5316    , -99.364     , array([ 0.0335495  ,  1.01841    ,  0.017741   ,  0.0465484  ])
5320    , -99.3631    , array([ 0.0332184  ,  1.01741    ,  0.0175391  ,  0.046607   ])
5324    , -99.3631    , array([ 0.0332184  ,  1.01741    ,  0.0175391  ,  0.046607   ])
5328    , -99.1896    , array([ 0.0260274  ,  1.00532    ,  0.0135703  ,  0.047427   ])
5332    , -99.1604    , array([ 0.022777   ,  0.999849   ,  0.0117764  ,  0.0477976  ])
5340    , -2189.8     , array([ 0.022777   ,  0.999849   ,  0.0117764  ,  0.238755   ])
5344    , -1170.47    , array([ 0.022777   ,  0.999849   ,  0.0117764  ,  0.0133558  ])
5348    , -99.1706    , array([ 0.022777   ,  0.999849   ,  0.0117764  ,  0.0483563  ])
5352    , -99.1353    , array([ 0.022777   ,  0.999849   ,  0.0117764  ,  0.048052   ])
5356    , -105.871    , array([ 0.0245554  ,  1.07325    ,  0.0137837  ,  0.0472188  ])
5360    , -99.1037    , array([ 0.0228833  ,  1.00424    ,  0.0118964  ,  0.0480022  ])
5364    , -99.1037    , array([ 0.0228812  ,  1.00415    ,  0.011894   ,  0.0480032  ])
5368    , -100.25     , array([ 0.0238391  ,  1.02939    ,  0.0119293  ,  0.0478947  ])
5372    , -99.1031    , array([ 0.0228603  ,  1.0036     ,  0.0118933  ,  0.0480055  ])
5376    , -99.918     , array([ 0.0124193  ,  0.986048   ,  0.00613054 ,  0.0491961  ])
5380    , -99.0506    , array([ 0.0188725  ,  0.996904   ,  0.0096921  ,  0.0484602  ])
5384    , -99.0501    , array([ 0.0191722  ,  0.997408   ,  0.0098575  ,  0.0484261  ])
5388    , -99.0501    , array([ 0.0191353  ,  0.997346   ,  0.00983715 ,  0.0484303  ])
5400    , -185.758    , array([ 0.0191353  ,  0.997346   ,  0.00983715 ,  0.0352747  ])
5404    , -99.0483    , array([ 0.0191353  ,  0.997346   ,  0.00983715 ,  0.0484985  ])
5408    , -150.679    , array([ 0.0162578  ,  0.878576   ,  0.00658915 ,  0.0498467  ])
5412    , -105.322    , array([ 0.0180362  ,  0.95198    ,  0.00859652 ,  0.0490135  ])
5416    , -99.0308    , array([ 0.0192009  ,  1.00005    ,  0.00991121 ,  0.0484678  ])
5420    , -108.964    , array([ 0.0217088  ,  1.06613    ,  0.0100037  ,  0.0481838  ])
5424    , -99.0311    , array([ 0.0192049  ,  1.00016    ,  0.00991136 ,  0.0484673  ])
5428    , -99.0306    , array([ 0.019189   ,  0.999739   ,  0.00991077 ,  0.0484691  ])
5432    , -99.0306    , array([ 0.0191888  ,  0.999736   ,  0.00991077 ,  0.0484692  ])
5436    , -99.0095    , array([ 0.0177018  ,  0.997235   ,  0.00909003 ,  0.0486387  ])
5440    , -99.0085    , array([ 0.0173331  ,  0.996614   ,  0.00888657 ,  0.0486808  ])
5444    , -98.9749    , array([ 0.0155309  ,  0.995883   ,  0.00793599 ,  0.0489312  ])
5448    , -98.9495    , array([ 0.0137287  ,  0.995152   ,  0.00698541 ,  0.0491817  ])
5452    , -98.938     , array([ 0.0119158  ,  0.994416   ,  0.00602914 ,  0.0494337  ])
5456    , -98.938     , array([ 0.0119694  ,  0.994438   ,  0.00605743 ,  0.0494263  ])
5464    , -229.727    , array([ 0.0119694  ,  0.994438   ,  0.00605743 ,  0.0717112  ])
5468    , -98.9376    , array([ 0.0119694  ,  0.994438   ,  0.00605743 ,  0.0493838  ])
5472    , -98.9376    , array([ 0.0119694  ,  0.994438   ,  0.00605743 ,  0.0493921  ])
5476    , -120.729    , array([ 0.0137478  ,  1.06784    ,  0.00806481 ,  0.0485589  ])
5480    , -98.9128    , array([ 0.0120196  ,  0.99651    ,  0.00611409 ,  0.0493686  ])
5484    , -112.349    , array([ 0.010469   ,  0.955646   ,  0.00605622 ,  0.0495444  ])
5488    , -100.631    , array([ 0.0114269  ,  0.980885   ,  0.00609152 ,  0.0494359  ])
5492    , -98.9123    , array([ 0.0120087  ,  0.996212   ,  0.00611297 ,  0.04937    ])
5496    , -99.0663    , array([ 0.0206873  ,  0.999733   ,  0.0106906  ,  0.0481638  ])
5500    , -98.9372    , array([ 0.0136662  ,  0.996885   ,  0.00698722 ,  0.0491397  ])
5504    , -98.8934    , array([ 0.0102588  ,  0.995502   ,  0.00519    ,  0.0496132  ])
5508    , -98.8926    , array([ 0.0100035  ,  0.995399   ,  0.00505534 ,  0.0496487  ])
5512    , -3682.89    , array([ 0.0100035  ,  0.995399   ,  0.00505534 ,  1.04965    ])
5516    , -3269.77    , array([ 0.0100035  ,  0.995399   ,  0.00505534 ,  0.431615   ])
5520    , -863.158    , array([ 0.0100035  ,  0.995399   ,  0.00505534 ,  0.122588   ])
5524    , -101.404    , array([ 0.0100035  ,  0.995399   ,  0.00505534 ,  0.0522227  ])
5528    , -98.8904    , array([ 0.0100035  ,  0.995399   ,  0.00505534 ,  0.0495739  ])
5532    , -227.383    , array([ 0.0146594  ,  1.18757    ,  0.0103107  ,  0.0473918  ])
5536    , -107.727    , array([ 0.0108927  ,  1.0321     ,  0.00605902 ,  0.0491566  ])
5540    , -99.0488    , array([ 0.0101333  ,  1.00075    ,  0.00520177 ,  0.0495124  ])
5544    , -98.884     , array([ 0.0100245  ,  0.996262   ,  0.00507895 ,  0.0495634  ])
5548    , -98.884     , array([ 0.0100247  ,  0.996271   ,  0.00507919 ,  0.0495633  ])
5556    , -98.8836    , array([ 0.010017   ,  0.996069   ,  0.00507891 ,  0.0495641  ])
5560    , -99.0231    , array([ 0.0186957  ,  0.99959    ,  0.00965654 ,  0.0483579  ])
5564    , -98.9115    , array([ 0.0116745  ,  0.996742   ,  0.00595316 ,  0.0493338  ])
5568    , -98.8871    , array([ 0.0102588  ,  0.996167   ,  0.00520646 ,  0.0495305  ])
5572    , -98.8841    , array([ 0.0100523  ,  0.996083   ,  0.00509751 ,  0.0495592  ])
