1296    , -1027.87    , array([ 0.25518    ,  2.80278    ,  0.0862754  ,  0.0579988  ])
1300    , -475.642    , array([ 0.0297684  ,  2.80278    ,  0.0862754  ,  0.0579988  ])
1304    , -91.6416    , array([ 0.0645311  ,  2.80278    ,  0.0862754  ,  0.0579988  ])
1308    , -91.6237    , array([ 0.0641628  ,  2.80278    ,  0.0862754  ,  0.0579988  ])
1312    , -91.6237    , array([ 0.0641634  ,  2.80278    ,  0.0862754  ,  0.0579988  ])
1316    , -91.6191    , array([ 0.0641634  ,  2.82378    ,  0.0862754  ,  0.0579988  ])
1320    , -91.6191    , array([ 0.0641634  ,  2.82595    ,  0.0862754  ,  0.0579988  ])
1328    , -91.745     , array([ 0.0641634  ,  2.82595    ,  0.0875845  ,  0.0579988  ])
1332    , -91.609     , array([ 0.0641634  ,  2.82595    ,  0.0857935  ,  0.0579988  ])
1336    , -91.609     , array([ 0.0641634  ,  2.82595    ,  0.0857886  ,  0.0579988  ])
1344    , -138.889    , array([ 0.0641634  ,  2.82595    ,  0.0857886  ,  0.0709058  ])
1348    , -91.6069    , array([ 0.0641634  ,  2.82595    ,  0.0857886  ,  0.0579155  ])
1352    , -91.6078    , array([ 0.0641165  ,  2.84912    ,  0.0853017  ,  0.0578321  ])
1356    , -91.6051    , array([ 0.0641455  ,  2.8348     ,  0.0856026  ,  0.0578836  ])
1360    , -91.605     , array([ 0.0641422  ,  2.83643    ,  0.0855682  ,  0.0578778  ])
1372    , -141.772    , array([ 0.0473417  ,  2.83643    ,  0.0855682  ,  0.0578778  ])
1376    , -91.5853    , array([ 0.0637619  ,  2.83643    ,  0.0855682  ,  0.0578778  ])
1380    , -156.993    , array([ 0.0637619  ,  1.2184     ,  0.0855682  ,  0.0578778  ])
1384    , -91.6001    , array([ 0.0637619  ,  2.91206    ,  0.0855682  ,  0.0578778  ])
1388    , -91.5801    , array([ 0.0637619  ,  2.86145    ,  0.0855682  ,  0.0578778  ])
1392    , -91.5801    , array([ 0.0637619  ,  2.8617     ,  0.0855682  ,  0.0578778  ])
1400    , -140.557    , array([ 0.0637619  ,  2.8617     ,  0.0855682  ,  0.0708779  ])
1404    , -91.5724    , array([ 0.0637619  ,  2.8617     ,  0.0855682  ,  0.0577219  ])
1408    , -91.5657    , array([ 0.0637063  ,  2.88915    ,  0.0849914  ,  0.0576216  ])
1412    , -91.5651    , array([ 0.0637145  ,  2.88508    ,  0.0850769  ,  0.0576363  ])
1416    , -91.5649    , array([ 0.0637196  ,  2.88257    ,  0.0851297  ,  0.0576453  ])
1420    , -91.5374    , array([ 0.0630016  ,  2.97418    ,  0.0840637  ,  0.0572081  ])
1424    , -91.5374    , array([ 0.0629842  ,  2.97641    ,  0.0840378  ,  0.0571975  ])
1428    , -91.5319    , array([ 0.0630122  ,  2.95983    ,  0.084395   ,  0.057256   ])
1432    , -91.5319    , array([ 0.0630117  ,  2.96004    ,  0.0843905  ,  0.0572553  ])
1436    , -91.5319    , array([ 0.0630122  ,  2.95983    ,  0.084395   ,  0.057256   ])
1440    , -91.5222    , array([ 0.0630122  ,  2.99614    ,  0.084395   ,  0.057256   ])
1444    , -18604.5    , array([ 0.0630122  ,  2.99614    ,  0.084395   ,  1.05726    ])
1448    , -12080.5    , array([ 0.0630122  ,  2.99614    ,  0.084395   ,  0.439222   ])
1452    , -1205.16    , array([ 0.0630122  ,  2.99614    ,  0.084395   ,  0.130168   ])
1456    , -91.5271    , array([ 0.0630122  ,  2.99614    ,  0.084395   ,  0.057153   ])
1460    , -91.5221    , array([ 0.0630122  ,  2.99614    ,  0.084395   ,  0.057278   ])
1464    , -91.5221    , array([ 0.0630122  ,  2.99614    ,  0.084395   ,  0.0572782  ])
1468    , -91.5185    , array([ 0.0627418  ,  3.03064    ,  0.0839936  ,  0.0571136  ])
1472    , -91.5207    , array([ 0.0627206  ,  3.04112    ,  0.0837733  ,  0.0570759  ])
1476    , -91.5189    , array([ 0.0627337  ,  3.03464    ,  0.0839095  ,  0.0570992  ])
1480    , -91.5185    , array([ 0.0627431  ,  3.03001    ,  0.0840069  ,  0.0571159  ])
1484    , -96.6993    , array([ 0.062743   ,  4.03004    ,  0.0840061  ,  0.0571158  ])
1488    , -92.3586    , array([ 0.062743   ,  3.41201    ,  0.0840061  ,  0.0571158  ])
1492    , -91.5185    , array([ 0.062743   ,  3.03111    ,  0.0840061  ,  0.0571158  ])
1496    , -18716.4    , array([ 0.062743   ,  3.03111    ,  0.0840061  ,  1.05712    ])
1500    , -12148.1    , array([ 0.062743   ,  3.03111    ,  0.0840061  ,  0.439082   ])
1504    , -1211.28    , array([ 0.062743   ,  3.03111    ,  0.0840061  ,  0.130028   ])
1508    , -91.5223    , array([ 0.062743   ,  3.03111    ,  0.0840061  ,  0.057051   ])
1512    , -91.5174    , array([ 0.062743   ,  3.03111    ,  0.0840061  ,  0.0571745  ])
1516    , -91.5174    , array([ 0.062743   ,  3.03111    ,  0.0840061  ,  0.0571739  ])
1520    , -91.5169    , array([ 0.0626399  ,  3.04427    ,  0.083853   ,  0.0571111  ])
