3076    , -2532.41    , array([ 1.0699     ,  1.11102    ,  0.142726   ,  0.0382564  ])
3080    , -1548.24    , array([ 0.451868   ,  1.11102    ,  0.142726   ,  0.0382564  ])
3084    , -378.663    , array([ 0.142847   ,  1.11102    ,  0.142726   ,  0.0382564  ])
3088    , -103.233    , array([ 0.0725612  ,  1.11102    ,  0.142726   ,  0.0382564  ])
3092    , -102.396    , array([ 0.06994    ,  1.11102    ,  0.142726   ,  0.0382564  ])
3096    , -102.396    , array([ 0.0699844  ,  1.11102    ,  0.142726   ,  0.0382564  ])
3100    , -102.396    , array([ 0.0699421  ,  1.11102    ,  0.142726   ,  0.0382564  ])
3108    , -104.227    , array([ 0.0699412  ,  1.24754    ,  0.142726   ,  0.0382564  ])
3112    , -102.396    , array([ 0.0699412  ,  1.11265    ,  0.142726   ,  0.0382564  ])
3116    , -102.396    , array([ 0.0699412  ,  1.1127     ,  0.142726   ,  0.0382564  ])
3120    , -102.396    , array([ 0.0699412  ,  1.11269    ,  0.142726   ,  0.0382564  ])
3124    , -104.856    , array([ 0.0699412  ,  1.11269    ,  0.133447   ,  0.0382564  ])
3128    , -102.37     , array([ 0.0699412  ,  1.11269    ,  0.141864   ,  0.0382564  ])
3136    , -2681.67    , array([ 0.0699412  ,  1.11269    ,  0.141855   ,  0.229208   ])
3140    , -1751.3     , array([ 0.0699412  ,  1.11269    ,  0.141855   ,  0.00381453 ])
3144    , -102.461    , array([ 0.0699412  ,  1.11269    ,  0.141855   ,  0.0387472  ])
3148    , -102.368    , array([ 0.0699412  ,  1.11269    ,  0.141855   ,  0.0383237  ])
3152    , -102.436    , array([ 0.069878   ,  1.10999    ,  0.143265   ,  0.0382144  ])
3156    , -102.368    , array([ 0.069946   ,  1.11289    ,  0.141746   ,  0.0383328  ])
3160    , -2533.41    , array([ 1.06995    ,  1.11289    ,  0.141746   ,  0.0383328  ])
3164    , -1553.19    , array([ 0.451912   ,  1.11289    ,  0.141746   ,  0.0383328  ])
3168    , -383.203    , array([ 0.142891   ,  1.11289    ,  0.141746   ,  0.0383328  ])
3172    , -103.137    , array([ 0.0720533  ,  1.11289    ,  0.141746   ,  0.0383328  ])
3176    , -102.344    , array([ 0.069524   ,  1.11289    ,  0.141746   ,  0.0383328  ])
3184    , -104.206    , array([ 0.0695198  ,  1.24839    ,  0.141746   ,  0.0383328  ])
3188    , -102.344    , array([ 0.0695198  ,  1.11249    ,  0.141746   ,  0.0383328  ])
3192    , -102.344    , array([ 0.0695198  ,  1.11253    ,  0.141746   ,  0.0383328  ])
3200    , -2690.83    , array([ 0.0695198  ,  1.11251    ,  0.141746   ,  0.229284   ])
3204    , -1746.37    , array([ 0.0695198  ,  1.11251    ,  0.141746   ,  0.003891   ])
3208    , -102.439    , array([ 0.0695198  ,  1.11251    ,  0.141746   ,  0.0387268  ])
3212    , -102.344    , array([ 0.0695198  ,  1.11251    ,  0.141746   ,  0.0382983  ])
3216    , -102.323    , array([ 0.0695576  ,  1.11413    ,  0.140902   ,  0.0383645  ])
3220    , -102.324    , array([ 0.069548   ,  1.11372    ,  0.141115   ,  0.0383479  ])
3224    , -102.323    , array([ 0.0695572  ,  1.11411    ,  0.14091    ,  0.0383639  ])
3228    , -105.498    , array([ 0.0509678  ,  1.18311    ,  0.0951769  ,  0.0402779  ])
3232    , -101.946    , array([ 0.0635369  ,  1.13646    ,  0.126099   ,  0.0389838  ])
3236    , -101.962    , array([ 0.0636479  ,  1.13627    ,  0.126251   ,  0.0389813  ])
3240    , -101.808    , array([ 0.0635616  ,  1.13259    ,  0.128177   ,  0.0388311  ])
3244    , -101.808    , array([ 0.0635603  ,  1.13253    ,  0.128206   ,  0.0388288  ])
3252    , -103.443    , array([ 0.0635595  ,  1.26877    ,  0.128225   ,  0.0388274  ])
3256    , -101.804    , array([ 0.0635595  ,  1.13822    ,  0.128225   ,  0.0388274  ])
3264    , -2701.84    , array([ 0.0635595  ,  1.13816    ,  0.128225   ,  0.229779   ])
3268    , -1753.31    , array([ 0.0635595  ,  1.13816    ,  0.128225   ,  0.00438554 ])
3272    , -101.84     , array([ 0.0635595  ,  1.13816    ,  0.128225   ,  0.0395245  ])
3276    , -101.758    , array([ 0.0635595  ,  1.13816    ,  0.128225   ,  0.0391258  ])
3280    , -102.261    , array([ 0.05399    ,  1.17368    ,  0.104682   ,  0.0401112  ])
3284    , -101.599    , array([ 0.0599947  ,  1.1514     ,  0.119455   ,  0.0394929  ])
3288    , -101.582    , array([ 0.0599508  ,  1.15119    ,  0.119542   ,  0.0394828  ])
3292    , -101.556    , array([ 0.0598852  ,  1.14839    ,  0.121006   ,  0.0393686  ])
3296    , -101.542    , array([ 0.0599096  ,  1.14943    ,  0.120463   ,  0.039411   ])
3300    , -225.806    , array([ 0.0599096  ,  0.531397   ,  0.120463   ,  0.039411   ])
3304    , -101.525    , array([ 0.0599096  ,  1.14058    ,  0.120463   ,  0.039411   ])
3308    , -101.523    , array([ 0.0599096  ,  1.13667    ,  0.120463   ,  0.039411   ])
3312    , -101.523    , array([ 0.0599096  ,  1.13654    ,  0.120463   ,  0.039411   ])
3320    , -299.045    , array([ 0.0599096  ,  1.13654    ,  0.120463   ,  0.0639973  ])
3324    , -101.453    , array([ 0.0599096  ,  1.13654    ,  0.120463   ,  0.0397797  ])
3328    , -101.619    , array([ 0.0539953  ,  1.15849    ,  0.105913   ,  0.0403887  ])
3332    , -101.377    , array([ 0.0576505  ,  1.14493    ,  0.114905   ,  0.0400123  ])
3336    , -101.377    , array([ 0.0575703  ,  1.14522    ,  0.114708   ,  0.0400206  ])
3340    , -100.887    , array([ 0.0514011  ,  1.1284     ,  0.10272    ,  0.0413837  ])
3344    , -103.187    , array([ 0.0158387  ,  1.03229    ,  0.0335421  ,  0.049226   ])
3348    , -100.188    , array([ 0.0351926  ,  1.0846     ,  0.07119    ,  0.044958   ])
3352    , -100.112    , array([ 0.0347321  ,  1.08304    ,  0.070486   ,  0.0450441  ])
3356    , -99.9598    , array([ 0.0346497  ,  1.07952    ,  0.0723252  ,  0.0449006  ])
3360    , -99.8853    , array([ 0.0346792  ,  1.08078    ,  0.0716662  ,  0.044952   ])
3364    , -99.8852    , array([ 0.0346799  ,  1.08081    ,  0.0716528  ,  0.044953   ])
3368    , -100.819    , array([ 0.0346799  ,  0.967814   ,  0.0716528  ,  0.044953   ])
3372    , -99.6599    , array([ 0.0346799  ,  1.04442    ,  0.0716528  ,  0.044953   ])
3380    , -2349.77    , array([ 0.0346799  ,  1.04442    ,  0.0716528  ,  0.235908   ])
3384    , -1310.78    , array([ 0.0346799  ,  1.04442    ,  0.0716528  ,  0.0105112  ])
3388    , -99.7048    , array([ 0.0346799  ,  1.04442    ,  0.0716528  ,  0.045387   ])
3392    , -99.6562    , array([ 0.0346799  ,  1.04442    ,  0.0716528  ,  0.0450486  ])
3396    , -99.6562    , array([ 0.0346799  ,  1.04442    ,  0.0716528  ,  0.0450477  ])
3400    , -99.4583    , array([ 0.0267321  ,  1.02294    ,  0.0561925  ,  0.0468003  ])
3408    , -99.2517    , array([ 0.026407   ,  1.02055    ,  0.0564771  ,  0.0467978  ])
3412    , -99.2717    , array([ 0.0264184  ,  1.02103    ,  0.0562223  ,  0.0468177  ])
3416    , -171.295    , array([ 0.0264064  ,  2.02052    ,  0.0564904  ,  0.0467968  ])
3420    , -118.345    , array([ 0.0264064  ,  1.40249    ,  0.0564904  ,  0.0467968  ])
3424    , -99.2419    , array([ 0.0264064  ,  1.01395    ,  0.0564904  ,  0.0467968  ])
3428    , -99.2419    , array([ 0.0264064  ,  1.01352    ,  0.0564904  ,  0.0467968  ])
3440    , -189.776    , array([ 0.0264064  ,  1.01352    ,  0.0564904  ,  0.0336412  ])
3444    , -99.2418    , array([ 0.0264064  ,  1.01352    ,  0.0564904  ,  0.0467853  ])
3452    , -99.0022    , array([ 0.0176772  ,  0.98993    ,  0.03951    ,  0.0487104  ])
3456    , -98.7812    , array([ 0.0114235  ,  0.97303    ,  0.027345   ,  0.0500894  ])
3460    , -98.7544    , array([ 0.0105157  ,  0.970576   ,  0.0255792  ,  0.0502896  ])
3464    , -98.8237    , array([ 0.0103473  ,  0.969805   ,  0.0254433  ,  0.0503113  ])
3468    , -98.7504    , array([ 0.0103569  ,  0.970216   ,  0.0252287  ,  0.050328   ])
3472    , -185.06     , array([ 0.0103569  ,  1.97022    ,  0.0252287  ,  0.050328   ])
3476    , -120.971    , array([ 0.0103569  ,  1.35218    ,  0.0252287  ,  0.050328   ])
3480    , -98.7465    , array([ 0.0103569  ,  0.974163   ,  0.0252287  ,  0.050328   ])
3484    , -3600.09    , array([ 0.0103569  ,  0.974124   ,  0.0252287  ,  1.05033    ])
3488    , -3194.99    , array([ 0.0103569  ,  0.974124   ,  0.0252287  ,  0.432294   ])
3492    , -844.152    , array([ 0.0103569  ,  0.974124   ,  0.0252287  ,  0.123267   ])
3496    , -101.119    , array([ 0.0103569  ,  0.974124   ,  0.0252287  ,  0.0528313  ])
3500    , -98.7422    , array([ 0.0103569  ,  0.974124   ,  0.0252287  ,  0.0502193  ])
3504    , -100.5      , array([ 0.0473346  ,  1.07406    ,  0.097159   ,  0.0420639  ])
3508    , -99.0027    , array([ 0.017419   ,  0.993209   ,  0.0389661  ,  0.0486609  ])
3512    , -98.7782    , array([ 0.0113873  ,  0.976908   ,  0.0272329  ,  0.049991   ])
3520    , -98.7392    , array([ 0.0100445  ,  0.97328    ,  0.024621   ,  0.0502871  ])
3524    , -98.7416    , array([ 0.0100463  ,  0.973479   ,  0.0245058  ,  0.0502963  ])
3528    , -98.7354    , array([ 0.0100432  ,  0.973351   ,  0.0245732  ,  0.050291   ])
3532    , -98.7353    , array([ 0.0100435  ,  0.973363   ,  0.0245668  ,  0.0502915  ])
3536    , -431.589    , array([ 0.0100435  ,  0.355329   ,  0.0245668  ,  0.0502915  ])
3540    , -98.738     , array([ 0.0100435  ,  0.981194   ,  0.0245668  ,  0.0502915  ])
3544    , -98.7327    , array([ 0.0100435  ,  0.976589   ,  0.0245668  ,  0.0502915  ])
3556    , -179.608    , array([ 0.0100435  ,  0.976589   ,  0.0245668  ,  0.0371359  ])
3560    , -98.7318    , array([ 0.0100435  ,  0.976589   ,  0.0245668  ,  0.0502404  ])
3580    , -98.7314    , array([ 0.0100164  ,  0.976516   ,  0.0245141  ,  0.0502463  ])
3584    , -98.7312    , array([ 0.0100061  ,  0.976488   ,  0.024494   ,  0.0502486  ])
3588    , -98.7311    , array([ 0.0100006  ,  0.976473   ,  0.0244833  ,  0.0502498  ])
