1152    , -88.9595    , array([ 0.0539515  ,  1.06716    ,  0.0295495  ,  0.0437435  ])
1156    , -88.9598    , array([ 0.0539515  ,  1.06716    ,  0.0295495  ,  0.0437873  ])
1160    , -946.94     , array([ 0.0836737  ,  1.0095     ,  0.0119292  ,  0.0415995  ])
1164    , -88.9563    , array([ 0.0539918  ,  1.06705    ,  0.0295038  ,  0.0437398  ])
1168    , -88.9569    , array([ 0.0539918  ,  1.06705    ,  0.0295334  ,  0.0437398  ])
1172    , -88.9553    , array([ 0.0539574  ,  1.06784    ,  0.0294324  ,  0.0437981  ])
1176    , -88.9506    , array([ 0.0537807  ,  1.06823    ,  0.0293557  ,  0.0438067  ])
1180    , -88.9512    , array([ 0.0537807  ,  1.06823    ,  0.0293851  ,  0.0438067  ])
1184    , -88.9434    , array([ 0.053346   ,  1.0698     ,  0.029051   ,  0.0438409  ])
1188    , -88.9154    , array([ 0.0513842  ,  1.07611    ,  0.0278636  ,  0.0439782  ])
1192    , -88.9157    , array([ 0.0513842  ,  1.07611    ,  0.0278915  ,  0.0439782  ])
1196    , -88.8885    , array([ 0.0500034  ,  1.07147    ,  0.0270043  ,  0.0442306  ])
1200    , -88.7996    , array([ 0.044618   ,  1.05309    ,  0.0238241  ,  0.045255   ])
1204    , -88.7979    , array([ 0.044618   ,  1.05309    ,  0.0238479  ,  0.045255   ])
1208    , -88.7632    , array([ 0.0402357  ,  1.04235    ,  0.0212372  ,  0.0460388  ])
1212    , -88.7417    , array([ 0.0385405  ,  1.03867    ,  0.020289   ,  0.0463111  ])
1216    , -88.7378    , array([ 0.0385405  ,  1.03867    ,  0.0203093  ,  0.0463111  ])
1220    , -88.7539    , array([ 0.0326072  ,  1.02409    ,  0.0169012  ,  0.0474168  ])
1224    , -88.7416    , array([ 0.0320826  ,  1.02304    ,  0.0166287  ,  0.047497   ])
1228    , -88.7341    , array([ 0.0320826  ,  1.02304    ,  0.0166453  ,  0.047497   ])
1232    , -88.7546    , array([ 0.0302182  ,  1.01884    ,  0.0155819  ,  0.0478193  ])
1236    , -88.7428    , array([ 0.030185   ,  1.01884    ,  0.0155802  ,  0.0478197  ])
1240    , -88.7347    , array([ 0.030185   ,  1.01884    ,  0.0155958  ,  0.0478197  ])
1244    , -88.7544    , array([ 0.0302029  ,  1.01882    ,  0.0155735  ,  0.0478214  ])
1248    , -88.7422    , array([ 0.0301239  ,  1.01873    ,  0.0155469  ,  0.0478282  ])
1252    , -88.7341    , array([ 0.0301239  ,  1.01873    ,  0.0155625  ,  0.0478282  ])
1256    , -88.7522    , array([ 0.0299592  ,  1.0184     ,  0.0154409  ,  0.0478554  ])
1260    , -88.7344    , array([ 0.0291632  ,  1.01707    ,  0.0150241  ,  0.0479645  ])
1264    , -88.7263    , array([ 0.0291632  ,  1.01707    ,  0.0150391  ,  0.0479645  ])
1268    , -88.7377    , array([ 0.0263165  ,  1.01178    ,  0.0134662  ,  0.0484032  ])
1272    , -88.7216    , array([ 0.0258311  ,  1.01114    ,  0.0132201  ,  0.0484636  ])
1276    , -88.7131    , array([ 0.0258311  ,  1.01114    ,  0.0132333  ,  0.0484636  ])
1280    , -88.7224    , array([ 0.0240976  ,  1.00858    ,  0.0122796  ,  0.0487063  ])
1284    , -88.7601    , array([ 0.0181604  ,  0.998416   ,  0.00914085 ,  0.0496891  ])
1288    , -88.7487    , array([ 0.0181604  ,  0.998416   ,  0.00914999 ,  0.0496891  ])
1292    , -88.7207    , array([ 0.0227231  ,  1.00645    ,  0.0115471  ,  0.0489094  ])
1296    , -88.7049    , array([ 0.0223011  ,  1.00595    ,  0.0113361  ,  0.0489595  ])
1300    , -88.6963    , array([ 0.0223011  ,  1.00595    ,  0.0113474  ,  0.0489595  ])
1304    , -88.7061    , array([ 0.0207938  ,  1.00393    ,  0.0105299  ,  0.0491603  ])
1308    , -88.7259    , array([ 0.0156382  ,  0.995893   ,  0.00783926 ,  0.0499717  ])
1312    , -88.7153    , array([ 0.0156382  ,  0.995893   ,  0.00784711 ,  0.0499717  ])
1316    , -88.7033    , array([ 0.0195769  ,  1.00222    ,  0.00989031 ,  0.0493315  ])
1320    , -88.6885    , array([ 0.0192051  ,  1.00183    ,  0.00970629 ,  0.0493741  ])
1324    , -88.6799    , array([ 0.0192051  ,  1.00183    ,  0.009716   ,  0.0493741  ])
1328    , -88.6909    , array([ 0.0178762  ,  1.00026    ,  0.0090038  ,  0.0495451  ])
1332    , -88.7048    , array([ 0.0133518  ,  0.994012   ,  0.00666679 ,  0.0502347  ])
1336    , -88.6947    , array([ 0.0133518  ,  0.994012   ,  0.00667346 ,  0.0502347  ])
1340    , -88.6884    , array([ 0.0168057  ,  0.998928   ,  0.00844722 ,  0.0496907  ])
1344    , -88.6889    , array([ 0.0144332  ,  0.995681   ,  0.0072255  ,  0.0500491  ])
1348    , -88.6796    , array([ 0.0144332  ,  0.995681   ,  0.00723273 ,  0.0500491  ])
1352    , -88.7006    , array([ 0.0144025  ,  0.995624   ,  0.00720238 ,  0.0500547  ])
1356    , -88.6876    , array([ 0.0142092  ,  0.995395   ,  0.00711065 ,  0.0500771  ])
1360    , -88.6782    , array([ 0.0142092  ,  0.995395   ,  0.00711776 ,  0.0500771  ])
1364    , -88.6964    , array([ 0.0135291  ,  0.994483   ,  0.00675526 ,  0.050167   ])
1368    , -88.6941    , array([ 0.0110634  ,  0.99084    ,  0.00550266 ,  0.050528   ])
1372    , -88.6842    , array([ 0.0110634  ,  0.99084    ,  0.00550817 ,  0.050528   ])
1376    , -88.6957    , array([ 0.012969   ,  0.993712   ,  0.00646891 ,  0.050243   ])
1380    , -88.6884    , array([ 0.0116737  ,  0.991816   ,  0.00581381 ,  0.0504309  ])
1384    , -88.6788    , array([ 0.0116737  ,  0.991816   ,  0.00581963 ,  0.0504309  ])
1388    , -88.6959    , array([ 0.0126907  ,  0.993317   ,  0.00632672 ,  0.0502821  ])
1392    , -88.6839    , array([ 0.012897   ,  0.993629   ,  0.00643871 ,  0.0502512  ])
1396    , -88.6746    , array([ 0.012897   ,  0.993629   ,  0.00644515 ,  0.0502512  ])
1400    , -88.6957    , array([ 0.0129565  ,  0.993695   ,  0.00646252 ,  0.0502448  ])
1404    , -88.6839    , array([ 0.0129534  ,  0.993709   ,  0.00646756 ,  0.0502434  ])
1408    , -88.6746    , array([ 0.0129534  ,  0.993709   ,  0.00647403 ,  0.0502434  ])
1412    , -88.6957    , array([ 0.0129684  ,  0.993711   ,  0.00646862 ,  0.0502431  ])
1416    , -88.6839    , array([ 0.0129559  ,  0.993712   ,  0.00646885 ,  0.050243   ])
1420    , -88.6746    , array([ 0.0129559  ,  0.993712   ,  0.00647532 ,  0.050243   ])
1424    , -88.6957    , array([ 0.012969   ,  0.993712   ,  0.0064689  ,  0.050243   ])
1428    , -88.6839    , array([ 0.012956   ,  0.993712   ,  0.00646891 ,  0.050243   ])
1432    , -88.6746    , array([ 0.012956   ,  0.993712   ,  0.00647538 ,  0.050243   ])
1436    , -88.6957    , array([ 0.012969   ,  0.993712   ,  0.00646891 ,  0.050243   ])
1440    , -88.6839    , array([ 0.012956   ,  0.993712   ,  0.00646891 ,  0.050243   ])
1444    , -88.6746    , array([ 0.012956   ,  0.993712   ,  0.00647538 ,  0.050243   ])
1448    , -88.6957    , array([ 0.012969   ,  0.993712   ,  0.00646891 ,  0.050243   ])
1452    , -88.6839    , array([ 0.012956   ,  0.993712   ,  0.00646891 ,  0.050243   ])
1456    , -88.6746    , array([ 0.012956   ,  0.993712   ,  0.00647538 ,  0.050243   ])
1460    , -88.6957    , array([ 0.012969   ,  0.993712   ,  0.00646891 ,  0.050243   ])
1464    , -88.6839    , array([ 0.012956   ,  0.993712   ,  0.00646891 ,  0.050243   ])
1468    , -88.6746    , array([ 0.012956   ,  0.993712   ,  0.00647538 ,  0.050243   ])
1472    , -88.6957    , array([ 0.012969   ,  0.993712   ,  0.00646891 ,  0.050243   ])
1476    , -88.6839    , array([ 0.012956   ,  0.993712   ,  0.00646891 ,  0.050243   ])
1480    , -88.6746    , array([ 0.012956   ,  0.993712   ,  0.00647538 ,  0.050243   ])
1484    , -88.6957    , array([ 0.012969   ,  0.993712   ,  0.00646891 ,  0.050243   ])
1488    , -88.6839    , array([ 0.012956   ,  0.993712   ,  0.00646891 ,  0.050243   ])
1492    , -88.6746    , array([ 0.012956   ,  0.993712   ,  0.00647538 ,  0.050243   ])
1496    , -88.6957    , array([ 0.012969   ,  0.993712   ,  0.00646891 ,  0.050243   ])
1500    , -88.6839    , array([ 0.012956   ,  0.993712   ,  0.00646891 ,  0.050243   ])
1504    , -88.6746    , array([ 0.012956   ,  0.993712   ,  0.00647538 ,  0.050243   ])
1508    , -88.6957    , array([ 0.012969   ,  0.993712   ,  0.00646891 ,  0.050243   ])
1512    , -88.6886    , array([ 0.0143881  ,  0.995624   ,  0.00720238 ,  0.0500547  ])
1516    , -88.6793    , array([ 0.0143881  ,  0.995624   ,  0.00720958 ,  0.0500547  ])
1520    , -88.7003    , array([ 0.0143576  ,  0.995567   ,  0.00717934 ,  0.0500603  ])
1524    , -88.6878    , array([ 0.0142538  ,  0.995452   ,  0.00713347 ,  0.0500715  ])
1528    , -88.6785    , array([ 0.0142538  ,  0.995452   ,  0.00714061 ,  0.0500715  ])
1532    , -88.6987    , array([ 0.0140906  ,  0.995224   ,  0.00704262 ,  0.050094   ])
1536    , -88.6853    , array([ 0.0137286  ,  0.994768   ,  0.00686437 ,  0.0501389  ])
1540    , -88.676     , array([ 0.0137286  ,  0.994768   ,  0.00687123 ,  0.0501389  ])
1544    , -88.6957    , array([ 0.0130715  ,  0.993856   ,  0.00652129 ,  0.0502289  ])
1548    , -88.6875    , array([ 0.0118146  ,  0.992034   ,  0.00588571 ,  0.0504093  ])
1552    , -88.6839    , array([ 0.0129415  ,  0.993692   ,  0.00646147 ,  0.050245   ])
1556    , -88.699     , array([ 0.0129415  ,  0.993692   ,  0.00646147 ,  0.0502953  ])
1560    , -88.6839    , array([ 0.0129347  ,  0.993682   ,  0.00645798 ,  0.050246   ])
1564    , -88.6839    , array([ 0.0129412  ,  0.993691   ,  0.00646134 ,  0.0502451  ])
