2316    , -89.3084    , array([ 0.067777   ,  1.09477    ,  0.038082   ,  0.0418673  ])
2320    , -89.3131    , array([ 0.067777   ,  1.09477    ,  0.038082   ,  0.0419092  ])
2324    , -550.358    , array([ 0.0315618  ,  1.0091     ,  0.0420324  ,  0.0219315  ])
2328    , -89.2968    , array([ 0.0675142  ,  1.09432    ,  0.038101   ,  0.0417301  ])
2332    , -89.301     , array([ 0.0675142  ,  1.09432    ,  0.0381392  ,  0.0417301  ])
2336    , -89.3179    , array([ 0.0674705  ,  1.09378    ,  0.0379082  ,  0.0415721  ])
2340    , -89.2949    , array([ 0.0674878  ,  1.09419    ,  0.0380553  ,  0.0416926  ])
2344    , -89.2973    , array([ 0.0674878  ,  1.09419    ,  0.0380933  ,  0.0416926  ])
2348    , -89.2933    , array([ 0.0674905  ,  1.09454    ,  0.0380108  ,  0.0416971  ])
2352    , -89.2843    , array([ 0.0671642  ,  1.09596    ,  0.0378335  ,  0.041715   ])
2356    , -89.2867    , array([ 0.0671642  ,  1.09596    ,  0.0378713  ,  0.041715   ])
2360    , -89.2567    , array([ 0.0662052  ,  1.10165    ,  0.0371324  ,  0.041787   ])
2364    , -89.2141    , array([ 0.0647082  ,  1.09664    ,  0.0362132  ,  0.0420368  ])
2368    , -89.2163    , array([ 0.0647082  ,  1.09664    ,  0.0362494  ,  0.0420368  ])
2372    , -89.0746    , array([ 0.0593469  ,  1.07682    ,  0.0327583  ,  0.0430511  ])
2376    , -88.9428    , array([ 0.0523851  ,  1.05918    ,  0.0284402  ,  0.0442933  ])
2380    , -88.941     , array([ 0.0523851  ,  1.05918    ,  0.0284687  ,  0.0442933  ])
2384    , -88.8864    , array([ 0.0472655  ,  1.04727    ,  0.0253128  ,  0.0451944  ])
2388    , -88.8475    , array([ 0.0446493  ,  1.04228    ,  0.0237967  ,  0.0456039  ])
2392    , -88.8431    , array([ 0.0446493  ,  1.04228    ,  0.0238205  ,  0.0456039  ])
2396    , -88.839     , array([ 0.0435236  ,  1.04036    ,  0.0231172  ,  0.045772   ])
2400    , -88.788     , array([ 0.0391017  ,  1.03272    ,  0.0205878  ,  0.0464508  ])
2404    , -88.7825    , array([ 0.0391017  ,  1.03272    ,  0.0206084  ,  0.0464508  ])
2408    , -88.7754    , array([ 0.0370181  ,  1.02943    ,  0.019385   ,  0.046758   ])
2412    , -88.7785    , array([ 0.0295878  ,  1.01636    ,  0.0152366  ,  0.0480075  ])
2416    , -88.7689    , array([ 0.0295878  ,  1.01636    ,  0.0152518  ,  0.0480075  ])
2420    , -88.7893    , array([ 0.0293309  ,  1.01597    ,  0.0150808  ,  0.048046   ])
2424    , -88.7678    , array([ 0.0281841  ,  1.01444    ,  0.0144735  ,  0.0482005  ])
2428    , -88.7581    , array([ 0.0281841  ,  1.01444    ,  0.014488   ,  0.0482005  ])
2432    , -88.7881    , array([ 0.0241484  ,  1.00831    ,  0.0122791  ,  0.0488232  ])
2436    , -88.7713    , array([ 0.0240125  ,  1.00821    ,  0.0122201  ,  0.048835   ])
2440    , -88.7601    , array([ 0.0240125  ,  1.00821    ,  0.0122323  ,  0.048835   ])
2444    , -88.7772    , array([ 0.0235943  ,  1.00782    ,  0.0119868  ,  0.048882   ])
2448    , -88.7369    , array([ 0.0218835  ,  1.00627    ,  0.0110972  ,  0.0490704  ])
2452    , -88.7264    , array([ 0.0218835  ,  1.00627    ,  0.0111083  ,  0.0490704  ])
2456    , -88.7397    , array([ 0.0162751  ,  1.00007    ,  0.00815203 ,  0.0498314  ])
2460    , -88.7132    , array([ 0.0154878  ,  0.999406   ,  0.00775632 ,  0.0499111  ])
2464    , -88.7021    , array([ 0.0154878  ,  0.999406   ,  0.00776408 ,  0.0499111  ])
2468    , -88.7039    , array([ 0.0127654  ,  0.996757   ,  0.00635644 ,  0.0502309  ])
2472    , -88.6863    , array([ 0.0122797  ,  0.996329   ,  0.00611604 ,  0.050284   ])
2476    , -88.6758    , array([ 0.0122797  ,  0.996329   ,  0.00612216 ,  0.050284   ])
2480    , -88.6919    , array([ 0.0105678  ,  0.994615   ,  0.00524201 ,  0.0504968  ])
2484    , -88.7989    , array([ 0.00576751 ,  0.987789   ,  0.00282882 ,  0.0513572  ])
2488    , -88.7838    , array([ 0.00576751 ,  0.987789   ,  0.00283165 ,  0.0513572  ])
2492    , -88.6974    , array([ 0.00937219 ,  0.993256   ,  0.00463764 ,  0.0506665  ])
2496    , -88.6835    , array([ 0.00929826 ,  0.993204   ,  0.00460524 ,  0.0506728  ])
2500    , -88.6729    , array([ 0.00929826 ,  0.993204   ,  0.00460984 ,  0.0506728  ])
2504    , -88.6929    , array([ 0.0090535  ,  0.992998   ,  0.00447788 ,  0.0506981  ])
2508    , -88.6712    , array([ 0.00809664 ,  0.992174   ,  0.00400269 ,  0.0507994  ])
2512    , -88.6611    , array([ 0.00809664 ,  0.992174   ,  0.0040067  ,  0.0507994  ])
2516    , -88.6999    , array([ 0.0052051  ,  0.988884   ,  0.00255548 ,  0.0512066  ])
2520    , -88.6683    , array([ 0.00736673 ,  0.991471   ,  0.00363725 ,  0.050886   ])
2524    , -88.6582    , array([ 0.00736673 ,  0.991471   ,  0.00364089 ,  0.050886   ])
2528    , -88.6882    , array([ 0.00585955 ,  0.989763   ,  0.00288134 ,  0.0510974  ])
2532    , -88.6754    , array([ 0.00579526 ,  0.98971    ,  0.00285231 ,  0.0511041  ])
2536    , -88.665     , array([ 0.00579526 ,  0.98971    ,  0.00285516 ,  0.0511041  ])
2540    , -88.687     , array([ 0.00557286 ,  0.989498   ,  0.00273905 ,  0.0511309  ])
2544    , -88.6757    , array([ 0.00474165 ,  0.988653   ,  0.00232923 ,  0.0512381  ])
2548    , -88.6652    , array([ 0.00474165 ,  0.988653   ,  0.00233156 ,  0.0512381  ])
2552    , -88.6866    , array([ 0.00538621 ,  0.989319   ,  0.00264644 ,  0.0511536  ])
2556    , -88.6747    , array([ 0.00494996 ,  0.988879   ,  0.00243257 ,  0.0512094  ])
2560    , -88.6643    , array([ 0.00494996 ,  0.988879   ,  0.002435   ,  0.0512094  ])
2564    , -88.6865    , array([ 0.00529202 ,  0.989226   ,  0.00259972 ,  0.0511654  ])
2568    , -88.6744    , array([ 0.00506198 ,  0.988997   ,  0.00248816 ,  0.0511944  ])
2572    , -88.664     , array([ 0.00506198 ,  0.988997   ,  0.00249065 ,  0.0511944  ])
2576    , -88.6865    , array([ 0.00524375 ,  0.989178   ,  0.00257578 ,  0.0511715  ])
2580    , -88.6741    , array([ 0.0052765  ,  0.989216   ,  0.00259464 ,  0.0511667  ])
2584    , -88.6637    , array([ 0.0052765  ,  0.989216   ,  0.00259724 ,  0.0511667  ])
2588    , -88.6865    , array([ 0.00525665 ,  0.989191   ,  0.00258217 ,  0.0511699  ])
2592    , -88.6741    , array([ 0.00527119 ,  0.98921    ,  0.002592   ,  0.0511674  ])
2596    , -88.6637    , array([ 0.00527119 ,  0.98921    ,  0.0025946  ,  0.0511674  ])
2600    , -88.6865    , array([ 0.00528066 ,  0.989215   ,  0.00259408 ,  0.0511668  ])
2604    , -88.6741    , array([ 0.00527627 ,  0.989216   ,  0.00259452 ,  0.0511667  ])
2608    , -88.6637    , array([ 0.00527627 ,  0.989216   ,  0.00259712 ,  0.0511667  ])
2612    , -88.6865    , array([ 0.00528173 ,  0.989216   ,  0.00259462 ,  0.0511667  ])
2616    , -88.6741    , array([ 0.00527649 ,  0.989216   ,  0.00259464 ,  0.0511667  ])
2620    , -88.6637    , array([ 0.00527649 ,  0.989216   ,  0.00259723 ,  0.0511667  ])
2624    , -88.6865    , array([ 0.00528178 ,  0.989216   ,  0.00259464 ,  0.0511667  ])
2628    , -88.6741    , array([ 0.0052765  ,  0.989216   ,  0.00259464 ,  0.0511667  ])
2632    , -88.6637    , array([ 0.0052765  ,  0.989216   ,  0.00259724 ,  0.0511667  ])
2636    , -88.6865    , array([ 0.00528178 ,  0.989216   ,  0.00259464 ,  0.0511667  ])
2640    , -88.6741    , array([ 0.0052765  ,  0.989216   ,  0.00259464 ,  0.0511667  ])
2644    , -88.6637    , array([ 0.0052765  ,  0.989216   ,  0.00259724 ,  0.0511667  ])
2648    , -88.6865    , array([ 0.00528178 ,  0.989216   ,  0.00259464 ,  0.0511667  ])
2652    , -88.6741    , array([ 0.0052765  ,  0.989216   ,  0.00259464 ,  0.0511667  ])
2656    , -88.6637    , array([ 0.0052765  ,  0.989216   ,  0.00259724 ,  0.0511667  ])
2660    , -88.6865    , array([ 0.00528178 ,  0.989216   ,  0.00259464 ,  0.0511667  ])
2664    , -88.6741    , array([ 0.0052765  ,  0.989216   ,  0.00259464 ,  0.0511667  ])
2668    , -88.6637    , array([ 0.0052765  ,  0.989216   ,  0.00259724 ,  0.0511667  ])
2672    , -88.6865    , array([ 0.00528178 ,  0.989216   ,  0.00259464 ,  0.0511667  ])
2676    , -88.6741    , array([ 0.0052765  ,  0.989216   ,  0.00259464 ,  0.0511667  ])
2680    , -88.6637    , array([ 0.0052765  ,  0.989216   ,  0.00259724 ,  0.0511667  ])
2684    , -88.6865    , array([ 0.00528178 ,  0.989216   ,  0.00259464 ,  0.0511667  ])
2688    , -88.6741    , array([ 0.0052765  ,  0.989216   ,  0.00259464 ,  0.0511667  ])
2692    , -88.6637    , array([ 0.0052765  ,  0.989216   ,  0.00259724 ,  0.0511667  ])
2696    , -88.6865    , array([ 0.00528178 ,  0.989216   ,  0.00259464 ,  0.0511667  ])
2700    , -88.6741    , array([ 0.0052765  ,  0.989216   ,  0.00259464 ,  0.0511667  ])
2704    , -88.6637    , array([ 0.0052765  ,  0.989216   ,  0.00259724 ,  0.0511667  ])
2708    , -88.6865    , array([ 0.00528178 ,  0.989216   ,  0.00259464 ,  0.0511667  ])
2712    , -88.6741    , array([ 0.0052765  ,  0.989216   ,  0.00259464 ,  0.0511667  ])
2716    , -88.6637    , array([ 0.0052765  ,  0.989216   ,  0.00259724 ,  0.0511667  ])
2720    , -88.6879    , array([ 0.00580106 ,  0.98971    ,  0.00285231 ,  0.0511041  ])
2724    , -88.6752    , array([ 0.00573741 ,  0.989657   ,  0.00282356 ,  0.0511108  ])
2728    , -88.6647    , array([ 0.00573741 ,  0.989657   ,  0.00282638 ,  0.0511108  ])
2732    , -88.6872    , array([ 0.00562905 ,  0.989551   ,  0.00276693 ,  0.0511242  ])
2736    , -88.6742    , array([ 0.00540222 ,  0.98934    ,  0.00265706 ,  0.051151   ])
2740    , -88.6638    , array([ 0.00540222 ,  0.98934    ,  0.00265972 ,  0.051151   ])
2744    , -88.6742    , array([ 0.00519029 ,  0.989129   ,  0.00255184 ,  0.0511777  ])
2748    , -88.6883    , array([ 0.00519029 ,  0.989129   ,  0.00255184 ,  0.0512289  ])
2752    , -88.6742    , array([ 0.00518107 ,  0.98912    ,  0.00254727 ,  0.0511789  ])
2756    , -88.6742    , array([ 0.00518997 ,  0.989129   ,  0.00255168 ,  0.0511777  ])
