4       , -88.583     , array([ 0.0108368  ,  1.00724    ,  0.00539833 ,  0.0499351  ])
8       , -3199.85    , array([ 0.00512912 ,  0.907303   ,  0.00969216 ,  0.0360593  ])
12      , -3203.64    , array([ 0.00512912 ,  0.907303   ,  0.00969216 ,  0.0360954  ])
16      , -133.932    , array([ 0.00947999 ,  0.989586   ,  0.00598899 ,  0.0471109  ])
20      , -88.5655    , array([ 0.0108027  ,  1.0068     ,  0.00540629 ,  0.0498665  ])
24      , -88.5689    , array([ 0.0108027  ,  1.0068     ,  0.00540629 ,  0.0499164  ])
28      , -88.6489    , array([ 0.0107762  ,  1.00177    ,  0.00539318 ,  0.049401   ])
32      , -88.5631    , array([ 0.0107986  ,  1.00587    ,  0.00540427 ,  0.0497946  ])
36      , -88.5632    , array([ 0.0107986  ,  1.00587    ,  0.00540427 ,  0.0498444  ])
40      , -88.5622    , array([ 0.0107765  ,  1.00501    ,  0.00539437 ,  0.049831   ])
44      , -88.5615    , array([ 0.0107568  ,  1.00398    ,  0.00538431 ,  0.0498338  ])
48      , -88.5618    , array([ 0.0107568  ,  1.00398    ,  0.00538431 ,  0.0498836  ])
52      , -88.5621    , array([ 0.0106782  ,  1.00487    ,  0.00534425 ,  0.0498447  ])
56      , -88.5613    , array([ 0.0103697  ,  1.00341    ,  0.00518696 ,  0.0498887  ])
60      , -88.5617    , array([ 0.0103697  ,  1.00341    ,  0.00518696 ,  0.0499386  ])
64      , -88.5619    , array([ 0.00922222 ,  1.00261    ,  0.00460274 ,  0.050065   ])
68      , -88.5807    , array([ 0.00576917 ,  0.994426   ,  0.00285386 ,  0.0507765  ])
72      , -88.588     , array([ 0.00576917 ,  0.994426   ,  0.00285386 ,  0.0508273  ])
76      , -88.5623    , array([ 0.00835728 ,  1.0011     ,  0.00416328 ,  0.0502135  ])
80      , -88.5611    , array([ 0.00903251 ,  1.00129    ,  0.00450628 ,  0.0500963  ])
84      , -88.5622    , array([ 0.00903251 ,  1.00129    ,  0.00450628 ,  0.0501464  ])
88      , -88.5619    , array([ 0.00918181 ,  1.00254    ,  0.00458219 ,  0.0500716  ])
92      , -88.5611    , array([ 0.00921367 ,  1.00159    ,  0.00459839 ,  0.0500664  ])
96      , -88.562     , array([ 0.00921367 ,  1.00159    ,  0.00459839 ,  0.0501165  ])
100     , -88.5619    , array([ 0.00922041 ,  1.00261    ,  0.00460182 ,  0.0500653  ])
104     , -88.5611    , array([ 0.00922184 ,  1.00161    ,  0.00460255 ,  0.0500651  ])
108     , -88.562     , array([ 0.00922184 ,  1.00161    ,  0.00460255 ,  0.0501152  ])
112     , -88.5619    , array([ 0.00922214 ,  1.00261    ,  0.0046027  ,  0.050065   ])
116     , -88.5611    , array([ 0.0092222  ,  1.00161    ,  0.00460273 ,  0.050065   ])
120     , -88.562     , array([ 0.0092222  ,  1.00161    ,  0.00460273 ,  0.0501151  ])
124     , -88.5619    , array([ 0.00922222 ,  1.00261    ,  0.00460274 ,  0.050065   ])
128     , -88.5611    , array([ 0.00922222 ,  1.00161    ,  0.00460274 ,  0.050065   ])
132     , -88.562     , array([ 0.00922222 ,  1.00161    ,  0.00460274 ,  0.0501151  ])
136     , -88.5619    , array([ 0.00922222 ,  1.00261    ,  0.00460274 ,  0.050065   ])
140     , -88.5611    , array([ 0.00922222 ,  1.00161    ,  0.00460274 ,  0.050065   ])
144     , -88.562     , array([ 0.00922222 ,  1.00161    ,  0.00460274 ,  0.0501151  ])
148     , -88.5619    , array([ 0.00922222 ,  1.00261    ,  0.00460274 ,  0.050065   ])
152     , -88.5611    , array([ 0.00922222 ,  1.00161    ,  0.00460274 ,  0.050065   ])
156     , -88.562     , array([ 0.00922222 ,  1.00161    ,  0.00460274 ,  0.0501151  ])
160     , -88.5619    , array([ 0.00922222 ,  1.00261    ,  0.00460274 ,  0.050065   ])
164     , -88.5611    , array([ 0.00922222 ,  1.00161    ,  0.00460274 ,  0.050065   ])
168     , -88.562     , array([ 0.00922222 ,  1.00161    ,  0.00460274 ,  0.0501151  ])
172     , -88.5619    , array([ 0.00922222 ,  1.00261    ,  0.00460274 ,  0.050065   ])
176     , -88.5611    , array([ 0.00922222 ,  1.00161    ,  0.00460274 ,  0.050065   ])
180     , -88.562     , array([ 0.00922222 ,  1.00161    ,  0.00460274 ,  0.0501151  ])
184     , -88.5619    , array([ 0.00922222 ,  1.00261    ,  0.00460274 ,  0.050065   ])
188     , -88.5615    , array([ 0.0107568  ,  1.00398    ,  0.00538431 ,  0.0498338  ])
192     , -88.5618    , array([ 0.0107568  ,  1.00398    ,  0.00538431 ,  0.0498836  ])
196     , -88.5621    , array([ 0.0107371  ,  1.00495    ,  0.00537427 ,  0.0498365  ])
200     , -88.5615    , array([ 0.0106978  ,  1.00389    ,  0.00535424 ,  0.049842   ])
204     , -88.5618    , array([ 0.0106978  ,  1.00389    ,  0.00535424 ,  0.0498919  ])
208     , -88.5621    , array([ 0.0106197  ,  1.00478    ,  0.0053144  ,  0.049853   ])
212     , -88.5614    , array([ 0.0104651  ,  1.00355    ,  0.00523561 ,  0.049875   ])
216     , -88.5617    , array([ 0.0104651  ,  1.00355    ,  0.00523561 ,  0.0499249  ])
220     , -88.562     , array([ 0.0101628  ,  1.0041     ,  0.00508151 ,  0.049919   ])
224     , -88.5611    , array([ 0.00958401 ,  1.0022     ,  0.0047868  ,  0.0500071  ])
228     , -88.5618    , array([ 0.00958401 ,  1.0022     ,  0.0047868  ,  0.0500571  ])
232     , -88.562     , array([ 0.00904775 ,  1.0013     ,  0.00450943 ,  0.0500953  ])
236     , -88.5612    , array([ 0.00873784 ,  1.00078    ,  0.00435654 ,  0.0501463  ])
240     , -88.5611    , array([ 0.00902843 ,  1.00128    ,  0.00450421 ,  0.050097   ])
244     , -88.5611    , array([ 0.00903834 ,  1.0013     ,  0.00450925 ,  0.0500954  ])
