600     , -414.13     , array([ 13.5658    ,  0.390279   ,  5          ,  1.08314    ])
604     , -413.953    , array([ 12.9477    ,  0.390279   ,  5          ,  1.08314    ])
608     , -413.926    , array([ 12.6178    ,  0.390279   ,  5          ,  1.08314    ])
612     , -413.926    , array([ 12.6184    ,  0.390279   ,  5          ,  1.08314    ])
616     , -2149.64    , array([ 12.6184    ,  0.154211   ,  5          ,  1.08314    ])
620     , -414.408    , array([ 12.6184    ,  0.395848   ,  5          ,  1.08314    ])
624     , -413.923    , array([ 12.6184    ,  0.389839   ,  5          ,  1.08314    ])
628     , -469.601    , array([ 12.6184    ,  0.389834   ,  3.38197    ,  1.08314    ])
632     , -415.688    , array([ 12.6184    ,  0.389834   ,  4.69098    ,  1.08314    ])
636     , -413.94     , array([ 12.6184    ,  0.389834   ,  4.98278    ,  1.08314    ])
640     , -413.924    , array([ 12.6184    ,  0.389834   ,  4.99904    ,  1.08314    ])
644     , -413.923    , array([ 12.6184    ,  0.389834   ,  4.99986    ,  1.08314    ])
648     , -413.923    , array([ 12.6184    ,  0.389834   ,  4.99998    ,  1.08314    ])
652     , -413.923    , array([ 12.6184    ,  0.389834   ,  5          ,  1.08314    ])
656     , -413.923    , array([ 12.6184    ,  0.389834   ,  5          ,  1.08314    ])
660     , -413.923    , array([ 12.6184    ,  0.389834   ,  5          ,  1.08314    ])
664     , -413.923    , array([ 12.6184    ,  0.389834   ,  5          ,  1.08314    ])
668     , -413.923    , array([ 12.6184    ,  0.389834   ,  5          ,  1.08314    ])
672     , -413.923    , array([ 12.6184    ,  0.389834   ,  5          ,  1.08314    ])
676     , -413.923    , array([ 12.6184    ,  0.389834   ,  5          ,  1.08314    ])
680     , -1935.3     , array([ 12.6184    ,  0.389834   ,  5          ,  2.08314    ])
684     , -914.117    , array([ 12.6184    ,  0.389834   ,  5          ,  1.46511    ])
688     , -413.922    , array([ 12.6184    ,  0.389834   ,  5          ,  1.08267    ])
