2924    , -392.173    , array([ 0.16259    ,  0.0330565  ,  0.311074   ,  0.0793299  ])
2932    , -1357.72    , array([ 0.0724198  ,  0.0330565  ,  0.311074   ,  0.0793299  ])
2936    , -392.237    , array([ 0.164071   ,  0.0330565  ,  0.311074   ,  0.0793299  ])
2940    , -392.163    , array([ 0.162999   ,  0.0330565  ,  0.311074   ,  0.0793299  ])
2944    , -392.163    , array([ 0.162995   ,  0.0330565  ,  0.311074   ,  0.0793299  ])
2948    , -498.577    , array([ 0.162995   ,  0.0258127  ,  0.311074   ,  0.0793299  ])
2952    , -412.017    , array([ 0.162995   ,  0.0377127  ,  0.311074   ,  0.0793299  ])
2956    , -392.284    , array([ 0.162995   ,  0.0332558  ,  0.311074   ,  0.0793299  ])
2960    , -392.167    , array([ 0.162995   ,  0.0330676  ,  0.311074   ,  0.0793299  ])
2964    , -392.169    , array([ 0.162995   ,  0.0330526  ,  0.311074   ,  0.0793299  ])
2968    , -392.162    , array([ 0.162995   ,  0.0330544  ,  0.311074   ,  0.0793299  ])
2972    , -392.162    , array([ 0.162995   ,  0.0330541  ,  0.311074   ,  0.0793299  ])
2980    , -505.843    , array([ 0.162995   ,  0.0330541  ,  0.502055   ,  0.0793299  ])
2984    , -392.402    , array([ 0.162995   ,  0.0330541  ,  0.317107   ,  0.0793299  ])
2988    , -392.162    , array([ 0.162995   ,  0.0330541  ,  0.311205   ,  0.0793299  ])
2996    , -2317.3     , array([ 0.162995   ,  0.0330541  ,  0.311205   ,  0.270297   ])
3000    , -1333.43    , array([ 0.162995   ,  0.0330541  ,  0.311205   ,  0.044888   ])
3004    , -392.2      , array([ 0.162995   ,  0.0330541  ,  0.311205   ,  0.07917    ])
3008    , -392.165    , array([ 0.162995   ,  0.0330541  ,  0.311205   ,  0.0793044  ])
3012    , -392.162    , array([ 0.162995   ,  0.0330541  ,  0.311205   ,  0.0793262  ])
3016    , -392.162    , array([ 0.162995   ,  0.0330541  ,  0.311205   ,  0.0793294  ])
3020    , -392.162    , array([ 0.162995   ,  0.0330541  ,  0.311205   ,  0.0793298  ])
3024    , -392.162    , array([ 0.162995   ,  0.0330541  ,  0.311205   ,  0.0793299  ])
3028    , -392.162    , array([ 0.162995   ,  0.0330541  ,  0.311205   ,  0.0793299  ])
