8       , -11198.8    , array([ 1.60772    ,  0.503295   ,  1.01158    ,  0.505868   ,  1.00855    ,  2.79498    ,  0.101015   ,  0.0491526  ])
16      , -21865.1    , array([ 1.50184    ,  1.50329    ,  1.01158    ,  0.505868   ,  1.00855    ,  2.79498    ,  0.101015   ,  0.0491526  ])
24      , -11182.5    , array([ 1.50184    ,  0.494548   ,  1.01158    ,  0.505868   ,  1.00855    ,  2.79498    ,  0.101015   ,  0.0491526  ])
40      , -11178.4    , array([ 1.50184    ,  0.503341   ,  1.0102     ,  0.505868   ,  1.00855    ,  2.79498    ,  0.101015   ,  0.0491526  ])
48      , -11319.7    , array([ 1.50184    ,  0.503341   ,  1.01022    ,  0.887834   ,  1.00855    ,  2.79498    ,  0.101015   ,  0.0491526  ])
56      , -11867.5    , array([ 1.50184    ,  0.503341   ,  1.01022    ,  0.505442   ,  2.00855    ,  2.79498    ,  0.101015   ,  0.0491526  ])
64      , -11178.4    , array([ 1.50184    ,  0.503341   ,  1.01022    ,  0.505442   ,  1.00965    ,  2.79498    ,  0.101015   ,  0.0491526  ])
72      , -11178.4    , array([ 1.50184    ,  0.503341   ,  1.01022    ,  0.505442   ,  1.00965    ,  2.81063    ,  0.101015   ,  0.0491526  ])
80      , -11178.4    , array([ 1.50184    ,  0.503341   ,  1.01022    ,  0.505442   ,  1.00965    ,  2.79931    ,  0.101015   ,  0.0491526  ])
88      , -11239.3    , array([ 1.50184    ,  0.503341   ,  1.01022    ,  0.505442   ,  1.00965    ,  2.79931    ,  0.109385   ,  0.0491526  ])
104     , -15824.3    , array([ 1.50184    ,  0.503341   ,  1.01022    ,  0.505442   ,  1.00965    ,  2.79931    ,  0.100955   ,  0.0147108  ])
112     , -11178.4    , array([ 1.50184    ,  0.503341   ,  1.01022    ,  0.505442   ,  1.00965    ,  2.79931    ,  0.100955   ,  0.0492034  ])
