328     , -23924.7    , array([ 0.00250827 ,  15.4732    ,  0.00624371 ,  0.0206235  ])
348     , -24298.4    , array([ 0.00222824 ,  15.4732    ,  0.00624371 ,  0.0206235  ])
352     , -23924.7    , array([ 0.00250824 ,  15.4732    ,  0.00624371 ,  0.0206235  ])
356     , -23924.7    , array([ 0.00250824 ,  16.4732    ,  0.00624371 ,  0.0206235  ])
360     , -23924.7    , array([ 0.00250824 ,  15.8552    ,  0.00624371 ,  0.0206235  ])
364     , -23924.7    , array([ 0.00250824 ,  15.5062    ,  0.00624371 ,  0.0206235  ])
368     , -23924.7    , array([ 0.00250824 ,  15.5066    ,  0.00624371 ,  0.0206235  ])
376     , -67653.2    , array([ 0.00250824 ,  15.5066    ,  0.0340561  ,  0.0206235  ])
380     , -24196.8    , array([ 0.00250824 ,  15.5066    ,  0.00691371 ,  0.0206235  ])
384     , -23924.7    , array([ 0.00250824 ,  15.5066    ,  0.00623915 ,  0.0206235  ])
392     , -40507.4    , array([ 0.00250824 ,  15.5066    ,  0.0062391  ,  0.211412   ])
400     , -24199.9    , array([ 0.00250824 ,  15.5066    ,  0.0062391  ,  0.0155985  ])
404     , -23924.6    , array([ 0.00250824 ,  15.5066    ,  0.0062391  ,  0.020534   ])
