288     , -2398.2     , array([ 1.02535    ,  1.00921    ,  0.0134102  ,  0.0472755  ])
292     , -2086.85    , array([ 0.40732    ,  1.00921    ,  0.0134102  ,  0.0472755  ])
296     , -1038.62    , array([ 0.0982973  ,  1.00921    ,  0.0134102  ,  0.0472755  ])
300     , -183.591    , array([ 0.0354386  ,  1.00921    ,  0.0134102  ,  0.0472755  ])
304     , -99.173     , array([ 0.0256113  ,  1.00921    ,  0.0134102  ,  0.0472755  ])
308     , -171.061    , array([ 0.025608   ,  2.00921    ,  0.0134102  ,  0.0472755  ])
312     , -117.477    , array([ 0.025608   ,  1.39118    ,  0.0134102  ,  0.0472755  ])
316     , -99.1656    , array([ 0.025608   ,  1.01514    ,  0.0134102  ,  0.0472755  ])
320     , -35453.2    , array([ 0.025608   ,  1.01519    ,  1.01341    ,  0.0472755  ])
324     , -35453      , array([ 0.025608   ,  1.01519    ,  0.395376   ,  0.0472755  ])
328     , -16964.1    , array([ 0.025608   ,  1.01519    ,  0.0862501  ,  0.0472755  ])
332     , -99.1711    , array([ 0.025608   ,  1.01519    ,  0.0133536  ,  0.0472755  ])
336     , -99.1641    , array([ 0.025608   ,  1.01519    ,  0.0133921  ,  0.0472755  ])
348     , -190.224    , array([ 0.025608   ,  1.01519    ,  0.0133921  ,  0.0341199  ])
352     , -99.1578    , array([ 0.025608   ,  1.01519    ,  0.0133921  ,  0.047402   ])
356     , -99.1578    , array([ 0.025608   ,  1.01519    ,  0.0133921  ,  0.047402   ])
368     , -796.003    , array([ 0.0124523  ,  1.01519    ,  0.0133921  ,  0.047402   ])
372     , -99.199     , array([ 0.025794   ,  1.01519    ,  0.0133921  ,  0.047402   ])
376     , -99.1576    , array([ 0.0256197  ,  1.01519    ,  0.0133921  ,  0.047402   ])
380     , -99.1576    , array([ 0.0256198  ,  1.01519    ,  0.0133921  ,  0.047402   ])
384     , -99.6351    , array([ 0.0256198  ,  0.966588   ,  0.0133921  ,  0.047402   ])
388     , -99.1566    , array([ 0.0256198  ,  1.01302    ,  0.0133921  ,  0.047402   ])
396     , -35084.6    , array([ 0.0256198  ,  1.01299    ,  0.204089   ,  0.047402   ])
404     , -99.1566    , array([ 0.0256198  ,  1.01299    ,  0.013395   ,  0.047402   ])
408     , -99.1566    , array([ 0.0256198  ,  1.01299    ,  0.0133945  ,  0.047402   ])
412     , -99.1566    , array([ 0.0256198  ,  1.01299    ,  0.0133949  ,  0.047402   ])
424     , -188.571    , array([ 0.0256198  ,  1.01299    ,  0.0133949  ,  0.0342464  ])
428     , -99.1561    , array([ 0.0256198  ,  1.01299    ,  0.0133949  ,  0.0474388  ])
