635     , -1316.87    , array([ 0.933671   ,  0.100596   ,  4.98446    ,  2.42426    ,  0.0499049  ])
640     , -1311.07    , array([ 1.00198    ,  0.100596   ,  4.98446    ,  2.42426    ,  0.0499049  ])
650     , -5104.56    , array([ 1.00195    ,  0.173473   ,  4.98446    ,  2.42426    ,  0.0499049  ])
655     , -1311.01    , array([ 1.00195    ,  0.100401   ,  4.98446    ,  2.42426    ,  0.0499049  ])
660     , -1403.61    , array([ 1.00195    ,  0.100399   ,  3.36643    ,  2.42426    ,  0.0499049  ])
665     , -1311.01    , array([ 1.00195    ,  0.100399   ,  4.9976     ,  2.42426    ,  0.0499049  ])
670     , -1538.38    , array([ 1.00195    ,  0.100399   ,  4.99747    ,  0.806224   ,  0.0499049  ])
675     , -1311       , array([ 1.00195    ,  0.100399   ,  4.99747    ,  2.43401    ,  0.0499049  ])
690     , -2017.66    , array([ 1.00195    ,  0.100399   ,  4.99747    ,  2.43401    ,  0.0367493  ])
695     , -1310.99    , array([ 1.00195    ,  0.100399   ,  4.99747    ,  2.43401    ,  0.0499765  ])
