1212    , -394.501    , array([ 0.00123151 ,  0.121942   ,  1.46167e-05,  0.283876   ])
1216    , -394.504    , array([ 0.00123151 ,  0.121942   ,  1.46167e-05,  0.28416    ])
1220    , -393.807    , array([ 0.00123171 ,  0.0511844  ,  1.46283e-05,  0.169409   ])
1224    , -394.797    , array([ 0.00123029 ,  0.0423624  ,  1.46304e-05,  0.149401   ])
1228    , -394.798    , array([ 0.00123029 ,  0.0423624  ,  1.4645e-05 ,  0.149401   ])
1232    , -393.865    , array([ 0.00123169 ,  0.0499168  ,  1.46286e-05,  0.16661    ])
1236    , -393.815    , array([ 0.00123048 ,  0.0509894  ,  1.46283e-05,  0.16898    ])
1240    , -393.816    , array([ 0.00123048 ,  0.0509894  ,  1.4643e-05 ,  0.16898    ])
1244    , -393.808    , array([ 0.00123171 ,  0.0511541  ,  1.46283e-05,  0.169342   ])
1248    , -393.808    , array([ 0.00123048 ,  0.0511797  ,  1.46283e-05,  0.169398   ])
1252    , -393.808    , array([ 0.00123048 ,  0.0511797  ,  1.46429e-05,  0.169398   ])
1256    , -393.807    , array([ 0.00123171 ,  0.0511836  ,  1.46283e-05,  0.169407   ])
1260    , -393.808    , array([ 0.00123048 ,  0.0511843  ,  1.46283e-05,  0.169408   ])
1264    , -393.808    , array([ 0.00123048 ,  0.0511843  ,  1.46429e-05,  0.169408   ])
1268    , -393.807    , array([ 0.00123171 ,  0.0511844  ,  1.46283e-05,  0.169409   ])
1272    , -393.808    , array([ 0.00123048 ,  0.0511844  ,  1.46283e-05,  0.169409   ])
1276    , -393.808    , array([ 0.00123048 ,  0.0511844  ,  1.46429e-05,  0.169409   ])
1280    , -393.807    , array([ 0.00123171 ,  0.0511844  ,  1.46283e-05,  0.169409   ])
1284    , -393.808    , array([ 0.00123048 ,  0.0511844  ,  1.46283e-05,  0.169409   ])
1288    , -393.808    , array([ 0.00123048 ,  0.0511844  ,  1.46429e-05,  0.169409   ])
1292    , -393.807    , array([ 0.00123171 ,  0.0511844  ,  1.46283e-05,  0.169409   ])
1296    , -393.808    , array([ 0.00123048 ,  0.0511844  ,  1.46283e-05,  0.169409   ])
1300    , -393.808    , array([ 0.00123048 ,  0.0511844  ,  1.46429e-05,  0.169409   ])
1304    , -393.807    , array([ 0.00123171 ,  0.0511844  ,  1.46283e-05,  0.169409   ])
1308    , -393.808    , array([ 0.00123048 ,  0.0511844  ,  1.46283e-05,  0.169409   ])
1312    , -393.808    , array([ 0.00123048 ,  0.0511844  ,  1.46429e-05,  0.169409   ])
1316    , -393.807    , array([ 0.00123171 ,  0.0511844  ,  1.46283e-05,  0.169409   ])
1320    , -393.808    , array([ 0.00123048 ,  0.0511844  ,  1.46283e-05,  0.169409   ])
1324    , -393.808    , array([ 0.00123048 ,  0.0511844  ,  1.46429e-05,  0.169409   ])
1328    , -393.807    , array([ 0.00123171 ,  0.0511844  ,  1.46283e-05,  0.169409   ])
1332    , -393.808    , array([ 0.00123048 ,  0.0511844  ,  1.46283e-05,  0.169409   ])
1336    , -393.808    , array([ 0.00123048 ,  0.0511844  ,  1.46429e-05,  0.169409   ])
1340    , -393.807    , array([ 0.00123171 ,  0.0511844  ,  1.46283e-05,  0.169409   ])
1344    , -393.808    , array([ 0.00123048 ,  0.0511844  ,  1.46283e-05,  0.169409   ])
1348    , -393.808    , array([ 0.00123048 ,  0.0511844  ,  1.46429e-05,  0.169409   ])
1352    , -393.807    , array([ 0.00123171 ,  0.0511844  ,  1.46283e-05,  0.169409   ])
1356    , -393.808    , array([ 0.00123048 ,  0.0511844  ,  1.46283e-05,  0.169409   ])
1360    , -393.808    , array([ 0.00123048 ,  0.0511844  ,  1.46429e-05,  0.169409   ])
1364    , -393.807    , array([ 0.00123171 ,  0.0511844  ,  1.46283e-05,  0.169409   ])
1368    , -393.808    , array([ 0.00123048 ,  0.0511844  ,  1.46283e-05,  0.169409   ])
1372    , -393.808    , array([ 0.00123048 ,  0.0511844  ,  1.46429e-05,  0.169409   ])
1376    , -393.807    , array([ 0.00123171 ,  0.0511844  ,  1.46283e-05,  0.169409   ])
1380    , -393.808    , array([ 0.00123048 ,  0.0511844  ,  1.46283e-05,  0.169409   ])
1384    , -393.808    , array([ 0.00123048 ,  0.0511844  ,  1.46429e-05,  0.169409   ])
1388    , -393.807    , array([ 0.00123171 ,  0.0511844  ,  1.46283e-05,  0.169409   ])
1392    , -393.808    , array([ 0.00123048 ,  0.0511844  ,  1.46283e-05,  0.169409   ])
1396    , -393.808    , array([ 0.00123048 ,  0.0511844  ,  1.46429e-05,  0.169409   ])
1400    , -393.807    , array([ 0.00123171 ,  0.0511844  ,  1.46283e-05,  0.169409   ])
1404    , -393.808    , array([ 0.00123048 ,  0.0511844  ,  1.46283e-05,  0.169409   ])
1408    , -393.808    , array([ 0.00123048 ,  0.0511844  ,  1.46429e-05,  0.169409   ])
1412    , -393.807    , array([ 0.00123171 ,  0.0511844  ,  1.46283e-05,  0.169409   ])
1416    , -393.808    , array([ 0.00123048 ,  0.0511844  ,  1.46283e-05,  0.169409   ])
1420    , -393.808    , array([ 0.00123048 ,  0.0511844  ,  1.46429e-05,  0.169409   ])
1424    , -393.807    , array([ 0.00123171 ,  0.0511844  ,  1.46283e-05,  0.169409   ])
1428    , -393.808    , array([ 0.00123048 ,  0.0511844  ,  1.46283e-05,  0.169409   ])
1432    , -393.808    , array([ 0.00123048 ,  0.0511844  ,  1.46429e-05,  0.169409   ])
1436    , -393.807    , array([ 0.00123171 ,  0.0511844  ,  1.46283e-05,  0.169409   ])
1440    , -393.808    , array([ 0.00123048 ,  0.0511844  ,  1.46283e-05,  0.169409   ])
1444    , -393.808    , array([ 0.00123048 ,  0.0511844  ,  1.46429e-05,  0.169409   ])
1448    , -393.807    , array([ 0.00123171 ,  0.0511844  ,  1.46283e-05,  0.169409   ])
1452    , -393.808    , array([ 0.00123048 ,  0.0511844  ,  1.46283e-05,  0.169409   ])
1456    , -393.808    , array([ 0.00123048 ,  0.0511844  ,  1.46429e-05,  0.169409   ])
1460    , -393.807    , array([ 0.00123171 ,  0.0511844  ,  1.46283e-05,  0.169409   ])
1464    , -393.808    , array([ 0.00123048 ,  0.0511844  ,  1.46283e-05,  0.169409   ])
1468    , -393.808    , array([ 0.00123048 ,  0.0511844  ,  1.46429e-05,  0.169409   ])
1472    , -393.807    , array([ 0.00123171 ,  0.0511844  ,  1.46283e-05,  0.169409   ])
1476    , -393.808    , array([ 0.00123048 ,  0.0511844  ,  1.46283e-05,  0.169409   ])
1480    , -393.808    , array([ 0.00123048 ,  0.0511844  ,  1.46429e-05,  0.169409   ])
1484    , -393.807    , array([ 0.00123171 ,  0.0511844  ,  1.46283e-05,  0.169409   ])
1488    , -393.808    , array([ 0.00123048 ,  0.0511844  ,  1.46283e-05,  0.169409   ])
1492    , -393.808    , array([ 0.00123048 ,  0.0511844  ,  1.46429e-05,  0.169409   ])
1496    , -393.807    , array([ 0.00123171 ,  0.0511844  ,  1.46283e-05,  0.169409   ])
1500    , -393.808    , array([ 0.00123048 ,  0.0511844  ,  1.46283e-05,  0.169409   ])
1504    , -393.808    , array([ 0.00123048 ,  0.0511844  ,  1.46429e-05,  0.169409   ])
1508    , -393.807    , array([ 0.00123171 ,  0.0511844  ,  1.46283e-05,  0.169409   ])
1512    , -393.808    , array([ 0.00123048 ,  0.0511844  ,  1.46283e-05,  0.169409   ])
1516    , -393.808    , array([ 0.00123048 ,  0.0511844  ,  1.46429e-05,  0.169409   ])
1520    , -393.807    , array([ 0.00123171 ,  0.0511844  ,  1.46283e-05,  0.169409   ])
1524    , -393.808    , array([ 0.00123048 ,  0.0511844  ,  1.46283e-05,  0.169409   ])
1528    , -393.808    , array([ 0.00123048 ,  0.0511844  ,  1.46429e-05,  0.169409   ])
1532    , -393.807    , array([ 0.00123171 ,  0.0511844  ,  1.46283e-05,  0.169409   ])
1536    , -393.808    , array([ 0.00123048 ,  0.0511844  ,  1.46283e-05,  0.169409   ])
1540    , -393.808    , array([ 0.00123048 ,  0.0511844  ,  1.46429e-05,  0.169409   ])
1544    , -393.807    , array([ 0.00123171 ,  0.0511844  ,  1.46283e-05,  0.169409   ])
1548    , -393.808    , array([ 0.00123048 ,  0.0511844  ,  1.46283e-05,  0.169409   ])
1552    , -393.808    , array([ 0.00123048 ,  0.0511844  ,  1.46429e-05,  0.169409   ])
1556    , -393.807    , array([ 0.00123171 ,  0.0511844  ,  1.46283e-05,  0.169409   ])
1560    , -393.808    , array([ 0.00123048 ,  0.0511844  ,  1.46283e-05,  0.169409   ])
1564    , -393.808    , array([ 0.00123048 ,  0.0511844  ,  1.46429e-05,  0.169409   ])
1568    , -393.807    , array([ 0.00123171 ,  0.0511844  ,  1.46283e-05,  0.169409   ])
1572    , -393.808    , array([ 0.00123048 ,  0.0511844  ,  1.46283e-05,  0.169409   ])
1576    , -393.808    , array([ 0.00123048 ,  0.0511844  ,  1.46429e-05,  0.169409   ])
1580    , -393.807    , array([ 0.00123171 ,  0.0511844  ,  1.46283e-05,  0.169409   ])
1584    , -393.808    , array([ 0.00123048 ,  0.0511844  ,  1.46283e-05,  0.169409   ])
1588    , -393.808    , array([ 0.00123048 ,  0.0511844  ,  1.46429e-05,  0.169409   ])
1592    , -393.807    , array([ 0.00123171 ,  0.0511844  ,  1.46283e-05,  0.169409   ])
1596    , -393.808    , array([ 0.00123048 ,  0.0511844  ,  1.46283e-05,  0.169409   ])
1600    , -393.808    , array([ 0.00123048 ,  0.0511844  ,  1.46429e-05,  0.169409   ])
1604    , -393.807    , array([ 0.00123171 ,  0.0511844  ,  1.46283e-05,  0.169409   ])
1608    , -393.808    , array([ 0.00123048 ,  0.0511844  ,  1.46283e-05,  0.169409   ])
1612    , -393.808    , array([ 0.00123048 ,  0.0511844  ,  1.46429e-05,  0.169409   ])
1616    , -393.807    , array([ 0.00123171 ,  0.0511844  ,  1.46283e-05,  0.169409   ])
1620    , -393.808    , array([ 0.00123048 ,  0.0511844  ,  1.46283e-05,  0.169409   ])
1624    , -393.808    , array([ 0.00123048 ,  0.0511844  ,  1.46429e-05,  0.169409   ])
1628    , -393.807    , array([ 0.00123171 ,  0.0511844  ,  1.46283e-05,  0.169409   ])
1632    , -393.808    , array([ 0.00123048 ,  0.0511844  ,  1.46283e-05,  0.169409   ])
1636    , -393.808    , array([ 0.00123048 ,  0.0511844  ,  1.46429e-05,  0.169409   ])
1640    , -393.807    , array([ 0.00123171 ,  0.0511844  ,  1.46283e-05,  0.169409   ])
1644    , -393.808    , array([ 0.00123048 ,  0.0511844  ,  1.46283e-05,  0.169409   ])
1648    , -393.808    , array([ 0.00123048 ,  0.0511844  ,  1.46429e-05,  0.169409   ])
1652    , -393.807    , array([ 0.00123171 ,  0.0511844  ,  1.46283e-05,  0.169409   ])
1656    , -393.808    , array([ 0.00123048 ,  0.0511844  ,  1.46283e-05,  0.169409   ])
1660    , -393.808    , array([ 0.00123048 ,  0.0511844  ,  1.46429e-05,  0.169409   ])
1664    , -393.807    , array([ 0.00123171 ,  0.0511844  ,  1.46283e-05,  0.169409   ])
1668    , -393.808    , array([ 0.00123048 ,  0.0511844  ,  1.46283e-05,  0.169409   ])
1672    , -393.808    , array([ 0.00123048 ,  0.0511844  ,  1.46429e-05,  0.169409   ])
1676    , -393.807    , array([ 0.00123171 ,  0.0511844  ,  1.46283e-05,  0.169409   ])
1680    , -393.808    , array([ 0.00123048 ,  0.0511844  ,  1.46283e-05,  0.169409   ])
1684    , -393.808    , array([ 0.00123048 ,  0.0511844  ,  1.46429e-05,  0.169409   ])
1688    , -393.807    , array([ 0.00123171 ,  0.0511844  ,  1.46283e-05,  0.169409   ])
1692    , -393.808    , array([ 0.00123048 ,  0.0511844  ,  1.46283e-05,  0.169409   ])
1696    , -393.808    , array([ 0.00123048 ,  0.0511844  ,  1.46429e-05,  0.169409   ])
1700    , -393.807    , array([ 0.00123171 ,  0.0511844  ,  1.46283e-05,  0.169409   ])
1704    , -393.808    , array([ 0.00123048 ,  0.0511844  ,  1.46283e-05,  0.169409   ])
1708    , -393.808    , array([ 0.00123048 ,  0.0511844  ,  1.46429e-05,  0.169409   ])
1712    , -393.807    , array([ 0.00123171 ,  0.0511844  ,  1.46283e-05,  0.169409   ])
1716    , -393.808    , array([ 0.00123048 ,  0.0511844  ,  1.46283e-05,  0.169409   ])
1720    , -393.808    , array([ 0.00123048 ,  0.0511844  ,  1.46429e-05,  0.169409   ])
1724    , -393.847    , array([ 0.00123046 ,  0.0502805  ,  1.46285e-05,  0.167415   ])
1728    , -393.808    , array([ 0.00123048 ,  0.0511727  ,  1.46283e-05,  0.169383   ])
1732    , -393.808    , array([ 0.00123048 ,  0.0511842  ,  1.46283e-05,  0.169408   ])
