884     , -2577.33    , array([ 1.10624    ,  1.22155    ,  0.0657133  ,  0.035498   ])
888     , -1551.38    , array([ 0.488206   ,  1.22155    ,  0.0657133  ,  0.035498   ])
892     , -322.2      , array([ 0.179184   ,  1.22155    ,  0.0657133  ,  0.035498   ])
896     , -91.0677    , array([ 0.10591    ,  1.22155    ,  0.0657133  ,  0.035498   ])
900     , -91.0626    , array([ 0.10616    ,  1.22155    ,  0.0657133  ,  0.035498   ])
904     , -91.0626    , array([ 0.106159   ,  1.22155    ,  0.0657133  ,  0.035498   ])
908     , -91.1986    , array([ 0.106159   ,  1.17931    ,  0.0657133  ,  0.035498   ])
912     , -91.062     , array([ 0.106159   ,  1.219      ,  0.0657133  ,  0.035498   ])
920     , -4017.91    , array([ 0.106159   ,  1.219      ,  0.25662    ,  0.035498   ])
924     , -93.5634    , array([ 0.106159   ,  1.219      ,  0.0615709  ,  0.035498   ])
928     , -91.0521    , array([ 0.106159   ,  1.219      ,  0.065464   ,  0.035498   ])
936     , -2852.04    , array([ 0.106159   ,  1.219      ,  0.0654615  ,  0.226447   ])
940     , -1881.94    , array([ 0.106159   ,  1.219      ,  0.0654615  ,  0.00105615 ])
944     , -91.1522    , array([ 0.106159   ,  1.219      ,  0.0654615  ,  0.0360129  ])
948     , -91.0483    , array([ 0.106159   ,  1.219      ,  0.0654615  ,  0.0355818  ])
952     , -91.0553    , array([ 0.105949   ,  1.21232    ,  0.0648021  ,  0.0357983  ])
956     , -91.043     , array([ 0.106076   ,  1.21635    ,  0.0651994  ,  0.0356674  ])
960     , -2574.14    , array([ 1.10608    ,  1.21635    ,  0.0651994  ,  0.0356674  ])
964     , -1555.13    , array([ 0.488042   ,  1.21635    ,  0.0651994  ,  0.0356674  ])
968     , -326.294    , array([ 0.17902    ,  1.21635    ,  0.0651994  ,  0.0356674  ])
972     , -91.0252    , array([ 0.105215   ,  1.21635    ,  0.0651994  ,  0.0356674  ])
976     , -91.0174    , array([ 0.105522   ,  1.21635    ,  0.0651994  ,  0.0356674  ])
980     , -181.254    , array([ 0.105522   ,  0.598312   ,  0.0651994  ,  0.0356674  ])
984     , -91.0172    , array([ 0.105522   ,  1.21597    ,  0.0651994  ,  0.0356674  ])
988     , -91.0162    , array([ 0.105522   ,  1.21262    ,  0.0651994  ,  0.0356674  ])
996     , -2843.42    , array([ 0.105522   ,  1.21258    ,  0.0651994  ,  0.226617   ])
1000    , -1861.6     , array([ 0.105522   ,  1.21258    ,  0.0651994  ,  0.00122551 ])
1004    , -91.1216    , array([ 0.105522   ,  1.21258    ,  0.0651994  ,  0.0360935  ])
1008    , -91.0162    , array([ 0.105522   ,  1.21258    ,  0.0651994  ,  0.0356585  ])
1012    , -91.0162    , array([ 0.105522   ,  1.21258    ,  0.0651994  ,  0.0356578  ])
1016    , -90.996     , array([ 0.10536    ,  1.20743    ,  0.0646909  ,  0.0358254  ])
1020    , -90.996     , array([ 0.105362   ,  1.20748    ,  0.064696   ,  0.0358237  ])
1024    , -90.9313    , array([ 0.103267   ,  1.17714    ,  0.0626735  ,  0.0364653  ])
1028    , -90.9322    , array([ 0.103456   ,  1.17987    ,  0.0628554  ,  0.0364076  ])
1032    , -90.9312    , array([ 0.103198   ,  1.17614    ,  0.0626067  ,  0.0364865  ])
1036    , -90.9023    , array([ 0.103576   ,  1.18813    ,  0.063791   ,  0.0360962  ])
1040    , -90.885     , array([ 0.103431   ,  1.18354    ,  0.0633377  ,  0.0362456  ])
1044    , -123.53     , array([ 0.103431   ,  2.18354    ,  0.0633377  ,  0.0362456  ])
1048    , -98.8652    , array([ 0.103431   ,  1.56551    ,  0.0633377  ,  0.0362456  ])
1052    , -90.8714    , array([ 0.103431   ,  1.19558    ,  0.0633377  ,  0.0362456  ])
1056    , -4628.67    , array([ 0.103431   ,  1.19576    ,  0.0633377  ,  1.03625    ])
1060    , -4170.88    , array([ 0.103431   ,  1.19576    ,  0.0633377  ,  0.418212   ])
1064    , -1120.88    , array([ 0.103431   ,  1.19576    ,  0.0633377  ,  0.109182   ])
1068    , -96.4485    , array([ 0.103431   ,  1.19576    ,  0.0633377  ,  0.0394602  ])
1072    , -90.8672    , array([ 0.103431   ,  1.19576    ,  0.0633377  ,  0.0361579  ])
1076    , -91.0643    , array([ 0.0977701  ,  1.11384    ,  0.0578811  ,  0.0378877  ])
1080    , -90.8031    , array([ 0.101397   ,  1.16633    ,  0.0613774  ,  0.0367788  ])
1084    , -90.8031    , array([ 0.101375   ,  1.16601    ,  0.0613561  ,  0.0367855  ])
1088    , -90.9032    , array([ 0.0949276  ,  1.09899    ,  0.0559604  ,  0.0383389  ])
1092    , -90.7633    , array([ 0.0988878  ,  1.14015    ,  0.0592745  ,  0.0373848  ])
1096    , -90.6622    , array([ 0.099221   ,  1.15021    ,  0.0602626  ,  0.03706    ])
1100    , -90.6679    , array([ 0.0991548  ,  1.14811    ,  0.060055   ,  0.0371284  ])
1104    , -90.6621    , array([ 0.099232   ,  1.15055    ,  0.0602968  ,  0.0370487  ])
1108    , -216.284    , array([ 0.099232   ,  0.53252    ,  0.0602968  ,  0.0370487  ])
1112    , -90.6263    , array([ 0.099232   ,  1.17298    ,  0.0602968  ,  0.0370487  ])
1116    , -90.6251    , array([ 0.099232   ,  1.16961    ,  0.0602968  ,  0.0370487  ])
1128    , -210.594    , array([ 0.099232   ,  1.16961    ,  0.0602968  ,  0.0238931  ])
1132    , -90.6158    , array([ 0.099232   ,  1.16961    ,  0.0602968  ,  0.0369151  ])
1136    , -90.5112    , array([ 0.0967692  ,  1.14401    ,  0.0582358  ,  0.0375084  ])
1140    , -90.4855    , array([ 0.0943064  ,  1.11841    ,  0.0561748  ,  0.0381018  ])
1144    , -90.3299    , array([ 0.0883682  ,  1.08257    ,  0.0519397  ,  0.0391457  ])
1148    , -90.3299    , array([ 0.0883682  ,  1.08257    ,  0.0519397  ,  0.0391457  ])
1152    , -90.3271    , array([ 0.0874046  ,  1.07639    ,  0.0512421  ,  0.0393206  ])
1156    , -90.2434    , array([ 0.0876145  ,  1.08116    ,  0.0517201  ,  0.0391673  ])
1160    , -90.2226    , array([ 0.0878273  ,  1.08792    ,  0.0523875  ,  0.0389474  ])
1164    , -90.2148    , array([ 0.0877567  ,  1.08567    ,  0.0521659  ,  0.0390204  ])
1168    , -90.2148    , array([ 0.0877539  ,  1.08559    ,  0.0521573  ,  0.0390232  ])
1172    , -90.1102    , array([ 0.0877539  ,  1.10102    ,  0.0521573  ,  0.0390232  ])
1176    , -90.0677    , array([ 0.0877539  ,  1.11976    ,  0.0521573  ,  0.0390232  ])
1180    , -90.0677    , array([ 0.0877539  ,  1.11943    ,  0.0521573  ,  0.0390232  ])
1188    , -280.516    , array([ 0.0877539  ,  1.11943    ,  0.0521573  ,  0.0630037  ])
1192    , -90.0527    , array([ 0.0877539  ,  1.11943    ,  0.0521573  ,  0.0388283  ])
1196    , -90.0525    , array([ 0.0877539  ,  1.11943    ,  0.0521573  ,  0.0388468  ])
1200    , -89.907     , array([ 0.0757927  ,  1.04269    ,  0.043498   ,  0.0410173  ])
1204    , -89.8496    , array([ 0.0793204  ,  1.06532    ,  0.0460518  ,  0.0403771  ])
1208    , -89.8843    , array([ 0.0792368  ,  1.06267    ,  0.0457898  ,  0.0404635  ])
1212    , -89.8431    , array([ 0.0794039  ,  1.06798    ,  0.0463138  ,  0.0402908  ])
1216    , -89.8421    , array([ 0.0793817  ,  1.06727    ,  0.046244   ,  0.0403138  ])
1220    , -285.743    , array([ 0.0793817  ,  0.449237   ,  0.046244   ,  0.0403138  ])
1224    , -89.6988    , array([ 0.0793817  ,  1.10308    ,  0.046244   ,  0.0403138  ])
1228    , -89.6969    , array([ 0.0793817  ,  1.09933    ,  0.046244   ,  0.0403138  ])
1240    , -195.881    , array([ 0.0793817  ,  1.09933    ,  0.046244   ,  0.0271582  ])
1244    , -89.6867    , array([ 0.0793817  ,  1.09933    ,  0.046244   ,  0.0401667  ])
1248    , -89.5979    , array([ 0.0719892  ,  1.05191    ,  0.0408923  ,  0.0415081  ])
1252    , -89.5747    , array([ 0.0748129  ,  1.07002    ,  0.0429365  ,  0.0409957  ])
1256    , -89.5722    , array([ 0.0740274  ,  1.06499    ,  0.0423678  ,  0.0411383  ])
1260    , -89.2598    , array([ 0.0603621  ,  1.06533    ,  0.0328619  ,  0.0430961  ])
1264    , -89.2339    , array([ 0.063047   ,  1.06533    ,  0.0347299  ,  0.042711   ])
1268    , -89.2333    , array([ 0.0627029  ,  1.06533    ,  0.0344905  ,  0.0427604  ])
1272    , -89.1299    , array([ 0.0629169  ,  1.07212    ,  0.0351614  ,  0.0425392  ])
1276    , -89.1217    , array([ 0.0628709  ,  1.07066    ,  0.0350174  ,  0.0425867  ])
1280    , -90.0401    , array([ 0.0748321  ,  1.1474     ,  0.0436767  ,  0.0404163  ])
1284    , -89.1183    , array([ 0.0625166  ,  1.06839    ,  0.0347609  ,  0.042651   ])
1288    , -89.1175    , array([ 0.0622499  ,  1.06668    ,  0.0345678  ,  0.0426994  ])
1292    , -89.1175    , array([ 0.0622436  ,  1.06664    ,  0.0345632  ,  0.0427006  ])
1300    , -251.01     , array([ 0.0622436  ,  1.06664    ,  0.0345632  ,  0.0662935  ])
1304    , -89.1011    , array([ 0.0622436  ,  1.06664    ,  0.0345632  ,  0.0428899  ])
1308    , -89.1011    , array([ 0.0622436  ,  1.06664    ,  0.0345632  ,  0.0428944  ])
1312    , -89.3673    , array([ 0.0692753  ,  1.06664    ,  0.0394554  ,  0.041886   ])
1316    , -89.0576    , array([ 0.060133   ,  1.06664    ,  0.0330948  ,  0.0431971  ])
1320    , -91.0496    , array([ 0.0431652  ,  1.06796    ,  0.021682   ,  0.0456988  ])
1324    , -89.0055    , array([ 0.0587162  ,  1.06961    ,  0.0323369  ,  0.0433172  ])
1328    , -89.0055    , array([ 0.0587171  ,  1.06964    ,  0.0323398  ,  0.0433163  ])
1332    , -90.256     , array([ 0.0706774  ,  1.14634    ,  0.0409961  ,  0.0411468  ])
1336    , -88.9995    , array([ 0.0582894  ,  1.06687    ,  0.0320279  ,  0.0433947  ])
1340    , -88.9984    , array([ 0.0580279  ,  1.06519    ,  0.0318386  ,  0.0434421  ])
1344    , -88.9984    , array([ 0.0580209  ,  1.06515    ,  0.0318335  ,  0.0434434  ])
1352    , -247.517    , array([ 0.0580209  ,  1.06515    ,  0.0318335  ,  0.0667403  ])
1356    , -88.998     , array([ 0.0580209  ,  1.06515    ,  0.0318335  ,  0.0434664  ])
1360    , -88.998     , array([ 0.0580209  ,  1.06515    ,  0.0318335  ,  0.0434753  ])
1364    , -89.2398    , array([ 0.0650526  ,  1.06515    ,  0.0367257  ,  0.0424669  ])
1368    , -88.9861    , array([ 0.0564904  ,  1.06515    ,  0.0307687  ,  0.0436949  ])
1372    , -88.9342    , array([ 0.0544541  ,  1.06365    ,  0.0295602  ,  0.0439622  ])
1376    , -88.7686    , array([ 0.0407374  ,  1.05382    ,  0.021387   ,  0.045767   ])
1380    , -88.7798    , array([ 0.0446885  ,  1.05665    ,  0.0237413  ,  0.0452471  ])
1384    , -88.7664    , array([ 0.0415575  ,  1.05441    ,  0.0218756  ,  0.0456591  ])
1388    , -88.7663    , array([ 0.0417058  ,  1.05451    ,  0.021964   ,  0.0456396  ])
1392    , -88.7425    , array([ 0.0428067  ,  1.05451    ,  0.0227299  ,  0.0454817  ])
1396    , -88.7424    , array([ 0.0427549  ,  1.05451    ,  0.0226939  ,  0.0454891  ])
1400    , -91.9254    , array([ 0.0547267  ,  1.13124    ,  0.0313605  ,  0.0433171  ])
1404    , -88.7497    , array([ 0.0431042  ,  1.05668    ,  0.0229464  ,  0.0454261  ])
1408    , -88.7421    , array([ 0.0426865  ,  1.05401    ,  0.0226441  ,  0.0455019  ])
1416    , -2296.82    , array([ 0.0426849  ,  1.05399    ,  0.0226429  ,  0.236458   ])
1420    , -1236.7     , array([ 0.0426849  ,  1.05399    ,  0.0226429  ,  0.0110604  ])
1424    , -88.7877    , array([ 0.0426849  ,  1.05399    ,  0.0226429  ,  0.0458335  ])
1428    , -88.7421    , array([ 0.0426849  ,  1.05399    ,  0.0226429  ,  0.0454966  ])
1432    , -88.7421    , array([ 0.0426849  ,  1.05399    ,  0.0226429  ,  0.0454999  ])
1436    , -89.3536    , array([ 0.0666846  ,  1.0712     ,  0.0369433  ,  0.0423423  ])
1440    , -88.7279    , array([ 0.040317   ,  1.0523     ,  0.021232   ,  0.0458116  ])
1444    , -88.7272    , array([ 0.0396961  ,  1.05185    ,  0.020862   ,  0.0458933  ])
1448    , -88.7272    , array([ 0.0396961  ,  1.05185    ,  0.020862   ,  0.0458933  ])
1452    , -89.3223    , array([ 0.0467278  ,  1.05185    ,  0.0257542  ,  0.0448848  ])
1456    , -88.7159    , array([ 0.0403907  ,  1.05185    ,  0.0213453  ,  0.0457937  ])
1460    , -88.7159    , array([ 0.0403498  ,  1.05185    ,  0.0213168  ,  0.0457995  ])
1464    , -89.5749    , array([ 0.0449185  ,  1.08116    ,  0.0246244  ,  0.0449705  ])
1468    , -88.7155    , array([ 0.0402657  ,  1.05131    ,  0.0212559  ,  0.0458148  ])
1472    , -3876.19    , array([ 0.0402667  ,  1.05132    ,  0.0212566  ,  1.04581    ])
1476    , -3452.83    , array([ 0.0402667  ,  1.05132    ,  0.0212566  ,  0.427781   ])
1480    , -906.285    , array([ 0.0402667  ,  1.05132    ,  0.0212566  ,  0.118753   ])
1484    , -91.7991    , array([ 0.0402667  ,  1.05132    ,  0.0212566  ,  0.0486409  ])
1488    , -88.7155    , array([ 0.0402667  ,  1.05132    ,  0.0212566  ,  0.0458246  ])
1492    , -88.7155    , array([ 0.0402667  ,  1.05132    ,  0.0212566  ,  0.045824   ])
1496    , -89.2147    , array([ 0.0642664  ,  1.06853    ,  0.035557   ,  0.0426667  ])
1500    , -88.7161    , array([ 0.0403501  ,  1.05138    ,  0.0213063  ,  0.0458135  ])
1504    , -88.7086    , array([ 0.0384575  ,  1.05002    ,  0.0201786  ,  0.0460625  ])
1508    , -88.7086    , array([ 0.0384212  ,  1.05       ,  0.020157   ,  0.0460673  ])
1512    , -89.7129    , array([ 0.0162616  ,  1.01772    ,  0.00790288 ,  0.0490918  ])
1516    , -88.628     , array([ 0.0282092  ,  1.03512    ,  0.0145099  ,  0.0474611  ])
1520    , -88.6272    , array([ 0.0275437  ,  1.03415    ,  0.0141418  ,  0.0475519  ])
1524    , -89.0846    , array([ 0.0514335  ,  1.0512     ,  0.0283815  ,  0.0444091  ])
1528    , -88.6731    , array([ 0.0309593  ,  1.03652    ,  0.0161817  ,  0.047103   ])
1532    , -88.6196    , array([ 0.0283121  ,  1.03462    ,  0.0146044  ,  0.0474513  ])
1536    , -88.6196    , array([ 0.0282626  ,  1.03459    ,  0.0145749  ,  0.0474579  ])
1540    , -88.6196    , array([ 0.0282544  ,  1.03458    ,  0.01457    ,  0.0474589  ])
1544    , -88.6203    , array([ 0.0283149  ,  1.03497    ,  0.0146138  ,  0.047448   ])
1548    , -88.6196    , array([ 0.0282454  ,  1.03453    ,  0.0145635  ,  0.0474606  ])
1552    , -3791.35    , array([ 0.0282461  ,  1.03453    ,  0.014564   ,  1.04746    ])
1556    , -3368.34    , array([ 0.0282461  ,  1.03453    ,  0.014564   ,  0.429426   ])
1560    , -880.959    , array([ 0.0282461  ,  1.03453    ,  0.014564   ,  0.120399   ])
1564    , -91.4433    , array([ 0.0282461  ,  1.03453    ,  0.014564   ,  0.0502276  ])
1568    , -88.6194    , array([ 0.0282461  ,  1.03453    ,  0.014564   ,  0.0474808  ])
1572    , -89.1803    , array([ 0.0172587  ,  1.01853    ,  0.008488   ,  0.0489804  ])
1576    , -88.6218    , array([ 0.0240493  ,  1.02842    ,  0.0122432  ,  0.0480536  ])
1580    , -88.6145    , array([ 0.0251327  ,  1.03       ,  0.0128423  ,  0.0479058  ])
1584    , -90.5904    , array([ 0.0135677  ,  1.01251    ,  0.00648068 ,  0.049509   ])
1588    , -88.613     , array([ 0.0259945  ,  1.03125    ,  0.0133189  ,  0.0477881  ])
1592    , -88.7118    , array([ 0.0241159  ,  1.0299     ,  0.0121995  ,  0.0480353  ])
1596    , -88.6093    , array([ 0.0265052  ,  1.03162    ,  0.0136232  ,  0.0477209  ])
1600    , -109.839    , array([ 0.0191128  ,  0.984194   ,  0.00827145 ,  0.0490623  ])
1604    , -90.4112    , array([ 0.0236816  ,  1.0135     ,  0.011579   ,  0.0482333  ])
1608    , -88.6093    , array([ 0.0264907  ,  1.03152    ,  0.0136127  ,  0.0477236  ])
1612    , -88.6093    , array([ 0.0264914  ,  1.03153    ,  0.0136132  ,  0.0477234  ])
1620    , -2216.43    , array([ 0.0264907  ,  1.03152    ,  0.0136127  ,  0.23868    ])
1624    , -1152.02    , array([ 0.0264907  ,  1.03152    ,  0.0136127  ,  0.0132817  ])
1628    , -88.6479    , array([ 0.0264907  ,  1.03152    ,  0.0136127  ,  0.0480464  ])
1632    , -88.6092    , array([ 0.0264907  ,  1.03152    ,  0.0136127  ,  0.0477316  ])
1636    , -89.6101    , array([ 0.0155032  ,  1.01552    ,  0.00753668 ,  0.0492305  ])
1640    , -88.6321    , array([ 0.0222939  ,  1.02541    ,  0.0112918  ,  0.0483036  ])
1644    , -88.6064    , array([ 0.0252229  ,  1.02968    ,  0.0129116  ,  0.0479039  ])
1648    , -88.6064    , array([ 0.0251419  ,  1.02956    ,  0.0128668  ,  0.0479149  ])
