75      , -1630.78    , array([ 2.0007     ,  0.0985922  ,  4.96255    ,  2.58122    ,  0.0494013  ])
80      , -1331.3     , array([ 1.1569     ,  0.0985922  ,  4.96255    ,  2.58122    ,  0.0494013  ])
85      , -1311.09    , array([ 1.00254    ,  0.0985922  ,  4.96255    ,  2.58122    ,  0.0494013  ])
90      , -1311.09    , array([ 1.00254    ,  0.0985922  ,  4.96255    ,  2.58122    ,  0.0494013  ])
95      , -87809.5    , array([ 1.00254    ,  0.00842223 ,  4.96255    ,  2.58122    ,  0.0494013  ])
100     , -1311.13    , array([ 1.00254    ,  0.0985145  ,  4.96255    ,  2.58122    ,  0.0494013  ])
105     , -1311.05    , array([ 1.00254    ,  0.0987448  ,  4.96255    ,  2.58122    ,  0.0494013  ])
110     , -1315.34    , array([ 1.00254    ,  0.0987448  ,  5.34452    ,  2.58122    ,  0.0494013  ])
115     , -1311.05    , array([ 1.00254    ,  0.0987448  ,  4.97142    ,  2.58122    ,  0.0494013  ])
120     , -1321.61    , array([ 1.00254    ,  0.0987448  ,  4.97142    ,  2.96318    ,  0.0494013  ])
125     , -1311.04    , array([ 1.00254    ,  0.0987448  ,  4.97142    ,  2.56709    ,  0.0494013  ])
135     , -5138.55    , array([ 1.00254    ,  0.0987448  ,  4.97142    ,  2.56723    ,  0.122319   ])
140     , -1312.88    , array([ 1.00254    ,  0.0987448  ,  4.97142    ,  2.56723    ,  0.0502043  ])
145     , -1311.04    , array([ 1.00254    ,  0.0987448  ,  4.97142    ,  2.56723    ,  0.0493822  ])
