1832    , -769.814    , array([ 0.279217   ,  1.77251    ,  0.167017   ,  0.0397507  ])
1836    , -256.874    , array([ 0.0538032  ,  1.77251    ,  0.167017   ,  0.0397507  ])
1840    , -92.3561    , array([ 0.0879111  ,  1.77251    ,  0.167017   ,  0.0397507  ])
1844    , -112.345    , array([ 0.0879059  ,  2.77251    ,  0.167017   ,  0.0397507  ])
1848    , -96.6311    , array([ 0.0879059  ,  2.15448    ,  0.167017   ,  0.0397507  ])
1852    , -92.3559    , array([ 0.0879059  ,  1.77028    ,  0.167017   ,  0.0397507  ])
1856    , -8405.27    , array([ 0.0879059  ,  1.77028    ,  1.16702    ,  0.0397507  ])
1860    , -2213.4     , array([ 0.0879059  ,  1.77028    ,  0.548983   ,  0.0397507  ])
1864    , -92.3271    , array([ 0.0879059  ,  1.77028    ,  0.165849   ,  0.0397507  ])
1868    , -92.327     , array([ 0.0879059  ,  1.77028    ,  0.165798   ,  0.0397507  ])
1872    , -92.327     , array([ 0.0879059  ,  1.77028    ,  0.16581    ,  0.0397507  ])
1880    , -248.338    , array([ 0.0879059  ,  1.77028    ,  0.16581    ,  0.0607693  ])
1884    , -92.3218    , array([ 0.0879059  ,  1.77028    ,  0.16581    ,  0.0398498  ])
1888    , -92.2841    , array([ 0.0875667  ,  1.76806    ,  0.164603   ,  0.0399582  ])
1892    , -92.1913    , array([ 0.085548   ,  1.75482    ,  0.157423   ,  0.0405756  ])
1896    , -92.1922    , array([ 0.0861094  ,  1.7585     ,  0.15942    ,  0.0404039  ])
1900    , -92.1891    , array([ 0.0858066  ,  1.75652    ,  0.158343   ,  0.0404965  ])
1912    , -93.469     , array([ 0.0885575  ,  1.75652    ,  0.158343   ,  0.0404965  ])
1916    , -91.9766    , array([ 0.0842093  ,  1.75652    ,  0.158343   ,  0.0404965  ])
1920    , -91.9766    , array([ 0.0841932  ,  1.75652    ,  0.158343   ,  0.0404965  ])
1924    , -91.9858    , array([ 0.0841932  ,  1.73965    ,  0.158343   ,  0.0404965  ])
1928    , -91.9765    , array([ 0.0841932  ,  1.75475    ,  0.158343   ,  0.0404965  ])
1932    , -10323.6    , array([ 0.0841932  ,  1.7548     ,  0.158343   ,  1.0405     ])
1936    , -6600.4     , array([ 0.0841932  ,  1.7548     ,  0.158343   ,  0.422462   ])
1940    , -1178.59    , array([ 0.0841932  ,  1.7548     ,  0.158343   ,  0.113425   ])
1944    , -95.0075    , array([ 0.0841932  ,  1.7548     ,  0.158343   ,  0.0430538  ])
1948    , -91.9764    , array([ 0.0841932  ,  1.7548     ,  0.158343   ,  0.0404844  ])
1952    , -91.9764    , array([ 0.0841932  ,  1.7548     ,  0.158343   ,  0.0404845  ])
1956    , -91.8003    , array([ 0.0820939  ,  1.74103    ,  0.150876   ,  0.0411264  ])
1960    , -91.7997    , array([ 0.0819698  ,  1.74022    ,  0.150435   ,  0.0411644  ])
1964    , -91.7192    , array([ 0.0760337  ,  1.71015    ,  0.13506    ,  0.0424744  ])
1968    , -91.6733    , array([ 0.0783011  ,  1.72163    ,  0.140932   ,  0.041974   ])
1972    , -91.6729    , array([ 0.0781369  ,  1.7208     ,  0.140507   ,  0.0420103  ])
1976    , -91.6729    , array([ 0.0780982  ,  1.7206     ,  0.140407   ,  0.0420188  ])
1980    , -91.5764    , array([ 0.0795139  ,  1.72989    ,  0.145442   ,  0.0415858  ])
1984    , -1950.84    , array([ 0.0795139  ,  0.111855   ,  0.145442   ,  0.0415858  ])
1988    , -91.8191    , array([ 0.0795139  ,  1.83247    ,  0.145442   ,  0.0415858  ])
1992    , -91.5586    , array([ 0.0795139  ,  1.75063    ,  0.145442   ,  0.0415858  ])
2000    , -3502.2     , array([ 0.0795139  ,  1.75043    ,  0.145442   ,  0.232516   ])
2004    , -1264       , array([ 0.0795139  ,  1.75043    ,  0.145442   ,  0.00714399 ])
2008    , -91.5877    , array([ 0.0795139  ,  1.75043    ,  0.145442   ,  0.0419004  ])
2012    , -91.5572    , array([ 0.0795139  ,  1.75043    ,  0.145442   ,  0.0416419  ])
2016    , -91.4266    , array([ 0.0756424  ,  1.73081    ,  0.135415   ,  0.0424968  ])
2020    , -91.4264    , array([ 0.0757635  ,  1.73143    ,  0.135728   ,  0.0424701  ])
2024    , -92.0031    , array([ 0.0736643  ,  1.71766    ,  0.128262   ,  0.0431121  ])
2028    , -91.3983    , array([ 0.0778627  ,  1.7452     ,  0.143195   ,  0.041828   ])
2032    , -91.3541    , array([ 0.0768956  ,  1.73885    ,  0.139755   ,  0.0421238  ])
2036    , -91.3541    , array([ 0.076907   ,  1.73893    ,  0.139796   ,  0.0421203  ])
2040    , -91.3639    , array([ 0.076907   ,  1.72215    ,  0.139796   ,  0.0421203  ])
2044    , -91.3539    , array([ 0.076907   ,  1.73726    ,  0.139796   ,  0.0421203  ])
2052    , -3483.71    , array([ 0.076907   ,  1.73732    ,  0.139796   ,  0.233051   ])
2056    , -1237.17    , array([ 0.076907   ,  1.73732    ,  0.139796   ,  0.00767849 ])
2060    , -91.3774    , array([ 0.076907   ,  1.73732    ,  0.139796   ,  0.042432   ])
2064    , -91.3516    , array([ 0.076907   ,  1.73732    ,  0.139796   ,  0.0421913  ])
2068    , -91.2872    , array([ 0.0730355  ,  1.71771    ,  0.129768   ,  0.0430464  ])
2072    , -91.2722    , array([ 0.0741459  ,  1.72333    ,  0.132644   ,  0.0428014  ])
2076    , -91.1284    , array([ 0.0725283  ,  1.71524    ,  0.12956    ,  0.0431326  ])
2080    , -89.8425    , array([ 0.0485011  ,  1.59499    ,  0.0837476  ,  0.0480533  ])
2084    , -89.8328    , array([ 0.0432538  ,  1.56872    ,  0.0737425  ,  0.0491279  ])
2088    , -89.8123    , array([ 0.0455926  ,  1.58043    ,  0.0782018  ,  0.048649   ])
2092    , -89.6852    , array([ 0.04689    ,  1.58894    ,  0.0828166  ,  0.0482522  ])
2096    , -89.6348    , array([ 0.046426   ,  1.58589    ,  0.0811661  ,  0.0483941  ])
2104    , -90.2061    , array([ 0.046426   ,  1.66791    ,  0.0811661  ,  0.0483941  ])
2108    , -89.6156    , array([ 0.046426   ,  1.56863    ,  0.0811661  ,  0.0483941  ])
2116    , -3403.25    , array([ 0.046426   ,  1.56863    ,  0.0811661  ,  0.239323   ])
2120    , -974.993    , array([ 0.046426   ,  1.56863    ,  0.0811661  ,  0.0139522  ])
2124    , -89.6154    , array([ 0.046426   ,  1.56863    ,  0.0811661  ,  0.0484482  ])
2128    , -89.6152    , array([ 0.046426   ,  1.56863    ,  0.0811661  ,  0.0484275  ])
2132    , -90.4383    , array([ 0.0640729  ,  1.65695    ,  0.114813   ,  0.0448135  ])
2136    , -89.4942    , array([ 0.0403532  ,  1.53823    ,  0.0695873  ,  0.0496712  ])
2140    , -89.4941    , array([ 0.0400815  ,  1.53688    ,  0.0690693  ,  0.0497268  ])
2144    , -91.7071    , array([ 0.043541   ,  1.55947    ,  0.0812706  ,  0.0486751  ])
2148    , -89.417     , array([ 0.04065    ,  1.54051    ,  0.0709877  ,  0.0495593  ])
2152    , -89.4167    , array([ 0.0406284  ,  1.54036    ,  0.0709108  ,  0.0495659  ])
2156    , -89.4167    , array([ 0.0406236  ,  1.54033    ,  0.0708937  ,  0.0495674  ])
2160    , -89.4383    , array([ 0.0406236  ,  1.52257    ,  0.0708937  ,  0.0495674  ])
2164    , -89.4167    , array([ 0.0406236  ,  1.54002    ,  0.0708937  ,  0.0495674  ])
2168    , -89.4167    , array([ 0.0406236  ,  1.53965    ,  0.0708937  ,  0.0495674  ])
2172    , -89.4167    , array([ 0.0406236  ,  1.54001    ,  0.0708937  ,  0.0495674  ])
2176    , -10783.5    , array([ 0.0406236  ,  1.54002    ,  0.0708937  ,  1.04957    ])
2180    , -6928.34    , array([ 0.0406236  ,  1.54002    ,  0.0708937  ,  0.431533   ])
2184    , -1038.86    , array([ 0.0406236  ,  1.54002    ,  0.0708937  ,  0.122495   ])
2188    , -89.5333    , array([ 0.0406236  ,  1.54002    ,  0.0708937  ,  0.0489956  ])
2192    , -89.4166    , array([ 0.0406236  ,  1.54002    ,  0.0708937  ,  0.0495526  ])
2196    , -116.067    , array([ 0.0120703  ,  1.39711    ,  0.0164514  ,  0.0554002  ])
2200    , -89.7374    , array([ 0.0297172  ,  1.48543    ,  0.0500986  ,  0.0517862  ])
2204    , -89.354     , array([ 0.0367987  ,  1.52087    ,  0.0636008  ,  0.0503359  ])
2208    , -89.2426    , array([ 0.0331848  ,  1.50322    ,  0.0575011  ,  0.0510129  ])
2212    , -89.0559    , array([ 0.019695   ,  1.43736    ,  0.034846   ,  0.0535306  ])
2216    , -89.0603    , array([ 0.022697   ,  1.45202    ,  0.0398877  ,  0.0529703  ])
2220    , -89.0543    , array([ 0.0207196  ,  1.44236    ,  0.0365667  ,  0.0533394  ])
2224    , -90.4792    , array([ 0.0383665  ,  1.53068    ,  0.0702139  ,  0.0497254  ])
2228    , -89.0493    , array([ 0.0205511  ,  1.44152    ,  0.0362455  ,  0.0533739  ])
2232    , -89.0347    , array([ 0.0195514  ,  1.43652    ,  0.0343393  ,  0.0535786  ])
2236    , -128.398    , array([ 0.0195631  ,  2.43658    ,  0.0343616  ,  0.0535762  ])
2240    , -97.0908    , array([ 0.0195631  ,  1.81854    ,  0.0343616  ,  0.0535762  ])
2244    , -88.9912    , array([ 0.0195631  ,  1.45894    ,  0.0343616  ,  0.0535762  ])
2248    , -11461.4    , array([ 0.0195631  ,  1.45894    ,  0.0343616  ,  1.05358    ])
2252    , -7948.74    , array([ 0.0195631  ,  1.45894    ,  0.0343616  ,  0.435542   ])
2256    , -1057.16    , array([ 0.0195631  ,  1.45894    ,  0.0343616  ,  0.126501   ])
2260    , -89.029     , array([ 0.0195631  ,  1.45894    ,  0.0343616  ,  0.0530054  ])
2264    , -88.9784    , array([ 0.0195631  ,  1.45894    ,  0.0343616  ,  0.0533871  ])
2268    , -88.9784    , array([ 0.0195631  ,  1.45894    ,  0.0343616  ,  0.0533852  ])
2272    , -88.9556    , array([ 0.0161326  ,  1.4422     ,  0.0286004  ,  0.0540254  ])
2280    , -88.9553    , array([ 0.015721   ,  1.44019    ,  0.0279093  ,  0.0541022  ])
2284    , -89.4467    , array([ 0.0115552  ,  1.41934    ,  0.0199662  ,  0.0549554  ])
2288    , -89.0096    , array([ 0.0137826  ,  1.43048    ,  0.0242132  ,  0.0544992  ])
2292    , -88.9506    , array([ 0.0153839  ,  1.4385     ,  0.0272664  ,  0.0541713  ])
2296    , -129.469    , array([ 0.0152452  ,  2.4378     ,  0.027002   ,  0.0541997  ])
2300    , -97.518     , array([ 0.0152452  ,  1.81977    ,  0.027002   ,  0.0541997  ])
2304    , -89.0454    , array([ 0.0152452  ,  1.48819    ,  0.027002   ,  0.0541997  ])
2308    , -88.9333    , array([ 0.0152452  ,  1.45177    ,  0.027002   ,  0.0541997  ])
2320    , -157.912    , array([ 0.0152452  ,  1.45177    ,  0.027002   ,  0.0693065  ])
2324    , -88.9211    , array([ 0.0152452  ,  1.45177    ,  0.027002   ,  0.0540132  ])
2328    , -89.6639    , array([ 0.0410448  ,  1.57772    ,  0.0703303  ,  0.049198   ])
2332    , -88.927     , array([ 0.0158635  ,  1.45479    ,  0.0280403  ,  0.0538978  ])
2336    , -88.9102    , array([ 0.0131139  ,  1.44137    ,  0.0234227  ,  0.054411   ])
2340    , -88.9101    , array([ 0.013053   ,  1.44107    ,  0.0233203  ,  0.0544223  ])
2344    , -88.8592    , array([ 0.00873601 ,  1.44251    ,  0.0158953  ,  0.0549403  ])
2348    , -88.8557    , array([ 0.00792875 ,  1.44277    ,  0.0145069  ,  0.0550372  ])
2360    , -88.9279    , array([ 0.00623072 ,  1.43485    ,  0.0112892  ,  0.0553758  ])
2364    , -88.8482    , array([ 0.00740912 ,  1.44074    ,  0.0135361  ,  0.0551345  ])
2372    , -116.303    , array([ 0.00131866 ,  1.41101    ,  0.00330763 ,  0.0562712  ])
2376    , -88.8693    , array([ 0.00652053 ,  1.43641    ,  0.0120438  ,  0.0553004  ])
2380    , -88.8482    , array([ 0.00745845 ,  1.44098    ,  0.0136189  ,  0.0551253  ])
2384    , -88.8482    , array([ 0.00745796 ,  1.44098    ,  0.0136181  ,  0.0551254  ])
2388    , -88.8482    , array([ 0.00745845 ,  1.44098    ,  0.0136189  ,  0.0551253  ])
2396    , -303.582    , array([ 0.00745845 ,  1.44098    ,  0.0136189  ,  0.082978   ])
2400    , -88.8435    , array([ 0.00745845 ,  1.44098    ,  0.0136189  ,  0.0550084  ])
2404    , -91.4355    , array([ 0.0022274  ,  1.44272    ,  0.00462175 ,  0.055638   ])
2408    , -88.8443    , array([ 0.00546036 ,  1.44165    ,  0.0101823  ,  0.0552501  ])
2412    , -88.8361    , array([ 0.00584216 ,  1.44152    ,  0.010839   ,  0.0552043  ])
2416    , -88.8337    , array([ 0.00619177 ,  1.4414     ,  0.0114403  ,  0.0551624  ])
2428    , -88.9588    , array([ 0.00467078 ,  1.43342    ,  0.00852712 ,  0.0554798  ])
2432    , -88.832     , array([ 0.00607363 ,  1.44044    ,  0.0112019  ,  0.0551925  ])
2444    , -88.876     , array([ 0.00518505 ,  1.4361     ,  0.00970961 ,  0.0553584  ])
2448    , -88.832     , array([ 0.00610601 ,  1.4406     ,  0.0112563  ,  0.0551865  ])
2452    , -88.832     , array([ 0.0061052  ,  1.44059    ,  0.0112549  ,  0.0551866  ])
2464    , -132.656    , array([ 0.0061052  ,  1.44059    ,  0.0112549  ,  0.0447877  ])
2468    , -88.8309    , array([ 0.0061052  ,  1.44059    ,  0.0112549  ,  0.0551322  ])
2476    , -88.9211    , array([ 0.00410711 ,  1.44126    ,  0.00781832 ,  0.055372   ])
2480    , -88.8277    , array([ 0.00565351 ,  1.44074    ,  0.010478   ,  0.0551864  ])
