75      , -1310.95    , array([ 1.00074    ,  0.100196   ,  4.99729    ,  2.52083    ,  0.0501884  ])
80      , -1311.04    , array([ 1.00891    ,  0.100196   ,  4.99729    ,  2.52083    ,  0.0501884  ])
85      , -1310.95    , array([ 1.00007    ,  0.100196   ,  4.99729    ,  2.52083    ,  0.0501884  ])
90      , -24576.7    , array([ 1.00007    ,  0.482162   ,  4.99729    ,  2.52083    ,  0.0501884  ])
95      , -3902.71    , array([ 1.00007    ,  0.065754   ,  4.99729    ,  2.52083    ,  0.0501884  ])
100     , -1310.94    , array([ 1.00007    ,  0.100124   ,  4.99729    ,  2.52083    ,  0.0501884  ])
105     , -1402.67    , array([ 1.00007    ,  0.100124   ,  3.37926    ,  2.52083    ,  0.0501884  ])
110     , -1310.94    , array([ 1.00007    ,  0.100124   ,  4.99907    ,  2.52083    ,  0.0501884  ])
115     , -1377.55    , array([ 1.00007    ,  0.100124   ,  4.99911    ,  3.52083    ,  0.0501884  ])
120     , -1310.95    , array([ 1.00007    ,  0.100124   ,  4.99911    ,  2.52751    ,  0.0501884  ])
125     , -1310.94    , array([ 1.00007    ,  0.100124   ,  4.99911    ,  2.51637    ,  0.0501884  ])
130     , -11499.1    , array([ 1.00007    ,  0.100124   ,  4.99911    ,  2.51637    ,  0.432154   ])
135     , -12333.5    , array([ 1.00007    ,  0.100124   ,  4.99911    ,  2.51637    ,  0.0157465  ])
140     , -1310.95    , array([ 1.00007    ,  0.100124   ,  4.99911    ,  2.51637    ,  0.0501021  ])
