60      , -430.524    , array([ 2.86763    ,  0.0597454  ,  1.98117    ,  0.215334   ])
64      , -401.139    , array([ 2.24959    ,  0.0597454  ,  1.98117    ,  0.215334   ])
68      , -393.076    , array([ 1.87634    ,  0.0597454  ,  1.98117    ,  0.215334   ])
72      , -2398.05    , array([ 1.87634    ,  1.05975    ,  1.98117    ,  0.215334   ])
76      , -896.868    , array([ 1.87634    ,  0.441711   ,  1.98117    ,  0.215334   ])
80      , -1458.69    , array([ 1.87634    ,  0.132693   ,  1.98117    ,  0.215334   ])
84      , -430.054    , array([ 1.87634    ,  0.0652552  ,  1.98117    ,  0.215334   ])
88      , -393.076    , array([ 1.87634    ,  0.0597411  ,  1.98117    ,  0.215334   ])
92      , -398.112    , array([ 1.87634    ,  0.0597411  ,  2.98117    ,  0.215334   ])
96      , -394.099    , array([ 1.87634    ,  0.0597411  ,  2.36314    ,  0.215334   ])
100     , -393.076    , array([ 1.87634    ,  0.0597411  ,  1.98407    ,  0.215334   ])
104     , -2336.8     , array([ 1.87634    ,  0.0597411  ,  1.98407    ,  1.21533    ])
108     , -2326.41    , array([ 1.87634    ,  0.0597411  ,  1.98407    ,  0.5973     ])
112     , -1083.14    , array([ 1.87634    ,  0.0597411  ,  1.98407    ,  0.288277   ])
116     , -393.076    , array([ 1.87634    ,  0.0597411  ,  1.98407    ,  0.215336   ])
