408     , -393.007    , array([ 8.65818    ,  0.0912248  ,  4.50045    ,  0.379088   ])
412     , -393.007    , array([ 8.65818    ,  0.0912248  ,  4.50045    ,  0.379088   ])
416     , -393.006    , array([ 8.61417    ,  0.0912248  ,  4.50045    ,  0.379088   ])
420     , -393.006    , array([ 8.61726    ,  0.0912248  ,  4.50045    ,  0.379088   ])
428     , -2336.8     , array([ 8.61726    ,  0.00105484 ,  4.50045    ,  0.379088   ])
432     , -579.369    , array([ 8.61726    ,  0.0780692  ,  4.50045    ,  0.379088   ])
436     , -393.006    , array([ 8.61726    ,  0.091223   ,  4.50045    ,  0.379088   ])
444     , -394.783    , array([ 8.61726    ,  0.091223   ,  4.88241    ,  0.379088   ])
448     , -393.006    , array([ 8.61726    ,  0.091223   ,  4.50143    ,  0.379088   ])
456     , -1679.64    , array([ 8.61726    ,  0.091223   ,  4.50144    ,  0.570056   ])
460     , -394.609    , array([ 8.61726    ,  0.091223   ,  4.50144    ,  0.383279   ])
464     , -393.006    , array([ 8.61726    ,  0.091223   ,  4.50144    ,  0.379097   ])
