3060    , -3133.95    , array([ 1.19027    ,  5.7901     ,  0.168426   ,  0.0168465  ])
3064    , -1263.86    , array([ 0.572236   ,  5.7901     ,  0.168426   ,  0.0168465  ])
3068    , -309.928    , array([ 0.117282   ,  5.7901     ,  0.168426   ,  0.0168465  ])
3072    , -110.322    , array([ 0.190366   ,  5.7901     ,  0.168426   ,  0.0168465  ])
3076    , -110.322    , array([ 0.190322   ,  5.7901     ,  0.168426   ,  0.0168465  ])
3080    , -110.322    , array([ 0.190352   ,  5.7901     ,  0.168426   ,  0.0168465  ])
3084    , -110.687    , array([ 0.190353   ,  4.17207    ,  0.168426   ,  0.0168465  ])
3088    , -110.322    , array([ 0.190353   ,  5.85861    ,  0.168426   ,  0.0168465  ])
3092    , -110.322    , array([ 0.190353   ,  5.82701    ,  0.168426   ,  0.0168465  ])
3096    , -5011.32    , array([ 0.190353   ,  5.82441    ,  1.16843    ,  0.0168465  ])
3100    , -2732.02    , array([ 0.190353   ,  5.82441    ,  0.550392   ,  0.0168465  ])
3104    , -109.467    , array([ 0.190353   ,  5.82441    ,  0.164198   ,  0.0168465  ])
3108    , -109.335    , array([ 0.190353   ,  5.82441    ,  0.161843   ,  0.0168465  ])
3112    , -109.335    , array([ 0.190353   ,  5.82441    ,  0.161777   ,  0.0168465  ])
3120    , -887.947    , array([ 0.190353   ,  5.82441    ,  0.161777   ,  0.0446943  ])
3124    , -108.826    , array([ 0.190353   ,  5.82441    ,  0.161777   ,  0.0178781  ])
3128    , -107.397    , array([ 0.190435   ,  5.85872    ,  0.155127   ,  0.0181633  ])
3132    , -106.955    , array([ 0.190517   ,  5.89267    ,  0.148546   ,  0.0188149  ])
3136    , -106.956    , array([ 0.190516   ,  5.89199    ,  0.148678   ,  0.0188018  ])
3144    , -621.221    , array([ 0.38149    ,  5.89267    ,  0.148546   ,  0.0188149  ])
3148    , -109.676    , array([ 0.196328   ,  5.89267    ,  0.148546   ,  0.0188149  ])
3152    , -105.63     , array([ 0.183044   ,  5.89267    ,  0.148546   ,  0.0188149  ])
3156    , -105.581    , array([ 0.182969   ,  3.65095    ,  0.148546   ,  0.0188149  ])
3160    , -105.34     , array([ 0.182969   ,  4.50617    ,  0.148546   ,  0.0188149  ])
3164    , -105.339    , array([ 0.182969   ,  4.47304    ,  0.148546   ,  0.0188149  ])
3180    , -105.289    , array([ 0.182969   ,  4.47304    ,  0.148546   ,  0.0189829  ])
3184    , -105.289    , array([ 0.182969   ,  4.47304    ,  0.148546   ,  0.0189958  ])
3188    , -107.177    , array([ 0.183236   ,  4.58349    ,  0.127138   ,  0.0211154  ])
3192    , -104.485    , array([ 0.183073   ,  4.51603    ,  0.140214   ,  0.0198207  ])
3196    , -3102.56    , array([ 1.18307    ,  4.51646    ,  0.14013    ,  0.019829   ])
3200    , -1371.4     , array([ 0.56504    ,  4.51646    ,  0.14013    ,  0.019829   ])
3204    , -159.361    , array([ 0.228846   ,  4.51646    ,  0.14013    ,  0.019829   ])
3208    , -103.766    , array([ 0.177763   ,  4.51646    ,  0.14013    ,  0.019829   ])
3212    , -104.168    , array([ 0.177763   ,  2.89843    ,  0.14013    ,  0.019829   ])
3216    , -103.544    , array([ 0.177763   ,  3.77573    ,  0.14013    ,  0.019829   ])
3220    , -103.544    , array([ 0.177763   ,  3.7452     ,  0.14013    ,  0.019829   ])
3236    , -103.442    , array([ 0.177763   ,  3.7452     ,  0.14013    ,  0.020087   ])
3240    , -103.442    , array([ 0.177763   ,  3.7452     ,  0.14013    ,  0.0200938  ])
3244    , -105.317    , array([ 0.177661   ,  3.70301    ,  0.148307   ,  0.0192841  ])
3248    , -102.961    , array([ 0.177838   ,  3.77638    ,  0.134087   ,  0.0206922  ])
3252    , -101.579    , array([ 0.172601   ,  3.03569    ,  0.128162   ,  0.0215435  ])
3256    , -101.069    , array([ 0.167365   ,  2.2953     ,  0.122179   ,  0.0224007  ])
3260    , -100.988    , array([ 0.168378   ,  2.43852    ,  0.123336   ,  0.0222349  ])
3264    , -100.987    , array([ 0.168471   ,  2.45176    ,  0.123443   ,  0.0222195  ])
3268    , -100.952    , array([ 0.168453   ,  2.44431    ,  0.124887   ,  0.0220766  ])
3272    , -100.952    , array([ 0.168454   ,  2.4447     ,  0.124812   ,  0.022084   ])
3276    , -104.648    , array([ 0.168454   ,  1.82667    ,  0.124812   ,  0.022084   ])
3280    , -100.653    , array([ 0.168454   ,  2.78784    ,  0.124812   ,  0.022084   ])
3288    , -5814.69    , array([ 0.168454   ,  2.78784    ,  0.124812   ,  0.212995   ])
3296    , -117.243    , array([ 0.168454   ,  2.78784    ,  0.124812   ,  0.0263279  ])
3300    , -100.492    , array([ 0.168454   ,  2.78784    ,  0.124812   ,  0.0224522  ])
3304    , -100.492    , array([ 0.168454   ,  2.78784    ,  0.124812   ,  0.0224486  ])
3308    , -99.6898    , array([ 0.164914   ,  2.28718    ,  0.120766   ,  0.0230282  ])
3312    , -99.6716    , array([ 0.164452   ,  2.2219     ,  0.120238   ,  0.0231038  ])
3316    , -106.265    , array([ 0.164185   ,  2.11144    ,  0.141646   ,  0.0209842  ])
3320    , -99.6741    , array([ 0.164448   ,  2.22033    ,  0.120542   ,  0.0230737  ])
3324    , -99.7488    , array([ 0.164476   ,  2.23202    ,  0.118276   ,  0.023298   ])
3328    , -99.6716    , array([ 0.164453   ,  2.22237    ,  0.120147   ,  0.0231129  ])
3332    , -99.6716    , array([ 0.164452   ,  2.22217    ,  0.120186   ,  0.023109   ])
3336    , -225.295    , array([ 0.164452   ,  0.604138   ,  0.120185   ,  0.0231091  ])
3340    , -99.5201    , array([ 0.164452   ,  2.41773    ,  0.120185   ,  0.0231091  ])
3344    , -99.5198    , array([ 0.164452   ,  2.41078    ,  0.120185   ,  0.0231091  ])
3348    , -99.5198    , array([ 0.164452   ,  2.40891    ,  0.120185   ,  0.0231091  ])
3356    , -606.834    , array([ 0.164452   ,  2.40891    ,  0.120185   ,  0.0509636  ])
3360    , -99.6617    , array([ 0.164452   ,  2.40891    ,  0.120185   ,  0.0239497  ])
3364    , -99.3885    , array([ 0.164452   ,  2.40891    ,  0.120185   ,  0.0234533  ])
3368    , -101.803    , array([ 0.170241   ,  3.22738    ,  0.1268     ,  0.0225056  ])
3372    , -98.9016    , array([ 0.162039   ,  2.06761    ,  0.117427   ,  0.0238484  ])
3376    , -98.9016    , array([ 0.162063   ,  2.07102    ,  0.117454   ,  0.0238445  ])
3380    , -97.5305    , array([ 0.155808   ,  1.67602    ,  0.110165   ,  0.0257835  ])
3384    , -97.4551    , array([ 0.154466   ,  1.59122    ,  0.108601   ,  0.0261998  ])
3388    , -105.338    , array([ 0.154199   ,  1.48076    ,  0.130008   ,  0.0240802  ])
3392    , -97.4115    , array([ 0.154445   ,  1.58263    ,  0.110266   ,  0.0260349  ])
3396    , -97.4079    , array([ 0.154449   ,  1.58442    ,  0.109918   ,  0.0260694  ])
3400    , -97.4079    , array([ 0.154449   ,  1.58449    ,  0.109905   ,  0.0260707  ])
3404    , -96.9658    , array([ 0.154449   ,  1.76049    ,  0.109905   ,  0.0260707  ])
3408    , -96.9614    , array([ 0.154449   ,  1.74116    ,  0.109905   ,  0.0260707  ])
3412    , -96.9613    , array([ 0.154449   ,  1.74274    ,  0.109905   ,  0.0260707  ])
3420    , -507.789    , array([ 0.154449   ,  1.74274    ,  0.109905   ,  0.0539274  ])
3424    , -97.2347    , array([ 0.154449   ,  1.74274    ,  0.109905   ,  0.0267576  ])
3428    , -96.9491    , array([ 0.154449   ,  1.74274    ,  0.109905   ,  0.0261863  ])
3432    , -96.9491    , array([ 0.154449   ,  1.74274    ,  0.109905   ,  0.0261875  ])
3436    , -96.3994    , array([ 0.150691   ,  1.50536    ,  0.105525   ,  0.0273528  ])
3440    , -96.3993    , array([ 0.150577   ,  1.49816    ,  0.105392   ,  0.0273881  ])
3444    , -106.606    , array([ 0.150348   ,  1.39013    ,  0.126844   ,  0.0252566  ])
3448    , -96.403     , array([ 0.15061    ,  1.49844    ,  0.105853   ,  0.027335   ])
3452    , -96.3991    , array([ 0.150614   ,  1.50028    ,  0.105496   ,  0.0273703  ])
3460    , -96.2955    , array([ 0.150614   ,  1.65987    ,  0.105499   ,  0.02737    ])
3464    , -96.1956    , array([ 0.150614   ,  1.59118    ,  0.105499   ,  0.02737    ])
3472    , -3862.25    , array([ 0.150614   ,  1.59028    ,  0.105499   ,  0.218307   ])
3480    , -96.4599    , array([ 0.150614   ,  1.59028    ,  0.105499   ,  0.0279226  ])
3484    , -96.1952    , array([ 0.150614   ,  1.59028    ,  0.105499   ,  0.0273504  ])
3488    , -96.1952    , array([ 0.150614   ,  1.59028    ,  0.105499   ,  0.0273502  ])
3492    , -96.0147    , array([ 0.148885   ,  1.48105    ,  0.103483   ,  0.0278864  ])
3496    , -95.6785    , array([ 0.146889   ,  1.4448     ,  0.101221   ,  0.0284786  ])
3500    , -94.5732    , array([ 0.133515   ,  1.24452    ,  0.086088   ,  0.0324366  ])
3504    , -94.6307    , array([ 0.137472   ,  1.30378    ,  0.0905658  ,  0.0312655  ])
3508    , -94.5573    , array([ 0.134766   ,  1.26326    ,  0.0875044  ,  0.0320661  ])
3512    , -96.0404    , array([ 0.134665   ,  1.22107    ,  0.0956814  ,  0.0312565  ])
3516    , -94.3085    , array([ 0.13474    ,  1.2522     ,  0.0896484  ,  0.0318539  ])
3520    , -124.095    , array([ 0.127142   ,  0.772398   ,  0.0807949  ,  0.0342092  ])
3524    , -96.864     , array([ 0.131838   ,  1.06893    ,  0.0862666  ,  0.0327535  ])
3528    , -94.2967    , array([ 0.134993   ,  1.26818    ,  0.0899433  ,  0.0317754  ])
3532    , -5045.94    , array([ 0.134993   ,  1.26818    ,  0.0899433  ,  1.03178    ])
3536    , -4573.78    , array([ 0.134993   ,  1.26818    ,  0.0899433  ,  0.413741   ])
3540    , -1256.14    , array([ 0.134993   ,  1.26818    ,  0.0899433  ,  0.104711   ])
3544    , -103.082    , array([ 0.134993   ,  1.26818    ,  0.0899433  ,  0.0352643  ])
3548    , -94.1927    , array([ 0.134993   ,  1.26818    ,  0.0899433  ,  0.0313712  ])
3552    , -99.2326    , array([ 0.157622   ,  1.60705    ,  0.115548   ,  0.0246705  ])
3556    , -94.0461    , array([ 0.130893   ,  1.20679    ,  0.0853045  ,  0.0325803  ])
3560    , -94.0445    , array([ 0.131211   ,  1.21154    ,  0.0856638  ,  0.0324863  ])
3564    , -110.504    , array([ 0.130981   ,  1.10165    ,  0.107114   ,  0.0303556  ])
3568    , -93.9804    , array([ 0.131229   ,  1.20436    ,  0.0872075  ,  0.0323266  ])
3572    , -93.9723    , array([ 0.131234   ,  1.20625    ,  0.0868409  ,  0.0323629  ])
3576    , -93.9723    , array([ 0.131234   ,  1.20631    ,  0.0868297  ,  0.032364   ])
3580    , -93.8585    , array([ 0.132017   ,  1.25578    ,  0.0877426  ,  0.0321211  ])
3584    , -93.8581    , array([ 0.131982   ,  1.25356    ,  0.0877016  ,  0.032132   ])
3588    , -93.8581    , array([ 0.131975   ,  1.2531     ,  0.087693   ,  0.0321343  ])
3596    , -395.343    , array([ 0.131975   ,  1.2531     ,  0.087693   ,  0.0599932  ])
3600    , -93.7807    , array([ 0.131975   ,  1.2531     ,  0.087693   ,  0.0317389  ])
3604    , -93.7797    , array([ 0.131975   ,  1.2531     ,  0.087693   ,  0.0317774  ])
3608    , -94.8861    , array([ 0.140619   ,  1.38253    ,  0.0974731  ,  0.0292196  ])
3612    , -93.6265    , array([ 0.128308   ,  1.19819    ,  0.0835444  ,  0.0328624  ])
3616    , -93.6265    , array([ 0.128308   ,  1.19819    ,  0.0835444  ,  0.0328624  ])
3620    , -93.7396    , array([ 0.0789332  ,  0.964494   ,  0.0472354  ,  0.0393657  ])
3624    , -91.9715    , array([ 0.102833   ,  1.07761    ,  0.0648107  ,  0.0362178  ])
3628    , -115.538    , array([ 0.102998   ,  1.14588    ,  0.0515799  ,  0.0375278  ])
3632    , -94.0139    , array([ 0.102896   ,  1.10369    ,  0.059757   ,  0.0367182  ])
3636    , -91.844     , array([ 0.102846   ,  1.08289    ,  0.0637891  ,  0.036319   ])
3640    , -108.019    , array([ 0.115138   ,  1.85927    ,  0.078104   ,  0.032509   ])
3644    , -91.2937    , array([ 0.104651   ,  1.19693    ,  0.0658823  ,  0.0357604  ])
3648    , -91.1798    , array([ 0.104093   ,  1.16167    ,  0.0652316  ,  0.0359335  ])
3656    , -2754.23    , array([ 0.104093   ,  1.16167    ,  0.0652316  ,  0.226884   ])
3660    , -1838.52    , array([ 0.104093   ,  1.16167    ,  0.0652316  ,  0.00149164 ])
3664    , -91.2783    , array([ 0.104093   ,  1.16167    ,  0.0652316  ,  0.0364559  ])
3668    , -91.1757    , array([ 0.104093   ,  1.16167    ,  0.0652316  ,  0.0360214  ])
3672    , -91.0271    , array([ 0.0786172  ,  1.0411     ,  0.0464979  ,  0.0393759  ])
3676    , -90.7733    , array([ 0.0881619  ,  1.08627    ,  0.0535167  ,  0.0381188  ])
3680    , -90.7731    , array([ 0.0885054  ,  1.0879     ,  0.0537693  ,  0.0380735  ])
3684    , -104.599    , array([ 0.0884035  ,  1.04571    ,  0.0619463  ,  0.0372639  ])
3688    , -90.5765    , array([ 0.0885179  ,  1.09307    ,  0.0527669  ,  0.0381728  ])
3692    , -177.119    , array([ 0.0809206  ,  0.613269   ,  0.0439134  ,  0.0405281  ])
3696    , -99.8187    , array([ 0.085616   ,  0.909802   ,  0.0493852  ,  0.0390724  ])
3700    , -90.2686    , array([ 0.0892761  ,  1.14095    ,  0.0536505  ,  0.0379377  ])
3704    , -4383.7     , array([ 0.0892761  ,  1.14095    ,  0.0536505  ,  1.03794    ])
3708    , -3958.52    , array([ 0.0892761  ,  1.14095    ,  0.0536505  ,  0.419904   ])
3712    , -1056.61    , array([ 0.0892761  ,  1.14095    ,  0.0536505  ,  0.110875   ])
3716    , -95.5139    , array([ 0.0892761  ,  1.14095    ,  0.0536505  ,  0.0416003  ])
3720    , -90.2111    , array([ 0.0892761  ,  1.14095    ,  0.0536505  ,  0.0382681  ])
3724    , -90.211     , array([ 0.0892761  ,  1.14095    ,  0.0536505  ,  0.0382715  ])
3728    , -89.907     , array([ 0.0799516  ,  1.09682    ,  0.0467935  ,  0.0394996  ])
3732    , -89.8142    , array([ 0.0691558  ,  1.09513    ,  0.038169   ,  0.041221   ])
3736    , -89.9024    , array([ 0.0788306  ,  1.09151    ,  0.0459692  ,  0.0396472  ])
3740    , -89.8901    , array([ 0.0788328  ,  1.09241    ,  0.0457955  ,  0.0396644  ])
3744    , -89.8897    , array([ 0.0788332  ,  1.09259    ,  0.04576    ,  0.039668   ])
3748    , -97.5268    , array([ 0.0835286  ,  1.38913    ,  0.0512317  ,  0.0382123  ])
3752    , -89.7621    , array([ 0.079293   ,  1.12163    ,  0.0462958  ,  0.0395254  ])
3756    , -89.762     , array([ 0.0792806  ,  1.12085    ,  0.0462813  ,  0.0395293  ])
3768    , -208.335    , array([ 0.0792806  ,  1.12085    ,  0.0462813  ,  0.0263736  ])
3772    , -89.7033    , array([ 0.0792806  ,  1.12085    ,  0.0462813  ,  0.0398797  ])
3776    , -93.4385    , array([ 0.1205     ,  1.31594    ,  0.0765931  ,  0.0344471  ])
3780    , -89.5166    , array([ 0.0724664  ,  1.08859    ,  0.0412704  ,  0.0407737  ])
3784    , -89.5144    , array([ 0.0729997  ,  1.09112    ,  0.0416625  ,  0.0407035  ])
3788    , -90.0943    , array([ 0.057959   ,  1.09115    ,  0.0305529  ,  0.0434392  ])
3792    , -89.3102    , array([ 0.0667849  ,  1.0913     ,  0.0370719  ,  0.0418357  ])
3796    , -89.3099    , array([ 0.0665685  ,  1.0913     ,  0.036912   ,  0.041875   ])
3800    , -112.876    , array([ 0.0664666  ,  1.04911    ,  0.0450891  ,  0.0410654  ])
3804    , -89.2197    , array([ 0.066563   ,  1.08905    ,  0.0373482  ,  0.0418319  ])
3808    , -189.425    , array([ 0.0589658  ,  0.609272   ,  0.0284903  ,  0.0441876  ])
3812    , -98.6354    , array([ 0.0636612  ,  0.905804   ,  0.0339621  ,  0.0427319  ])
3816    , -89.2151    , array([ 0.0666372  ,  1.09375    ,  0.0374302  ,  0.0418093  ])
3824    , -2448.79    , array([ 0.0666372  ,  1.09375    ,  0.0374302  ,  0.232763   ])
3828    , -1429.63    , array([ 0.0666372  ,  1.09375    ,  0.0374302  ,  0.00736746 ])
3832    , -89.2637    , array([ 0.0666372  ,  1.09375    ,  0.0374302  ,  0.0423183  ])
3836    , -89.2051    , array([ 0.0666372  ,  1.09375    ,  0.0374302  ,  0.0419599  ])
3840    , -89.2051    , array([ 0.0666372  ,  1.09375    ,  0.0374302  ,  0.0419585  ])
3844    , -89.138     , array([ 0.0633246  ,  1.09369    ,  0.0349834  ,  0.0425603  ])
3848    , -89.6289    , array([ 0.0533786  ,  1.09597    ,  0.0281044  ,  0.0444632  ])
3852    , -89.1379    , array([ 0.0632202  ,  1.09369    ,  0.0349063  ,  0.0425792  ])
3856    , -89.1189    , array([ 0.0632176  ,  1.09259    ,  0.0351191  ,  0.0425582  ])
3860    , -89.1185    , array([ 0.0632179  ,  1.09273    ,  0.0350923  ,  0.0425608  ])
3864    , -103.565    , array([ 0.0679133  ,  1.38927    ,  0.040564   ,  0.0411052  ])
3868    , -89.1121    , array([ 0.06313    ,  1.08718    ,  0.0349899  ,  0.0425881  ])
3872    , -89.1121    , array([ 0.0631333  ,  1.08739    ,  0.0349937  ,  0.0425871  ])
3884    , -190.054    , array([ 0.0631333  ,  1.08739    ,  0.0349937  ,  0.0294314  ])
3888    , -89.1118    , array([ 0.0631333  ,  1.08739    ,  0.0349937  ,  0.0425594  ])
3892    , -89.4214    , array([ 0.05664    ,  1.08728    ,  0.0301975  ,  0.0437392  ])
3896    , -89.1195    , array([ 0.0606531  ,  1.08735    ,  0.0331617  ,  0.0430101  ])
3900    , -89.1032    , array([ 0.0620491  ,  1.08737    ,  0.0341929  ,  0.0427564  ])
3904    , -89.0734    , array([ 0.060856   ,  1.08105    ,  0.0334632  ,  0.0429376  ])
3908    , -89.0154    , array([ 0.0548898  ,  1.04915    ,  0.0298215  ,  0.0438419  ])
3912    , -89.0122    , array([ 0.0559545  ,  1.05485    ,  0.0304714  ,  0.0436805  ])
3916    , -89.6564    , array([ 0.0663996  ,  1.0547     ,  0.0381943  ,  0.041781   ])
3920    , -89.0105    , array([ 0.0567294  ,  1.05453    ,  0.0310516  ,  0.0435379  ])
3924    , -89.0092    , array([ 0.0564008  ,  1.05453    ,  0.0308089  ,  0.0435976  ])
3928    , -89.0092    , array([ 0.0563958  ,  1.05453    ,  0.0308052  ,  0.0435985  ])
3932    , -88.9617    , array([ 0.0566485  ,  1.07049    ,  0.0310998  ,  0.0435202  ])
3936    , -88.96      , array([ 0.0566082  ,  1.06794    ,  0.0310528  ,  0.0435327  ])
3948    , -187.713    , array([ 0.0566082  ,  1.06794    ,  0.0310528  ,  0.030377   ])
3952    , -88.9595    , array([ 0.0566082  ,  1.06794    ,  0.0310528  ,  0.043565   ])
3956    , -88.9263    , array([ 0.0504632  ,  1.03509    ,  0.0273019  ,  0.0444964  ])
3960    , -88.9149    , array([ 0.0528104  ,  1.04764    ,  0.0287346  ,  0.0441407  ])
3964    , -88.9144    , array([ 0.0524439  ,  1.04568    ,  0.0285109  ,  0.0441962  ])
3968    , -89.8739    , array([ 0.0629083  ,  1.04564    ,  0.0362456  ,  0.0422938  ])
3972    , -88.9129    , array([ 0.0522712  ,  1.04545    ,  0.0283888  ,  0.0442263  ])
3976    , -88.9114    , array([ 0.051969   ,  1.04545    ,  0.0281656  ,  0.0442812  ])
3980    , -88.9114    , array([ 0.0519647  ,  1.04545    ,  0.0281623  ,  0.044282   ])
3984    , -88.8792    , array([ 0.0521734  ,  1.05863    ,  0.0284056  ,  0.0442173  ])
3988    , -88.877     , array([ 0.0521314  ,  1.05597    ,  0.0283566  ,  0.0442303  ])
4000    , -185.425    , array([ 0.0521314  ,  1.05597    ,  0.0283566  ,  0.0310747  ])
4004    , -88.8766    , array([ 0.0521314  ,  1.05597    ,  0.0283566  ,  0.0442626  ])
4008    , -88.8986    , array([ 0.0459863  ,  1.02312    ,  0.0246058  ,  0.045194   ])
4012    , -88.8526    , array([ 0.0497842  ,  1.04342    ,  0.0269239  ,  0.0446184  ])
4016    , -88.8519    , array([ 0.0493682  ,  1.0412     ,  0.02667    ,  0.0446814  ])
4020    , -88.7476    , array([ 0.041325   ,  1.02953    ,  0.021856   ,  0.0459504  ])
4024    , -88.7467    , array([ 0.0397043  ,  1.0272     ,  0.020886   ,  0.0462061  ])
4028    , -88.7456    , array([ 0.0403614  ,  1.02814    ,  0.0212793  ,  0.0461024  ])
4032    , -89.074     , array([ 0.0443746  ,  1.02821    ,  0.0242435  ,  0.0453733  ])
4036    , -88.7271    , array([ 0.0410333  ,  1.02815    ,  0.0217756  ,  0.0459804  ])
4040    , -89.1502    , array([ 0.0348761  ,  0.995298   ,  0.0180157  ,  0.046914   ])
4044    , -88.7802    , array([ 0.038674   ,  1.0156     ,  0.0203339  ,  0.0463383  ])
4048    , -88.7267    , array([ 0.0412558  ,  1.02941    ,  0.0219098  ,  0.045947   ])
4056    , -2242.27    , array([ 0.041259   ,  1.02942    ,  0.0219117  ,  0.236903   ])
4060    , -1207.34    , array([ 0.041259   ,  1.02942    ,  0.0219117  ,  0.0115047  ])
4064    , -88.7694    , array([ 0.041259   ,  1.02942    ,  0.0219117  ,  0.0463146  ])
4068    , -88.7261    , array([ 0.041259   ,  1.02942    ,  0.0219117  ,  0.045986   ])
4072    , -88.7261    , array([ 0.041259   ,  1.02942    ,  0.0219117  ,  0.0459856  ])
4076    , -88.7072    , array([ 0.038492   ,  1.02544    ,  0.0202558  ,  0.0464222  ])
4080    , -89.4591    , array([ 0.0271601  ,  1.00914    ,  0.0135691  ,  0.048235   ])
4084    , -88.7071    , array([ 0.0382502  ,  1.0251     ,  0.020111   ,  0.0464603  ])
4088    , -88.6985    , array([ 0.0386671  ,  1.0251     ,  0.020419   ,  0.0463846  ])
4092    , -88.6985    , array([ 0.0386569  ,  1.0251     ,  0.0204114  ,  0.0463864  ])
4096    , -88.6985    , array([ 0.038661   ,  1.0251     ,  0.0204145  ,  0.0463857  ])
4100    , -88.6985    , array([ 0.0387036  ,  1.02533    ,  0.0204405  ,  0.0463792  ])
4104    , -88.6985    , array([ 0.038674   ,  1.02517    ,  0.0204224  ,  0.0463837  ])
4108    , -88.6985    , array([ 0.0386819  ,  1.02522    ,  0.0204272  ,  0.0463825  ])
4112    , -88.6985    , array([ 0.0386819  ,  1.02522    ,  0.0204272  ,  0.0463825  ])
4120    , -231.161    , array([ 0.0386819  ,  1.02522    ,  0.0204272  ,  0.0691455  ])
4124    , -88.6984    , array([ 0.0386819  ,  1.02522    ,  0.0204272  ,  0.0463541  ])
4128    , -88.6983    , array([ 0.0386819  ,  1.02522    ,  0.0204272  ,  0.0463596  ])
4132    , -88.9327    , array([ 0.05321    ,  1.04611    ,  0.029122   ,  0.0440706  ])
4136    , -88.6909    , array([ 0.0373099  ,  1.02324    ,  0.0196061  ,  0.0465794  ])
4140    , -88.6906    , array([ 0.0370114  ,  1.02281    ,  0.0194275  ,  0.0466265  ])
4144    , -88.6765    , array([ 0.0357388  ,  1.02048    ,  0.0187237  ,  0.0467981  ])
4148    , -88.633     , array([ 0.027559   ,  1.00545    ,  0.0142049  ,  0.0478983  ])
4152    , -88.6326    , array([ 0.0281547  ,  1.00654    ,  0.014534   ,  0.0478182  ])
4156    , -91.8298    , array([ 0.0191759  ,  0.993634   ,  0.00916031 ,  0.0492349  ])
4160    , -88.8973    , array([ 0.0247251  ,  1.00161    ,  0.0124814  ,  0.0483593  ])
4164    , -88.6277    , array([ 0.0288357  ,  1.00752    ,  0.0149415  ,  0.0477107  ])
4168    , -90.329     , array([ 0.0226907  ,  0.97467    ,  0.0111907  ,  0.0486421  ])
4172    , -88.8288    , array([ 0.0264885  ,  0.994975   ,  0.0135088  ,  0.0480665  ])
4176    , -88.6244    , array([ 0.0292173  ,  1.00956    ,  0.0151744  ,  0.0476529  ])
4180    , -3698.16    , array([ 0.0292173  ,  1.00956    ,  0.0151744  ,  1.04765    ])
4184    , -3290.49    , array([ 0.0292173  ,  1.00956    ,  0.0151744  ,  0.429619   ])
4188    , -863.291    , array([ 0.0292173  ,  1.00956    ,  0.0151744  ,  0.120592   ])
4192    , -91.4024    , array([ 0.0292173  ,  1.00956    ,  0.0151744  ,  0.0504538  ])
4196    , -88.6236    , array([ 0.0292173  ,  1.00956    ,  0.0151744  ,  0.0476996  ])
4200    , -88.7825    , array([ 0.0435203  ,  1.03585    ,  0.0230759  ,  0.0457759  ])
4204    , -88.6569    , array([ 0.0214993  ,  0.99538    ,  0.0109108  ,  0.0487377  ])
4208    , -88.6105    , array([ 0.025491   ,  1.00272    ,  0.0131159  ,  0.0482008  ])
4212    , -93.3755    , array([ 0.0165122  ,  0.989805   ,  0.00774226 ,  0.0496176  ])
4216    , -88.9356    , array([ 0.0220614  ,  0.997784   ,  0.0110634  ,  0.048742   ])
4220    , -88.6099    , array([ 0.0256887  ,  1.003      ,  0.0132342  ,  0.0481696  ])
4224    , -88.6099    , array([ 0.0256929  ,  1.00301    ,  0.0132368  ,  0.048169   ])
4228    , -88.8959    , array([ 0.0294908  ,  1.02331    ,  0.0155549  ,  0.0475933  ])
4232    , -88.608     , array([ 0.0259374  ,  1.00431    ,  0.013386   ,  0.0481319  ])
4236    , -3672.71    , array([ 0.025933   ,  1.00429    ,  0.0133833  ,  1.04813    ])
4240    , -3265.19    , array([ 0.025933   ,  1.00429    ,  0.0133833  ,  0.430099   ])
4244    , -856.067    , array([ 0.025933   ,  1.00429    ,  0.0133833  ,  0.121072   ])
4248    , -91.3112    , array([ 0.025933   ,  1.00429    ,  0.0133833  ,  0.0509015  ])
4252    , -88.6075    , array([ 0.025933   ,  1.00429    ,  0.0133833  ,  0.0481695  ])
4256    , -88.7196    , array([ 0.040236   ,  1.03057    ,  0.0212848  ,  0.0462461  ])
4260    , -88.6028    , array([ 0.0245211  ,  1.00169    ,  0.0126033  ,  0.0483598  ])
4264    , -88.6025    , array([ 0.0241256  ,  1.00097    ,  0.0123849  ,  0.048413   ])
