4       , -472.961    , array([ 2.06935    ,  0.0253312  ,  3.33128    ,  0.126478   ])
8       , -392.981    , array([ 3.74291    ,  0.0253312  ,  3.33128    ,  0.126478   ])
12      , -392.95     , array([ 3.69253    ,  0.0253312  ,  3.33128    ,  0.126478   ])
20      , -2166.87    , array([ 3.69258    ,  0.216301   ,  3.33128    ,  0.126478   ])
28      , -921.156    , array([ 3.69258    ,  0.0203062  ,  3.33128    ,  0.126478   ])
32      , -392.95     , array([ 3.69258    ,  0.0253311  ,  3.33128    ,  0.126478   ])
36      , -392.95     , array([ 3.69258    ,  0.0253311  ,  3.33128    ,  0.126478   ])
40      , -442.809    , array([ 3.69258    ,  0.0253311  ,  1.71324    ,  0.126478   ])
44      , -392.966    , array([ 3.69258    ,  0.0253311  ,  3.37124    ,  0.126478   ])
48      , -392.95     , array([ 3.69258    ,  0.0253311  ,  3.33144    ,  0.126478   ])
56      , -2333.51    , array([ 3.69258    ,  0.0253311  ,  3.33144    ,  0.317446   ])
60      , -2125.61    , array([ 3.69258    ,  0.0253311  ,  3.33144    ,  0.0920366  ])
64      , -392.965    , array([ 3.69258    ,  0.0253311  ,  3.33144    ,  0.12659    ])
68      , -392.95     , array([ 3.69258    ,  0.0253311  ,  3.33144    ,  0.126479   ])
