5       , -1987.58    , array([ 1.42494    ,  0.101485   ,  2.17323    ,  8.44855    ,  5          ])
10      , -1987.58    , array([ 1.42649    ,  0.101485   ,  2.17323    ,  8.44855    ,  5          ])
15      , -41638.4    , array([ 1.42562    ,  1.10148    ,  2.17323    ,  8.44855    ,  5          ])
20      , -12635.3    , array([ 1.42562    ,  0.292296   ,  2.17323    ,  8.44855    ,  5          ])
25      , -2129.44    , array([ 1.42562    ,  0.11433    ,  2.17323    ,  8.44855    ,  5          ])
30      , -1987.56    , array([ 1.42562    ,  0.101639   ,  2.17323    ,  8.44855    ,  5          ])
35      , -2089.95    , array([ 1.42562    ,  0.101641   ,  1.5552     ,  8.44855    ,  5          ])
40      , -1987.55    , array([ 1.42562    ,  0.101641   ,  2.1696     ,  8.44855    ,  5          ])
45      , -2001.59    , array([ 1.42562    ,  0.101641   ,  2.1696     ,  8.83052    ,  5          ])
50      , -1987.46    , array([ 1.42562    ,  0.101641   ,  2.1696     ,  8.47639    ,  5          ])
60      , -1987.72    , array([ 1.42562    ,  0.101641   ,  2.1696     ,  8.47639    ,  4.95492    ])
70      , -1987.46    , array([ 1.42562    ,  0.101641   ,  2.1696     ,  8.47639    ,  4.99963    ])
80      , -1987.46    , array([ 1.42562    ,  0.101641   ,  2.1696     ,  8.47639    ,  5          ])
90      , -1987.46    , array([ 1.42562    ,  0.101641   ,  2.1696     ,  8.47639    ,  5          ])
100     , -1987.46    , array([ 1.42562    ,  0.101641   ,  2.1696     ,  8.47639    ,  5          ])
