1424    , -973.403    , array([ 0.260546   ,  2.87056    ,  0.0996274  ,  0.0557103  ])
1428    , -387.475    , array([ 0.0351341  ,  2.87056    ,  0.0996274  ,  0.0557103  ])
1432    , -91.8761    , array([ 0.0699588  ,  2.87056    ,  0.0996274  ,  0.0557103  ])
1436    , -91.8741    , array([ 0.069827   ,  2.87056    ,  0.0996274  ,  0.0557103  ])
1440    , -96.2705    , array([ 0.069827   ,  2.25252    ,  0.0996274  ,  0.0557103  ])
1444    , -91.8692    , array([ 0.069827   ,  2.89619    ,  0.0996274  ,  0.0557103  ])
1448    , -12246      , array([ 0.069827   ,  2.89586    ,  1.09963    ,  0.0557103  ])
1452    , -3652.01    , array([ 0.069827   ,  2.89586    ,  0.481593   ,  0.0557103  ])
1456    , -91.8573    , array([ 0.069827   ,  2.89586    ,  0.0990847  ,  0.0557103  ])
1460    , -91.8572    , array([ 0.069827   ,  2.89586    ,  0.0990402  ,  0.0557103  ])
1472    , -99.0458    , array([ 0.069827   ,  2.89586    ,  0.0990402  ,  0.0510123  ])
1476    , -91.8568    , array([ 0.069827   ,  2.89586    ,  0.0990402  ,  0.0556742  ])
1480    , -2922.36    , array([ 1.06983    ,  2.89586    ,  0.0990402  ,  0.0556742  ])
1484    , -1702.81    , array([ 0.451793   ,  2.89586    ,  0.0990402  ,  0.0556742  ])
1488    , -374.054    , array([ 0.142771   ,  2.89586    ,  0.0990402  ,  0.0556742  ])
1492    , -92.2176    , array([ 0.0713564  ,  2.89586    ,  0.0990402  ,  0.0556742  ])
1496    , -91.8471    , array([ 0.0695392  ,  2.89586    ,  0.0990402  ,  0.0556742  ])
1500    , -149.848    , array([ 0.0695363  ,  1.27782    ,  0.0990402  ,  0.0556742  ])
1504    , -91.8627    , array([ 0.0695363  ,  2.96643    ,  0.0990402  ,  0.0556742  ])
1508    , -91.8441    , array([ 0.0695363  ,  2.91571    ,  0.0990402  ,  0.0556742  ])
1512    , -91.8441    , array([ 0.0695363  ,  2.91591    ,  0.0990402  ,  0.0556742  ])
1516    , -94.3185    , array([ 0.0695363  ,  2.91591    ,  0.0903272  ,  0.0556742  ])
1520    , -91.8341    , array([ 0.0695363  ,  2.91591    ,  0.0985113  ,  0.0556742  ])
1528    , -4824.68    , array([ 0.0695363  ,  2.91591    ,  0.0985059  ,  0.246567   ])
1532    , -1626.46    , array([ 0.0695363  ,  2.91591    ,  0.0985059  ,  0.00548212 ])
1536    , -91.8339    , array([ 0.0695363  ,  2.91591    ,  0.0985059  ,  0.0556596  ])
1540    , -91.8339    , array([ 0.0695363  ,  2.91591    ,  0.0985059  ,  0.0556531  ])
1544    , -91.7831    , array([ 0.0687753  ,  2.96841    ,  0.0971072  ,  0.055597   ])
1548    , -91.7167    , array([ 0.0645055  ,  3.263      ,  0.0892592  ,  0.0552836  ])
1552    , -91.6994    , array([ 0.065813   ,  3.1728     ,  0.0916623  ,  0.0553795  ])
1556    , -91.6994    , array([ 0.0658498  ,  3.17025    ,  0.0917301  ,  0.0553822  ])
1564    , -134.445    , array([ 0.0868506  ,  3.17025    ,  0.0917301  ,  0.0553822  ])
1568    , -91.6993    , array([ 0.0658725  ,  3.17025    ,  0.0917301  ,  0.0553822  ])
1572    , -91.6993    , array([ 0.0658769  ,  3.17025    ,  0.0917301  ,  0.0553822  ])
1576    , -94.5599    , array([ 0.0658769  ,  2.55222    ,  0.0917301  ,  0.0553822  ])
1580    , -91.6978    , array([ 0.0658769  ,  3.15414    ,  0.0917301  ,  0.0553822  ])
1584    , -18825.3    , array([ 0.0658769  ,  3.1543     ,  0.0917301  ,  1.05538    ])
1588    , -11903.9    , array([ 0.0658769  ,  3.1543     ,  0.0917301  ,  0.437348   ])
1592    , -1215.53    , array([ 0.0658769  ,  3.1543     ,  0.0917301  ,  0.128295   ])
1596    , -91.7153    , array([ 0.0658769  ,  3.1543     ,  0.0917301  ,  0.0558066  ])
1600    , -91.6904    , array([ 0.0658769  ,  3.1543     ,  0.0917301  ,  0.0555321  ])
1604    , -91.7522    , array([ 0.0681553  ,  2.99711    ,  0.0959178  ,  0.0556993  ])
1608    , -91.6896    , array([ 0.0655836  ,  3.17453    ,  0.091191   ,  0.0555106  ])
1612    , -2947.28    , array([ 1.06558    ,  3.17474    ,  0.0911855  ,  0.0555104  ])
1616    , -1752.84    , array([ 0.447547   ,  3.17474    ,  0.0911855  ,  0.0555104  ])
1620    , -395.855    , array([ 0.138524   ,  3.17474    ,  0.0911855  ,  0.0555104  ])
1624    , -92.4507    , array([ 0.0681305  ,  3.17474    ,  0.0911855  ,  0.0555104  ])
1628    , -91.6886    , array([ 0.0656661  ,  3.17474    ,  0.0911855  ,  0.0555104  ])
1632    , -129.533    , array([ 0.065667   ,  1.5567     ,  0.0911855  ,  0.0555104  ])
1636    , -91.6996    , array([ 0.065667   ,  3.19705    ,  0.0911855  ,  0.0555104  ])
1640    , -91.6829    , array([ 0.065667   ,  3.1442     ,  0.0911855  ,  0.0555104  ])
1644    , -91.6829    , array([ 0.065667   ,  3.14389    ,  0.0911855  ,  0.0555104  ])
1652    , -160.915    , array([ 0.065667   ,  3.14389    ,  0.0911855  ,  0.0710008  ])
1656    , -91.6762    , array([ 0.065667   ,  3.14389    ,  0.0911855  ,  0.0556534  ])
1660    , -92.0848    , array([ 0.0716319  ,  2.73235    ,  0.102149   ,  0.0560911  ])
1664    , -91.6748    , array([ 0.0652724  ,  3.17111    ,  0.0904604  ,  0.0556244  ])
1668    , -91.6748    , array([ 0.0652801  ,  3.17058    ,  0.0904745  ,  0.055625   ])
1672    , -91.6368    , array([ 0.0644933  ,  3.1597     ,  0.0886128  ,  0.055925   ])
1676    , -91.3116    , array([ 0.0537698  ,  3.01134    ,  0.0632379  ,  0.0600147  ])
1680    , -2946.17    , array([ 1.05377    ,  3.01134    ,  0.0632379  ,  0.0600147  ])
1684    , -1874.01    , array([ 0.435736   ,  3.01134    ,  0.0632379  ,  0.0600147  ])
1688    , -480.164    , array([ 0.126713   ,  3.01134    ,  0.0632379  ,  0.0600147  ])
1692    , -93.3035    , array([ 0.0565634  ,  3.01134    ,  0.0632379  ,  0.0600147  ])
1696    , -91.2507    , array([ 0.0532103  ,  3.01134    ,  0.0632379  ,  0.0600147  ])
1700    , -144.165    , array([ 0.0532046  ,  1.39331    ,  0.0632379  ,  0.0600147  ])
1704    , -91.2896    , array([ 0.0532046  ,  3.07881    ,  0.0632379  ,  0.0600147  ])
1708    , -91.2828    , array([ 0.0532046  ,  3.07033    ,  0.0632379  ,  0.0600147  ])
1712    , -91.2257    , array([ 0.0532046  ,  3.06709    ,  0.0632379  ,  0.0600147  ])
1716    , -91.2256    , array([ 0.0532046  ,  3.06765    ,  0.0632379  ,  0.0600147  ])
1720    , -91.2477    , array([ 0.055483   ,  2.91046    ,  0.0674256  ,  0.0601819  ])
1724    , -91.2211    , array([ 0.0538775  ,  3.02123    ,  0.0644747  ,  0.0600641  ])
1728    , -92.1449    , array([ 0.0725016  ,  3.27888    ,  0.108544   ,  0.0529613  ])
1732    , -91.1799    , array([ 0.0499579  ,  2.967      ,  0.0551998  ,  0.0615589  ])
1736    , -91.1752    , array([ 0.0489426  ,  2.95295    ,  0.0527972  ,  0.0619462  ])
1744    , -1222.09    , array([ 0.23996    ,  2.95363    ,  0.0529128  ,  0.0619275  ])
1748    , -1466.14    , array([ 0.0145496  ,  2.95363    ,  0.0529128  ,  0.0619275  ])
1752    , -91.2223    , array([ 0.0492138  ,  2.95363    ,  0.0529128  ,  0.0619275  ])
1756    , -91.1464    , array([ 0.048632   ,  2.95363    ,  0.0529128  ,  0.0619275  ])
1760    , -91.1464    , array([ 0.0486355  ,  2.95363    ,  0.0529128  ,  0.0619275  ])
1764    , -91.1423    , array([ 0.0486355  ,  2.97401    ,  0.0529128  ,  0.0619275  ])
1768    , -91.1423    , array([ 0.0486355  ,  2.97674    ,  0.0529128  ,  0.0619275  ])
1772    , -91.1522    , array([ 0.0509139  ,  2.81954    ,  0.0571005  ,  0.0620948  ])
1776    , -91.1419    , array([ 0.048827   ,  2.96352    ,  0.0532648  ,  0.0619416  ])
1780    , -91.142     , array([ 0.0489166  ,  2.95735    ,  0.0534294  ,  0.0619482  ])
1784    , -91.1419    , array([ 0.0488328  ,  2.96312    ,  0.0532755  ,  0.061942   ])
1788    , -91.1419    , array([ 0.0488309  ,  2.96326    ,  0.0532719  ,  0.0619419  ])
1792    , -91.1188    , array([ 0.0468851  ,  2.93634    ,  0.0486677  ,  0.0626839  ])
1796    , -91.0869    , array([ 0.044559   ,  2.91601    ,  0.0439026  ,  0.0635241  ])
1800    , -91.0869    , array([ 0.044559   ,  2.91601    ,  0.0439026  ,  0.0635241  ])
1804    , -91.0823    , array([ 0.0433965  ,  2.90614    ,  0.0415393  ,  0.0639429  ])
1808    , -91.9471    , array([ 0.0620206  ,  3.1638     ,  0.085609   ,  0.0568401  ])
1812    , -91.0856    , array([ 0.0442708  ,  2.91824    ,  0.0436082  ,  0.0636095  ])
1816    , -91.0822    , array([ 0.0434956  ,  2.90751    ,  0.0417738  ,  0.0639051  ])
1820    , -91.0821    , array([ 0.0435568  ,  2.90836    ,  0.0419187  ,  0.0638818  ])
1824    , -96.8789    , array([ 0.0435568  ,  2.29033    ,  0.0419187  ,  0.0638818  ])
1828    , -91.0528    , array([ 0.0435568  ,  2.96952    ,  0.0419187  ,  0.0638818  ])
1832    , -91.2309    , array([ 0.0398703  ,  3.22314    ,  0.0351428  ,  0.0636112  ])
1836    , -91.0855    , array([ 0.0421487  ,  3.06595    ,  0.0393305  ,  0.0637784  ])
1840    , -91.0511    , array([ 0.0439606  ,  2.94094    ,  0.0426609  ,  0.0639114  ])
1844    , -91.0511    , array([ 0.0439566  ,  2.94121    ,  0.0426536  ,  0.0639111  ])
1848    , -91.0447    , array([ 0.0426026  ,  2.92972    ,  0.0399011  ,  0.0643989  ])
1852    , -91.0447    , array([ 0.0426026  ,  2.92972    ,  0.0399011  ,  0.0643989  ])
1856    , -91.4394    , array([ 0.0497164  ,  3.02813    ,  0.0567342  ,  0.0616858  ])
1860    , -91.029     , array([ 0.0411532  ,  2.90967    ,  0.0364714  ,  0.0649516  ])
1864    , -95.9606    , array([ 0.0411697  ,  3.9099     ,  0.0365105  ,  0.0649453  ])
1868    , -91.7818    , array([ 0.0411697  ,  3.29186    ,  0.0365105  ,  0.0649453  ])
1872    , -91.0104    , array([ 0.0411697  ,  2.95729    ,  0.0365105  ,  0.0649453  ])
1876    , -91.0104    , array([ 0.0411697  ,  2.95776    ,  0.0365105  ,  0.0649453  ])
1880    , -91.0088    , array([ 0.0415483  ,  2.93165    ,  0.0372063  ,  0.0649731  ])
1884    , -91.1327    , array([ 0.047019   ,  2.97779    ,  0.0483266  ,  0.0630041  ])
1888    , -91.0053    , array([ 0.0405748  ,  2.92309    ,  0.0352267  ,  0.0653254  ])
1892    , -90.971     , array([ 0.0386229  ,  2.91711    ,  0.0307066  ,  0.0662246  ])
1896    , -90.9615    , array([ 0.0274074  ,  2.88157    ,  0.00479466 ,  0.0713699  ])
1900    , -90.8795    , array([ 0.029295   ,  2.88755    ,  0.00915564 ,  0.070504   ])
1904    , -90.8385    , array([ 0.0309847  ,  2.8929     ,  0.0130595  ,  0.0697288  ])
1908    , -93.0763    , array([ 0.0497083  ,  3.15087    ,  0.0573592  ,  0.0625803  ])
1912    , -90.8953    , array([ 0.0329116  ,  2.9185     ,  0.0176135  ,  0.0689862  ])
1916    , -90.853     , array([ 0.0308236  ,  2.88961    ,  0.0126726  ,  0.0697825  ])
1920    , -90.9107    , array([ 0.0311887  ,  2.89466    ,  0.0135365  ,  0.0696433  ])
1924    , -90.8329    , array([ 0.0311546  ,  2.89419    ,  0.0134559  ,  0.0696563  ])
1928    , -90.8325    , array([ 0.0311626  ,  2.8943     ,  0.013475   ,  0.0696532  ])
1932    , -90.8325    , array([ 0.0311626  ,  2.8943     ,  0.013475   ,  0.0696532  ])
1936    , -90.8642    , array([ 0.0306697  ,  2.89012    ,  0.0124729  ,  0.0698308  ])
1940    , -90.8345    , array([ 0.031128   ,  2.89401    ,  0.0134045  ,  0.0696657  ])
1944    , -90.8327    , array([ 0.0311576  ,  2.89426    ,  0.0134647  ,  0.069655   ])
1948    , -90.8325    , array([ 0.0311619  ,  2.8943     ,  0.0134735  ,  0.0696535  ])
1952    , -90.9116    , array([ 0.0311634  ,  2.89431    ,  0.0134765  ,  0.0696529  ])
1956    , -90.9116    , array([ 0.0311633  ,  2.89431    ,  0.0134764  ,  0.069653   ])
1960    , -91.2673    , array([ 0.0274768  ,  3.14865    ,  0.00670051 ,  0.0693824  ])
1964    , -90.9353    , array([ 0.0297552  ,  2.99146    ,  0.0108882  ,  0.0695496  ])
1968    , -90.9081    , array([ 0.0313262  ,  2.88307    ,  0.0137757  ,  0.0696649  ])
1972    , -90.8332    , array([ 0.0311476  ,  2.8954     ,  0.0134474  ,  0.0696518  ])
1976    , -90.8325    , array([ 0.031161   ,  2.89447    ,  0.0134721  ,  0.0696528  ])
1980    , -90.8324    , array([ 0.031163   ,  2.89433    ,  0.0134757  ,  0.0696529  ])
1984    , -90.8324    , array([ 0.0311633  ,  2.89431    ,  0.0134763  ,  0.069653   ])
1988    , -90.8324    , array([ 0.0311633  ,  2.89431    ,  0.0134764  ,  0.069653   ])
1992    , -90.9116    , array([ 0.0311634  ,  2.89431    ,  0.0134764  ,  0.069653   ])
1996    , -90.8324    , array([ 0.0311634  ,  2.89431    ,  0.0134764  ,  0.069653   ])
2000    , -90.9472    , array([ 0.0370523  ,  2.91297    ,  0.027082   ,  0.0669513  ])
2004    , -90.8389    , array([ 0.0307719  ,  2.89307    ,  0.0125721  ,  0.0698325  ])
2008    , -90.9113    , array([ 0.0312275  ,  2.89451    ,  0.0136245  ,  0.0696235  ])
2012    , -90.9115    , array([ 0.0311727  ,  2.89434    ,  0.013498   ,  0.0696487  ])
2016    , -90.9116    , array([ 0.0311647  ,  2.89431    ,  0.0134796  ,  0.0696523  ])
2020    , -90.9116    , array([ 0.0311636  ,  2.89431    ,  0.0134769  ,  0.0696529  ])
2024    , -90.9116    , array([ 0.0311634  ,  2.89431    ,  0.0134765  ,  0.0696529  ])
2028    , -90.9116    , array([ 0.0311634  ,  2.89431    ,  0.0134764  ,  0.069653   ])
2032    , -90.9116    , array([ 0.0311634  ,  2.89431    ,  0.0134764  ,  0.069653   ])
2036    , -90.9116    , array([ 0.0311634  ,  2.89431    ,  0.0134764  ,  0.069653   ])
2040    , -90.8324    , array([ 0.0311634  ,  2.89431    ,  0.0134764  ,  0.069653   ])
2044    , -90.9116    , array([ 0.0311634  ,  2.89431    ,  0.0134764  ,  0.069653   ])
