272     , -11197.9    , array([ 0.815065   ,  2.56375    ,  1.1536     ,  0.140908   ,  1.20997    ,  1.01906    ,  0.888879   ,  0.112906   ,  0.0294162  ,  0.0864532  ,  0.228567   ,  0.601289   ,  1.47938    ,  0.582654   ,  1.63307    ,  1.23599    ,  0.00866728 ])
289     , -11197.8    , array([ 0.815065   ,  2.56483    ,  1.14891    ,  0.140908   ,  1.20997    ,  1.01906    ,  0.888879   ,  0.112906   ,  0.0294162  ,  0.0864532  ,  0.228567   ,  0.601289   ,  1.47938    ,  0.582654   ,  1.63307    ,  1.23599    ,  0.00866728 ])
306     , -11197.8    , array([ 0.815065   ,  2.56483    ,  1.14776    ,  0.141248   ,  1.20997    ,  1.01906    ,  0.888879   ,  0.112906   ,  0.0294162  ,  0.0864532  ,  0.228567   ,  0.601289   ,  1.47938    ,  0.582654   ,  1.63307    ,  1.23599    ,  0.00866728 ])
323     , -11197.8    , array([ 0.815065   ,  2.56483    ,  1.14776    ,  0.141349   ,  1.21059    ,  1.01906    ,  0.888879   ,  0.112906   ,  0.0294162  ,  0.0864532  ,  0.228567   ,  0.601289   ,  1.47938    ,  0.582654   ,  1.63307    ,  1.23599    ,  0.00866728 ])
340     , -11197.8    , array([ 0.815065   ,  2.56483    ,  1.14776    ,  0.141349   ,  1.21067    ,  1.0217     ,  0.888879   ,  0.112906   ,  0.0294162  ,  0.0864532  ,  0.228567   ,  0.601289   ,  1.47938    ,  0.582654   ,  1.63307    ,  1.23599    ,  0.00866728 ])
357     , -11197.8    , array([ 0.815065   ,  2.56483    ,  1.14776    ,  0.141349   ,  1.21067    ,  1.0217     ,  0.888828   ,  0.112906   ,  0.0294162  ,  0.0864532  ,  0.228567   ,  0.601289   ,  1.47938    ,  0.582654   ,  1.63307    ,  1.23599    ,  0.00866728 ])
374     , -11197.7    , array([ 0.815065   ,  2.56483    ,  1.14776    ,  0.141349   ,  1.21067    ,  1.0217     ,  0.888827   ,  0.112773   ,  0.0294162  ,  0.0864532  ,  0.228567   ,  0.601289   ,  1.47938    ,  0.582654   ,  1.63307    ,  1.23599    ,  0.00866728 ])
391     , -11197.7    , array([ 0.815065   ,  2.56483    ,  1.14776    ,  0.141349   ,  1.21067    ,  1.0217     ,  0.888827   ,  0.112772   ,  0.0294885  ,  0.0864532  ,  0.228567   ,  0.601289   ,  1.47938    ,  0.582654   ,  1.63307    ,  1.23599    ,  0.00866728 ])
408     , -11197.6    , array([ 0.815065   ,  2.56483    ,  1.14776    ,  0.141349   ,  1.21067    ,  1.0217     ,  0.888827   ,  0.112772   ,  0.0294874  ,  0.0710705  ,  0.228567   ,  0.601289   ,  1.47938    ,  0.582654   ,  1.63307    ,  1.23599    ,  0.00866728 ])
425     , -11197.6    , array([ 0.815065   ,  2.56483    ,  1.14776    ,  0.141349   ,  1.21067    ,  1.0217     ,  0.888827   ,  0.112772   ,  0.0294874  ,  0.0710705  ,  0.225732   ,  0.611112   ,  1.47938    ,  0.582654   ,  1.63307    ,  1.23599    ,  0.00866728 ])
442     , -11197.6    , array([ 0.815065   ,  2.56483    ,  1.14776    ,  0.141349   ,  1.21067    ,  1.0217     ,  0.888827   ,  0.112772   ,  0.0294874  ,  0.0710705  ,  0.225732   ,  0.610935   ,  1.48338    ,  0.582654   ,  1.63307    ,  1.23599    ,  0.00866728 ])
459     , -11197.6    , array([ 0.815065   ,  2.56483    ,  1.14776    ,  0.141349   ,  1.21067    ,  1.0217     ,  0.888827   ,  0.112772   ,  0.0294874  ,  0.0710705  ,  0.225732   ,  0.610935   ,  1.48338    ,  0.582635   ,  1.63307    ,  1.23599    ,  0.00866728 ])
476     , -11294.1    , array([ 0.815065   ,  2.56483    ,  1.14776    ,  0.141349   ,  1.21067    ,  1.0217     ,  0.888827   ,  0.112772   ,  0.0294874  ,  0.0710705  ,  0.225732   ,  0.610935   ,  1.48338    ,  0.582635   ,  1.67022    ,  0.617953   ,  0.00866728 ])
