425     , -1313.34    , array([ 1.0168     ,  0.104717   ,  4.93043    ,  2.53035    ,  0.0534371  ])
430     , -3200.87    , array([ 0.398764   ,  0.104717   ,  4.93043    ,  2.53035    ,  0.0534371  ])
435     , -1313.2     , array([ 1.00685    ,  0.104717   ,  4.93043    ,  2.53035    ,  0.0534371  ])
440     , -1313.2     , array([ 1.0056     ,  0.104717   ,  4.93043    ,  2.53035    ,  0.0534371  ])
445     , -23751.5    , array([ 1.0056     ,  0.486683   ,  4.93043    ,  2.53035    ,  0.0534371  ])
450     , -3601.92    , array([ 1.0056     ,  0.0702754  ,  4.93043    ,  2.53035    ,  0.0534371  ])
455     , -1313.13    , array([ 1.0056     ,  0.104484   ,  4.93043    ,  2.53035    ,  0.0534371  ])
460     , -1313.13    , array([ 1.0056     ,  0.104482   ,  4.93043    ,  2.53035    ,  0.0534371  ])
465     , -1312.98    , array([ 1.0056     ,  0.104482   ,  4.99574    ,  2.53035    ,  0.0534371  ])
470     , -1312.98    , array([ 1.0056     ,  0.104482   ,  4.99574    ,  2.53035    ,  0.0534371  ])
475     , -1312.91    , array([ 1.0056     ,  0.104482   ,  4.99574    ,  2.50078    ,  0.0534371  ])
490     , -1856.42    , array([ 1.0056     ,  0.104482   ,  4.99574    ,  2.50078    ,  0.0402815  ])
495     , -1312.72    , array([ 1.0056     ,  0.104482   ,  4.99574    ,  2.50078    ,  0.0531531  ])
500     , -1312.56    , array([ 0.976266   ,  0.103865   ,  5.16671    ,  2.42336    ,  0.0524093  ])
505     , -1312.37    , array([ 0.988548   ,  0.104124   ,  5.09511    ,  2.45578    ,  0.0527208  ])
510     , -1312.37    , array([ 0.988717   ,  0.104127   ,  5.09413    ,  2.45623    ,  0.0527251  ])
515     , -1312.44    , array([ 1.0005     ,  0.104127   ,  5.09413    ,  2.45623    ,  0.0527251  ])
520     , -1312.35    , array([ 0.992085   ,  0.104127   ,  5.09413    ,  2.45623    ,  0.0527251  ])
525     , -23911.1    , array([ 0.992085   ,  0.486093   ,  5.09413    ,  2.45623    ,  0.0527251  ])
530     , -3624.37    , array([ 0.992085   ,  0.0696853  ,  5.09413    ,  2.45623    ,  0.0527251  ])
535     , -1312.13    , array([ 0.992085   ,  0.103716   ,  5.09413    ,  2.45623    ,  0.0527251  ])
540     , -1312.13    , array([ 0.992085   ,  0.103712   ,  5.09413    ,  2.45623    ,  0.0527251  ])
545     , -1312.11    , array([ 0.992085   ,  0.103712   ,  5.07024    ,  2.45623    ,  0.0527251  ])
550     , -1312.11    , array([ 0.992085   ,  0.103712   ,  5.07024    ,  2.45623    ,  0.0527251  ])
555     , -1312.11    , array([ 0.992085   ,  0.103712   ,  5.07024    ,  2.46281    ,  0.0527251  ])
560     , -1312.11    , array([ 0.992085   ,  0.103712   ,  5.07024    ,  2.46281    ,  0.0527251  ])
565     , -1312.07    , array([ 0.986104   ,  0.103586   ,  5.10511    ,  2.44702    ,  0.0525734  ])
570     , -1312.07    , array([ 0.986163   ,  0.103587   ,  5.10476    ,  2.44718    ,  0.0525749  ])
575     , -1312.11    , array([ 0.999483   ,  0.103587   ,  5.10476    ,  2.44718    ,  0.0525749  ])
580     , -1312.03    , array([ 0.991233   ,  0.103587   ,  5.10476    ,  2.44718    ,  0.0525749  ])
585     , -23925.2    , array([ 0.991233   ,  0.485553   ,  5.10476    ,  2.44718    ,  0.0525749  ])
590     , -3700.63    , array([ 0.991233   ,  0.0691453  ,  5.10476    ,  2.44718    ,  0.0525749  ])
595     , -1312.03    , array([ 0.991233   ,  0.103557   ,  5.10476    ,  2.44718    ,  0.0525749  ])
600     , -1406.08    , array([ 0.991233   ,  0.103557   ,  3.48673    ,  2.44718    ,  0.0525749  ])
605     , -1312       , array([ 0.991233   ,  0.103557   ,  5.07413    ,  2.44718    ,  0.0525749  ])
610     , -1558.73    , array([ 0.991233   ,  0.103557   ,  5.07451    ,  0.829142   ,  0.0525749  ])
615     , -1311.99    , array([ 0.991233   ,  0.103557   ,  5.07451    ,  2.45693    ,  0.0525749  ])
620     , -1313.2     , array([ 1.01854    ,  0.104131   ,  4.91531    ,  2.52901    ,  0.0532674  ])
625     , -1311.97    , array([ 0.986908   ,  0.103466   ,  5.09972    ,  2.44551    ,  0.0524652  ])
