192     , -1626.62    , array([ 0.67758    ,  0.958779   ,  0.0843508  ,  0.0686143  ,  5.73439    ,  2.84236    ])
198     , -1314.64    , array([ 0.796034   ,  0.958779   ,  0.0843508  ,  0.0686143  ,  5.73439    ,  2.84236    ])
204     , -4415.4     , array([ 0.796034   ,  0.340745   ,  0.0843508  ,  0.0686143  ,  5.73439    ,  2.84236    ])
210     , -1314.64    , array([ 0.796034   ,  0.959024   ,  0.0843508  ,  0.0686143  ,  5.73439    ,  2.84236    ])
216     , -1314.64    , array([ 0.796034   ,  0.959024   ,  0.0843508  ,  0.0686143  ,  5.73439    ,  2.84236    ])
222     , -7809.28    , array([ 0.796034   ,  0.959024   ,  0.275239   ,  0.0686143  ,  5.73439    ,  2.84236    ])
228     , -1329.49    , array([ 0.796034   ,  0.959024   ,  0.0886965  ,  0.0686143  ,  5.73439    ,  2.84236    ])
234     , -1314.63    , array([ 0.796034   ,  0.959024   ,  0.0844544  ,  0.0686143  ,  5.73439    ,  2.84236    ])
240     , -6845.53    , array([ 0.796034   ,  0.959024   ,  0.0844544  ,  0.25953    ,  5.73439    ,  2.84236    ])
246     , -1592.93    , array([ 0.796034   ,  0.959024   ,  0.0844544  ,  0.0554587  ,  5.73439    ,  2.84236    ])
252     , -1314.63    , array([ 0.796034   ,  0.959024   ,  0.0844544  ,  0.0686216  ,  5.73439    ,  2.84236    ])
258     , -1417.22    , array([ 0.796034   ,  0.959024   ,  0.0844544  ,  0.0686229  ,  4.11635    ,  2.84236    ])
264     , -1314.61    , array([ 0.796034   ,  0.959024   ,  0.0844544  ,  0.0686229  ,  5.7098     ,  2.84236    ])
270     , -1345.12    , array([ 0.796034   ,  0.959024   ,  0.0844544  ,  0.0686229  ,  5.7098     ,  2.22432    ])
276     , -1314.61    , array([ 0.796034   ,  0.959024   ,  0.0844544  ,  0.0686229  ,  5.7098     ,  2.83926    ])
