72      , -397.943    , array([ 6.80656    ,  0.255615   ,  5          ,  0.802401   ])
76      , -393.451    , array([ 8.45632    ,  0.255615   ,  5          ,  0.802401   ])
80      , -393.45     , array([ 8.43202    ,  0.255615   ,  5          ,  0.802401   ])
84      , -393.45     , array([ 8.43195    ,  0.255615   ,  5          ,  0.802401   ])
88      , -2336.8     , array([ 8.43195    ,  0.0195466  ,  5          ,  0.802401   ])
92      , -398.759    , array([ 8.43195    ,  0.266251   ,  5          ,  0.802401   ])
96      , -393.45     , array([ 8.43195    ,  0.255532   ,  5          ,  0.802401   ])
100     , -435.02     , array([ 8.43195    ,  0.255531   ,  3.38197    ,  0.802401   ])
104     , -394.648    , array([ 8.43195    ,  0.255531   ,  4.69098    ,  0.802401   ])
148     , -393.45     , array([ 8.43195    ,  0.255531   ,  5          ,  0.802401   ])
152     , -393.45     , array([ 8.43195    ,  0.255531   ,  5          ,  0.802401   ])
156     , -393.659    , array([ 8.43195    ,  0.255531   ,  5          ,  0.806547   ])
160     , -393.45     , array([ 8.43195    ,  0.255531   ,  5          ,  0.802308   ])
