2484    , -91.4785    , array([ 0.0436421  ,  2.51563    ,  0.106886   ,  0.0668694  ])
2488    , -91.4785    , array([ 0.0436421  ,  2.51563    ,  0.106886   ,  0.0668694  ])
2496    , -170.943    , array([ 0.0715042  ,  2.51563    ,  0.106886   ,  0.0668694  ])
2500    , -91.5192    , array([ 0.0441751  ,  2.51563    ,  0.106886   ,  0.0668694  ])
2504    , -91.4782    , array([ 0.0436825  ,  2.51563    ,  0.106886   ,  0.0668694  ])
2508    , -216.042    , array([ 0.0436839  ,  0.897593   ,  0.106886   ,  0.0668694  ])
2512    , -91.7055    , array([ 0.0436839  ,  2.59266    ,  0.106886   ,  0.0668694  ])
2516    , -91.4913    , array([ 0.0436839  ,  2.50922    ,  0.106886   ,  0.0668694  ])
2520    , -91.4729    , array([ 0.0436839  ,  2.51839    ,  0.106886   ,  0.0668694  ])
2524    , -91.4721    , array([ 0.0436839  ,  2.51879    ,  0.106886   ,  0.0668694  ])
2528    , -91.4718    , array([ 0.0436839  ,  2.51898    ,  0.106886   ,  0.0668694  ])
2536    , -91.4976    , array([ 0.0436839  ,  2.51898    ,  0.107903   ,  0.0668694  ])
2540    , -91.4676    , array([ 0.0436839  ,  2.51898    ,  0.106271   ,  0.0668694  ])
2544    , -91.4675    , array([ 0.0436839  ,  2.51898    ,  0.106277   ,  0.0668694  ])
2552    , -95.6344    , array([ 0.0436839  ,  2.51898    ,  0.106277   ,  0.0707156  ])
2556    , -91.4666    , array([ 0.0436839  ,  2.51898    ,  0.106277   ,  0.0669262  ])
2560    , -91.6793    , array([ 0.0437257  ,  2.52234    ,  0.105669   ,  0.0669829  ])
2564    , -91.4666    , array([ 0.0436839  ,  2.51898    ,  0.106277   ,  0.0669262  ])
2572    , -172.116    , array([ 0.0715461  ,  2.51898    ,  0.106277   ,  0.0669262  ])
2576    , -91.5129    , array([ 0.044105   ,  2.51898    ,  0.106277   ,  0.0669262  ])
2580    , -91.6688    , array([ 0.0436303  ,  2.51898    ,  0.106277   ,  0.0669262  ])
2584    , -91.6714    , array([ 0.0436761  ,  2.51898    ,  0.106277   ,  0.0669262  ])
2588    , -91.6719    , array([ 0.0436828  ,  2.51898    ,  0.106277   ,  0.0669262  ])
2592    , -91.6719    , array([ 0.043683   ,  2.51898    ,  0.106277   ,  0.0669262  ])
2596    , -91.4666    , array([ 0.0436831  ,  2.51898    ,  0.106277   ,  0.0669262  ])
2600    , -99.399     , array([ 0.0436831  ,  3.51898    ,  0.106277   ,  0.0669262  ])
2604    , -93.0551    , array([ 0.0436831  ,  2.90095    ,  0.106277   ,  0.0669262  ])
2608    , -91.6692    , array([ 0.0436831  ,  2.52698    ,  0.106277   ,  0.0669262  ])
2612    , -91.4692    , array([ 0.0436831  ,  2.51757    ,  0.106277   ,  0.0669262  ])
2616    , -91.467     , array([ 0.0436831  ,  2.51878    ,  0.106277   ,  0.0669262  ])
2620    , -91.4666    , array([ 0.0436831  ,  2.51895    ,  0.106277   ,  0.0669262  ])
2624    , -91.4666    , array([ 0.0436831  ,  2.51898    ,  0.106277   ,  0.0669262  ])
2628    , -91.4666    , array([ 0.0436831  ,  2.51898    ,  0.106277   ,  0.0669262  ])
2632    , -91.4666    , array([ 0.0436831  ,  2.51898    ,  0.106277   ,  0.0669262  ])
2636    , -91.4666    , array([ 0.0436831  ,  2.51898    ,  0.106277   ,  0.0669262  ])
2640    , -91.4666    , array([ 0.0436831  ,  2.51898    ,  0.106277   ,  0.0669262  ])
2644    , -6933.74    , array([ 0.0436831  ,  2.51898    ,  1.10628    ,  0.0669262  ])
2648    , -1275.57    , array([ 0.0436831  ,  2.51898    ,  0.488243   ,  0.0669262  ])
2652    , -91.466     , array([ 0.0436831  ,  2.51898    ,  0.106078   ,  0.0669262  ])
2656    , -91.466     , array([ 0.0436831  ,  2.51898    ,  0.106053   ,  0.0669262  ])
2668    , -91.4781    , array([ 0.0436831  ,  2.51898    ,  0.106053   ,  0.0671658  ])
2672    , -91.4657    , array([ 0.0436831  ,  2.51898    ,  0.106053   ,  0.0669603  ])
