4       , -413.116    , array([ 54.1178    ,  0.263976   ,  5          ,  0.890966   ])
8       , -413.113    , array([ 52.4627    ,  0.263976   ,  5          ,  0.890966   ])
12      , -1702.93    , array([ 52.4627    ,  1.26398    ,  5          ,  0.890966   ])
16      , -1047.76    , array([ 52.4627    ,  0.645942   ,  5          ,  0.890966   ])
20      , -599.539    , array([ 52.4627    ,  0.336923   ,  5          ,  0.890966   ])
24      , -413.113    , array([ 52.4627    ,  0.263887   ,  5          ,  0.890966   ])
28      , -413.113    , array([ 52.4627    ,  0.263926   ,  5          ,  0.890966   ])
32      , -421.989    , array([ 52.4627    ,  0.263926   ,  4.38197    ,  0.890966   ])
80      , -2242.37    , array([ 52.4627    ,  0.263926   ,  5          ,  1.89097    ])
84      , -1284.54    , array([ 52.4627    ,  0.263926   ,  5          ,  1.27293    ])
88      , -413.113    , array([ 52.4627    ,  0.263926   ,  5          ,  0.890889   ])
