75      , -1557.13    , array([ 1.49736    ,  0.0652281  ,  1.16438e-06,  3.59979    ,  0.0270416  ])
80      , -1572.27    , array([ 1.87933    ,  0.0652281  ,  1.16438e-06,  3.59979    ,  0.0270416  ])
85      , -1557.02    , array([ 1.46899    ,  0.0652281  ,  1.16438e-06,  3.59979    ,  0.0270416  ])
100     , -2261.81    , array([ 1.46899    ,  0.0520725  ,  1.16438e-06,  3.59979    ,  0.0270416  ])
105     , -1556.9     , array([ 1.46899    ,  0.0650362  ,  1.16438e-06,  3.59979    ,  0.0270416  ])
110     , -1483.84    , array([ 1.46899    ,  0.0650342  ,  2.13361    ,  3.59979    ,  0.0270416  ])
115     , -1483.84    , array([ 1.46899    ,  0.0650342  ,  2.18198    ,  3.59979    ,  0.0270416  ])
120     , -1472.41    , array([ 1.46899    ,  0.0650342  ,  2.16038    ,  2.98176    ,  0.0270416  ])
125     , -1472.31    , array([ 1.46899    ,  0.0650342  ,  2.16038    ,  2.91665    ,  0.0270416  ])
130     , -20205.1    , array([ 1.46899    ,  0.0650342  ,  2.16038    ,  2.91665    ,  0.409008   ])
140     , -1477.43    , array([ 1.46899    ,  0.0650342  ,  2.16038    ,  2.91665    ,  0.0285049  ])
145     , -1488.92    , array([ 1.44062    ,  0.0648404  ,  4.32075    ,  2.23351    ,  0.0282164  ])
150     , -1508.92    , array([ 1.48652    ,  0.065154   ,  0.825191   ,  3.33886    ,  0.027266   ])
155     , -1462.94    , array([ 1.46058    ,  0.0649768  ,  2.8004     ,  2.71427    ,  0.027803   ])
160     , -1510.28    , array([ 1.84255    ,  0.0649768  ,  2.8004     ,  2.71427    ,  0.027803   ])
165     , -1440.91    , array([ 1.14748    ,  0.0649768  ,  2.8004     ,  2.71427    ,  0.027803   ])
170     , -49200.1    , array([ 1.14115    ,  1.06498    ,  2.8004     ,  2.71427    ,  0.027803   ])
175     , -20972.6    , array([ 1.14115    ,  0.2557     ,  2.8004     ,  2.71427    ,  0.027803   ])
180     , -2516.37    , array([ 1.14115    ,  0.0874672  ,  2.8004     ,  2.71427    ,  0.027803   ])
185     , -1436.83    , array([ 1.14115    ,  0.0660789  ,  2.8004     ,  2.71427    ,  0.027803   ])
200     , -5909.47    , array([ 1.14115    ,  0.0660789  ,  2.8004     ,  2.71427    ,  0.0146474  ])
205     , -1434.78    , array([ 1.14115    ,  0.0660789  ,  2.8004     ,  2.71427    ,  0.0282122  ])
210     , -1556.25    , array([ 1.14115    ,  0.0660789  ,  2.8004     ,  1.09623    ,  0.0282061  ])
215     , -1430.17    , array([ 1.14115    ,  0.0660789  ,  2.8004     ,  3.12128    ,  0.0282061  ])
220     , -1425.73    , array([ 1.11914    ,  0.0659285  ,  4.476      ,  2.59144    ,  0.0286616  ])
225     , -1420.18    , array([ 1.12871    ,  0.0659939  ,  3.74744    ,  2.82182    ,  0.0284636  ])
235     , -1434.72    , array([ 0.892519   ,  0.065993   ,  3.757      ,  2.81879    ,  0.0284662  ])
240     , -1418.12    , array([ 1.05647    ,  0.065993   ,  3.757      ,  2.81879    ,  0.0284662  ])
250     , -8309.39    , array([ 1.05719    ,  0.138843   ,  3.757      ,  2.81879    ,  0.0284662  ])
255     , -1418.21    , array([ 1.05719    ,  0.0664368  ,  3.757      ,  2.81879    ,  0.0284662  ])
260     , -20572.6    , array([ 1.05719    ,  0.0661836  ,  3.757      ,  2.81879    ,  1.02847    ])
265     , -17004.7    , array([ 1.05719    ,  0.0661836  ,  3.757      ,  2.81879    ,  0.219307   ])
270     , -4895.33    , array([ 1.05719    ,  0.0661836  ,  3.757      ,  2.81879    ,  0.0563094  ])
275     , -1415.13    , array([ 1.05719    ,  0.0661836  ,  3.757      ,  2.81879    ,  0.0290094  ])
280     , -1419.98    , array([ 1.05719    ,  0.0661836  ,  3.757      ,  3.81879    ,  0.0289703  ])
285     , -1410.43    , array([ 1.05719    ,  0.0661836  ,  3.757      ,  3.21085    ,  0.0289703  ])
290     , -1410.24    , array([ 1.04878    ,  0.0661262  ,  4.39702    ,  3.02107    ,  0.0291444  ])
295     , -1409.23    , array([ 1.05283    ,  0.0661539  ,  4.08851    ,  3.11863    ,  0.0290605  ])
300     , -1403.76    , array([ 0.977076   ,  0.0663148  ,  4.42002    ,  3.41846    ,  0.0296548  ])
305     , -1403.49    , array([ 0.958334   ,  0.0663545  ,  4.50203    ,  3.49264    ,  0.0298018  ])
315     , -1402.41    , array([ 0.98403    ,  0.0663566  ,  4.50617    ,  3.49638    ,  0.0298093  ])
320     , -1402.19    , array([ 1.00364    ,  0.0663566  ,  4.50617    ,  3.49638    ,  0.0298093  ])
325     , -33195.9    , array([ 1.00364    ,  0.448323   ,  4.50617    ,  3.49638    ,  0.0298093  ])
330     , -9417.56    , array([ 1.00364    ,  0.0319147  ,  4.50617    ,  3.49638    ,  0.0298093  ])
335     , -1401.89    , array([ 1.00364    ,  0.0660419  ,  4.50617    ,  3.49638    ,  0.0298093  ])
340     , -16581.7    , array([ 1.00364    ,  0.0660536  ,  4.50617    ,  3.49638    ,  1.02981    ])
345     , -13275.3    , array([ 1.00364    ,  0.0660536  ,  4.50617    ,  3.49638    ,  0.220682   ])
350     , -4164.9     , array([ 1.00364    ,  0.0660536  ,  4.50617    ,  3.49638    ,  0.0576571  ])
355     , -1398.87    , array([ 1.00364    ,  0.0660536  ,  4.50617    ,  3.49638    ,  0.0304195  ])
360     , -1406.97    , array([ 0.99523    ,  0.0659962  ,  5.14619    ,  3.294      ,  0.0305587  ])
365     , -1398.16    , array([ 1.00691    ,  0.066076   ,  4.25726    ,  3.57509    ,  0.030317   ])
370     , -1419.79    , array([ 1.16133    ,  0.065748   ,  3.58147    ,  2.96387    ,  0.0291055  ])
375     , -1396.49    , array([ 0.957932   ,  0.0661799  ,  4.47157    ,  3.76892    ,  0.0307012  ])
380     , -1546.3     , array([ 1.95793    ,  0.0661799  ,  4.47157    ,  3.76892    ,  0.0307012  ])
385     , -1401.29    , array([ 1.13179    ,  0.0661799  ,  4.47157    ,  3.76892    ,  0.0307012  ])
390     , -1394.66    , array([ 1.01137    ,  0.0661799  ,  4.47157    ,  3.76892    ,  0.0307012  ])
400     , -8055.79    , array([ 1.01191    ,  0.139032   ,  4.47157    ,  3.76892    ,  0.0307012  ])
405     , -1393.95    , array([ 1.01191    ,  0.0663937  ,  4.47157    ,  3.76892    ,  0.0307012  ])
410     , -1393.41    , array([ 1.01191    ,  0.0668053  ,  4.47157    ,  3.76892    ,  0.0307012  ])
415     , -13553.2    , array([ 1.01191    ,  0.0668053  ,  4.47157    ,  3.76892    ,  0.412667   ])
425     , -1395.99    , array([ 1.01191    ,  0.0668053  ,  4.47157    ,  3.76892    ,  0.0320911  ])
430     , -1390.72    , array([ 1.01191    ,  0.0668053  ,  4.47157    ,  3.76892    ,  0.0312713  ])
435     , -1392.26    , array([ 1.0087     ,  0.0667834  ,  4.71603    ,  3.69162    ,  0.0313378  ])
440     , -1391.83    , array([ 0.918425   ,  0.0670214  ,  4.74008    ,  4.19384    ,  0.0319795  ])
445     , -1389.34    , array([ 0.970369   ,  0.0669111  ,  4.51277    ,  3.98825    ,  0.031572   ])
450     , -1389.33    , array([ 0.973843   ,  0.0669037  ,  4.49757    ,  3.9745     ,  0.0315448  ])
455     , -1375.65    , array([ 1.04374    ,  0.0700831  ,  4.61178    ,  4.87761    ,  0.0352506  ])
460     , -1375.5     , array([ 1.03834    ,  0.0698376  ,  4.60296    ,  4.80787    ,  0.0349644  ])
465     , -2390.15    , array([ 0.419672   ,  0.0698086  ,  4.60192    ,  4.79962    ,  0.0349305  ])
470     , -1375.16    , array([ 1.0172     ,  0.0698086  ,  4.60192    ,  4.79962    ,  0.0349305  ])
475     , -47266.3    , array([ 1.01431    ,  1.06981    ,  4.60192    ,  4.79962    ,  0.0349305  ])
480     , -19494.7    , array([ 1.01431    ,  0.260546   ,  4.60192    ,  4.79962    ,  0.0349305  ])
485     , -2216.48    , array([ 1.01431    ,  0.0899141  ,  4.60192    ,  4.79962    ,  0.0349305  ])
490     , -1375.14    , array([ 1.01431    ,  0.0698843  ,  4.60192    ,  4.79962    ,  0.0349305  ])
495     , -1382.74    , array([ 1.16874    ,  0.0695564  ,  3.92613    ,  4.1884     ,  0.033719   ])
500     , -1374.08    , array([ 1.05247    ,  0.0698033  ,  4.43491    ,  4.64858    ,  0.0346311  ])
505     , -1390.27    , array([ 1.06559    ,  0.0698972  ,  3.40144    ,  4.97794    ,  0.0343533  ])
510     , -1374.03    , array([ 1.05119    ,  0.0697989  ,  4.49759    ,  4.63132    ,  0.0346514  ])
515     , -1374.03    , array([ 1.05119    ,  0.0697989  ,  4.49759    ,  4.63132    ,  0.0346514  ])
520     , -1373.78    , array([ 1.05934    ,  0.0701694  ,  4.5109     ,  4.73657    ,  0.0350832  ])
525     , -1568       , array([ 2.05934    ,  0.0701694  ,  4.5109     ,  4.73657    ,  0.0350832  ])
530     , -1388.42    , array([ 1.20069    ,  0.0701694  ,  4.5109     ,  4.73657    ,  0.0350832  ])
535     , -1372.93    , array([ 1.02178    ,  0.0701694  ,  4.5109     ,  4.73657    ,  0.0350832  ])
550     , -2173.58    , array([ 1.02178    ,  0.0554286  ,  4.5109     ,  4.73657    ,  0.0350832  ])
555     , -1372.8     , array([ 1.02178    ,  0.0703846  ,  4.5109     ,  4.73657    ,  0.0350832  ])
560     , -1372.65    , array([ 1.08077    ,  0.0702615  ,  4.25278    ,  4.50311    ,  0.0346205  ])
565     , -1372.18    , array([ 1.04077    ,  0.0703464  ,  4.4278     ,  4.66141    ,  0.0349343  ])
570     , -1372.08    , array([ 1.05251    ,  0.0703215  ,  4.37644    ,  4.61495    ,  0.0348422  ])
575     , -1371.85    , array([ 1.05079    ,  0.0703098  ,  4.50744    ,  4.57353    ,  0.0348778  ])
580     , -1379.24    , array([ 1.0113     ,  0.0685143  ,  4.44427    ,  4.06316    ,  0.0327856  ])
585     , -1371.64    , array([ 1.05819    ,  0.0706474  ,  4.52089    ,  4.66904    ,  0.0352718  ])
590     , -1366.17    , array([ 1.05547    ,  0.071911   ,  4.54749    ,  4.49575    ,  0.0357798  ])
595     , -1330.7     , array([ 1.0288     ,  0.0838997  ,  4.79932    ,  2.83801    ,  0.0405745  ])
600     , -1330.07    , array([ 1.02581    ,  0.0852449  ,  4.82758    ,  2.65201    ,  0.0411125  ])
605     , -1350.83    , array([ 0.986014   ,  0.083597   ,  4.76618    ,  2.12167    ,  0.0390789  ])
610     , -1324.27    , array([ 1.05778    ,  0.0868614  ,  4.88345    ,  3.04894    ,  0.0428838  ])
620     , -5926       , array([ 1.05746    ,  0.159715   ,  4.88293    ,  3.0448     ,  0.0428669  ])
625     , -1323.91    , array([ 1.05746    ,  0.0873064  ,  4.88293    ,  3.0448     ,  0.0428669  ])
630     , -1332.94    , array([ 0.962019   ,  0.0874917  ,  5.30059    ,  3.42256    ,  0.0436156  ])
635     , -1323.74    , array([ 1.046      ,  0.0873134  ,  4.93306    ,  3.09015    ,  0.0429568  ])
640     , -1335.24    , array([ 1.03718    ,  0.0872568  ,  5.57492    ,  2.88942    ,  0.0431341  ])
645     , -1323.13    , array([ 1.04798    ,  0.0873306  ,  4.75256    ,  3.14946    ,  0.0429105  ])
650     , -1419.4     , array([ 1.10103    ,  0.0634784  ,  4.25153    ,  6.44764    ,  0.033371   ])
655     , -1317.77    , array([ 1.03911    ,  0.09132    ,  4.83636    ,  2.59783    ,  0.044506   ])
660     , -1317.76    , array([ 1.03868    ,  0.0915146  ,  4.84045    ,  2.57091    ,  0.0445838  ])
665     , -1317.79    , array([ 1.06307    ,  0.0926242  ,  4.88031    ,  2.88608    ,  0.0458771  ])
670     , -42220.5    , array([ 1.05089    ,  1.09207    ,  4.86042    ,  2.72878    ,  0.0452316  ])
675     , -15175.3    , array([ 1.05089    ,  0.282851   ,  4.86042    ,  2.72878    ,  0.0452316  ])
680     , -1656.03    , array([ 1.05089    ,  0.108048   ,  4.86042    ,  2.72878    ,  0.0452316  ])
685     , -1316.62    , array([ 1.05089    ,  0.0923046  ,  4.86042    ,  2.72878    ,  0.0452316  ])
690     , -1316.62    , array([ 1.05089    ,  0.0923022  ,  4.86042    ,  2.72878    ,  0.0452316  ])
695     , -1316.25    , array([ 1.03477    ,  0.0923365  ,  4.93097    ,  2.79259    ,  0.0453581  ])
700     , -1317.78    , array([ 1.04013    ,  0.0923716  ,  4.53472    ,  2.91704    ,  0.0452493  ])
705     , -1316.05    , array([ 1.03626    ,  0.0923452  ,  4.82927    ,  2.8239     ,  0.0453294  ])
710     , -1319.06    , array([ 1.02373    ,  0.097976   ,  4.94754    ,  2.04531    ,  0.0475813  ])
715     , -1314.05    , array([ 1.0311     ,  0.0946645  ,  4.87798    ,  2.50321    ,  0.0462569  ])
720     , -1312.08    , array([ 1.02342    ,  0.0978611  ,  4.9165     ,  2.42902    ,  0.0479488  ])
725     , -1311.69    , array([ 1.01794    ,  0.100139   ,  4.9438     ,  2.37808    ,  0.0491568  ])
730     , -1324.33    , array([ 0.978602   ,  0.0982902  ,  4.87867    ,  1.86933    ,  0.0470357  ])
735     , -1311.67    , array([ 1.01644    ,  0.100011   ,  4.9405     ,  2.35827    ,  0.0490419  ])
745     , -5160.8     , array([ 1.01646    ,  0.172889   ,  4.94052    ,  2.35848    ,  0.0490428  ])
750     , -1311.55    , array([ 1.01646    ,  0.099725   ,  4.94052    ,  2.35848    ,  0.0490428  ])
755     , -1359.38    , array([ 1.17089    ,  0.0993971  ,  4.26474    ,  1.74726    ,  0.0478312  ])
760     , -1311.34    , array([ 1.00586    ,  0.0997475  ,  4.98693    ,  2.40044    ,  0.049126   ])
765     , -1335.38    , array([ 1.01935    ,  0.0998407  ,  3.95181    ,  2.72833    ,  0.0488452  ])
770     , -1311.33    , array([ 1.00597    ,  0.0997493  ,  4.97061    ,  2.40617    ,  0.0491222  ])
775     , -1317.98    , array([ 1.02697    ,  0.0910157  ,  4.86595    ,  2.60143    ,  0.0444916  ])
780     , -1311.33    , array([ 1.00575    ,  0.0998394  ,  4.97168    ,  2.40416    ,  0.04917    ])
785     , -1352.46    , array([ 1.06962    ,  0.102744   ,  5.07603    ,  3.22928    ,  0.0525557  ])
790     , -1311.33    , array([ 1.00502    ,  0.0998059  ,  4.97048    ,  2.39464    ,  0.0491309  ])
795     , -1311.33    , array([ 1.0056     ,  0.0998322  ,  4.97143    ,  2.40213    ,  0.0491617  ])
800     , -24741.5    , array([ 1.0056     ,  0.481798   ,  4.97143    ,  2.40213    ,  0.0491617  ])
805     , -3911.9     , array([ 1.0056     ,  0.0653904  ,  4.97143    ,  2.40213    ,  0.0491617  ])
810     , -1311.21    , array([ 1.0056     ,  0.0995486  ,  4.97143    ,  2.40213    ,  0.0491617  ])
815     , -1311.21    , array([ 1.0056     ,  0.0995458  ,  4.97143    ,  2.40213    ,  0.0491617  ])
820     , -1311.16    , array([ 1.00027    ,  0.0995571  ,  4.99476    ,  2.42323    ,  0.0492035  ])
825     , -1311.16    , array([ 1.00027    ,  0.0995571  ,  4.99476    ,  2.42323    ,  0.0492035  ])
830     , -1311.16    , array([ 1.00036    ,  0.0995577  ,  4.98787    ,  2.42541    ,  0.0492016  ])
835     , -1311.16    , array([ 1.00036    ,  0.0995577  ,  4.98787    ,  2.42541    ,  0.0492016  ])
840     , -1311.15    , array([ 0.99965    ,  0.0998517  ,  4.99139    ,  2.41884    ,  0.0493575  ])
845     , -1311.19    , array([ 0.983665   ,  0.0998841  ,  5.04298    ,  2.45728    ,  0.0498485  ])
850     , -1311.08    , array([ 0.992488   ,  0.0998662  ,  5.01451    ,  2.43606    ,  0.0495775  ])
855     , -1311.08    , array([ 0.992559   ,  0.0998661  ,  5.01428    ,  2.43589    ,  0.0495753  ])
860     , -1311.04    , array([ 0.994565   ,  0.0999573  ,  5.01756    ,  2.46181    ,  0.0496817  ])
865     , -1311.04    , array([ 0.994565   ,  0.0999573  ,  5.01756    ,  2.46181    ,  0.0496817  ])
870     , -1311.03    , array([ 0.995279   ,  0.0996604  ,  5.014      ,  2.46845    ,  0.0495242  ])
875     , -1311.03    , array([ 0.995279   ,  0.0996604  ,  5.014      ,  2.46845    ,  0.0495242  ])
880     , -1311.01    , array([ 0.998491   ,  0.0996535  ,  4.99994    ,  2.45574    ,  0.049499   ])
885     , -1311.01    , array([ 0.998491   ,  0.0996535  ,  4.99994    ,  2.45574    ,  0.049499   ])
890     , -1311.01    , array([ 0.998525   ,  0.0996538  ,  4.99733    ,  2.45656    ,  0.0494983  ])
895     , -1311.01    , array([ 0.998525   ,  0.0996538  ,  4.99733    ,  2.45656    ,  0.0494983  ])
900     , -1311       , array([ 0.995707   ,  0.0996595  ,  5.00643    ,  2.46334    ,  0.0495849  ])
