4784    , -109.8      , array([ 0.146327   ,  1.51684    ,  0.106011   ,  0.0270936  ])
4788    , -109.8      , array([ 0.146327   ,  1.51684    ,  0.106011   ,  0.0270936  ])
4796    , -121.629    , array([ 0.16471    ,  1.51684    ,  0.106011   ,  0.0270936  ])
4800    , -109.797    , array([ 0.146586   ,  1.51684    ,  0.106011   ,  0.0270936  ])
4808    , -110.108    , array([ 0.146589   ,  1.63238    ,  0.106011   ,  0.0270936  ])
4812    , -109.797    , array([ 0.146589   ,  1.51668    ,  0.106011   ,  0.0270936  ])
4816    , -109.797    , array([ 0.146589   ,  1.51667    ,  0.106011   ,  0.0270936  ])
4820    , -7718.83    , array([ 0.146589   ,  1.51668    ,  1.10601    ,  0.0270936  ])
4824    , -5046.26    , array([ 0.146589   ,  1.51668    ,  0.487977   ,  0.0270936  ])
4828    , -109.797    , array([ 0.146589   ,  1.51668    ,  0.102559   ,  0.0270936  ])
4832    , -109.628    , array([ 0.146589   ,  1.51668    ,  0.104285   ,  0.0270936  ])
4848    , -109.535    , array([ 0.146589   ,  1.51668    ,  0.104285   ,  0.0274247  ])
4852    , -109.507    , array([ 0.146851   ,  1.51652    ,  0.10256    ,  0.0277667  ])
4856    , -109.507    , array([ 0.146851   ,  1.51652    ,  0.10256    ,  0.0277667  ])
4860    , -109.488    , array([ 0.146749   ,  1.51658    ,  0.10323    ,  0.027636   ])
4864    , -2818.14    , array([ 1.14675    ,  1.51658    ,  0.10323    ,  0.027636   ])
4868    , -1443.35    , array([ 0.528715   ,  1.51658    ,  0.10323    ,  0.027636   ])
4872    , -264.74     , array([ 0.219694   ,  1.51658    ,  0.10323    ,  0.027636   ])
4876    , -109.312    , array([ 0.145409   ,  1.51658    ,  0.10323    ,  0.027636   ])
4880    , -109.277    , array([ 0.144475   ,  1.51658    ,  0.10323    ,  0.027636   ])
4884    , -109.277    , array([ 0.144497   ,  1.51658    ,  0.10323    ,  0.027636   ])
4888    , -109.321    , array([ 0.144497   ,  1.4417     ,  0.10323    ,  0.027636   ])
4892    , -109.255    , array([ 0.144497   ,  1.48847    ,  0.10323    ,  0.027636   ])
4900    , -3752.41    , array([ 0.144497   ,  1.48818    ,  0.10323    ,  0.218575   ])
4908    , -109.527    , array([ 0.144497   ,  1.48818    ,  0.10323    ,  0.0282254  ])
4912    , -109.255    , array([ 0.144497   ,  1.48818    ,  0.10323    ,  0.027639   ])
4916    , -109.089    , array([ 0.144794   ,  1.488      ,  0.101278   ,  0.0280198  ])
4920    , -109.089    , array([ 0.144797   ,  1.488      ,  0.101258   ,  0.0280236  ])
4924    , -108.762    , array([ 0.142998   ,  1.45931    ,  0.0982699  ,  0.0286094  ])
4928    , -108.596    , array([ 0.141339   ,  1.43281    ,  0.0954913  ,  0.0291541  ])
4932    , -108.574    , array([ 0.140558   ,  1.42033    ,  0.0941825  ,  0.0294107  ])
4936    , -108.205    , array([ 0.140136   ,  1.41988    ,  0.0966082  ,  0.0289376  ])
4940    , -108.213    , array([ 0.140182   ,  1.41986    ,  0.0963067  ,  0.0289964  ])
4944    , -108.204    , array([ 0.140116   ,  1.4199     ,  0.0967399  ,  0.0289119  ])
4948    , -144.409    , array([ 0.140116   ,  0.801862   ,  0.0967399  ,  0.0289119  ])
4952    , -108.186    , array([ 0.140116   ,  1.44475    ,  0.0967399  ,  0.0289119  ])
4956    , -108.186    , array([ 0.140116   ,  1.44198    ,  0.0967399  ,  0.0289119  ])
4960    , -108.186    , array([ 0.140116   ,  1.4422     ,  0.0967399  ,  0.0289119  ])
4968    , -458.688    , array([ 0.140116   ,  1.4422     ,  0.0967399  ,  0.0567698  ])
4972    , -108.185    , array([ 0.140116   ,  1.4422     ,  0.0967399  ,  0.0288407  ])
4976    , -108.185    , array([ 0.140116   ,  1.4422     ,  0.0967399  ,  0.0288575  ])
4980    , -107.827    , array([ 0.135838   ,  1.37385    ,  0.0895732  ,  0.0302724  ])
4984    , -107.821    , array([ 0.137472   ,  1.39996    ,  0.0923106  ,  0.0297358  ])
4988    , -108.116    , array([ 0.128597   ,  1.2871     ,  0.080742   ,  0.0319619  ])
4992    , -107.532    , array([ 0.136386   ,  1.38774    ,  0.0930525  ,  0.0295924  ])
4996    , -107.534    , array([ 0.136405   ,  1.38773    ,  0.0929247  ,  0.0296173  ])
5000    , -107.531    , array([ 0.136374   ,  1.38775    ,  0.0931289  ,  0.0295775  ])
5004    , -148.837    , array([ 0.136374   ,  0.769715   ,  0.0931289  ,  0.0295775  ])
5008    , -107.513    , array([ 0.136374   ,  1.41172    ,  0.0931289  ,  0.0295775  ])
5012    , -107.513    , array([ 0.136374   ,  1.4095     ,  0.0931289  ,  0.0295775  ])
5016    , -107.513    , array([ 0.136374   ,  1.40929    ,  0.0931289  ,  0.0295775  ])
5024    , -447.643    , array([ 0.136374   ,  1.40929    ,  0.0931289  ,  0.0574355  ])
5028    , -107.513    , array([ 0.136374   ,  1.40929    ,  0.0931289  ,  0.0295222  ])
5032    , -107.512    , array([ 0.136374   ,  1.40929    ,  0.0931289  ,  0.0295384  ])
5036    , -107.512    , array([ 0.136374   ,  1.40929    ,  0.0931289  ,  0.0295484  ])
5040    , -108.117    , array([ 0.129451   ,  1.2987     ,  0.0815329  ,  0.0318218  ])
5044    , -107.216    , array([ 0.133544   ,  1.36408    ,  0.0883883  ,  0.0304778  ])
5048    , -106.681    , array([ 0.130448   ,  1.3415     ,  0.0858607  ,  0.0309464  ])
5052    , -105.171    , array([ 0.0944694  ,  1.07629    ,  0.0562064  ,  0.0364496  ])
5056    , -104.241    , array([ 0.105062   ,  1.15437    ,  0.0649371  ,  0.0348293  ])
5060    , -104.826    , array([ 0.105508   ,  1.15638    ,  0.0641165  ,  0.0349917  ])
5064    , -104.022    , array([ 0.105224   ,  1.15655    ,  0.0659874  ,  0.0346267  ])
5068    , -103.984    , array([ 0.105145   ,  1.1566     ,  0.0665062  ,  0.0345255  ])
5072    , -227.856    , array([ 0.105145   ,  0.538566   ,  0.0665062  ,  0.0345255  ])
5076    , -103.49     , array([ 0.105145   ,  1.2379     ,  0.0665062  ,  0.0345255  ])
5080    , -103.488    , array([ 0.105145   ,  1.23204    ,  0.0665062  ,  0.0345255  ])
5084    , -103.488    , array([ 0.105145   ,  1.2328     ,  0.0665062  ,  0.0345255  ])
5092    , -341.111    , array([ 0.105145   ,  1.2328     ,  0.0665062  ,  0.0597972  ])
5096    , -103.458    , array([ 0.105145   ,  1.2328     ,  0.0665062  ,  0.0347453  ])
5100    , -103.458    , array([ 0.105145   ,  1.2328     ,  0.0665062  ,  0.0347534  ])
5104    , -105.673    , array([ 0.122589   ,  1.36139    ,  0.0808836  ,  0.0320852  ])
5108    , -102.585    , array([ 0.092398   ,  1.13884    ,  0.0560001  ,  0.0367031  ])
5112    , -102.585    , array([ 0.0921675  ,  1.13714    ,  0.0558101  ,  0.0367383  ])
5116    , -102.575    , array([ 0.0920685  ,  1.13721    ,  0.0564625  ,  0.0366111  ])
5120    , -102.556    , array([ 0.0921119  ,  1.13718    ,  0.0561765  ,  0.0366669  ])
5124    , -102.556    , array([ 0.0921125  ,  1.13718    ,  0.0561729  ,  0.0366676  ])
5128    , -102.327    , array([ 0.0921125  ,  1.17682    ,  0.0561729  ,  0.0366676  ])
5132    , -102.32     , array([ 0.0921125  ,  1.18507    ,  0.0561729  ,  0.0366676  ])
5136    , -102.32     , array([ 0.0921125  ,  1.18555    ,  0.0561729  ,  0.0366676  ])
5144    , -317.365    , array([ 0.0921125  ,  1.18555    ,  0.0561729  ,  0.0615505  ])
5148    , -102.276    , array([ 0.0921125  ,  1.18555    ,  0.0561729  ,  0.0369475  ])
5152    , -113.385    , array([ 0.0638879  ,  0.977501   ,  0.0329097  ,  0.0412692  ])
5156    , -102.033    , array([ 0.0813316  ,  1.10608    ,  0.0472871  ,  0.038601   ])
5160    , -101.853    , array([ 0.0851404  ,  1.13416    ,  0.0504264  ,  0.0380184  ])
5164    , -101.399    , array([ 0.0779724  ,  1.13013    ,  0.0449266  ,  0.0393201  ])
5168    , -101.414    , array([ 0.0708748  ,  1.12663    ,  0.0394848  ,  0.040611   ])
5172    , -101.323    , array([ 0.0743786  ,  1.12836    ,  0.0421712  ,  0.0399737  ])
5176    , -101.036    , array([ 0.0742795  ,  1.12842    ,  0.0428236  ,  0.0398465  ])
5180    , -101.021    , array([ 0.0742504  ,  1.12844    ,  0.0430155  ,  0.039809   ])
5184    , -101.021    , array([ 0.0742517  ,  1.12844    ,  0.0430071  ,  0.0398107  ])
5188    , -101.262    , array([ 0.0742517  ,  1.08263    ,  0.0430071  ,  0.0398107  ])
5192    , -101.02     , array([ 0.0742517  ,  1.12567    ,  0.0430071  ,  0.0398107  ])
5200    , -2601.16    , array([ 0.0742517  ,  1.12567    ,  0.0430071  ,  0.230763   ])
5204    , -1597.23    , array([ 0.0742517  ,  1.12567    ,  0.0430071  ,  0.00536882 ])
5208    , -101.069    , array([ 0.0742517  ,  1.12567    ,  0.0430071  ,  0.0404012  ])
5212    , -100.999    , array([ 0.0742517  ,  1.12567    ,  0.0430071  ,  0.0400244  ])
5216    , -100.999    , array([ 0.0742517  ,  1.12567    ,  0.0430071  ,  0.0400222  ])
5220    , -100.815    , array([ 0.0683725  ,  1.12276    ,  0.0384995  ,  0.0410915  ])
5224    , -102.69     , array([ 0.0518368  ,  1.11196    ,  0.0267548  ,  0.0441244  ])
5228    , -100.815    , array([ 0.0684534  ,  1.1228     ,  0.0385615  ,  0.0410768  ])
5232    , -100.73     , array([ 0.0683936  ,  1.12284    ,  0.0389556  ,  0.0409999  ])
5240    , -103.047    , array([ 0.0683936  ,  1.24712    ,  0.0389556  ,  0.0409999  ])
5244    , -100.672    , array([ 0.0683936  ,  1.10195    ,  0.0389556  ,  0.0409999  ])
5248    , -4213.58    , array([ 0.0683936  ,  1.10195    ,  0.0389556  ,  1.041      ])
5252    , -3787.42    , array([ 0.0683936  ,  1.10195    ,  0.0389556  ,  0.422966   ])
5256    , -1012.41    , array([ 0.0683936  ,  1.10195    ,  0.0389556  ,  0.113938   ])
5260    , -104.89     , array([ 0.0683936  ,  1.10195    ,  0.0389556  ,  0.0441806  ])
5264    , -100.668    , array([ 0.0683936  ,  1.10195    ,  0.0389556  ,  0.0410936  ])
5268    , -102.036    , array([ 0.0856926  ,  1.11049    ,  0.0522188  ,  0.0379483  ])
5272    , -100.612    , array([ 0.0653508  ,  1.10044    ,  0.0366226  ,  0.041648   ])
5276    , -100.611    , array([ 0.065603   ,  1.10057    ,  0.036816   ,  0.0416021  ])
5280    , -100.316    , array([ 0.0582405  ,  1.04241    ,  0.0323228  ,  0.0429591  ])
5284    , -100.312    , array([ 0.0575459  ,  1.03695    ,  0.0318985  ,  0.0430871  ])
5288    , -100.312    , array([ 0.0573638  ,  1.03551    ,  0.0317873  ,  0.0431207  ])
5292    , -100.645    , array([ 0.0639715  ,  1.03878    ,  0.0368534  ,  0.0419189  ])
5296    , -100.304    , array([ 0.0581079  ,  1.03588    ,  0.0323578  ,  0.0429853  ])
5300    , -155.426    , array([ 0.0580894  ,  2.03587    ,  0.0323436  ,  0.0429887  ])
5304    , -113.362    , array([ 0.0580894  ,  1.41784    ,  0.0323436  ,  0.0429887  ])
5308    , -100.556    , array([ 0.0580894  ,  1.11148    ,  0.0323436  ,  0.0429887  ])
5312    , -100.189    , array([ 0.0580894  ,  1.06217    ,  0.0323436  ,  0.0429887  ])
5324    , -198.908    , array([ 0.0580894  ,  1.06217    ,  0.0323436  ,  0.0298331  ])
5328    , -100.184    , array([ 0.0580894  ,  1.06217    ,  0.0323436  ,  0.0428834  ])
5332    , -100.204    , array([ 0.0498226  ,  0.997101   ,  0.0272937  ,  0.044407   ])
5336    , -100.103    , array([ 0.0549318  ,  1.03732    ,  0.0304147  ,  0.0434654  ])
5340    , -100.097    , array([ 0.0538669  ,  1.02893    ,  0.0297642  ,  0.0436616  ])
5344    , -102.076    , array([ 0.0712077  ,  1.03781    ,  0.043053   ,  0.0405076  ])
5348    , -100.112    , array([ 0.0548942  ,  1.02975    ,  0.0305453  ,  0.0434747  ])
5352    , -100.097    , array([ 0.053964   ,  1.02929    ,  0.0298321  ,  0.0436439  ])
5356    , -100.097    , array([ 0.0539756  ,  1.0293     ,  0.029841   ,  0.0436418  ])
5360    , -339.937    , array([ 0.0539756  ,  0.411262   ,  0.029841   ,  0.0436418  ])
5364    , -100.019    , array([ 0.0539756  ,  1.05474    ,  0.029841   ,  0.0436418  ])
5368    , -100.016    , array([ 0.0539756  ,  1.05107    ,  0.029841   ,  0.0436418  ])
5372    , -100.016    , array([ 0.0539756  ,  1.05086    ,  0.029841   ,  0.0436418  ])
5380    , -259.804    , array([ 0.0539756  ,  1.05086    ,  0.029841   ,  0.0668202  ])
5384    , -100.01     , array([ 0.0539756  ,  1.05086    ,  0.029841   ,  0.0435029  ])
5388    , -100.01     , array([ 0.0539756  ,  1.05086    ,  0.029841   ,  0.0435164  ])
5392    , -100.265    , array([ 0.0590848  ,  1.09107    ,  0.0329621  ,  0.0425748  ])
5396    , -99.9598    , array([ 0.0509588  ,  1.02711    ,  0.0279982  ,  0.0440725  ])
5400    , -99.8396    , array([ 0.0480089  ,  1.02496    ,  0.0262066  ,  0.044491   ])
5404    , -99.6143    , array([ 0.038267   ,  1.01785    ,  0.02029    ,  0.0458732  ])
5408    , -99.6139    , array([ 0.0385059  ,  1.01803    ,  0.0204351  ,  0.0458393  ])
5412    , -104.178    , array([ 0.0559283  ,  1.02666    ,  0.0337732  ,  0.0426755  ])
5416    , -99.585     , array([ 0.0407808  ,  1.01918    ,  0.0221596  ,  0.0454305  ])
5420    , -99.5331    , array([ 0.0397827  ,  1.01868    ,  0.0213944  ,  0.045612   ])
5424    , -100.554    , array([ 0.0531587  ,  1.12397    ,  0.0295653  ,  0.0431468  ])
5428    , -99.5346    , array([ 0.0400107  ,  1.02048    ,  0.0215336  ,  0.04557    ])
5432    , -99.5327    , array([ 0.0395921  ,  1.01718    ,  0.0212779  ,  0.0456472  ])
5440    , -2269.53    , array([ 0.0395879  ,  1.01715    ,  0.0212754  ,  0.236604   ])
5444    , -1244.18    , array([ 0.0395879  ,  1.01715    ,  0.0212754  ,  0.0112061  ])
5448    , -99.5747    , array([ 0.0395879  ,  1.01715    ,  0.0212754  ,  0.0460592  ])
5452    , -99.5302    , array([ 0.0395879  ,  1.01715    ,  0.0212754  ,  0.0457284  ])
5456    , -99.5302    , array([ 0.0395879  ,  1.01715    ,  0.0212754  ,  0.0457276  ])
5460    , -99.4643    , array([ 0.035894   ,  1.01446    ,  0.0190319  ,  0.0462517  ])
5464    , -104.17     , array([ 0.019875   ,  1.00111    ,  0.00948624 ,  0.0485663  ])
5468    , -99.4631    , array([ 0.0354169  ,  1.01411    ,  0.0187422  ,  0.0463194  ])
5472    , -99.4245    , array([ 0.0360289  ,  1.01441    ,  0.0192114  ,  0.0462081  ])
5476    , -99.424     , array([ 0.0361019  ,  1.01445    ,  0.0192674  ,  0.0461948  ])
5480    , -99.424     , array([ 0.0361088  ,  1.01445    ,  0.0192727  ,  0.0461935  ])
5484    , -99.4233    , array([ 0.0359302  ,  1.01304    ,  0.0191636  ,  0.0462265  ])
5488    , -99.4233    , array([ 0.0358734  ,  1.0126     ,  0.0191289  ,  0.0462369  ])
5500    , -190.253    , array([ 0.0358734  ,  1.0126     ,  0.0191289  ,  0.0330813  ])
5504    , -99.4233    , array([ 0.0358734  ,  1.0126     ,  0.0191289  ,  0.0462456  ])
5508    , -99.4242    , array([ 0.0358734  ,  1.0126     ,  0.0191289  ,  0.0462938  ])
5512    , -99.4233    , array([ 0.0358734  ,  1.0126     ,  0.0191289  ,  0.0462466  ])
5516    , -101.305    , array([ 0.0235438  ,  1.0036     ,  0.0116407  ,  0.047995   ])
5520    , -99.4398    , array([ 0.0311639  ,  1.00916    ,  0.0162687  ,  0.0469138  ])
5524    , -99.3947    , array([ 0.0335207  ,  1.01088    ,  0.0177     ,  0.0465794  ])
5528    , -99.3947    , array([ 0.0335207  ,  1.01088    ,  0.0177     ,  0.0465794  ])
5532    , -99.2532    , array([ 0.0285562  ,  1.00243    ,  0.0149714  ,  0.0472602  ])
5536    , -99.1401    , array([ 0.0214045  ,  0.990256   ,  0.0110407  ,  0.048241   ])
5540    , -99.1397    , array([ 0.0211358  ,  0.989799   ,  0.010893   ,  0.0482778  ])
5544    , -99.6667    , array([ 0.0287559  ,  0.995358   ,  0.015521   ,  0.0471967  ])
5548    , -99.1118    , array([ 0.0222371  ,  0.990602   ,  0.0115618  ,  0.0481216  ])
5552    , -99.1112    , array([ 0.0220912  ,  0.990496   ,  0.0114732  ,  0.0481423  ])
5556    , -99.8203    , array([ 0.0272003  ,  1.03071    ,  0.0145942  ,  0.0472007  ])
5560    , -99.1067    , array([ 0.0224129  ,  0.993028   ,  0.0116698  ,  0.048083   ])
5564    , -99.1066    , array([ 0.0223968  ,  0.992901   ,  0.0116599  ,  0.048086   ])
5576    , -185.923    , array([ 0.0223968  ,  0.992901   ,  0.0116599  ,  0.0349304  ])
5580    , -99.1063    , array([ 0.0223968  ,  0.992901   ,  0.0116599  ,  0.0481139  ])
5584    , -100.934    , array([ 0.010012   ,  0.97182    ,  0.00485296 ,  0.049812   ])
5588    , -99.0582    , array([ 0.0176662  ,  0.984849   ,  0.0090599  ,  0.0487623  ])
5592    , -99.0557    , array([ 0.0183646  ,  0.986038   ,  0.00944375 ,  0.0486666  ])
5596    , -99.0557    , array([ 0.0183243  ,  0.985969   ,  0.00942159 ,  0.0486721  ])
5600    , -100.001    , array([ 0.0259444  ,  0.991529   ,  0.0140495  ,  0.0475909  ])
5604    , -99.0496    , array([ 0.0190396  ,  0.986491   ,  0.00985601 ,  0.0485706  ])
5608    , -99.0462    , array([ 0.0187574  ,  0.986285   ,  0.0096846  ,  0.0486107  ])
5612    , -99.0462    , array([ 0.0187617  ,  0.986288   ,  0.00968726 ,  0.04861    ])
5616    , -99.0475    , array([ 0.0187209  ,  0.985967   ,  0.00966233 ,  0.0486175  ])
5620    , -99.0434    , array([ 0.0189545  ,  0.987806   ,  0.00980501 ,  0.0485745  ])
5628    , -2168.47    , array([ 0.0189545  ,  0.987806   ,  0.00980501 ,  0.239532   ])
5632    , -1130.76    , array([ 0.0189545  ,  0.987806   ,  0.00980501 ,  0.0141327  ])
5636    , -99.0801    , array([ 0.0189545  ,  0.987806   ,  0.00980501 ,  0.0489084  ])
5640    , -99.0432    , array([ 0.0189545  ,  0.987806   ,  0.00980501 ,  0.0485967  ])
5644    , -99.5355    , array([ 0.0389936  ,  1.02192    ,  0.0208189  ,  0.0458482  ])
5648    , -99.0399    , array([ 0.0187561  ,  0.987468   ,  0.00969594 ,  0.0486235  ])
5652    , -99.0211    , array([ 0.0168747  ,  0.984265   ,  0.00866191 ,  0.0488815  ])
5656    , -98.9916    , array([ 0.0153275  ,  0.982395   ,  0.00784861 ,  0.0491043  ])
5664    , -98.9384    , array([ 0.01157    ,  0.977915   ,  0.0058763  ,  0.0496463  ])
5668    , -98.9339    , array([ 0.0104704  ,  0.976603   ,  0.00529912 ,  0.0498049  ])
5672    , -98.9339    , array([ 0.0105333  ,  0.976678   ,  0.00533215 ,  0.0497958  ])
5680    , -98.9629    , array([ 0.0113129  ,  0.977247   ,  0.00580563 ,  0.0496852  ])
5684    , -98.915     , array([ 0.0108146  ,  0.976884   ,  0.00550298 ,  0.0497559  ])
5688    , -98.915     , array([ 0.0108174  ,  0.976886   ,  0.0055047  ,  0.0497555  ])
5696    , -98.9145    , array([ 0.0108598  ,  0.977219   ,  0.00553061 ,  0.0497477  ])
5700    , -3619.31    , array([ 0.0108598  ,  0.977219   ,  0.00553061 ,  1.04975    ])
5704    , -3216.91    , array([ 0.0108598  ,  0.977219   ,  0.00553061 ,  0.431714   ])
5708    , -851.285    , array([ 0.0108598  ,  0.977219   ,  0.00553061 ,  0.122687   ])
5712    , -101.418    , array([ 0.0108598  ,  0.977219   ,  0.00553061 ,  0.0523758  ])
5716    , -98.9141    , array([ 0.0108598  ,  0.977219   ,  0.00553061 ,  0.0497131  ])
5720    , -99.1115    , array([ 0.0210415  ,  0.989361   ,  0.0108749  ,  0.0482442  ])
5724    , -98.9437    , array([ 0.0128044  ,  0.979538   ,  0.00655128 ,  0.0494323  ])
5728    , -98.9063    , array([ 0.0102924  ,  0.976543   ,  0.00523278 ,  0.0497946  ])
5740    , -98.9028    , array([ 0.010004   ,  0.976199   ,  0.00508138 ,  0.0498362  ])
5752    , -98.9026    , array([ 0.0100305  ,  0.976218   ,  0.00509747 ,  0.0498325  ])
5756    , -98.9026    , array([ 0.0100307  ,  0.976218   ,  0.00509763 ,  0.0498324  ])
5760    , -102.429    , array([ 0.0151399  ,  1.01643    ,  0.00821865 ,  0.0488908  ])
5764    , -99.142     , array([ 0.0110065  ,  0.983899   ,  0.00569369 ,  0.0496526  ])
5768    , -98.9021    , array([ 0.0100695  ,  0.976523   ,  0.00512129 ,  0.0498253  ])
5772    , -98.9021    , array([ 0.0100671  ,  0.976505   ,  0.00511985 ,  0.0498257  ])
5784    , -181.427    , array([ 0.0100671  ,  0.976505   ,  0.00511985 ,  0.0366701  ])
5788    , -98.9021    , array([ 0.0100671  ,  0.976505   ,  0.00511985 ,  0.0498146  ])
5792    , -98.9021    , array([ 0.0100671  ,  0.976505   ,  0.00511985 ,  0.0498151  ])
5796    , -99.0845    , array([ 0.0202488  ,  0.988646   ,  0.0104641  ,  0.0483464  ])
5800    , -98.9325    , array([ 0.0120116  ,  0.978824   ,  0.00614052 ,  0.0495345  ])
5804    , -98.9063    , array([ 0.0103508  ,  0.976843   ,  0.00526876 ,  0.0497741  ])
5812    , -98.9013    , array([ 0.0100085  ,  0.976435   ,  0.00508908 ,  0.0498234  ])
5816    , -98.9011    , array([ 0.0100003  ,  0.976425   ,  0.00508481 ,  0.0498246  ])
