72      , -395.813    , array([ 7.35203    ,  0.14795    ,  4.26777    ,  0.538227   ])
76      , -393.134    , array([ 9.0236     ,  0.14795    ,  4.26777    ,  0.538227   ])
80      , -393.133    , array([ 9.002      ,  0.14795    ,  4.26777    ,  0.538227   ])
88      , -2281.3     , array([ 9.002      ,  0.0577801  ,  4.26777    ,  0.538227   ])
92      , -394.363    , array([ 9.002      ,  0.150241   ,  4.26777    ,  0.538227   ])
96      , -393.133    , array([ 9.002      ,  0.147938   ,  4.26777    ,  0.538227   ])
100     , -452.931    , array([ 9.002      ,  0.147938   ,  2.64974    ,  0.538227   ])
104     , -393.142    , array([ 9.002      ,  0.147938   ,  4.29473    ,  0.538227   ])
108     , -393.133    , array([ 9.002      ,  0.147938   ,  4.27062    ,  0.538227   ])
112     , -393.133    , array([ 9.002      ,  0.147938   ,  4.27059    ,  0.538227   ])
116     , -2589.89    , array([ 9.002      ,  0.147938   ,  4.27059    ,  0.302159   ])
120     , -393.133    , array([ 9.002      ,  0.147938   ,  4.27059    ,  0.538232   ])
