5       , -1312.79    , array([ 1.02254    ,  0.0950242  ,  4.87161    ,  2.66892    ,  0.0470288  ])
10      , -1312.74    , array([ 1.01999    ,  0.0950242  ,  4.87161    ,  2.66892    ,  0.0470288  ])
15      , -1312.62    , array([ 1.00934    ,  0.0950242  ,  4.87161    ,  2.66892    ,  0.0470288  ])
25      , -5385.73    , array([ 1.00921    ,  0.167898   ,  4.87161    ,  2.66892    ,  0.0470288  ])
30      , -1312.6     , array([ 1.00921    ,  0.0951505  ,  4.87161    ,  2.66892    ,  0.0470288  ])
35      , -1339.01    , array([ 1.00921    ,  0.0951435  ,  5.87161    ,  2.66892    ,  0.0470288  ])
40      , -1312.58    , array([ 1.00921    ,  0.0951435  ,  4.90355    ,  2.66892    ,  0.0470288  ])
45      , -1374.46    , array([ 1.00921    ,  0.0951435  ,  4.89813    ,  3.66892    ,  0.0470288  ])
50      , -1312.54    , array([ 1.00921    ,  0.0951435  ,  4.89813    ,  2.65438    ,  0.0470288  ])
55      , -1312.54    , array([ 1.00921    ,  0.0951435  ,  4.89813    ,  2.64353    ,  0.0470288  ])
60      , -11858.5    , array([ 1.00921    ,  0.0951435  ,  4.89813    ,  2.64353    ,  0.428995   ])
65      , -15845.5    , array([ 1.00921    ,  0.0951435  ,  4.89813    ,  2.64353    ,  0.012587   ])
70      , -1312.52    , array([ 1.00921    ,  0.0951435  ,  4.89813    ,  2.64353    ,  0.0470568  ])
75      , -1312.55    , array([ 0.995877   ,  0.0952629  ,  4.92466    ,  2.61815    ,  0.0472028  ])
80      , -1312.65    , array([ 1.01744    ,  0.0950698  ,  4.88174    ,  2.65922    ,  0.0470621  ])
85      , -1312.49    , array([ 1.00382    ,  0.0951917  ,  4.90884    ,  2.63328    ,  0.047151   ])
90      , -11878.1    , array([ 1.00382    ,  0.0951917  ,  4.90884    ,  2.63328    ,  0.429117   ])
95      , -15642.3    , array([ 1.00382    ,  0.0951917  ,  4.90884    ,  2.63328    ,  0.0127091  ])
100     , -1312.5     , array([ 1.00382    ,  0.0951917  ,  4.90884    ,  2.63328    ,  0.0470533  ])
105     , -41264.7    , array([ 1.00382    ,  1.09519    ,  4.90884    ,  2.63328    ,  0.0471226  ])
110     , -14615.7    , array([ 1.00382    ,  0.285979   ,  4.90884    ,  2.63328    ,  0.0471226  ])
115     , -1614.27    , array([ 1.00382    ,  0.110711   ,  4.90884    ,  2.63328    ,  0.0471226  ])
120     , -1312.41    , array([ 1.00382    ,  0.0954145  ,  4.90884    ,  2.63328    ,  0.0471226  ])
125     , -1312.41    , array([ 1.00382    ,  0.0954123  ,  4.90884    ,  2.63328    ,  0.0471226  ])
130     , -1312.4     , array([ 1.00382    ,  0.0954123  ,  4.92567    ,  2.63328    ,  0.0471226  ])
135     , -1312.4     , array([ 1.00382    ,  0.0954123  ,  4.92567    ,  2.63328    ,  0.0471226  ])
140     , -1312.38    , array([ 1.00382    ,  0.0954123  ,  4.92567    ,  2.61585    ,  0.0471226  ])
145     , -1312.49    , array([ 0.989731   ,  0.0955384  ,  4.95371    ,  2.58901    ,  0.0472146  ])
150     , -1312.37    , array([ 1.00093    ,  0.0954382  ,  4.93142    ,  2.61035    ,  0.0471415  ])
