2712    , -392.191    , array([ 0.0257264  ,  0.00240921 ,  0.143425   ,  0.00671868 ])
2724    , -896.32     , array([ 0.0125708  ,  0.00240921 ,  0.143425   ,  0.00671868 ])
2728    , -392.091    , array([ 0.0258992  ,  0.00240921 ,  0.143425   ,  0.00671868 ])
2736    , -6792.45    , array([ 0.0258975  ,  0.193331   ,  0.143425   ,  0.00671868 ])
2744    , -617.997    , array([ 0.0258975  ,  0.0038844  ,  0.143425   ,  0.00671868 ])
2748    , -465.938    , array([ 0.0258975  ,  0.00297268 ,  0.143425   ,  0.00671868 ])
2752    , -392.072    , array([ 0.0258975  ,  0.0024018  ,  0.143425   ,  0.00671868 ])
2756    , -392.072    , array([ 0.0258975  ,  0.00240234 ,  0.143425   ,  0.00671868 ])
2764    , -2987.19    , array([ 0.0258975  ,  0.00240234 ,  0.0532556  ,  0.00671868 ])
2768    , -397.563    , array([ 0.0258975  ,  0.00240234 ,  0.13027    ,  0.00671868 ])
2772    , -392.733    , array([ 0.0258975  ,  0.00240234 ,  0.137714   ,  0.00671868 ])
2776    , -392.056    , array([ 0.0258975  ,  0.00240234 ,  0.142605   ,  0.00671868 ])
2792    , -952.687    , array([ 0.0258975  ,  0.00240234 ,  0.142605   ,  0.00479931 ])
2796    , -392.135    , array([ 0.0258975  ,  0.00240234 ,  0.142605   ,  0.00669982 ])
2800    , -392.052    , array([ 0.0258975  ,  0.00240234 ,  0.142605   ,  0.00672432 ])
2808    , -6757.68    , array([ 0.216825   ,  0.00240234 ,  0.142605   ,  0.00672438 ])
2816    , -392.055    , array([ 0.025887   ,  0.00240234 ,  0.142605   ,  0.00672438 ])
2820    , -392.046    , array([ 0.02594    ,  0.00240234 ,  0.142605   ,  0.00672438 ])
2840    , -394.911    , array([ 0.02594    ,  0.00248202 ,  0.142605   ,  0.00672438 ])
2844    , -392.186    , array([ 0.02594    ,  0.00239964 ,  0.142605   ,  0.00672438 ])
2848    , -392.042    , array([ 0.02594    ,  0.0024017  ,  0.142605   ,  0.00672438 ])
2852    , -392.042    , array([ 0.02594    ,  0.00240161 ,  0.142605   ,  0.00672438 ])
2856    , -392.042    , array([ 0.02594    ,  0.00240157 ,  0.142605   ,  0.00672438 ])
2864    , -3061.61    , array([ 0.02594    ,  0.00240157 ,  0.0524351  ,  0.00672438 ])
2868    , -398.552    , array([ 0.02594    ,  0.00240157 ,  0.129449   ,  0.00672438 ])
2872    , -392.042    , array([ 0.02594    ,  0.00240157 ,  0.142591   ,  0.00672438 ])
2876    , -392.042    , array([ 0.02594    ,  0.00240157 ,  0.142587   ,  0.00672438 ])
2892    , -953.465    , array([ 0.02594    ,  0.00240157 ,  0.142587   ,  0.004805   ])
2896    , -392.351    , array([ 0.02594    ,  0.00240157 ,  0.142587   ,  0.00668223 ])
2900    , -392.1      , array([ 0.02594    ,  0.00240157 ,  0.142587   ,  0.00672649 ])
2904    , -392.05     , array([ 0.02594    ,  0.00240157 ,  0.142587   ,  0.00672469 ])
2908    , -392.043    , array([ 0.02594    ,  0.00240157 ,  0.142587   ,  0.00672442 ])
2912    , -392.042    , array([ 0.02594    ,  0.00240157 ,  0.142587   ,  0.00672439 ])
2916    , -392.042    , array([ 0.02594    ,  0.00240157 ,  0.142587   ,  0.00672438 ])
2920    , -392.042    , array([ 0.02594    ,  0.00240157 ,  0.142587   ,  0.00672438 ])
