1720    , -2550.72    , array([ 1.08904    ,  1.13689    ,  0.0534329  ,  0.0380776  ])
1724    , -1657.77    , array([ 0.471006   ,  1.13689    ,  0.0534329  ,  0.0380776  ])
1728    , -395.424    , array([ 0.161984   ,  1.13689    ,  0.0534329  ,  0.0380776  ])
1732    , -101.991    , array([ 0.0879599  ,  1.13689    ,  0.0534329  ,  0.0380776  ])
1736    , -101.938    , array([ 0.0886351  ,  1.13689    ,  0.0534329  ,  0.0380776  ])
1740    , -101.938    , array([ 0.0886311  ,  1.13689    ,  0.0534329  ,  0.0380776  ])
1744    , -102.178    , array([ 0.0886311  ,  1.08808    ,  0.0534329  ,  0.0380776  ])
1748    , -101.936    , array([ 0.0886311  ,  1.13266    ,  0.0534329  ,  0.0380776  ])
1752    , -14026.5    , array([ 0.0886311  ,  1.13266    ,  1.05343    ,  0.0380776  ])
1756    , -12528.6    , array([ 0.0886311  ,  1.13266    ,  0.435399   ,  0.0380776  ])
1760    , -1056.55    , array([ 0.0886311  ,  1.13266    ,  0.126343   ,  0.0380776  ])
1764    , -101.926    , array([ 0.0886311  ,  1.13266    ,  0.0532358  ,  0.0380776  ])
1768    , -4398.73    , array([ 0.0886311  ,  1.13266    ,  0.0532379  ,  1.03808    ])
1772    , -3977.41    , array([ 0.0886311  ,  1.13266    ,  0.0532379  ,  0.420044   ])
1776    , -1075.18    , array([ 0.0886311  ,  1.13266    ,  0.0532379  ,  0.111015   ])
1780    , -106.971    , array([ 0.0886311  ,  1.13266    ,  0.0532379  ,  0.0413187  ])
1784    , -101.926    , array([ 0.0886311  ,  1.13266    ,  0.0532379  ,  0.0380784  ])
1788    , -101.926    , array([ 0.0886311  ,  1.13266    ,  0.0532379  ,  0.0380776  ])
1792    , -101.926    , array([ 0.0886311  ,  1.13266    ,  0.0532379  ,  0.0380776  ])
1796    , -101.926    , array([ 0.0886311  ,  1.13266    ,  0.0532379  ,  0.0380776  ])
1800    , -101.926    , array([ 0.0886311  ,  1.13266    ,  0.0532379  ,  0.0380776  ])
1804    , -101.926    , array([ 0.0886311  ,  1.13266    ,  0.0532379  ,  0.0380776  ])
1808    , -101.884    , array([ 0.0875605  ,  1.12158    ,  0.0527274  ,  0.0380776  ])
1812    , -101.884    , array([ 0.0871847  ,  1.11769    ,  0.0525483  ,  0.0380776  ])
1816    , -101.883    , array([ 0.0873283  ,  1.11918    ,  0.0526167  ,  0.0380776  ])
1828    , -223.53     , array([ 0.0873283  ,  1.11918    ,  0.0526167  ,  0.024922   ])
1832    , -101.861    , array([ 0.0873283  ,  1.11918    ,  0.0526167  ,  0.0382879  ])
1836    , -143.685    , array([ 0.0873283  ,  2.11918    ,  0.0526167  ,  0.0382879  ])
1840    , -112.427    , array([ 0.0873283  ,  1.50114    ,  0.0526167  ,  0.0382879  ])
1844    , -101.856    , array([ 0.0873283  ,  1.12521    ,  0.0526167  ,  0.0382879  ])
1848    , -14223.8    , array([ 0.0873283  ,  1.12521    ,  1.05262    ,  0.0382879  ])
1852    , -12782.2    , array([ 0.0873283  ,  1.12521    ,  0.434583   ,  0.0382879  ])
1856    , -1093.22    , array([ 0.0873283  ,  1.12521    ,  0.125527   ,  0.0382879  ])
1860    , -101.835    , array([ 0.0873283  ,  1.12521    ,  0.0523281  ,  0.0382879  ])
1864    , -101.806    , array([ 0.0860255  ,  1.11172    ,  0.0517101  ,  0.0382879  ])
1868    , -101.807    , array([ 0.0865231  ,  1.11687    ,  0.0519473  ,  0.0382879  ])
1872    , -101.774    , array([ 0.0838745  ,  1.09549    ,  0.050399   ,  0.0384982  ])
1876    , -101.774    , array([ 0.0838745  ,  1.09549    ,  0.050399   ,  0.0384982  ])
1880    , -101.773    , array([ 0.0842654  ,  1.09854    ,  0.0506323  ,  0.0384637  ])
1888    , -2587.75    , array([ 0.084285   ,  1.0987     ,  0.050644   ,  0.229414   ])
1892    , -1678.16    , array([ 0.084285   ,  1.0987     ,  0.050644   ,  0.00402006 ])
1896    , -101.777    , array([ 0.084285   ,  1.0987     ,  0.050644   ,  0.0392304  ])
1900    , -101.702    , array([ 0.084285   ,  1.0987     ,  0.050644   ,  0.03884    ])
1904    , -260.728    , array([ 0.084285   ,  0.480663   ,  0.050644   ,  0.03884    ])
1908    , -101.694    , array([ 0.084285   ,  1.11127    ,  0.050644   ,  0.03884    ])
1912    , -101.692    , array([ 0.084285   ,  1.10742    ,  0.050644   ,  0.03884    ])
1924    , -101.639    , array([ 0.084285   ,  1.10742    ,  0.0502893  ,  0.03884    ])
1928    , -101.636    , array([ 0.084285   ,  1.10742    ,  0.0502029  ,  0.03884    ])
1932    , -101.557    , array([ 0.0811012  ,  1.08254    ,  0.0483027  ,  0.0391215  ])
1936    , -101.557    , array([ 0.0812703  ,  1.08386    ,  0.0484036  ,  0.0391066  ])
1940    , -101.508    , array([ 0.0681157  ,  1.00389    ,  0.0393977  ,  0.0412595  ])
1944    , -101.388    , array([ 0.0736299  ,  1.03739    ,  0.0431739  ,  0.0403561  ])
1948    , -3972.21    , array([ 0.0735328  ,  1.0368     ,  0.0431074  ,  1.04037    ])
1952    , -3598.58    , array([ 0.0735328  ,  1.0368     ,  0.0431074  ,  0.422338   ])
1956    , -966.983    , array([ 0.0735328  ,  1.0368     ,  0.0431074  ,  0.11331    ])
1960    , -105.765    , array([ 0.0735328  ,  1.0368     ,  0.0431074  ,  0.0442877  ])
1964    , -101.198    , array([ 0.0735328  ,  1.0368     ,  0.0431074  ,  0.04101    ])
1968    , -101.198    , array([ 0.0735328  ,  1.0368     ,  0.0431074  ,  0.0410164  ])
1972    , -101.23     , array([ 0.0735328  ,  1.03295    ,  0.0431074  ,  0.0410164  ])
1976    , -101.113    , array([ 0.0735328  ,  1.05995    ,  0.0431074  ,  0.0410164  ])
1984    , -9104.91    , array([ 0.0735328  ,  1.05995    ,  0.233963   ,  0.0410164  ])
1988    , -151.831    , array([ 0.0735328  ,  1.05995    ,  0.0324993  ,  0.0410164  ])
1992    , -101.043    , array([ 0.0735328  ,  1.05995    ,  0.0426919  ,  0.0410164  ])
1996    , -100.944    , array([ 0.0658257  ,  1.01313    ,  0.0374139  ,  0.0422792  ])
2000    , -100.917    , array([ 0.0687695  ,  1.03101    ,  0.03943    ,  0.0417969  ])
2004    , -100.915    , array([ 0.0681642  ,  1.02733    ,  0.0390154  ,  0.041896   ])
2012    , -2355.43    , array([ 0.0681099  ,  1.027      ,  0.0389783  ,  0.23286    ])
2016    , -1395.63    , array([ 0.0681099  ,  1.027      ,  0.0389783  ,  0.00746308 ])
2020    , -100.964    , array([ 0.0681099  ,  1.027      ,  0.0389783  ,  0.0424088  ])
2024    , -100.906    , array([ 0.0681099  ,  1.027      ,  0.0389783  ,  0.0420461  ])
2028    , -100.906    , array([ 0.0681099  ,  1.027      ,  0.0389783  ,  0.0420447  ])
2032    , -100.873    , array([ 0.0681099  ,  1.03083    ,  0.0389783  ,  0.0420447  ])
2036    , -100.779    , array([ 0.0681099  ,  1.05465    ,  0.0389783  ,  0.0420447  ])
2044    , -10623.3    , array([ 0.0681099  ,  1.05465    ,  0.229822   ,  0.0420447  ])
2048    , -212.043    , array([ 0.0681099  ,  1.05465    ,  0.0258638  ,  0.0420447  ])
2052    , -100.778    , array([ 0.0681099  ,  1.05465    ,  0.0389333  ,  0.0420447  ])
2056    , -100.778    , array([ 0.0681099  ,  1.05465    ,  0.0389333  ,  0.0420447  ])
2060    , -101.281    , array([ 0.0556397  ,  0.978897   ,  0.0303933  ,  0.0440878  ])
2064    , -100.662    , array([ 0.0636359  ,  1.02747    ,  0.0358693  ,  0.0427777  ])
2068    , -100.559    , array([ 0.0591619  ,  1.02794    ,  0.0327604  ,  0.0436505  ])
2072    , -100.577    , array([ 0.0608708  ,  1.02776    ,  0.0339479  ,  0.0433171  ])
2076    , -100.559    , array([ 0.0590538  ,  1.02795    ,  0.0326853  ,  0.0436716  ])
2084    , -2319.71    , array([ 0.0590075  ,  1.02796    ,  0.0326531  ,  0.234636   ])
2088    , -1276.34    , array([ 0.0590075  ,  1.02796    ,  0.0326531  ,  0.00923876 ])
2092    , -100.577    , array([ 0.0590075  ,  1.02796    ,  0.0326531  ,  0.0437474  ])
2096    , -100.521    , array([ 0.0590075  ,  1.02796    ,  0.0326531  ,  0.0433777  ])
2100    , -100.521    , array([ 0.0590075  ,  1.02796    ,  0.0326531  ,  0.0433807  ])
2104    , -100.486    , array([ 0.061133   ,  1.04087    ,  0.0341088  ,  0.0430324  ])
2108    , -100.485    , array([ 0.0610062  ,  1.0401     ,  0.0340219  ,  0.0430532  ])
2120    , -101.494    , array([ 0.0610062  ,  1.0401     ,  0.035669   ,  0.0430532  ])
2124    , -100.409    , array([ 0.0610062  ,  1.0401     ,  0.0343588  ,  0.0430532  ])
2128    , -100.318    , array([ 0.0563777  ,  1.04059    ,  0.031146   ,  0.0439561  ])
2132    , -100.318    , array([ 0.0564405  ,  1.04058    ,  0.0311896  ,  0.0439439  ])
2136    , -3924.5     , array([ 0.0564405  ,  1.04058    ,  0.0311896  ,  1.04394    ])
2140    , -3525.31    , array([ 0.0564405  ,  1.04058    ,  0.0311896  ,  0.42591    ])
2144    , -950.036    , array([ 0.0564405  ,  1.04058    ,  0.0311896  ,  0.116882   ])
2148    , -103.41     , array([ 0.0564405  ,  1.04058    ,  0.0311896  ,  0.0462536  ])
2152    , -100.214    , array([ 0.0564405  ,  1.04058    ,  0.0311896  ,  0.0434528  ])
2156    , -101.025    , array([ 0.0689108  ,  1.11634    ,  0.0397296  ,  0.0414046  ])
2160    , -100.212    , array([ 0.0573396  ,  1.04604    ,  0.0318054  ,  0.0433005  ])
2164    , -100.211    , array([ 0.0569878  ,  1.04391    ,  0.0315644  ,  0.0433581  ])
2176    , -105.423    , array([ 0.0569878  ,  1.04391    ,  0.034513   ,  0.0433581  ])
2180    , -100.16     , array([ 0.0569878  ,  1.04391    ,  0.0318204  ,  0.0433581  ])
2184    , -100.093    , array([ 0.0523594  ,  1.04439    ,  0.0286042  ,  0.044261   ])
2188    , -100.09     , array([ 0.0541273  ,  1.04421    ,  0.0298327  ,  0.0439162  ])
2192    , -99.9198    , array([ 0.0502696  ,  1.04799    ,  0.0274025  ,  0.0441897  ])
2196    , -99.8113    , array([ 0.0450083  ,  1.05431    ,  0.0241736  ,  0.0443993  ])
2200    , -99.8105    , array([ 0.0453874  ,  1.05386    ,  0.0244062  ,  0.0443842  ])
2204    , -100.153    , array([ 0.0528764  ,  1.05307    ,  0.0296102  ,  0.0429233  ])
2208    , -99.7965    , array([ 0.0465328  ,  1.05374    ,  0.0252022  ,  0.0441608  ])
2212    , -99.7963    , array([ 0.046389   ,  1.05375    ,  0.0251023  ,  0.0441888  ])
2216    , -99.7963    , array([ 0.0463992  ,  1.05375    ,  0.0251093  ,  0.0441869  ])
2220    , -99.7903    , array([ 0.0470004  ,  1.0574     ,  0.025521   ,  0.0440884  ])
2224    , -99.7903    , array([ 0.0469712  ,  1.05723    ,  0.025501   ,  0.0440931  ])
2236    , -99.7935    , array([ 0.0469712  ,  1.05723    ,  0.0257986  ,  0.0440931  ])
2240    , -99.7651    , array([ 0.0469712  ,  1.05723    ,  0.0256453  ,  0.0440931  ])
2244    , -99.9341    , array([ 0.0518955  ,  1.05131    ,  0.0286674  ,  0.043897   ])
2248    , -99.7381    , array([ 0.0442451  ,  1.0605     ,  0.0239724  ,  0.0442017  ])
2252    , -99.9877    , array([ 0.0396167  ,  1.06099    ,  0.0207562  ,  0.0451047  ])
2256    , -99.7253    , array([ 0.0424772  ,  1.06069    ,  0.0227439  ,  0.0445466  ])
2260    , -99.7183    , array([ 0.0431202  ,  1.06062    ,  0.0231907  ,  0.0444212  ])
2264    , -101.406    , array([ 0.0555791  ,  1.13638    ,  0.0317227  ,  0.0423802  ])
2268    , -99.7212    , array([ 0.0438386  ,  1.06505    ,  0.0236825  ,  0.0443038  ])
2272    , -99.7166    , array([ 0.0433763  ,  1.06225    ,  0.0233659  ,  0.0443796  ])
2276    , -99.7166    , array([ 0.043379   ,  1.06226    ,  0.0233678  ,  0.0443791  ])
2284    , -856.471    , array([ 0.043379   ,  1.06226    ,  0.0512019  ,  0.0443791  ])
2288    , -99.6955    , array([ 0.043379   ,  1.06226    ,  0.0234878  ,  0.0443791  ])
2292    , -100.282    , array([ 0.056271   ,  1.04678    ,  0.0313997  ,  0.0438655  ])
2296    , -99.6928    , array([ 0.0427093  ,  1.06307    ,  0.0230768  ,  0.0444058  ])
2300    , -99.6927    , array([ 0.0425518  ,  1.06326    ,  0.0229801  ,  0.0444121  ])
2304    , -99.6189    , array([ 0.0380883  ,  1.0705     ,  0.0203639  ,  0.044964   ])
2308    , -99.6006    , array([ 0.0326672  ,  1.07931    ,  0.0171867  ,  0.0456352  ])
2312    , -99.5971    , array([ 0.0339847  ,  1.07717    ,  0.0179588  ,  0.0454721  ])
2316    , -99.5971    , array([ 0.0340694  ,  1.07703    ,  0.0180085  ,  0.0454616  ])
2320    , -99.5949    , array([ 0.0338572  ,  1.07705    ,  0.0178611  ,  0.045503   ])
2324    , -99.5948    , array([ 0.03383    ,  1.07706    ,  0.0178421  ,  0.0455083  ])
2328    , -99.5948    , array([ 0.0338276  ,  1.07706    ,  0.0178405  ,  0.0455088  ])
2332    , -99.5872    , array([ 0.0335158  ,  1.07516    ,  0.017627   ,  0.0455599  ])
2336    , -99.5869    , array([ 0.0334413  ,  1.07471    ,  0.0175759  ,  0.0455721  ])
2340    , -100.164    , array([ 0.0463294  ,  1.0592     ,  0.0254852  ,  0.0450591  ])
2344    , -99.5701    , array([ 0.0352851  ,  1.07247    ,  0.0187072  ,  0.0454991  ])
2348    , -99.5685    , array([ 0.034818   ,  1.07303    ,  0.0184205  ,  0.0455177  ])
2352    , -99.879     , array([ 0.0485431  ,  1.05074    ,  0.0264651  ,  0.0438196  ])
2356    , -99.5686    , array([ 0.0349586  ,  1.07281    ,  0.0185033  ,  0.0455015  ])
2360    , -99.5684    , array([ 0.0345938  ,  1.0734     ,  0.0182895  ,  0.0455466  ])
2364    , -100.675    , array([ 0.0420828  ,  1.07261    ,  0.0234935  ,  0.0440857  ])
2368    , -99.5701    , array([ 0.0347368  ,  1.07338    ,  0.0183889  ,  0.0455187  ])
2372    , -99.5681    , array([ 0.0345014  ,  1.07341    ,  0.0182254  ,  0.0455646  ])
2376    , -99.5681    , array([ 0.0345024  ,  1.07341    ,  0.018226   ,  0.0455645  ])
2380    , -99.5584    , array([ 0.0341307  ,  1.07115    ,  0.0179714  ,  0.0456254  ])
2384    , -99.5581    , array([ 0.0340569  ,  1.0707     ,  0.0179209  ,  0.0456375  ])
2388    , -100.203    , array([ 0.0469444  ,  1.05519    ,  0.0258297  ,  0.0451246  ])
2392    , -99.5503    , array([ 0.0355803  ,  1.06884    ,  0.0188556  ,  0.0455773  ])
2396    , -99.5481    , array([ 0.0350661  ,  1.06946    ,  0.0185399  ,  0.0455978  ])
2400    , -99.885     , array([ 0.0487875  ,  1.04717    ,  0.0265822  ,  0.0438998  ])
2404    , -99.5483    , array([ 0.0352182  ,  1.06921    ,  0.0186294  ,  0.0455798  ])
2408    , -99.5481    , array([ 0.0348739  ,  1.06977    ,  0.0184276  ,  0.0456225  ])
2412    , -99.5356    , array([ 0.0351581  ,  1.06614    ,  0.018568   ,  0.0456978  ])
2416    , -99.531     , array([ 0.0354652  ,  1.06219    ,  0.0187196  ,  0.0457801  ])
2420    , -99.531     , array([ 0.0354711  ,  1.06212    ,  0.0187226  ,  0.0457817  ])
2424    , -100.355    , array([ 0.0429542  ,  1.0614     ,  0.0239236  ,  0.0443191  ])
2428    , -99.5224    , array([ 0.0362473  ,  1.06211    ,  0.0192631  ,  0.0456275  ])
2432    , -99.5209    , array([ 0.0360151  ,  1.06213    ,  0.0191018  ,  0.0456728  ])
2436    , -99.5209    , array([ 0.0360207  ,  1.06213    ,  0.0191056  ,  0.0456717  ])
2440    , -99.5171    , array([ 0.0346431  ,  1.06437    ,  0.0182982  ,  0.0458423  ])
2444    , -99.5171    , array([ 0.0345597  ,  1.06451    ,  0.0182494  ,  0.0458526  ])
2448    , -99.7209    , array([ 0.039484   ,  1.05859    ,  0.0212714  ,  0.0456564  ])
2452    , -99.5252    , array([ 0.0331823  ,  1.06616    ,  0.017404   ,  0.0459075  ])
2456    , -99.5153    , array([ 0.0341652  ,  1.06498    ,  0.0180073  ,  0.0458683  ])
2460    , -99.5158    , array([ 0.0347256  ,  1.05744    ,  0.0182804  ,  0.0460273  ])
2464    , -99.5115    , array([ 0.0343615  ,  1.06212    ,  0.0181007  ,  0.0459298  ])
2468    , -99.5115    , array([ 0.0339714  ,  1.05287    ,  0.0178339  ,  0.0462707  ])
2472    , -99.5113    , array([ 0.0344237  ,  1.06132    ,  0.0181314  ,  0.0459464  ])
2476    , -99.5067    , array([ 0.0342007  ,  1.05715    ,  0.0179847  ,  0.0461063  ])
2480    , -99.5234    , array([ 0.033245   ,  1.06937    ,  0.0175127  ,  0.0458524  ])
2484    , -99.5024    , array([ 0.0338997  ,  1.06095    ,  0.0178358  ,  0.0460278  ])
2488    , -99.9514    , array([ 0.0254227  ,  1.07476    ,  0.0128678  ,  0.0470762  ])
2492    , -99.5488    , array([ 0.0306599  ,  1.06625    ,  0.0159373  ,  0.0464278  ])
2496    , -99.5011    , array([ 0.0346336  ,  1.0598     ,  0.0182662  ,  0.0459358  ])
2500    , -99.5011    , array([ 0.0345855  ,  1.05987    ,  0.0182381  ,  0.0459417  ])
2504    , -100.694    , array([ 0.0266512  ,  1.06939    ,  0.0133678  ,  0.046255   ])
2508    , -99.6042    , array([ 0.0315755  ,  1.06348    ,  0.0163899  ,  0.0460589  ])
2512    , -99.5008    , array([ 0.0344263  ,  1.06005    ,  0.0181394  ,  0.0459453  ])
2516    , -99.5071    , array([ 0.0338332  ,  1.04904    ,  0.0177495  ,  0.0463681  ])
2520    , -99.4956    , array([ 0.034186   ,  1.05563    ,  0.0179815  ,  0.0461152  ])
2524    , -99.4956    , array([ 0.0341884  ,  1.05568    ,  0.0179831  ,  0.0461135  ])
2528    , -99.4904    , array([ 0.0338077  ,  1.04654    ,  0.0177432  ,  0.0463838  ])
2532    , -99.4893    , array([ 0.0339203  ,  1.04924    ,  0.0178142  ,  0.0463038  ])
2536    , -99.4685    , array([ 0.0332613  ,  1.05762    ,  0.0174885  ,  0.0461299  ])
2540    , -99.4685    , array([ 0.0332679  ,  1.05754    ,  0.0174918  ,  0.0461317  ])
2544    , -99.7903    , array([ 0.0469725  ,  1.03535    ,  0.0255245  ,  0.0444323  ])
2548    , -99.4685    , array([ 0.0343281  ,  1.05589    ,  0.0181137  ,  0.0459978  ])
2552    , -99.4678    , array([ 0.0338095  ,  1.05673    ,  0.0178098  ,  0.0460621  ])
2556    , -99.4678    , array([ 0.0338018  ,  1.05674    ,  0.0178053  ,  0.046063   ])
2560    , -99.4676    , array([ 0.0337149  ,  1.05685    ,  0.017752   ,  0.0460665  ])
2564    , -99.4675    , array([ 0.033644   ,  1.05693    ,  0.0177084  ,  0.0460693  ])
2568    , -99.4511    , array([ 0.0333748  ,  1.05043    ,  0.0175388  ,  0.0462615  ])
2572    , -99.4473    , array([ 0.0331623  ,  1.04534    ,  0.0174049  ,  0.0464123  ])
2576    , -99.4149    , array([ 0.0321459  ,  1.03523    ,  0.0168327  ,  0.0467043  ])
2580    , -99.402     , array([ 0.0313575  ,  1.02734    ,  0.0163887  ,  0.0469324  ])
2584    , -99.4       , array([ 0.0308988  ,  1.02275    ,  0.0161304  ,  0.0470651  ])
2588    , -99.369     , array([ 0.0317529  ,  1.04323    ,  0.0166686  ,  0.0464587  ])
2592    , -99.3634    , array([ 0.0315107  ,  1.03743    ,  0.016516   ,  0.0466307  ])
2596    , -100.033    , array([ 0.0230367  ,  1.05119    ,  0.0115495  ,  0.0476798  ])
2600    , -99.4171    , array([ 0.0282739  ,  1.04268    ,  0.0146189  ,  0.0470314  ])
2604    , -99.3634    , array([ 0.0315586  ,  1.03735    ,  0.016544   ,  0.0466247  ])
2608    , -99.3634    , array([ 0.0315617  ,  1.03734    ,  0.0165458  ,  0.0466243  ])
2612    , -99.3634    , array([ 0.0315647  ,  1.03734    ,  0.0165476  ,  0.046624   ])
2616    , -99.5851    , array([ 0.036489   ,  1.03142    ,  0.0195697  ,  0.0464278  ])
2620    , -99.3632    , array([ 0.0317047  ,  1.03717    ,  0.0166335  ,  0.0466184  ])
2624    , -99.3632    , array([ 0.031714   ,  1.03716    ,  0.0166392  ,  0.046618   ])
2628    , -99.3309    , array([ 0.0294392  ,  1.01446    ,  0.0153577  ,  0.0472745  ])
2632    , -99.3315    , array([ 0.0303056  ,  1.02313    ,  0.0158457  ,  0.0470238  ])
2636    , -99.3321    , array([ 0.0265185  ,  0.99155    ,  0.0137621  ,  0.0479065  ])
2640    , -99.304     , array([ 0.0303319  ,  1.03023    ,  0.0158932  ,  0.0468105  ])
2644    , -99.304     , array([ 0.0303124  ,  1.02977    ,  0.015881   ,  0.0468243  ])
2648    , -100.03     , array([ 0.021867   ,  1.04422    ,  0.0109325  ,  0.0478531  ])
2652    , -99.3486    , array([ 0.0271043  ,  1.03571    ,  0.014002   ,  0.0472047  ])
2656    , -99.3031    , array([ 0.0298701  ,  1.03122    ,  0.015623   ,  0.0468623  ])
2660    , -99.3031    , array([ 0.0299452  ,  1.0311     ,  0.015667   ,  0.046853   ])
2664    , -101.689    , array([ 0.0219301  ,  1.04074    ,  0.0107494  ,  0.0471763  ])
2668    , -99.5252    , array([ 0.0268544  ,  1.03483    ,  0.0137715  ,  0.0469801  ])
2672    , -99.3024    , array([ 0.03011    ,  1.03092    ,  0.0157694  ,  0.0468504  ])
2676    , -99.5632    , array([ 0.0241715  ,  0.971474   ,  0.0124248  ,  0.0485683  ])
2680    , -99.2792    , array([ 0.0285776  ,  1.01558    ,  0.0149064  ,  0.0472937  ])
2684    , -99.2346    , array([ 0.0273865  ,  1.0134     ,  0.0142694  ,  0.0474082  ])
2688    , -99.0623    , array([ 0.0175174  ,  0.992896   ,  0.00898377 ,  0.0484148  ])
2692    , -99.0778    , array([ 0.020528   ,  0.99915    ,  0.0105962  ,  0.0481078  ])
2696    , -99.0617    , array([ 0.0178762  ,  0.993641   ,  0.0091759  ,  0.0483782  ])
2700    , -99.0617    , array([ 0.0179825  ,  0.993862   ,  0.00923284 ,  0.0483674  ])
2704    , -99.0518    , array([ 0.0186174  ,  1.00022    ,  0.00959044 ,  0.0481837  ])
2708    , -99.0518    , array([ 0.0185969  ,  1.00001    ,  0.00957889 ,  0.0481896  ])
2712    , -99.3578    , array([ 0.0238341  ,  0.991505   ,  0.0126484  ,  0.0475412  ])
2716    , -99.0519    , array([ 0.0186919  ,  0.999858   ,  0.00963456 ,  0.0481779  ])
2720    , -99.0518    , array([ 0.0186083  ,  0.999994   ,  0.00958555 ,  0.0481882  ])
2724    , -99.0518    , array([ 0.0186065  ,  0.999997   ,  0.00958453 ,  0.0481885  ])
2728    , -99.0518    , array([ 0.0186064  ,  0.999997   ,  0.00958447 ,  0.0481885  ])
2732    , -99.0505    , array([ 0.0186445  ,  0.999951   ,  0.00960787 ,  0.0481869  ])
2736    , -99.0467    , array([ 0.0188991  ,  0.999645   ,  0.00976409 ,  0.0481768  ])
2740    , -99.6213    , array([ 0.0360983  ,  1.03539    ,  0.0189754  ,  0.0464223  ])
2744    , -99.0341    , array([ 0.0164356  ,  0.994541   ,  0.00844439 ,  0.0484278  ])
2748    , -99.0341    , array([ 0.0163516  ,  0.994366   ,  0.00839939 ,  0.0484364  ])
2752    , -99.3254    , array([ 0.020047   ,  1.03116    ,  0.01048    ,  0.0473721  ])
2756    , -99.0342    , array([ 0.0164948  ,  0.9956     ,  0.00847936 ,  0.0483997  ])
2760    , -99.034     , array([ 0.0164055  ,  0.994706   ,  0.00842904 ,  0.0484255  ])
2764    , -99.034     , array([ 0.0164216  ,  0.994867   ,  0.00843812 ,  0.0484209  ])
2768    , -100.128    , array([ 0.0301334  ,  0.9726     ,  0.0164744  ,  0.0467231  ])
2772    , -99.091     , array([ 0.0177662  ,  0.99269    ,  0.00922613 ,  0.0482543  ])
2776    , -99.0425    , array([ 0.0158625  ,  0.995783   ,  0.0081104  ,  0.04849    ])
2780    , -99.0338    , array([ 0.0163245  ,  0.995032   ,  0.00838121 ,  0.0484328  ])
2784    , -101.953    , array([ 0.0292287  ,  0.979527   ,  0.0163003  ,  0.0479176  ])
2788    , -99.1147    , array([ 0.0177037  ,  0.99337    ,  0.0092273  ,  0.0483768  ])
2792    , -99.0289    , array([ 0.0165804  ,  0.99472    ,  0.00853789 ,  0.0484216  ])
2800    , -99.0681    , array([ 0.0125192  ,  0.986283   ,  0.00636282 ,  0.0488358  ])
2804    , -99.0265    , array([ 0.0156233  ,  0.992731   ,  0.00802531 ,  0.0485192  ])
