2352    , -93.6884    , array([ 0.0710724  ,  3.75579    ,  0.248064   ,  0.0487951  ])
2364    , -94.0815    , array([ 0.0729137  ,  3.75579    ,  0.248064   ,  0.0487951  ])
2368    , -93.6183    , array([ 0.069934   ,  3.75579    ,  0.248064   ,  0.0487951  ])
2372    , -93.6183    , array([ 0.0699225  ,  3.75579    ,  0.248064   ,  0.0487951  ])
2376    , -93.6159    , array([ 0.0699225  ,  3.73168    ,  0.248064   ,  0.0487951  ])
2380    , -93.6159    , array([ 0.0699225  ,  3.72882    ,  0.248064   ,  0.0487951  ])
2388    , -93.6283    , array([ 0.0699225  ,  3.72882    ,  0.249858   ,  0.0487951  ])
2392    , -93.6154    , array([ 0.0699225  ,  3.72882    ,  0.248365   ,  0.0487951  ])
2396    , -93.6154    , array([ 0.0699225  ,  3.72882    ,  0.248361   ,  0.0487951  ])
2404    , -330.294    , array([ 0.0699225  ,  3.72882    ,  0.248361   ,  0.0766449  ])
2408    , -93.5687    , array([ 0.0699225  ,  3.72882    ,  0.248361   ,  0.0491407  ])
2412    , -93.5687    , array([ 0.0699225  ,  3.72882    ,  0.248361   ,  0.0491372  ])
2424    , -94.0453    , array([ 0.0731399  ,  3.72882    ,  0.248361   ,  0.0491372  ])
2428    , -93.567     , array([ 0.0701016  ,  3.72882    ,  0.248361   ,  0.0491372  ])
2432    , -110.422    , array([ 0.0700998  ,  2.11079    ,  0.248361   ,  0.0491372  ])
2436    , -93.5268    , array([ 0.0700998  ,  3.63906    ,  0.248361   ,  0.0491372  ])
2440    , -93.5254    , array([ 0.0700998  ,  3.61775    ,  0.248361   ,  0.0491372  ])
2444    , -93.5254    , array([ 0.0700998  ,  3.61885    ,  0.248361   ,  0.0491372  ])
2448    , -94.3017    , array([ 0.0700998  ,  3.61885    ,  0.236656   ,  0.0491372  ])
2452    , -93.5252    , array([ 0.0700998  ,  3.61885    ,  0.248166   ,  0.0491372  ])
2456    , -19677.2    , array([ 0.0700998  ,  3.61885    ,  0.248168   ,  1.04914    ])
2460    , -12091.7    , array([ 0.0700998  ,  3.61885    ,  0.248168   ,  0.431103   ])
2464    , -1324.02    , array([ 0.0700998  ,  3.61885    ,  0.248168   ,  0.122049   ])
2468    , -93.9969    , array([ 0.0700998  ,  3.61885    ,  0.248168   ,  0.0506116  ])
2472    , -93.4855    , array([ 0.0700998  ,  3.61885    ,  0.248168   ,  0.0494521  ])
2476    , -93.3473    , array([ 0.0705642  ,  3.33092    ,  0.247662   ,  0.0502878  ])
2480    , -93.3755    , array([ 0.0709946  ,  3.06408    ,  0.247194   ,  0.0510594  ])
2484    , -93.3354    , array([ 0.0707286  ,  3.229      ,  0.247483   ,  0.0505825  ])
2496    , -93.793     , array([ 0.0734299  ,  3.229      ,  0.247483   ,  0.0505825  ])
2500    , -93.33      , array([ 0.0704063  ,  3.229      ,  0.247483   ,  0.0505825  ])
2504    , -93.33      , array([ 0.0704094  ,  3.229      ,  0.247483   ,  0.0505825  ])
2512    , -317.884    , array([ 0.0704094  ,  3.229      ,  0.247483   ,  0.0784328  ])
2516    , -93.3243    , array([ 0.0704094  ,  3.229      ,  0.247483   ,  0.0507084  ])
2520    , -3801.39    , array([ 0.0704094  ,  3.229      ,  1.24748    ,  0.0507084  ])
2524    , -740.41     , array([ 0.0704094  ,  3.229      ,  0.629449   ,  0.0507084  ])
2528    , -93.2975    , array([ 0.0704094  ,  3.229      ,  0.245347   ,  0.0507084  ])
2532    , -93.5793    , array([ 0.0710382  ,  2.83914    ,  0.244625   ,  0.0518357  ])
2536    , -93.3348    , array([ 0.0706496  ,  3.08009    ,  0.245049   ,  0.051139   ])
2540    , -93.2974    , array([ 0.0703872  ,  3.24278    ,  0.245334   ,  0.0506686  ])
2544    , -93.2973    , array([ 0.0703896  ,  3.24128    ,  0.245332   ,  0.0506729  ])
2556    , -93.7713    , array([ 0.0729921  ,  3.24128    ,  0.245332   ,  0.0506729  ])
2560    , -93.2856    , array([ 0.0699258  ,  3.24128    ,  0.245332   ,  0.0506729  ])
2564    , -93.2856    , array([ 0.0699211  ,  3.24128    ,  0.245332   ,  0.0506729  ])
2572    , -317.245    , array([ 0.0699211  ,  3.24128    ,  0.245332   ,  0.0785231  ])
2576    , -93.2748    , array([ 0.0699211  ,  3.24128    ,  0.245332   ,  0.050845   ])
2580    , -3838.18    , array([ 0.0699211  ,  3.24128    ,  1.24533    ,  0.050845   ])
2584    , -746.785    , array([ 0.0699211  ,  3.24128    ,  0.627298   ,  0.050845   ])
2588    , -93.2486    , array([ 0.0699211  ,  3.24128    ,  0.24323    ,  0.050845   ])
2592    , -93.5081    , array([ 0.0705498  ,  2.85143    ,  0.242507   ,  0.0519723  ])
2596    , -93.2787    , array([ 0.0701612  ,  3.09237    ,  0.24293    ,  0.0512756  ])
2600    , -93.2486    , array([ 0.0699287  ,  3.23657    ,  0.243183   ,  0.0508587  ])
2604    , -93.2005    , array([ 0.0694677  ,  3.23186    ,  0.241035   ,  0.0510444  ])
2608    , -91.8456    , array([ 0.0409457  ,  2.94044    ,  0.108119   ,  0.0625386  ])
2612    , -91.9355    , array([ 0.0515552  ,  3.04884    ,  0.157561   ,  0.058263   ])
2616    , -91.8094    , array([ 0.0436972  ,  2.96855    ,  0.120942   ,  0.0614297  ])
2624    , -955.89     , array([ 0.234668   ,  2.96855    ,  0.120942   ,  0.0614297  ])
2628    , -1308.75    , array([ 0.00925539 ,  2.96855    ,  0.120942   ,  0.0614297  ])
2632    , -93.6122    , array([ 0.0471965  ,  2.96855    ,  0.120942   ,  0.0614297  ])
2636    , -91.8094    , array([ 0.0436868  ,  2.96855    ,  0.120942   ,  0.0614297  ])
2640    , -91.8094    , array([ 0.0436852  ,  2.96855    ,  0.120942   ,  0.0614297  ])
2644    , -91.8094    , array([ 0.0436856  ,  2.96855    ,  0.120942   ,  0.0614297  ])
2656    , -91.4666    , array([ 0.0436856  ,  2.96855    ,  0.120942   ,  0.062771   ])
2660    , -91.4398    , array([ 0.0436856  ,  2.96855    ,  0.120942   ,  0.0624847  ])
2664    , -91.5633    , array([ 0.043297   ,  3.2095     ,  0.121365   ,  0.0617881  ])
2668    , -91.4396    , array([ 0.0436729  ,  2.97639    ,  0.120955   ,  0.0624621  ])
2672    , -91.4396    , array([ 0.0436728  ,  2.97649    ,  0.120956   ,  0.0624618  ])
2676    , -92.3686    , array([ 0.0598847  ,  3.14214    ,  0.196505   ,  0.0559285  ])
2680    , -91.4343    , array([ 0.0432573  ,  2.97225    ,  0.11902    ,  0.0626292  ])
2684    , -91.4309    , array([ 0.0425837  ,  2.96536    ,  0.11588    ,  0.0629007  ])
2688    , -2973.02    , array([ 1.04257    ,  2.96525    ,  0.115829   ,  0.0629051  ])
2692    , -1669.52    , array([ 0.424539   ,  2.96525    ,  0.115829   ,  0.0629051  ])
2696    , -395.971    , array([ 0.115517   ,  2.96525    ,  0.115829   ,  0.0629051  ])
2700    , -104.616    , array([ 0.0532151  ,  2.96525    ,  0.115829   ,  0.0629051  ])
2704    , -91.351     , array([ 0.0432601  ,  2.96525    ,  0.115829   ,  0.0629051  ])
2712    , -6631.08    , array([ 0.0432601  ,  2.96525    ,  0.115829   ,  0.253762   ])
2716    , -419.264    , array([ 0.0432601  ,  2.96525    ,  0.115829   ,  0.0337022  ])
2720    , -91.3378    , array([ 0.0432601  ,  2.96525    ,  0.115829   ,  0.0631063  ])
2724    , -92.0873    , array([ 0.0422427  ,  3.59604    ,  0.116937   ,  0.0612824  ])
2728    , -91.3371    , array([ 0.0432729  ,  2.95726    ,  0.115815   ,  0.0631294  ])
2732    , -91.3367    , array([ 0.0432939  ,  2.94426    ,  0.115792   ,  0.063167   ])
2736    , -91.3367    , array([ 0.0432936  ,  2.94447    ,  0.115793   ,  0.0631664  ])
2740    , -91.3123    , array([ 0.0394665  ,  2.90537    ,  0.0979578  ,  0.0647087  ])
2744    , -91.292     , array([ 0.0408996  ,  2.92001    ,  0.104637   ,  0.0641311  ])
2748    , -91.083     , array([ 0.0364321  ,  2.80067    ,  0.0749266  ,  0.0673762  ])
2752    , -90.9991    , array([ 0.0319325  ,  2.68007    ,  0.0449548  ,  0.0706525  ])
2756    , -90.9848    , array([ 0.0321529  ,  2.68597    ,  0.0464229  ,  0.070492   ])
2768    , -90.9929    , array([ 0.0321057  ,  2.68549    ,  0.0462034  ,  0.070511   ])
2772    , -90.9732    , array([ 0.0322224  ,  2.68668    ,  0.0467469  ,  0.070464   ])
2776    , -90.9637    , array([ 0.0322818  ,  2.68729    ,  0.0470237  ,  0.0704401  ])
2780    , -90.9615    , array([ 0.0322958  ,  2.68743    ,  0.047089   ,  0.0704344  ])
2784    , -90.9615    , array([ 0.0322958  ,  2.68743    ,  0.047089   ,  0.0704344  ])
2792    , -91.9835    , array([ 0.0322958  ,  2.68743    ,  0.047089   ,  0.0722391  ])
2796    , -90.9592    , array([ 0.0322958  ,  2.68743    ,  0.047089   ,  0.0705184  ])
2800    , -91.6346    , array([ 0.0312784  ,  3.31823    ,  0.0481966  ,  0.0686925  ])
2804    , -90.9848    , array([ 0.0321299  ,  2.79027    ,  0.0472696  ,  0.0702191  ])
2808    , -91.0445    , array([ 0.0322716  ,  2.70244    ,  0.0471153  ,  0.0704731  ])
2812    , -90.9423    , array([ 0.0322773  ,  2.6989     ,  0.0471091  ,  0.0704833  ])
2816    , -90.94      , array([ 0.0322746  ,  2.70057    ,  0.0471121  ,  0.0704785  ])
2824    , -91.4811    , array([ 0.0289423  ,  2.6116     ,  0.02492    ,  0.0729034  ])
2828    , -90.9712    , array([ 0.031788   ,  2.68787    ,  0.0438748  ,  0.0708315  ])
2832    , -91.0437    , array([ 0.0323422  ,  2.70272    ,  0.0475661  ,  0.070428   ])
2836    , -91.0458    , array([ 0.032284   ,  2.70116    ,  0.0471788  ,  0.0704703  ])
2840    , -91.0461    , array([ 0.0322755  ,  2.70094    ,  0.0471223  ,  0.0704765  ])
2844    , -90.9395    , array([ 0.0322743  ,  2.7009     ,  0.047114   ,  0.0704774  ])
2848    , -90.9395    , array([ 0.0322743  ,  2.7009     ,  0.0471138  ,  0.0704774  ])
2852    , -91.0462    , array([ 0.0322743  ,  2.7009     ,  0.0471141  ,  0.0704774  ])
2856    , -90.9395    , array([ 0.0322743  ,  2.7009     ,  0.0471141  ,  0.0704774  ])
2860    , -92.8508    , array([ 0.0484862  ,  2.86655    ,  0.122664   ,  0.0639441  ])
2864    , -91.0583    , array([ 0.0349339  ,  2.72808    ,  0.0595082  ,  0.0694056  ])
2868    , -91.0153    , array([ 0.0326411  ,  2.70465    ,  0.0488236  ,  0.0703295  ])
2872    , -91.0408    , array([ 0.0323278  ,  2.70145    ,  0.0473635  ,  0.0704558  ])
2876    , -91.0454    , array([ 0.0322821  ,  2.70098    ,  0.0471505  ,  0.0704742  ])
2880    , -91.046     , array([ 0.0322754  ,  2.70092    ,  0.0471194  ,  0.0704769  ])
2884    , -91.0461    , array([ 0.0322745  ,  2.70091    ,  0.0471148  ,  0.0704773  ])
2888    , -91.0462    , array([ 0.0322743  ,  2.7009     ,  0.0471142  ,  0.0704774  ])
2892    , -90.9395    , array([ 0.0322743  ,  2.7009     ,  0.0471141  ,  0.0704774  ])
2896    , -90.9395    , array([ 0.0322743  ,  2.7009     ,  0.0471141  ,  0.0704774  ])
2900    , -90.9395    , array([ 0.0322743  ,  2.7009     ,  0.0471141  ,  0.0704774  ])
2904    , -90.9395    , array([ 0.0322743  ,  2.7009     ,  0.0471141  ,  0.0704774  ])
2916    , -90.9395    , array([ 0.0322743  ,  2.7009     ,  0.0471141  ,  0.0704776  ])
2920    , -90.9395    , array([ 0.0322743  ,  2.7009     ,  0.0471141  ,  0.0704774  ])
2924    , -90.9395    , array([ 0.0322743  ,  2.7009     ,  0.0471141  ,  0.0704774  ])
2928    , -90.9395    , array([ 0.0322743  ,  2.7009     ,  0.0471141  ,  0.0704774  ])
2932    , -92.5693    , array([ 0.0329031  ,  2.31105    ,  0.0464295  ,  0.0716046  ])
2936    , -91.2787    , array([ 0.0325145  ,  2.55199    ,  0.0468526  ,  0.070908   ])
2940    , -90.9723    , array([ 0.0323093  ,  2.67918    ,  0.0470759  ,  0.0705402  ])
2944    , -90.9439    , array([ 0.0322794  ,  2.69773    ,  0.0471085  ,  0.0704865  ])
2948    , -90.9401    , array([ 0.032275   ,  2.70044    ,  0.0471133  ,  0.0704787  ])
2952    , -90.9396    , array([ 0.0322744  ,  2.70084    ,  0.047114   ,  0.0704776  ])
2956    , -90.9395    , array([ 0.0322743  ,  2.70089    ,  0.0471141  ,  0.0704774  ])
2960    , -90.9395    , array([ 0.0322743  ,  2.7009     ,  0.0471141  ,  0.0704774  ])
2964    , -91.0462    , array([ 0.0322743  ,  2.70091    ,  0.0471141  ,  0.0704774  ])
2968    , -90.9395    , array([ 0.0322743  ,  2.70091    ,  0.0471141  ,  0.0704774  ])
2976    , -91.4811    , array([ 0.0289425  ,  2.61161    ,  0.0249214  ,  0.0729033  ])
2980    , -90.9712    , array([ 0.0317882  ,  2.68788    ,  0.0438762  ,  0.0708313  ])
2984    , -91.0436    , array([ 0.0323423  ,  2.70273    ,  0.0475674  ,  0.0704278  ])
2988    , -91.0458    , array([ 0.0322842  ,  2.70117    ,  0.0471802  ,  0.0704701  ])
2992    , -91.0461    , array([ 0.0322757  ,  2.70094    ,  0.0471237  ,  0.0704763  ])
2996    , -91.0461    , array([ 0.0322745  ,  2.70091    ,  0.0471155  ,  0.0704772  ])
3000    , -91.0462    , array([ 0.0322743  ,  2.70091    ,  0.0471142  ,  0.0704774  ])
3004    , -91.0462    , array([ 0.0322743  ,  2.70091    ,  0.0471141  ,  0.0704774  ])
3008    , -91.0462    , array([ 0.0322743  ,  2.70091    ,  0.0471141  ,  0.0704774  ])
3012    , -91.0462    , array([ 0.0322743  ,  2.70091    ,  0.0471141  ,  0.0704774  ])
3016    , -90.9395    , array([ 0.0322743  ,  2.70091    ,  0.0471141  ,  0.0704774  ])
3020    , -90.9395    , array([ 0.0322743  ,  2.70091    ,  0.0471141  ,  0.0704774  ])
