5       , -1311.29    , array([ 1.00956    ,  0.101077   ,  4.97703    ,  2.52944    ,  0.0510617  ])
10      , -1311.32    , array([ 1.01153    ,  0.101077   ,  4.97703    ,  2.52944    ,  0.0510617  ])
15      , -1311.22    , array([ 1.00183    ,  0.101077   ,  4.97703    ,  2.52944    ,  0.0510617  ])
25      , -5015.42    , array([ 1.00175    ,  0.173955   ,  4.97703    ,  2.52944    ,  0.0510617  ])
30      , -1311.16    , array([ 1.00175    ,  0.101283   ,  4.97703    ,  2.52944    ,  0.0510617  ])
35      , -1311.16    , array([ 1.00175    ,  0.101277   ,  4.97703    ,  2.52944    ,  0.0510617  ])
40      , -1315.37    , array([ 1.00175    ,  0.101277   ,  5.359      ,  2.52944    ,  0.0510617  ])
45      , -1311.15    , array([ 1.00175    ,  0.101277   ,  4.99748    ,  2.52944    ,  0.0510617  ])
50      , -1322.27    , array([ 1.00175    ,  0.101277   ,  4.99748    ,  2.91141    ,  0.0510617  ])
55      , -1311.14    , array([ 1.00175    ,  0.101277   ,  4.99748    ,  2.51648    ,  0.0510617  ])
65      , -4959.17    , array([ 1.00175    ,  0.101277   ,  4.99748    ,  2.51661    ,  0.12398    ])
70      , -1312.66    , array([ 1.00175    ,  0.101277   ,  4.99748    ,  2.51661    ,  0.0517428  ])
75      , -1311.28    , array([ 0.993943   ,  0.101476   ,  5.01794    ,  2.50378    ,  0.0508605  ])
80      , -3293.97    , array([ 0.383717   ,  0.101277   ,  4.99748    ,  2.51661    ,  0.0509611  ])
85      , -1311.11    , array([ 1.00067    ,  0.101277   ,  4.99748    ,  2.51661    ,  0.0509611  ])
90      , -40105.7    , array([ 1.0001     ,  1.10128    ,  4.99748    ,  2.51661    ,  0.0509611  ])
95      , -13796.5    , array([ 1.0001     ,  0.292073   ,  4.99748    ,  2.51661    ,  0.0509611  ])
100     , -1553.62    , array([ 1.0001     ,  0.115609   ,  4.99748    ,  2.51661    ,  0.0509611  ])
105     , -1311.1     , array([ 1.0001     ,  0.101184   ,  4.99748    ,  2.51661    ,  0.0509611  ])
110     , -1311.1     , array([ 1.0001     ,  0.101185   ,  4.99748    ,  2.51661    ,  0.0509611  ])
115     , -1311.09    , array([ 1.0001     ,  0.101185   ,  5.00669    ,  2.51661    ,  0.0509611  ])
120     , -1311.09    , array([ 1.0001     ,  0.101185   ,  5.00678    ,  2.51661    ,  0.0509611  ])
125     , -1311.09    , array([ 1.0001     ,  0.101185   ,  5.00678    ,  2.50892    ,  0.0509611  ])
140     , -1954.24    , array([ 1.0001     ,  0.101185   ,  5.00678    ,  2.50892    ,  0.0378055  ])
145     , -1311.07    , array([ 1.0001     ,  0.101185   ,  5.00678    ,  2.50892    ,  0.0508775  ])
