1744    , -22054.5    , array([ 6.02632    ,  1.13802    ,  3.60981    ,  5.79238e-05,  0.429838   ,  4.15907    ,  1.20197    ,  4.70618    ])
1752    , -21278.9    , array([ 4.58774    ,  1.13802    ,  3.60981    ,  5.79238e-05,  0.429838   ,  4.15907    ,  1.20197    ,  4.70618    ])
1760    , -22858.4    , array([ 4.57335    ,  1.51999    ,  3.60981    ,  5.79238e-05,  0.429838   ,  4.15907    ,  1.20197    ,  4.70618    ])
1768    , -21117.6    , array([ 4.57335    ,  1.00612    ,  3.60981    ,  5.79238e-05,  0.429838   ,  4.15907    ,  1.20197    ,  4.70618    ])
1776    , -20354      , array([ 4.57335    ,  1.00742    ,  2.24064    ,  5.79238e-05,  0.429838   ,  4.15907    ,  1.20197    ,  4.70618    ])
1792    , -16661.5    , array([ 4.57335    ,  1.00742    ,  2.16128    ,  0.267224   ,  0.429838   ,  4.15907    ,  1.20197    ,  4.70618    ])
1800    , -16655.8    , array([ 4.57335    ,  1.00742    ,  2.16128    ,  0.267224   ,  0.424391   ,  4.15907    ,  1.20197    ,  4.70618    ])
1808    , -16599.4    , array([ 4.57335    ,  1.00742    ,  2.16128    ,  0.267224   ,  0.407892   ,  2.54104    ,  1.20197    ,  4.70618    ])
1816    , -16355.9    , array([ 4.57335    ,  1.00742    ,  2.16128    ,  0.267224   ,  0.407892   ,  3.11365    ,  1.20197    ,  4.70618    ])
1832    , -14250.8    , array([ 4.57335    ,  1.00742    ,  2.16128    ,  0.267224   ,  0.407892   ,  3.18437    ,  4.98007    ,  4.70618    ])
1840    , -14232.1    , array([ 4.57335    ,  1.00742    ,  2.16128    ,  0.267224   ,  0.407892   ,  3.18437    ,  4.98007    ,  3.96977    ])
1848    , -14341.3    , array([ 3.57335    ,  1.00742    ,  2.16128    ,  0.267224   ,  0.407892   ,  3.18437    ,  4.98007    ,  3.9549     ])
1864    , -14149.5    , array([ 4.14157    ,  1.0129     ,  2.16128    ,  0.267224   ,  0.407892   ,  3.18437    ,  4.98007    ,  3.9549     ])
1872    , -14131.4    , array([ 4.14157    ,  1.0129     ,  2.08835    ,  0.267224   ,  0.407892   ,  3.18437    ,  4.98007    ,  3.9549     ])
1888    , -14104      , array([ 4.14157    ,  1.0129     ,  1.99715    ,  0.291099   ,  0.407892   ,  3.18437    ,  4.98007    ,  3.9549     ])
1896    , -16824      , array([ 4.14157    ,  1.0129     ,  1.99715    ,  0.290861   ,  0.789858   ,  3.18437    ,  4.98007    ,  3.9549     ])
1904    , -14094.8    , array([ 4.14157    ,  1.0129     ,  1.99715    ,  0.290861   ,  0.390258   ,  3.18437    ,  4.98007    ,  3.9549     ])
1912    , -14091.1    , array([ 4.14157    ,  1.0129     ,  1.99715    ,  0.290861   ,  0.39008    ,  3.08466    ,  4.98007    ,  3.9549     ])
1920    , -14091.1    , array([ 4.14157    ,  1.0129     ,  1.99715    ,  0.290861   ,  0.39008    ,  3.08466    ,  4.98007    ,  3.9549     ])
1936    , -14090.2    , array([ 4.14157    ,  1.0129     ,  1.99715    ,  0.290861   ,  0.39008    ,  3.08466    ,  4.99898    ,  3.9549     ])
1944    , -14094.9    , array([ 4.14157    ,  1.0129     ,  1.99715    ,  0.290861   ,  0.39008    ,  3.08466    ,  4.99991    ,  2.9549     ])
1952    , -14069      , array([ 4.14157    ,  1.0129     ,  1.99715    ,  0.290861   ,  0.39008    ,  3.08466    ,  4.99991    ,  3.37429    ])
1960    , -14060.1    , array([ 4.01138    ,  1.0129     ,  1.99715    ,  0.290861   ,  0.39008    ,  3.08466    ,  4.99991    ,  3.37429    ])
1968    , -14863.8    , array([ 4.01138    ,  1.39487    ,  1.99715    ,  0.290861   ,  0.39008    ,  3.08466    ,  4.99991    ,  3.37429    ])
1976    , -14699.7    , array([ 4.01138    ,  1.0287     ,  2.99715    ,  0.290861   ,  0.39008    ,  3.08466    ,  4.99991    ,  3.37429    ])
1984    , -14057.9    , array([ 4.01138    ,  1.0287     ,  1.99151    ,  0.290861   ,  0.39008    ,  3.08466    ,  4.99991    ,  3.37429    ])
1992    , -16583.1    , array([ 4.01138    ,  1.0287     ,  1.99151    ,  0.672827   ,  0.39008    ,  3.08466    ,  4.99991    ,  3.37429    ])
2000    , -14044.2    , array([ 4.01138    ,  1.0287     ,  1.99151    ,  0.311149   ,  0.39008    ,  3.08466    ,  4.99991    ,  3.37429    ])
2008    , -14047.8    , array([ 4.01138    ,  1.0287     ,  1.99151    ,  0.311149   ,  0.394733   ,  3.08466    ,  4.99991    ,  3.37429    ])
2016    , -14040.7    , array([ 4.01138    ,  1.0287     ,  1.99151    ,  0.311149   ,  0.379241   ,  3.08466    ,  4.99991    ,  3.37429    ])
2024    , -14040.2    , array([ 4.01138    ,  1.0287     ,  1.99151    ,  0.311149   ,  0.379241   ,  3.06254    ,  4.99991    ,  3.37429    ])
2032    , -14591.4    , array([ 4.01138    ,  1.0287     ,  1.99151    ,  0.311149   ,  0.379241   ,  3.05237    ,  3.38188    ,  3.37429    ])
2040    , -14043.9    , array([ 4.01138    ,  1.0287     ,  1.99151    ,  0.311149   ,  0.379241   ,  3.05237    ,  4.95483    ,  3.37429    ])
2048    , -14040.1    , array([ 4.01138    ,  1.0287     ,  1.99151    ,  0.311149   ,  0.379241   ,  3.05237    ,  4.99895    ,  3.37429    ])
2056    , -14040      , array([ 4.01138    ,  1.0287     ,  1.99151    ,  0.311149   ,  0.379241   ,  3.05237    ,  4.99999    ,  3.37429    ])
2064    , -14115.7    , array([ 4.01138    ,  1.0287     ,  1.99151    ,  0.311149   ,  0.379241   ,  3.05237    ,  5          ,  4.37429    ])
2072    , -14037.4    , array([ 4.01138    ,  1.0287     ,  1.99151    ,  0.311149   ,  0.379241   ,  3.05237    ,  5          ,  3.20993    ])
2080    , -16566.7    , array([ 2.39335    ,  1.0287     ,  1.99151    ,  0.311149   ,  0.379241   ,  3.05237    ,  5          ,  3.20993    ])
2088    , -14036.6    , array([ 3.97421    ,  1.0287     ,  1.99151    ,  0.311149   ,  0.379241   ,  3.05237    ,  5          ,  3.20993    ])
2096    , -14166      , array([ 3.97383    ,  1.14653    ,  1.99151    ,  0.311149   ,  0.379241   ,  3.05237    ,  5          ,  3.20993    ])
2104    , -14661.6    , array([ 3.97383    ,  1.01707    ,  2.99151    ,  0.311149   ,  0.379241   ,  3.05237    ,  5          ,  3.20993    ])
2112    , -14035.3    , array([ 3.97383    ,  1.01707    ,  2.00156    ,  0.311149   ,  0.379241   ,  3.05237    ,  5          ,  3.20993    ])
2120    , -16588.8    , array([ 3.97383    ,  1.01707    ,  2.00156    ,  0.693115   ,  0.379241   ,  3.05237    ,  5          ,  3.20993    ])
2128    , -23736.8    , array([ 3.97383    ,  1.01707    ,  2.00156    ,  0.327144   ,  1.37924    ,  3.05237    ,  5          ,  3.20993    ])
2136    , -14024.4    , array([ 3.97383    ,  1.01707    ,  2.00156    ,  0.327144   ,  0.371439   ,  3.05237    ,  5          ,  3.20993    ])
2144    , -14273      , array([ 3.97383    ,  1.01707    ,  2.00156    ,  0.327144   ,  0.369586   ,  2.43433    ,  5          ,  3.20993    ])
2152    , -14024.3    , array([ 3.97383    ,  1.01707    ,  2.00156    ,  0.327144   ,  0.369586   ,  3.05295    ,  5          ,  3.20993    ])
2160    , -14024.3    , array([ 3.97383    ,  1.01707    ,  2.00156    ,  0.327144   ,  0.369586   ,  3.05302    ,  5          ,  3.20993    ])
2168    , -14063.8    , array([ 3.97383    ,  1.01707    ,  2.00156    ,  0.327144   ,  0.369586   ,  3.05303    ,  4.69098    ,  3.20993    ])
2176    , -14024.8    , array([ 3.97383    ,  1.01707    ,  2.00156    ,  0.327144   ,  0.369586   ,  3.05303    ,  4.99342    ,  3.20993    ])
2184    , -14024.3    , array([ 3.97383    ,  1.01707    ,  2.00156    ,  0.327144   ,  0.369586   ,  3.05303    ,  4.99986    ,  3.20993    ])
2192    , -14024.3    , array([ 3.97383    ,  1.01707    ,  2.00156    ,  0.327144   ,  0.369586   ,  3.05303    ,  5          ,  3.20993    ])
2200    , -14024.3    , array([ 3.97383    ,  1.01707    ,  2.00156    ,  0.327144   ,  0.369586   ,  3.05303    ,  5          ,  3.20993    ])
2208    , -14024.3    , array([ 3.97383    ,  1.01707    ,  2.00156    ,  0.327144   ,  0.369586   ,  3.05303    ,  5          ,  3.20993    ])
2216    , -14024.2    , array([ 3.97383    ,  1.01707    ,  2.00156    ,  0.327144   ,  0.369586   ,  3.05303    ,  5          ,  3.18971    ])
2224    , -14024      , array([ 3.97383    ,  1.01707    ,  2.00156    ,  0.327144   ,  0.369586   ,  3.05303    ,  5          ,  3.17721    ])
2232    , -14023.7    , array([ 3.95227    ,  1.01707    ,  2.00156    ,  0.327144   ,  0.369586   ,  3.05303    ,  5          ,  3.17721    ])
2240    , -14986.8    , array([ 3.95227    ,  1.39904    ,  2.00156    ,  0.327144   ,  0.369586   ,  3.05303    ,  5          ,  3.17721    ])
2248    , -14022.1    , array([ 3.95227    ,  1.00344    ,  2.00156    ,  0.327144   ,  0.369586   ,  3.05303    ,  5          ,  3.17721    ])
2256    , -14021.9    , array([ 3.95227    ,  1.00344    ,  2.01465    ,  0.327144   ,  0.369586   ,  3.05303    ,  5          ,  3.17721    ])
2272    , -14016.8    , array([ 3.95227    ,  1.00344    ,  2.01411    ,  0.339752   ,  0.369586   ,  3.05303    ,  5          ,  3.17721    ])
2280    , -14021.4    , array([ 3.95227    ,  1.00344    ,  2.01411    ,  0.339752   ,  0.376064   ,  3.05303    ,  5          ,  3.17721    ])
2288    , -14014.4    , array([ 3.95227    ,  1.00344    ,  2.01411    ,  0.339752   ,  0.360763   ,  3.05303    ,  5          ,  3.17721    ])
2296    , -14014.1    , array([ 3.95227    ,  1.00344    ,  2.01411    ,  0.339752   ,  0.360763   ,  3.0895     ,  5          ,  3.17721    ])
2304    , -14014      , array([ 3.95227    ,  1.00344    ,  2.01411    ,  0.339752   ,  0.360763   ,  3.08458    ,  5          ,  3.17721    ])
2352    , -14014      , array([ 3.95227    ,  1.00344    ,  2.01411    ,  0.339752   ,  0.360763   ,  3.08458    ,  5          ,  3.17721    ])
2360    , -14015.1    , array([ 3.95227    ,  1.00344    ,  2.01411    ,  0.339752   ,  0.360763   ,  3.08458    ,  5          ,  3.23057    ])
2368    , -14013.8    , array([ 3.95227    ,  1.00344    ,  2.01411    ,  0.339752   ,  0.360763   ,  3.08458    ,  5          ,  3.14453    ])
2376    , -14094.4    , array([ 4.33424    ,  1.00344    ,  2.01411    ,  0.339752   ,  0.360763   ,  3.08458    ,  5          ,  3.14453    ])
2392    , -14011.8    , array([ 3.93528    ,  0.989559   ,  2.01411    ,  0.339752   ,  0.360763   ,  3.08458    ,  5          ,  3.14453    ])
2400    , -14129.2    , array([ 3.93528    ,  0.989559   ,  2.39608    ,  0.339752   ,  0.360763   ,  3.08458    ,  5          ,  3.14453    ])
2408    , -24200      , array([ 3.93528    ,  0.989559   ,  2.02846    ,  1.33975    ,  0.360763   ,  3.08458    ,  5          ,  3.14453    ])
2416    , -14007      , array([ 3.93528    ,  0.989559   ,  2.02846    ,  0.351764   ,  0.360763   ,  3.08458    ,  5          ,  3.14453    ])
2424    , -16657.9    , array([ 3.93528    ,  0.989559   ,  2.02846    ,  0.351764   ,  0.742729   ,  3.08458    ,  5          ,  3.14453    ])
2432    , -14005      , array([ 3.93528    ,  0.989559   ,  2.02846    ,  0.351764   ,  0.352616   ,  3.08458    ,  5          ,  3.14453    ])
2440    , -14005      , array([ 3.93528    ,  0.989559   ,  2.02846    ,  0.351764   ,  0.352616   ,  3.09959    ,  5          ,  3.14453    ])
2448    , -14005      , array([ 3.93528    ,  0.989559   ,  2.02846    ,  0.351764   ,  0.352616   ,  3.11624    ,  5          ,  3.14453    ])
2456    , -14040      , array([ 3.93528    ,  0.989559   ,  2.02846    ,  0.351764   ,  0.352616   ,  3.11624    ,  4.69098    ,  3.14453    ])
2464    , -14005.4    , array([ 3.93528    ,  0.989559   ,  2.02846    ,  0.351764   ,  0.352616   ,  3.11624    ,  4.99342    ,  3.14453    ])
2472    , -14005      , array([ 3.93528    ,  0.989559   ,  2.02846    ,  0.351764   ,  0.352616   ,  3.11624    ,  4.99986    ,  3.14453    ])
2480    , -14005      , array([ 3.93528    ,  0.989559   ,  2.02846    ,  0.351764   ,  0.352616   ,  3.11624    ,  5          ,  3.14453    ])
2488    , -14005      , array([ 3.93528    ,  0.989559   ,  2.02846    ,  0.351764   ,  0.352616   ,  3.11624    ,  5          ,  3.14453    ])
2496    , -14005      , array([ 3.93528    ,  0.989559   ,  2.02846    ,  0.351764   ,  0.352616   ,  3.11624    ,  5          ,  3.14453    ])
2504    , -14005      , array([ 3.93528    ,  0.989559   ,  2.02846    ,  0.351764   ,  0.352616   ,  3.11624    ,  5          ,  3.14453    ])
2512    , -14022.3    , array([ 3.93528    ,  0.989559   ,  2.02846    ,  0.351764   ,  0.352616   ,  3.11624    ,  5          ,  3.5265     ])
2520    , -14004.8    , array([ 3.93528    ,  0.989559   ,  2.02846    ,  0.351764   ,  0.352616   ,  3.11624    ,  5          ,  3.1141     ])
2528    , -14260      , array([ 3.31725    ,  0.989559   ,  2.02846    ,  0.351764   ,  0.352616   ,  3.11624    ,  5          ,  3.11285    ])
2536    , -18076.1    , array([ 3.9186     ,  1.98956    ,  2.02846    ,  0.351764   ,  0.352616   ,  3.11624    ,  5          ,  3.11285    ])
2544    , -14002.9    , array([ 3.9186     ,  0.976551   ,  2.02846    ,  0.351764   ,  0.352616   ,  3.11624    ,  5          ,  3.11285    ])
2552    , -14715      , array([ 3.9186     ,  0.976131   ,  1.41043    ,  0.351764   ,  0.352616   ,  3.11624    ,  5          ,  3.11285    ])
2560    , -14002.7    , array([ 3.9186     ,  0.976131   ,  2.04185    ,  0.351764   ,  0.352616   ,  3.11624    ,  5          ,  3.11285    ])
2568    , -14001      , array([ 3.9186     ,  0.976131   ,  2.04185    ,  0.372316   ,  0.352616   ,  3.11624    ,  5          ,  3.11285    ])
2584    , -13996.8    , array([ 3.9186     ,  0.976131   ,  2.04185    ,  0.363287   ,  0.345114   ,  3.11624    ,  5          ,  3.11285    ])
2592    , -13996.8    , array([ 3.9186     ,  0.976131   ,  2.04185    ,  0.363287   ,  0.345039   ,  3.12134    ,  5          ,  3.11285    ])
2600    , -14546.2    , array([ 3.9186     ,  0.976131   ,  2.04185    ,  0.363287   ,  0.345039   ,  3.1196     ,  3.38197    ,  3.11285    ])
2608    , -13999.9    , array([ 3.9186     ,  0.976131   ,  2.04185    ,  0.363287   ,  0.345039   ,  3.1196     ,  4.95492    ,  3.11285    ])
2616    , -13996.9    , array([ 3.9186     ,  0.976131   ,  2.04185    ,  0.363287   ,  0.345039   ,  3.1196     ,  4.99904    ,  3.11285    ])
2624    , -13996.8    , array([ 3.9186     ,  0.976131   ,  2.04185    ,  0.363287   ,  0.345039   ,  3.1196     ,  4.99998    ,  3.11285    ])
2632    , -13996.8    , array([ 3.9186     ,  0.976131   ,  2.04185    ,  0.363287   ,  0.345039   ,  3.1196     ,  5          ,  3.11285    ])
2640    , -13996.8    , array([ 3.9186     ,  0.976131   ,  2.04185    ,  0.363287   ,  0.345039   ,  3.1196     ,  5          ,  3.11285    ])
2648    , -13996.8    , array([ 3.9186     ,  0.976131   ,  2.04185    ,  0.363287   ,  0.345039   ,  3.1196     ,  5          ,  3.11285    ])
2656    , -14070.6    , array([ 3.9186     ,  0.976131   ,  2.04185    ,  0.363287   ,  0.345039   ,  3.1196     ,  5          ,  4.11285    ])
2664    , -13996.8    , array([ 3.9186     ,  0.976131   ,  2.04185    ,  0.363287   ,  0.345039   ,  3.1196     ,  5          ,  3.08937    ])
2672    , -13996.7    , array([ 3.9186     ,  0.976131   ,  2.04185    ,  0.363287   ,  0.345039   ,  3.1196     ,  5          ,  3.07699    ])
2680    , -13976.5    , array([ 3.8205     ,  0.897193   ,  2.12059    ,  0.431027   ,  0.300493   ,  3.13937    ,  5          ,  2.87041    ])
2688    , -13976      , array([ 3.83175    ,  0.906244   ,  2.11156    ,  0.423261   ,  0.3056     ,  3.1371     ,  5          ,  2.89417    ])
2696    , -13975.8    , array([ 3.80715    ,  0.905538   ,  2.11227    ,  0.423866   ,  0.305202   ,  3.13728    ,  5          ,  2.89231    ])
2704    , -29112.9    , array([ 3.81108    ,  0.287504   ,  2.11227    ,  0.423866   ,  0.305202   ,  3.13728    ,  5          ,  2.89231    ])
2712    , -13973.2    , array([ 3.81108    ,  0.920572   ,  2.11227    ,  0.423866   ,  0.305202   ,  3.13728    ,  5          ,  2.89231    ])
2720    , -13973.2    , array([ 3.81108    ,  0.920572   ,  2.11277    ,  0.423866   ,  0.305202   ,  3.13728    ,  5          ,  2.89231    ])
2728    , -14128.2    , array([ 3.81108    ,  0.920572   ,  2.11251    ,  0.423866   ,  0.305202   ,  3.13728    ,  5          ,  2.27428    ])
2736    , -13972.3    , array([ 3.81108    ,  0.920572   ,  2.11251    ,  0.423866   ,  0.305202   ,  3.13728    ,  5          ,  2.97189    ])
2744    , -16567.5    , array([ 3.81108    ,  0.920572   ,  2.11251    ,  0.423866   ,  0.687168   ,  3.13728    ,  5          ,  2.97189    ])
2752    , -13972.2    , array([ 3.81108    ,  0.920572   ,  2.11251    ,  0.423866   ,  0.30327    ,  3.13728    ,  5          ,  2.97189    ])
2760    , -13969      , array([ 3.81108    ,  0.920572   ,  2.11251    ,  0.423866   ,  0.30329    ,  3.22581    ,  5          ,  2.97189    ])
2768    , -14044      , array([ 3.81108    ,  0.920572   ,  2.11251    ,  0.423866   ,  0.30329    ,  3.22271    ,  4.38197    ,  2.97189    ])
2824    , -13989.6    , array([ 3.8653     ,  0.964202   ,  2.06899    ,  0.386426   ,  0.32791    ,  3.21179    ,  5          ,  3.0864     ])
2832    , -14400.6    , array([ 4.77068    ,  0.888068   ,  2.14493    ,  0.45176    ,  0.284947   ,  3.23085    ,  5          ,  2.88657    ])
2840    , -13963.2    , array([ 3.79898    ,  0.888068   ,  2.14493    ,  0.45176    ,  0.284947   ,  3.23085    ,  5          ,  2.88657    ])
2848    , -13979.3    , array([ 3.7987     ,  0.857322   ,  2.14493    ,  0.45176    ,  0.284947   ,  3.23085    ,  5          ,  2.88657    ])
2856    , -13962.8    , array([ 3.7987     ,  0.893376   ,  2.14493    ,  0.45176    ,  0.284947   ,  3.23085    ,  5          ,  2.88657    ])
2864    , -13962.8    , array([ 3.7987     ,  0.893376   ,  2.14864    ,  0.45176    ,  0.284947   ,  3.23085    ,  5          ,  2.88657    ])
2872    , -13962.2    , array([ 3.7987     ,  0.893376   ,  2.14868    ,  0.45176    ,  0.284947   ,  3.23085    ,  5          ,  2.94953    ])
2880    , -13962.2    , array([ 3.7987     ,  0.893376   ,  2.14868    ,  0.45176    ,  0.284947   ,  3.23085    ,  5          ,  2.95115    ])
2888    , -13962.1    , array([ 3.7987     ,  0.893376   ,  2.14868    ,  0.45176    ,  0.283361   ,  3.23085    ,  5          ,  2.95115    ])
2896    , -14002.3    , array([ 3.7987     ,  0.893376   ,  2.14868    ,  0.45176    ,  0.283361   ,  3.61282    ,  5          ,  2.95115    ])
2912    , -13961.9    , array([ 3.7987     ,  0.893376   ,  2.14868    ,  0.45176    ,  0.283361   ,  3.27538    ,  4.95492    ,  2.95115    ])
2960    , -14029      , array([ 3.94064    ,  1.0076     ,  2.03475    ,  0.353741   ,  0.347819   ,  3.24678    ,  5          ,  3.25096    ])
2968    , -13959.5    , array([ 3.77729    ,  0.876142   ,  2.16587    ,  0.466549   ,  0.273635   ,  3.27969    ,  5          ,  2.90591    ])
2976    , -13956.6    , array([ 3.78834    ,  0.857605   ,  2.19874    ,  0.489707   ,  0.255883   ,  3.35731    ,  5          ,  2.93786    ])
2984    , -13956.5    , array([ 3.79083    ,  0.853308   ,  2.20633    ,  0.49506    ,  0.251784   ,  3.37515    ,  5          ,  2.94509    ])
2992    , -13956.5    , array([ 3.79144    ,  0.853308   ,  2.20633    ,  0.49506    ,  0.251784   ,  3.37515    ,  5          ,  2.94509    ])
3000    , -13983.1    , array([ 3.79144    ,  0.810315   ,  2.20633    ,  0.49506    ,  0.251784   ,  3.37515    ,  5          ,  2.94509    ])
3008    , -25320.4    , array([ 3.79144    ,  0.85374    ,  0.588299   ,  0.49506    ,  0.251784   ,  3.37515    ,  5          ,  2.94509    ])
3016    , -13956.4    , array([ 3.79144    ,  0.85374    ,  2.21303    ,  0.49506    ,  0.251784   ,  3.37515    ,  5          ,  2.94509    ])
3024    , -13957.7    , array([ 3.79144    ,  0.85374    ,  2.21297    ,  0.49506    ,  0.251784   ,  3.37515    ,  5          ,  3.04299    ])
3032    , -13956.4    , array([ 3.79144    ,  0.85374    ,  2.21297    ,  0.49506    ,  0.251784   ,  3.37515    ,  5          ,  2.94637    ])
3040    , -14178.6    , array([ 3.79144    ,  0.85374    ,  2.21297    ,  0.49506    ,  0.172694   ,  3.37515    ,  5          ,  2.94636    ])
3048    , -14242.6    , array([ 3.79144    ,  0.85374    ,  2.21297    ,  0.49506    ,  0.251098   ,  4.37515    ,  5          ,  2.94636    ])
3056    , -13956.4    , array([ 3.79144    ,  0.85374    ,  2.21297    ,  0.49506    ,  0.251098   ,  3.37069    ,  5          ,  2.94636    ])
3064    , -14008.1    , array([ 3.79144    ,  0.85374    ,  2.21297    ,  0.49506    ,  0.251098   ,  3.3704     ,  4.38197    ,  2.94636    ])
3072    , -13958.1    , array([ 3.80478    ,  0.830735   ,  2.2536     ,  0.523716   ,  0.22915    ,  3.4659     ,  4.96014    ,  2.98509    ])
3080    , -13956.1    , array([ 3.79219    ,  0.852446   ,  2.21525    ,  0.496672   ,  0.249863   ,  3.37577    ,  4.96014    ,  2.94853    ])
