2984    , -41187.8    , array([ 11.766     ,  4.64453    ,  0.880267   ,  2.04101e-11,  0.653426   ,  5.29178    ,  0.868943   ,  0.223176   ])
2992    , -34788.2    , array([ 4.05591    ,  4.64453    ,  0.880267   ,  2.04101e-11,  0.653426   ,  5.29178    ,  0.868943   ,  0.223176   ])
3000    , -30282.4    , array([ 4.41213    ,  2.0265     ,  0.880267   ,  2.04101e-11,  0.653426   ,  5.29178    ,  0.868943   ,  0.223176   ])
3016    , -30179.5    , array([ 4.41213    ,  2.18165    ,  0.969064   ,  2.04101e-11,  0.653426   ,  5.29178    ,  0.868943   ,  0.223176   ])
3024    , -28472.7    , array([ 4.41213    ,  2.18165    ,  0.969064   ,  0.184058   ,  0.653426   ,  5.29178    ,  0.868943   ,  0.223176   ])
3040    , -26782.9    , array([ 4.41213    ,  2.18165    ,  0.969064   ,  0.459673   ,  1.02156    ,  5.29178    ,  0.868943   ,  0.223176   ])
3048    , -25894.1    , array([ 4.41213    ,  2.18165    ,  0.969064   ,  0.459673   ,  1.02156    ,  3.00972    ,  0.868943   ,  0.223176   ])
3056    , -27455.1    , array([ 4.41213    ,  2.18165    ,  0.969064   ,  0.459673   ,  1.02156    ,  3.00972    ,  1.25091    ,  0.223176   ])
3064    , -25702.1    , array([ 4.41213    ,  2.18165    ,  0.969064   ,  0.459673   ,  1.02156    ,  3.00972    ,  0.717018   ,  0.223176   ])
3072    , -24789      , array([ 4.41213    ,  2.18165    ,  0.969064   ,  0.459673   ,  1.02156    ,  3.00972    ,  0.717018   ,  0.133006   ])
3088    , -23989.7    , array([ 3.18773    ,  2.18165    ,  0.969064   ,  0.459673   ,  1.02156    ,  3.00972    ,  0.717018   ,  0.136853   ])
3096    , -23989.3    , array([ 3.16274    ,  2.18165    ,  0.969064   ,  0.459673   ,  1.02156    ,  3.00972    ,  0.717018   ,  0.136853   ])
3104    , -22647.6    , array([ 3.16274    ,  1.54014    ,  0.969064   ,  0.459673   ,  1.02156    ,  3.00972    ,  0.717018   ,  0.136853   ])
3112    , -22557      , array([ 3.16274    ,  1.54014    ,  1.1337     ,  0.459673   ,  1.02156    ,  3.00972    ,  0.717018   ,  0.136853   ])
3120    , -22557      , array([ 3.16274    ,  1.54014    ,  1.12807    ,  0.459673   ,  1.02156    ,  3.00972    ,  0.717018   ,  0.136853   ])
3128    , -22313.6    , array([ 3.16274    ,  1.54014    ,  1.12807    ,  0.728611   ,  2.02156    ,  3.00972    ,  0.717018   ,  0.136853   ])
3136    , -21549.6    , array([ 3.16274    ,  1.54014    ,  1.12807    ,  0.728611   ,  1.46978    ,  3.00972    ,  0.717018   ,  0.136853   ])
3144    , -21469.4    , array([ 3.16274    ,  1.54014    ,  1.12807    ,  0.728611   ,  1.46535    ,  2.42837    ,  0.717018   ,  0.136853   ])
3152    , -25398.3    , array([ 3.16274    ,  1.54014    ,  1.12807    ,  0.728611   ,  1.46535    ,  2.40168    ,  1.09898    ,  0.136853   ])
3160    , -20492.3    , array([ 3.16274    ,  1.54014    ,  1.12807    ,  0.728611   ,  1.46535    ,  2.40168    ,  0.493542   ,  0.136853   ])
3176    , -15519.9    , array([ 1.91335    ,  0.898628   ,  1.28707    ,  0.997548   ,  1.90913    ,  1.79365    ,  0.274491   ,  0.0335742  ])
3184    , -15483.8    , array([ 1.98628    ,  0.936072   ,  1.27779    ,  0.981851   ,  1.88323    ,  1.82913    ,  0.287406   ,  0.0365883  ])
3192    , -15486.8    , array([ 2.36824    ,  0.936072   ,  1.27779    ,  0.981851   ,  1.88323    ,  1.82913    ,  0.287406   ,  0.0365883  ])
3200    , -32864.1    , array([ 2.16174    ,  0.936072   ,  1.27779    ,  0.981851   ,  1.88323    ,  1.82913    ,  0.287406   ,  1.03659    ])
3208    , -16860.6    , array([ 2.16174    ,  0.936072   ,  1.27779    ,  0.981851   ,  1.88323    ,  1.82913    ,  0.287406   ,  0.109491   ])
3216    , -14299.8    , array([ 2.16174    ,  0.936072   ,  1.27779    ,  0.981851   ,  1.88323    ,  1.82913    ,  0.287406   ,  0.0582955  ])
3224    , -14074.5    , array([ 2.16174    ,  0.936072   ,  1.01042    ,  0.981851   ,  1.88323    ,  1.82913    ,  0.287406   ,  0.0580806  ])
3240    , -13916.2    , array([ 2.16174    ,  0.936072   ,  0.905426   ,  0.681021   ,  1.88323    ,  1.82913    ,  0.287406   ,  0.0580806  ])
3248    , -13900.7    , array([ 2.16174    ,  0.936072   ,  0.905426   ,  0.677983   ,  2.01784    ,  1.82913    ,  0.287406   ,  0.0580806  ])
3256    , -13877.6    , array([ 2.16174    ,  0.936072   ,  0.905426   ,  0.677983   ,  2.01488    ,  1.2111     ,  0.287406   ,  0.0580806  ])
3272    , -13368      , array([ 2.16174    ,  0.936072   ,  0.905426   ,  0.677983   ,  2.01488    ,  1.27546    ,  0.233283   ,  0.0580806  ])
3280    , -16980.2    , array([ 2.88883    ,  1.3094     ,  0.812893   ,  0.521472   ,  1.75661    ,  1.62932    ,  0.35843    ,  0.0881328  ])
3288    , -12061.4    , array([ 1.66716    ,  0.682124   ,  0.968369   ,  0.784444   ,  2.19056    ,  1.03476    ,  0.142074   ,  0.0376386  ])
3296    , -12456.8    , array([ 2.05402    ,  0.684639   ,  0.967746   ,  0.78339    ,  2.18882    ,  1.03715    ,  0.142942   ,  0.037841   ])
3304    , -34802.7    , array([ 1.48724    ,  0.684639   ,  0.967746   ,  0.78339    ,  2.18882    ,  1.03715    ,  0.142942   ,  1.03784    ])
3312    , -18221.9    , array([ 1.48724    ,  0.684639   ,  0.967746   ,  0.78339    ,  2.18882    ,  1.03715    ,  0.142942   ,  0.110726   ])
3320    , -11970.4    , array([ 1.48724    ,  0.684639   ,  0.967746   ,  0.78339    ,  2.18882    ,  1.03715    ,  0.142942   ,  0.0404031  ])
3328    , -12042.4    , array([ 1.48724    ,  0.684639   ,  1.04423    ,  0.78339    ,  2.18882    ,  1.03715    ,  0.142942   ,  0.0403778  ])
3336    , -11868.7    , array([ 1.48724    ,  0.684639   ,  0.772619   ,  0.78339    ,  2.18882    ,  1.03715    ,  0.142942   ,  0.0403778  ])
3344    , -11663      , array([ 1.48724    ,  0.684639   ,  0.772619   ,  0.316702   ,  2.18882    ,  1.03715    ,  0.142942   ,  0.0403778  ])
3352    , -11593.3    , array([ 1.48724    ,  0.684639   ,  0.772619   ,  0.316702   ,  1.83674    ,  1.03715    ,  0.142942   ,  0.0403778  ])
3360    , -11593.1    , array([ 1.48724    ,  0.684639   ,  0.772619   ,  0.316702   ,  1.82154    ,  1.03715    ,  0.142942   ,  0.0403778  ])
3368    , -73924.5    , array([ 1.48724    ,  0.684639   ,  0.772619   ,  0.316702   ,  1.82154    ,  0.425294   ,  1.14294    ,  0.0403778  ])
3376    , -12583.2    , array([ 1.48724    ,  0.684639   ,  0.772619   ,  0.316702   ,  1.82154    ,  0.425294   ,  0.186271   ,  0.0403778  ])
3392    , -11519.4    , array([ 1.42063    ,  0.650438   ,  0.781096   ,  0.33104    ,  1.8452     ,  0.392878   ,  0.125829   ,  0.0376247  ])
3400    , -11519.3    , array([ 1.42347    ,  0.651891   ,  0.780736   ,  0.33043    ,  1.84419    ,  0.394255   ,  0.12633    ,  0.0377417  ])
3408    , -11498.4    , array([ 1.51639    ,  0.651891   ,  0.780736   ,  0.33043    ,  1.84419    ,  0.394255   ,  0.12633    ,  0.0377417  ])
3424    , -11495.4    , array([ 1.51733    ,  0.651891   ,  0.780736   ,  0.33043    ,  1.84419    ,  0.394255   ,  0.12633    ,  0.0386188  ])
3432    , -11707.1    , array([ 1.51733    ,  0.651891   ,  1.1627     ,  0.33043    ,  1.84419    ,  0.394255   ,  0.12633    ,  0.0386039  ])
3440    , -11490.9    , array([ 1.51733    ,  0.651891   ,  0.81622    ,  0.33043    ,  1.84419    ,  0.394255   ,  0.12633    ,  0.0386039  ])
3448    , -11486.5    , array([ 1.51733    ,  0.651891   ,  0.81622    ,  0.208496   ,  1.84419    ,  0.394255   ,  0.12633    ,  0.0386039  ])
3456    , -11484.2    , array([ 1.51733    ,  0.651891   ,  0.81622    ,  0.25234    ,  1.84419    ,  0.394255   ,  0.12633    ,  0.0386039  ])
3464    , -11439.2    , array([ 1.51733    ,  0.651891   ,  0.81622    ,  0.25234    ,  1.55348    ,  0.394255   ,  0.12633    ,  0.0386039  ])
3488    , -21851.5    , array([ 1.51733    ,  0.651891   ,  0.81622    ,  0.25234    ,  1.55348    ,  0.00156961 ,  0.317111   ,  0.0386039  ])
3496    , -11430.3    , array([ 1.51733    ,  0.651891   ,  0.81622    ,  0.25234    ,  1.55348    ,  0.00156961 ,  0.126795   ,  0.0386039  ])
3504    , -12802.2    , array([ 1.88086    ,  0.83855    ,  0.769955   ,  0.174087   ,  1.42435    ,  0.17849    ,  0.191176   ,  0.0536295  ])
3520    , -11427.8    , array([ 1.51452    ,  0.650448   ,  0.816577   ,  0.252945   ,  1.55448    ,  0.000201725,  0.126297   ,  0.0384878  ])
3528    , -11427.5    , array([ 1.51415    ,  0.650257   ,  0.816625   ,  0.253025   ,  1.55461    ,  2.12107e-05,  0.126231   ,  0.0384724  ])
3536    , -11418.3    , array([ 1.58043    ,  0.650257   ,  0.816625   ,  0.253025   ,  1.55461    ,  2.12107e-05,  0.126231   ,  0.0384724  ])
3544    , -42502.9    , array([ 1.5811     ,  0.650257   ,  0.816625   ,  0.253025   ,  1.55461    ,  2.12107e-05,  0.126231   ,  0.229007   ])
3552    , -11417.7    , array([ 1.5811     ,  0.650257   ,  0.816625   ,  0.253025   ,  1.55461    ,  2.12107e-05,  0.126231   ,  0.0390653  ])
3560    , -21901.3    , array([ 1.5811     ,  0.650257   ,  0.198591   ,  0.253025   ,  1.55461    ,  2.12107e-05,  0.126231   ,  0.0388851  ])
3568    , -11401.5    , array([ 1.5811     ,  0.650257   ,  0.890817   ,  0.253025   ,  1.55461    ,  2.12107e-05,  0.126231   ,  0.0388851  ])
3576    , -11398.2    , array([ 1.5811     ,  0.650257   ,  0.890817   ,  0.307733   ,  1.55461    ,  2.12107e-05,  0.126231   ,  0.0388851  ])
3584    , -11550.4    , array([ 1.5811     ,  0.650257   ,  0.890817   ,  0.305699   ,  0.936576   ,  2.12107e-05,  0.126231   ,  0.0388851  ])
3592    , -11460.8    , array([ 1.5811     ,  0.650257   ,  0.890817   ,  0.305699   ,  1.42065    ,  1.00002    ,  0.126231   ,  0.0388851  ])
3600    , -11390.4    , array([ 1.5811     ,  0.650257   ,  0.890817   ,  0.305699   ,  1.42065    ,  0.0729702  ,  0.126231   ,  0.0388851  ])
3608    , -11387.7    , array([ 1.5811     ,  0.650257   ,  0.890817   ,  0.305699   ,  1.42065    ,  0.00157402 ,  0.126231   ,  0.0388851  ])
3616    , -11387.6    , array([ 1.5811     ,  0.650257   ,  0.890817   ,  0.305699   ,  1.42065    ,  5.42641e-05,  0.126231   ,  0.0388851  ])
3624    , -11387.6    , array([ 1.5811     ,  0.650257   ,  0.890817   ,  0.305699   ,  1.42065    ,  5.13751e-07,  0.126231   ,  0.0388851  ])
3632    , -36320.2    , array([ 1.5811     ,  0.650257   ,  0.890817   ,  0.305699   ,  1.42065    ,  1.81564e-07,  0.508197   ,  0.0388851  ])
3640    , -11386.7    , array([ 1.5811     ,  0.650257   ,  0.890817   ,  0.305699   ,  1.42065    ,  1.81564e-07,  0.127387   ,  0.0388851  ])
3680    , -11386.7    , array([ 1.5811     ,  0.650257   ,  0.890817   ,  0.305699   ,  1.42065    ,  9.42967e-08,  0.127375   ,  0.0388851  ])
3688    , -11386.7    , array([ 1.5811     ,  0.650257   ,  0.890817   ,  0.305699   ,  1.42065    ,  2.1665e-09 ,  0.127375   ,  0.0388851  ])
3696    , -11400.6    , array([ 1.69448    ,  0.650257   ,  0.890817   ,  0.305699   ,  1.42065    ,  2.1665e-09 ,  0.127375   ,  0.0388851  ])
3712    , -22052.6    , array([ 1.60217    ,  0.650257   ,  0.890817   ,  0.305699   ,  1.42065    ,  2.1665e-09 ,  0.127375   ,  0.00444326 ])
3720    , -11377.8    , array([ 1.60217    ,  0.650257   ,  0.890817   ,  0.305699   ,  1.42065    ,  2.1665e-09 ,  0.127375   ,  0.0402757  ])
3728    , -11370.1    , array([ 1.60217    ,  0.650257   ,  0.954671   ,  0.305699   ,  1.42065    ,  2.1665e-09 ,  0.127375   ,  0.0402757  ])
3744    , -11367.7    , array([ 1.60217    ,  0.650257   ,  0.948135   ,  0.349831   ,  1.42065    ,  2.1665e-09 ,  0.127375   ,  0.0402757  ])
3752    , -11364.1    , array([ 1.60217    ,  0.650257   ,  0.948135   ,  0.349831   ,  1.34579    ,  2.1665e-09 ,  0.127375   ,  0.0402757  ])
3760    , -11381.4    , array([ 1.60217    ,  0.650257   ,  0.948135   ,  0.349831   ,  1.34579    ,  0.381966   ,  0.127375   ,  0.0402757  ])
3768    , -11364.4    , array([ 1.60217    ,  0.650257   ,  0.948135   ,  0.349831   ,  1.34579    ,  0.0106431  ,  0.127375   ,  0.0402757  ])
3776    , -11364.1    , array([ 1.60217    ,  0.650257   ,  0.948135   ,  0.349831   ,  1.34579    ,  0.000226554,  0.127375   ,  0.0402757  ])
3784    , -11364.1    , array([ 1.60217    ,  0.650257   ,  0.948135   ,  0.349831   ,  1.34579    ,  4.8246e-06 ,  0.127375   ,  0.0402757  ])
3792    , -11364.1    , array([ 1.60217    ,  0.650257   ,  0.948135   ,  0.349831   ,  1.34579    ,  1.04818e-07,  0.127375   ,  0.0402757  ])
3800    , -11364.1    , array([ 1.60217    ,  0.650257   ,  0.948135   ,  0.349831   ,  1.34579    ,  4.35156e-09,  0.127375   ,  0.0402757  ])
3808    , -11364.1    , array([ 1.60217    ,  0.650257   ,  0.948135   ,  0.349831   ,  1.34579    ,  4.57114e-11,  0.127375   ,  0.0402757  ])
3824    , -11363.7    , array([ 1.60217    ,  0.650257   ,  0.948135   ,  0.349831   ,  1.34579    ,  1.01796e-11,  0.128115   ,  0.0402757  ])
3840    , -11371.9    , array([ 1.60991    ,  0.654231   ,  0.94715    ,  0.348166   ,  1.34304    ,  0.00376597 ,  0.129478   ,  0.0405955  ])
3848    , -11363.9    , array([ 1.60234    ,  0.650342   ,  0.948114   ,  0.349796   ,  1.34573    ,  8.01634e-05,  0.128137   ,  0.0402825  ])
3856    , -11363.7    , array([ 1.60218    ,  0.650259   ,  0.948135   ,  0.349831   ,  1.34578    ,  1.70639e-06,  0.128108   ,  0.0402759  ])
3864    , -11363.7    , array([ 1.60217    ,  0.650257   ,  0.948135   ,  0.349831   ,  1.34579    ,  3.63325e-08,  0.128107   ,  0.0402757  ])
3872    , -11363.7    , array([ 1.60217    ,  0.650257   ,  0.948135   ,  0.349831   ,  1.34579    ,  7.83345e-10,  0.128107   ,  0.0402757  ])
3880    , -11363.7    , array([ 1.60217    ,  0.650257   ,  0.948135   ,  0.349831   ,  1.34579    ,  2.66374e-11,  0.128107   ,  0.0402757  ])
3888    , -12836.2    , array([ 0.98414    ,  0.650257   ,  0.948135   ,  0.349831   ,  1.34579    ,  2.68446e-12,  0.128107   ,  0.0402757  ])
3896    , -11363.6    , array([ 1.61096    ,  0.650257   ,  0.948135   ,  0.349831   ,  1.34579    ,  2.68446e-12,  0.128107   ,  0.0402757  ])
3912    , -11360.3    , array([ 1.61096    ,  0.650257   ,  0.948135   ,  0.349831   ,  1.34579    ,  2.68446e-12,  0.128107   ,  0.0411859  ])
3920    , -11383      , array([ 1.61096    ,  0.650257   ,  1.11545    ,  0.349831   ,  1.34579    ,  2.68446e-12,  0.128107   ,  0.0411859  ])
3936    , -11356.3    , array([ 1.61096    ,  0.650257   ,  0.987011   ,  0.378091   ,  1.34579    ,  2.68446e-12,  0.128107   ,  0.0411859  ])
3944    , -11355.8    , array([ 1.61096    ,  0.650257   ,  0.987011   ,  0.377811   ,  1.33555    ,  2.68446e-12,  0.128107   ,  0.0411859  ])
3952    , -11355      , array([ 1.61096    ,  0.650257   ,  0.987011   ,  0.377811   ,  1.30227    ,  2.68446e-12,  0.128107   ,  0.0411859  ])
3960    , -11355.7    , array([ 1.61096    ,  0.650257   ,  0.987011   ,  0.377811   ,  1.30227    ,  0.027864   ,  0.128107   ,  0.0411859  ])
3968    , -11355      , array([ 1.61096    ,  0.650257   ,  0.987011   ,  0.377811   ,  1.30227    ,  0.00059312 ,  0.128107   ,  0.0411859  ])
3976    , -11355      , array([ 1.61096    ,  0.650257   ,  0.987011   ,  0.377811   ,  1.30227    ,  1.26253e-05,  0.128107   ,  0.0411859  ])
3984    , -11355      , array([ 1.61096    ,  0.650257   ,  0.987011   ,  0.377811   ,  1.30227    ,  2.68748e-07,  0.128107   ,  0.0411859  ])
3992    , -11355      , array([ 1.61096    ,  0.650257   ,  0.987011   ,  0.377811   ,  1.30227    ,  5.72325e-09,  0.128107   ,  0.0411859  ])
4000    , -11355      , array([ 1.61096    ,  0.650257   ,  0.987011   ,  0.377811   ,  1.30227    ,  1.24454e-10,  0.128107   ,  0.0411859  ])
4016    , -12582.1    , array([ 1.61096    ,  0.650257   ,  0.987011   ,  0.377811   ,  1.30227    ,  2.68446e-12,  0.0905981  ,  0.0411859  ])
4032    , -11439.1    , array([ 1.664      ,  0.677491   ,  0.980261   ,  0.366394   ,  1.28343    ,  0.0258124  ,  0.137933   ,  0.0433781  ])
4040    , -11356.1    , array([ 1.61209    ,  0.650837   ,  0.986868   ,  0.377568   ,  1.30187    ,  0.000549448,  0.12874    ,  0.0412326  ])
4048    , -11354.9    , array([ 1.61099    ,  0.65027    ,  0.987008   ,  0.377806   ,  1.30226    ,  1.16957e-05,  0.128544   ,  0.0411869  ])
4056    , -11354.9    , array([ 1.61096    ,  0.650258   ,  0.987011   ,  0.377811   ,  1.30227    ,  2.4896e-07 ,  0.12854    ,  0.0411859  ])
4064    , -11354.9    , array([ 1.61096    ,  0.650257   ,  0.987011   ,  0.377811   ,  1.30227    ,  5.30204e-09,  0.12854    ,  0.0411859  ])
4072    , -11354.9    , array([ 1.61096    ,  0.650257   ,  0.987011   ,  0.377811   ,  1.30227    ,  1.15488e-10,  0.12854    ,  0.0411859  ])
4080    , -11350.7    , array([ 1.61975    ,  0.650257   ,  1.02589    ,  0.40579    ,  1.25875    ,  2.68446e-12,  0.128972   ,  0.0420961  ])
4088    , -11350.2    , array([ 1.62368    ,  0.650257   ,  1.04326    ,  0.418296   ,  1.2393     ,  2.68446e-12,  0.129166   ,  0.042503   ])
4096    , -11366.7    , array([ 1.72127    ,  0.650257   ,  1.04383    ,  0.418705   ,  1.23866    ,  2.68446e-12,  0.129172   ,  0.0425163  ])
4104    , -25644.4    , array([ 3.52634    ,  1.62766    ,  0.801577   ,  0.00895371 ,  0.562509   ,  0.926402   ,  0.466287   ,  0.121194   ])
4160    , -11350.2    , array([ 1.62278    ,  0.650257   ,  1.04383    ,  0.418705   ,  1.23866    ,  2.68446e-12,  0.129172   ,  0.0425163  ])
4168    , -11350.2    , array([ 1.62278    ,  0.650257   ,  1.05411    ,  0.418705   ,  1.23866    ,  2.68446e-12,  0.129172   ,  0.0425163  ])
4176    , -11350.2    , array([ 1.62278    ,  0.650257   ,  1.0475     ,  0.418705   ,  1.23866    ,  2.68446e-12,  0.129172   ,  0.0425163  ])
4184    , -11350.2    , array([ 1.62278    ,  0.650257   ,  1.0475     ,  0.418344   ,  1.23866    ,  2.68446e-12,  0.129172   ,  0.0425163  ])
4192    , -11350.2    , array([ 1.62278    ,  0.650257   ,  1.0475     ,  0.418348   ,  1.2403     ,  2.68446e-12,  0.129172   ,  0.0425163  ])
4208    , -11350.3    , array([ 1.62278    ,  0.650257   ,  1.0475     ,  0.418348   ,  1.2417     ,  0.0106431  ,  0.129172   ,  0.0425163  ])
4216    , -11350.2    , array([ 1.62278    ,  0.650257   ,  1.0475     ,  0.418348   ,  1.2417     ,  0.000226552,  0.129172   ,  0.0425163  ])
4224    , -11350.2    , array([ 1.62278    ,  0.650257   ,  1.0475     ,  0.418348   ,  1.2417     ,  4.82244e-06,  0.129172   ,  0.0425163  ])
4232    , -11350.2    , array([ 1.62278    ,  0.650257   ,  1.0475     ,  0.418348   ,  1.2417     ,  1.02654e-07,  0.129172   ,  0.0425163  ])
4240    , -11350.2    , array([ 1.62278    ,  0.650257   ,  1.0475     ,  0.418348   ,  1.2417     ,  2.18775e-09,  0.129172   ,  0.0425163  ])
4248    , -11350.2    , array([ 1.62278    ,  0.650257   ,  1.0475     ,  0.418348   ,  1.2417     ,  4.91962e-11,  0.129172   ,  0.0425163  ])
4264    , -11350.5    , array([ 1.62278    ,  0.650257   ,  1.0475     ,  0.418348   ,  1.2417     ,  2.68446e-12,  0.129923   ,  0.0425163  ])
4272    , -11350.2    , array([ 1.62278    ,  0.650257   ,  1.0475     ,  0.418348   ,  1.2417     ,  2.68446e-12,  0.129186   ,  0.0425163  ])
