80      , -1310.98    , array([ 0.998509   ,  0.100591   ,  0.0503165  ,  4.99372    ,  2.49935    ])
85      , -1311.06    , array([ 1.00908    ,  0.100591   ,  0.0503165  ,  4.99372    ,  2.49935    ])
90      , -1310.98    , array([ 1.00062    ,  0.100591   ,  0.0503165  ,  4.99372    ,  2.49935    ])
95      , -24521.5    , array([ 1.00062    ,  0.482557   ,  0.0503165  ,  4.99372    ,  2.49935    ])
100     , -3886.71    , array([ 1.00062    ,  0.0661491  ,  0.0503165  ,  4.99372    ,  2.49935    ])
105     , -1310.97    , array([ 1.00062    ,  0.100541   ,  0.0503165  ,  4.99372    ,  2.49935    ])
120     , -1988.52    , array([ 1.00062    ,  0.100541   ,  0.0371608  ,  4.99372    ,  2.49935    ])
125     , -1310.97    , array([ 1.00062    ,  0.100541   ,  0.0503048  ,  4.99372    ,  2.49935    ])
130     , -1403.93    , array([ 1.00062    ,  0.100541   ,  0.0503048  ,  3.37568    ,  2.49935    ])
135     , -1310.97    , array([ 1.00062    ,  0.100541   ,  0.0503048  ,  5.00398    ,  2.49935    ])
140     , -1534.96    , array([ 1.00062    ,  0.100541   ,  0.0503048  ,  5.00398    ,  0.881316   ])
145     , -1310.97    , array([ 1.00062    ,  0.100541   ,  0.0503048  ,  5.00398    ,  2.49608    ])
150     , -1310.97    , array([ 1.00062    ,  0.100541   ,  0.0503048  ,  5.00398    ,  2.4968     ])
