565     , -1316.16    , array([ 0.937779   ,  0.101999   ,  0.0509033  ,  5.00397    ,  2.41189    ])
570     , -1311.18    , array([ 1.00054    ,  0.101999   ,  0.0509033  ,  5.00397    ,  2.41189    ])
575     , -1311.18    , array([ 1.00049    ,  0.101999   ,  0.0509033  ,  5.00397    ,  2.41189    ])
580     , -72681.8    , array([ 1.00049    ,  0.0118288  ,  0.0509033  ,  5.00397    ,  2.41189    ])
585     , -1311.24    , array([ 1.00049    ,  0.101666   ,  0.0509033  ,  5.00397    ,  2.41189    ])
590     , -13932.8    , array([ 1.00049    ,  0.101897   ,  1.0509     ,  5.00397    ,  2.41189    ])
595     , -9165.72    , array([ 1.00049    ,  0.101897   ,  0.241802   ,  5.00397    ,  2.41189    ])
600     , -2433.23    , array([ 1.00049    ,  0.101897   ,  0.078755   ,  5.00397    ,  2.41189    ])
605     , -1311.16    , array([ 1.00049    ,  0.101897   ,  0.0508603  ,  5.00397    ,  2.41189    ])
610     , -1406.19    , array([ 1.00049    ,  0.101897   ,  0.0508598  ,  3.38593    ,  2.41189    ])
615     , -1311.15    , array([ 1.00049    ,  0.101897   ,  0.0508598  ,  5.01649    ,  2.41189    ])
620     , -1544.92    , array([ 1.00049    ,  0.101897   ,  0.0508598  ,  5.01649    ,  0.793859   ])
625     , -1311.15    , array([ 1.00049    ,  0.101897   ,  0.0508598  ,  5.01649    ,  2.41629    ])
630     , -1311.15    , array([ 1.00049    ,  0.101897   ,  0.0508598  ,  5.01649    ,  2.41708    ])
