3604    , -537.997    , array([ 0.251768   ,  100        ,  0.157751   ,  0.00311419 ])
3608    , -5263.37    , array([ 0.0263486  ,  100        ,  0.157751   ,  0.00311419 ])
3612    , -204.544    , array([ 0.0557655  ,  100        ,  0.157751   ,  0.00311419 ])
3616    , -165.271    , array([ 0.0609528  ,  100        ,  0.157751   ,  0.00311419 ])
3620    , -165.271    , array([ 0.0609528  ,  98.382     ,  0.157751   ,  0.00311419 ])
3624    , -165.271    , array([ 0.0609528  ,  99.691     ,  0.157751   ,  0.00311419 ])
3628    , -165.271    , array([ 0.0609528  ,  99.9549    ,  0.157751   ,  0.00311419 ])
3632    , -165.271    , array([ 0.0609528  ,  99.9934    ,  0.157751   ,  0.00311419 ])
3636    , -165.271    , array([ 0.0609528  ,  99.999     ,  0.157751   ,  0.00311419 ])
3640    , -165.271    , array([ 0.0609528  ,  99.9999    ,  0.157751   ,  0.00311419 ])
3644    , -165.271    , array([ 0.0609528  ,  100        ,  0.157751   ,  0.00311419 ])
3648    , -165.271    , array([ 0.0609528  ,  100        ,  0.157751   ,  0.00311419 ])
3652    , -165.271    , array([ 0.0609528  ,  100        ,  0.157751   ,  0.00311419 ])
3656    , -165.271    , array([ 0.0609528  ,  100        ,  0.157751   ,  0.00311419 ])
3660    , -165.271    , array([ 0.0609528  ,  100        ,  0.157751   ,  0.00311419 ])
3664    , -165.271    , array([ 0.0609528  ,  100        ,  0.157751   ,  0.00311419 ])
3668    , -165.271    , array([ 0.0609528  ,  100        ,  0.157751   ,  0.00311419 ])
3672    , -3861.83    , array([ 0.0609528  ,  100        ,  1.15775    ,  0.00311419 ])
3676    , -3834.65    , array([ 0.0609528  ,  100        ,  0.539717   ,  0.00311419 ])
3680    , -456.572    , array([ 0.0609528  ,  100        ,  0.191058   ,  0.00311419 ])
3684    , -165.267    , array([ 0.0609528  ,  100        ,  0.157631   ,  0.00311419 ])
3692    , -38239.7    , array([ 0.0609528  ,  100        ,  0.157632   ,  0.193666   ])
3704    , -165.165    , array([ 0.0609528  ,  100        ,  0.157632   ,  0.00318955 ])
3708    , -165.068    , array([ 0.0611151  ,  100        ,  0.157514   ,  0.00322892 ])
3712    , -165.043    , array([ 0.0612655  ,  100        ,  0.157405   ,  0.00328207 ])
3716    , -165.043    , array([ 0.0612624  ,  100        ,  0.157407   ,  0.00328097 ])
3724    , -529.115    , array([ 0.252243   ,  100        ,  0.157405   ,  0.00328207 ])
3728    , -5301.75    , array([ 0.0268237  ,  100        ,  0.157405   ,  0.00328207 ])
3732    , -206.716    , array([ 0.0562405  ,  100        ,  0.157405   ,  0.00328207 ])
3736    , -164.925    , array([ 0.0615879  ,  100        ,  0.157405   ,  0.00328207 ])
3740    , -164.925    , array([ 0.0615879  ,  98.382     ,  0.157405   ,  0.00328207 ])
3744    , -164.925    , array([ 0.0615879  ,  99.691     ,  0.157405   ,  0.00328207 ])
3748    , -164.925    , array([ 0.0615879  ,  99.9549    ,  0.157405   ,  0.00328207 ])
3752    , -164.925    , array([ 0.0615879  ,  99.9934    ,  0.157405   ,  0.00328207 ])
3756    , -164.925    , array([ 0.0615879  ,  99.999     ,  0.157405   ,  0.00328207 ])
3760    , -164.925    , array([ 0.0615879  ,  99.9999    ,  0.157405   ,  0.00328207 ])
3764    , -164.925    , array([ 0.0615879  ,  100        ,  0.157405   ,  0.00328207 ])
3768    , -164.925    , array([ 0.0615879  ,  100        ,  0.157405   ,  0.00328207 ])
3772    , -164.925    , array([ 0.0615879  ,  100        ,  0.157405   ,  0.00328207 ])
3776    , -164.925    , array([ 0.0615879  ,  100        ,  0.157405   ,  0.00328207 ])
3780    , -164.925    , array([ 0.0615879  ,  100        ,  0.157405   ,  0.00328207 ])
3784    , -164.925    , array([ 0.0615879  ,  100        ,  0.157405   ,  0.00328207 ])
3788    , -164.925    , array([ 0.0615879  ,  100        ,  0.157405   ,  0.00328207 ])
3792    , -164.925    , array([ 0.0615879  ,  100        ,  0.157405   ,  0.00328207 ])
3796    , -164.925    , array([ 0.0615879  ,  100        ,  0.157405   ,  0.00328207 ])
3804    , -164.928    , array([ 0.0615879  ,  100        ,  0.157541   ,  0.00328207 ])
3808    , -164.925    , array([ 0.0615879  ,  100        ,  0.157436   ,  0.00328207 ])
3812    , -165.012    , array([ 0.0613946  ,  100        ,  0.157576   ,  0.00321377 ])
3816    , -164.913    , array([ 0.0616936  ,  100        ,  0.157359   ,  0.00331943 ])
3824    , -526.966    , array([ 0.25267    ,  100        ,  0.157359   ,  0.00331906 ])
3828    , -5182.56    , array([ 0.0272507  ,  100        ,  0.157359   ,  0.00331906 ])
3832    , -201.975    , array([ 0.0566675  ,  100        ,  0.157359   ,  0.00331906 ])
3836    , -164.91     , array([ 0.0617425  ,  100        ,  0.157359   ,  0.00331906 ])
3880    , -164.91     , array([ 0.0617425  ,  100        ,  0.157359   ,  0.00331906 ])
3884    , -164.91     , array([ 0.0617425  ,  100        ,  0.157359   ,  0.00331906 ])
3888    , -3960.38    , array([ 0.0617425  ,  100        ,  1.15736    ,  0.00331906 ])
3892    , -3929.79    , array([ 0.0617425  ,  100        ,  0.539325   ,  0.00331906 ])
3896    , -426.071    , array([ 0.0617425  ,  100        ,  0.189066   ,  0.00331906 ])
3900    , -164.909    , array([ 0.0617425  ,  100        ,  0.157421   ,  0.00331906 ])
3904    , -165.213    , array([ 0.0612365  ,  100        ,  0.15779    ,  0.00314024 ])
3908    , -164.908    , array([ 0.0617546  ,  100        ,  0.157413   ,  0.00332332 ])
