336     , -393.071    , array([ 55.5795    ,  0.0805573  ,  2.04179    ,  0.318465   ])
340     , -393.071    , array([ 57.8898    ,  0.0805573  ,  2.04179    ,  0.318465   ])
344     , -393.071    , array([ 57.947     ,  0.0805573  ,  2.04179    ,  0.318465   ])
348     , -393.071    , array([ 57.9236    ,  0.0805573  ,  2.04179    ,  0.318465   ])
356     , -840.878    , array([ 57.9236    ,  0.10842    ,  2.04179    ,  0.318465   ])
360     , -393.071    , array([ 57.9236    ,  0.0805403  ,  2.04179    ,  0.318465   ])
364     , -393.071    , array([ 57.9236    ,  0.0805544  ,  2.04179    ,  0.318465   ])
368     , -430.342    , array([ 57.9236    ,  0.0805544  ,  1.42375    ,  0.318465   ])
372     , -393.071    , array([ 57.9236    ,  0.0805544  ,  2.04245    ,  0.318465   ])
376     , -2336.78    , array([ 57.9236    ,  0.0805544  ,  2.04244    ,  1.31846    ])
380     , -2282.52    , array([ 57.9236    ,  0.0805544  ,  2.04244    ,  0.700431   ])
384     , -579.611    , array([ 57.9236    ,  0.0805544  ,  2.04244    ,  0.362154   ])
388     , -393.071    , array([ 57.9236    ,  0.0805544  ,  2.04244    ,  0.318477   ])
