620     , -1310.98    , array([ 1.00046    ,  0.0998311  ,  0.0500324  ,  5.01384    ,  2.54048    ])
625     , -1311.06    , array([ 1.00761    ,  0.0998311  ,  0.0500324  ,  5.01384    ,  2.54048    ])
630     , -1310.97    , array([ 0.998531   ,  0.0998311  ,  0.0500324  ,  5.01384    ,  2.54048    ])
635     , -24643.6    , array([ 0.998531   ,  0.481797   ,  0.0500324  ,  5.01384    ,  2.54048    ])
640     , -3943.42    , array([ 0.998531   ,  0.0653893  ,  0.0500324  ,  5.01384    ,  2.54048    ])
645     , -1310.97    , array([ 0.998531   ,  0.0998461  ,  0.0500324  ,  5.01384    ,  2.54048    ])
660     , -1997.23    , array([ 0.998531   ,  0.0998459  ,  0.0368768  ,  5.01384    ,  2.54048    ])
665     , -1310.97    , array([ 0.998531   ,  0.0998459  ,  0.0500384  ,  5.01384    ,  2.54048    ])
670     , -1341.58    , array([ 0.998531   ,  0.0998459  ,  0.0500384  ,  6.01384    ,  2.54048    ])
675     , -1310.97    , array([ 0.998531   ,  0.0998459  ,  0.0500384  ,  5.01563    ,  2.54048    ])
680     , -1310.97    , array([ 0.998531   ,  0.0998459  ,  0.0500384  ,  5.01033    ,  2.54048    ])
685     , -1376.83    , array([ 0.998531   ,  0.0998459  ,  0.0500384  ,  5.00977    ,  3.54048    ])
690     , -1310.98    , array([ 0.998531   ,  0.0998459  ,  0.0500384  ,  5.00977    ,  2.54894    ])
