8       , -573.796    , array([ 0.376141   ,  3.84393    ,  0.154531   ,  0.0186363  ])
12      , -116.846    , array([ 0.163544   ,  3.84393    ,  0.154531   ,  0.0186363  ])
16      , -106.507    , array([ 0.184123   ,  3.84393    ,  0.154531   ,  0.0186363  ])
20      , -109.39     , array([ 0.184123   ,  2.22589    ,  0.154531   ,  0.0186363  ])
24      , -106.504    , array([ 0.184123   ,  3.80197    ,  0.154531   ,  0.0186363  ])
28      , -106.502    , array([ 0.184123   ,  3.73598    ,  0.154531   ,  0.0186363  ])
36      , -1037.79    , array([ 0.184123   ,  3.73482    ,  0.345491   ,  0.0186363  ])
40      , -105.98     , array([ 0.184123   ,  3.73482    ,  0.149906   ,  0.0186363  ])
44      , -105.979    , array([ 0.184123   ,  3.73482    ,  0.150003   ,  0.0186363  ])
60      , -105.508    , array([ 0.184123   ,  3.73482    ,  0.150003   ,  0.0192044  ])
64      , -105.508    , array([ 0.184123   ,  3.73482    ,  0.150003   ,  0.0191987  ])
68      , -107.157    , array([ 0.176308   ,  2.91861    ,  0.116127   ,  0.0234064  ])
72      , -103.522    , array([ 0.180149   ,  3.31983    ,  0.132779   ,  0.021338   ])
76      , -103.52     , array([ 0.18024    ,  3.32931    ,  0.133173   ,  0.0212892  ])
84      , -583.823    , array([ 0.0900703  ,  3.32931    ,  0.133173   ,  0.0212892  ])
88      , -102.156    , array([ 0.173087   ,  3.32931    ,  0.133173   ,  0.0212892  ])
92      , -102.156    , array([ 0.173163   ,  3.32931    ,  0.133173   ,  0.0212892  ])
96      , -101.798    , array([ 0.173163   ,  2.71128    ,  0.133173   ,  0.0212892  ])
100     , -101.782    , array([ 0.173163   ,  2.80109    ,  0.133173   ,  0.0212892  ])
108     , -5961.97    , array([ 0.173163   ,  2.80109    ,  0.133173   ,  0.212198   ])
116     , -120.973    , array([ 0.173163   ,  2.80109    ,  0.133173   ,  0.0255993  ])
120     , -101.718    , array([ 0.173163   ,  2.80109    ,  0.133173   ,  0.0215141  ])
124     , -108.954    , array([ 0.179444   ,  3.45722    ,  0.160404   ,  0.0181317  ])
128     , -101.071    , array([ 0.170324   ,  2.50461    ,  0.120868   ,  0.0230425  ])
132     , -100.913    , array([ 0.171098   ,  2.58549    ,  0.124225   ,  0.0226255  ])
140     , -663.31     , array([ 0.362091   ,  2.58763    ,  0.124313   ,  0.0226145  ])
144     , -131.949    , array([ 0.136677   ,  2.58763    ,  0.124313   ,  0.0226145  ])
148     , -100.103    , array([ 0.165854   ,  2.58763    ,  0.124313   ,  0.0226145  ])
152     , -102.394    , array([ 0.165925   ,  3.58763    ,  0.124313   ,  0.0226145  ])
156     , -100.769    , array([ 0.165925   ,  2.96959    ,  0.124313   ,  0.0226145  ])
160     , -100.007    , array([ 0.165925   ,  2.41512    ,  0.124313   ,  0.0226145  ])
164     , -100.007    , array([ 0.165925   ,  2.4116     ,  0.124313   ,  0.0226145  ])
168     , -100.007    , array([ 0.165925   ,  2.41334    ,  0.124313   ,  0.0226145  ])
176     , -621.787    , array([ 0.165925   ,  2.41334    ,  0.124313   ,  0.0504689  ])
180     , -100.224    , array([ 0.165925   ,  2.41334    ,  0.124313   ,  0.023455   ])
184     , -99.8993    , array([ 0.165925   ,  2.41334    ,  0.124313   ,  0.0229151  ])
188     , -99.8993    , array([ 0.165925   ,  2.41334    ,  0.124313   ,  0.0229182  ])
192     , -99.3012    , array([ 0.16446    ,  2.26032    ,  0.117962   ,  0.023707   ])
196     , -99.3009    , array([ 0.164427   ,  2.2569     ,  0.11782    ,  0.0237246  ])
200     , -97.8793    , array([ 0.153599   ,  1.72177    ,  0.107315   ,  0.0255209  ])
204     , -97.8648    , array([ 0.154305   ,  1.75667    ,  0.108      ,  0.0254037  ])
208     , -106.648    , array([ 0.160587   ,  2.4128     ,  0.135231   ,  0.0220213  ])
212     , -97.6701    , array([ 0.155095   ,  1.83915    ,  0.111423   ,  0.0249786  ])
216     , -97.6569    , array([ 0.154923   ,  1.82127    ,  0.110681   ,  0.0250707  ])
220     , -97.6569    , array([ 0.15493    ,  1.82192    ,  0.110708   ,  0.0250674  ])
224     , -97.4606    , array([ 0.15493    ,  1.97298    ,  0.110708   ,  0.0250674  ])
228     , -97.4588    , array([ 0.15493    ,  1.95719    ,  0.110708   ,  0.0250674  ])
232     , -97.4587    , array([ 0.15493    ,  1.95856    ,  0.110708   ,  0.0250674  ])
240     , -538.526    , array([ 0.15493    ,  1.95856    ,  0.110708   ,  0.0529233  ])
244     , -97.5901    , array([ 0.15493    ,  1.95856    ,  0.110708   ,  0.025925   ])
248     , -97.3409    , array([ 0.15493    ,  1.95856    ,  0.110708   ,  0.0254133  ])
252     , -96.9493    , array([ 0.144808   ,  1.45833    ,  0.100887   ,  0.0270924  ])
256     , -96.4182    , array([ 0.148259   ,  1.62888    ,  0.104236   ,  0.02652    ])
260     , -96.4182    , array([ 0.148326   ,  1.63218    ,  0.1043     ,  0.0265089  ])
264     , -99.5082    , array([ 0.150725   ,  1.8828     ,  0.114702   ,  0.0252169  ])
268     , -96.4156    , array([ 0.148386   ,  1.63851    ,  0.104563   ,  0.0264763  ])
272     , -102.226    , array([ 0.148386   ,  2.63851    ,  0.104563   ,  0.0264763  ])
276     , -97.1666    , array([ 0.148386   ,  2.02047    ,  0.104563   ,  0.0264763  ])
280     , -96.2317    , array([ 0.148386   ,  1.74109    ,  0.104563   ,  0.0264763  ])
284     , -7269.84    , array([ 0.148386   ,  1.74109    ,  0.104563   ,  1.02648    ])
288     , -6273.8     , array([ 0.148386   ,  1.74109    ,  0.104563   ,  0.408442   ])
292     , -1660.37    , array([ 0.148386   ,  1.74109    ,  0.104563   ,  0.0994062  ])
296     , -296.862    , array([ 0.148386   ,  1.74109    ,  0.104563   ,  0.0139232  ])
300     , -96.1408    , array([ 0.148386   ,  1.74109    ,  0.104563   ,  0.0267978  ])
304     , -100.462    , array([ 0.164764   ,  2.55049    ,  0.120453   ,  0.0240777  ])
308     , -95.9738    , array([ 0.142086   ,  1.42973    ,  0.0984505  ,  0.0278397  ])
312     , -95.0305    , array([ 0.140714   ,  1.46786    ,  0.0973235  ,  0.028363   ])
316     , -94.6722    , array([ 0.125357   ,  1.13633    ,  0.0832461  ,  0.0321041  ])
320     , -94.1481    , array([ 0.130908   ,  1.25616    ,  0.0883344  ,  0.0307519  ])
324     , -94.1477    , array([ 0.130761   ,  1.25299    ,  0.0881996  ,  0.0307877  ])
328     , -100.766    , array([ 0.133161   ,  1.50361    ,  0.0986012  ,  0.0294957  ])
332     , -94.0452    , array([ 0.131      ,  1.27796    ,  0.0892358  ,  0.030659   ])
340     , -94.154     , array([ 0.130996   ,  1.43404    ,  0.0892189  ,  0.0306611  ])
344     , -93.8063    , array([ 0.130996   ,  1.34404    ,  0.0892189  ,  0.0306611  ])
348     , -93.8062    , array([ 0.130996   ,  1.34471    ,  0.0892189  ,  0.0306611  ])
356     , -417.848    , array([ 0.130996   ,  1.34471    ,  0.0892189  ,  0.0585195  ])
360     , -94.0059    , array([ 0.130996   ,  1.34471    ,  0.0892189  ,  0.0312325  ])
364     , -93.8056    , array([ 0.130996   ,  1.34471    ,  0.0892189  ,  0.0306921  ])
368     , -93.8056    , array([ 0.130996   ,  1.34471    ,  0.0892189  ,  0.0306917  ])
372     , -93.3584    , array([ 0.124897   ,  1.21304    ,  0.0836281  ,  0.0321775  ])
376     , -102.167    , array([ 0.104622   ,  0.861988   ,  0.0658465  ,  0.0370778  ])
380     , -93.3569    , array([ 0.124571   ,  1.206      ,  0.0833292  ,  0.0322569  ])
384     , -93.3572    , array([ 0.12459    ,  1.20796    ,  0.0834104  ,  0.0322468  ])
388     , -93.3568    , array([ 0.124577   ,  1.20661    ,  0.0833545  ,  0.0322538  ])
392     , -115.616    , array([ 0.124577   ,  2.20659    ,  0.0833536  ,  0.0322539  ])
396     , -97.8259    , array([ 0.124577   ,  1.58856    ,  0.0833536  ,  0.0322539  ])
400     , -93.1348    , array([ 0.124577   ,  1.26308    ,  0.0833536  ,  0.0322539  ])
404     , -5061.01    , array([ 0.124577   ,  1.26308    ,  0.0833536  ,  1.03225    ])
408     , -4596.33    , array([ 0.124577   ,  1.26308    ,  0.0833536  ,  0.41422    ])
412     , -1257.41    , array([ 0.124577   ,  1.26308    ,  0.0833536  ,  0.105189   ])
416     , -241.209    , array([ 0.124577   ,  1.26308    ,  0.0833536  ,  0.0191101  ])
420     , -93.1275    , array([ 0.124577   ,  1.26308    ,  0.0833536  ,  0.0321468  ])
424     , -96.6619    , array([ 0.110818   ,  0.966046   ,  0.0707412  ,  0.0354996  ])
428     , -93.0275    , array([ 0.119321   ,  1.14962    ,  0.0785361  ,  0.0334281  ])
432     , -92.9568    , array([ 0.121207   ,  1.19033    ,  0.0802646  ,  0.0329687  ])
436     , -92.585     , array([ 0.117775   ,  1.17319    ,  0.0771376  ,  0.0336972  ])
440     , -91.3591    , array([ 0.0930945  ,  1.05402    ,  0.0546533  ,  0.0389275  ])
444     , -91.1349    , array([ 0.0983797  ,  1.07954    ,  0.0594682  ,  0.0378074  ])
448     , -91.1339    , array([ 0.09811    ,  1.07823    ,  0.0592225  ,  0.0378646  ])
452     , -110.224    , array([ 0.100509   ,  1.32885    ,  0.0696241  ,  0.0365726  ])
456     , -90.8765    , array([ 0.0983377  ,  1.10202    ,  0.0602095  ,  0.037742   ])
460     , -97.3974    , array([ 0.1206     ,  1.58262    ,  0.0806168  ,  0.0323187  ])
464     , -90.9397    , array([ 0.0998364  ,  1.13437    ,  0.0615834  ,  0.0373769  ])
468     , -90.8735    , array([ 0.0985897  ,  1.10746    ,  0.0604406  ,  0.0376806  ])
476     , -2593.35    , array([ 0.0985897  ,  1.10746    ,  0.0604406  ,  0.228633   ])
480     , -1629.84    , array([ 0.0985897  ,  1.10746    ,  0.0604406  ,  0.00323875 ])
484     , -90.9473    , array([ 0.0985897  ,  1.10746    ,  0.0604406  ,  0.0379224  ])
488     , -90.8565    , array([ 0.0985897  ,  1.10746    ,  0.0604406  ,  0.0374939  ])
492     , -90.8565    , array([ 0.0985897  ,  1.10746    ,  0.0604406  ,  0.0374958  ])
496     , -90.6543    , array([ 0.0937708  ,  1.08419    ,  0.0560504  ,  0.038517   ])
500     , -111.122    , array([ 0.0655477  ,  0.974816   ,  0.0311195  ,  0.044231   ])
504     , -90.6526    , array([ 0.0933603  ,  1.08221    ,  0.0556764  ,  0.038604   ])
508     , -90.5126    , array([ 0.0935194  ,  1.09883    ,  0.0563663  ,  0.0385183  ])
512     , -111.203    , array([ 0.0797589  ,  0.80163    ,  0.0437471  ,  0.0418709  ])
516     , -92.5418    , array([ 0.0882624  ,  0.985206   ,  0.0515419  ,  0.0397994  ])
520     , -90.5113    , array([ 0.0936676  ,  1.1019     ,  0.0564967  ,  0.0384827  ])
524     , -90.5113    , array([ 0.0936706  ,  1.10196    ,  0.0564995  ,  0.038482   ])
536     , -200.571    , array([ 0.0936706  ,  1.10196    ,  0.0564995  ,  0.0253264  ])
540     , -90.4918    , array([ 0.0936706  ,  1.10196    ,  0.0564995  ,  0.038282   ])
544     , -101.584    , array([ 0.0706077  ,  0.990599   ,  0.0354886  ,  0.0431695  ])
548     , -90.8117    , array([ 0.0848614  ,  1.05942    ,  0.048474   ,  0.0401488  ])
552     , -90.3888    , array([ 0.090422   ,  1.08627    ,  0.0535399  ,  0.0389704  ])
556     , -90.159     , array([ 0.0873024  ,  1.08947    ,  0.0512382  ,  0.0393752  ])
560     , -89.7702    , array([ 0.0678976  ,  1.11272    ,  0.0370214  ,  0.0418456  ])
564     , -89.5925    , array([ 0.0734376  ,  1.10608    ,  0.0410802  ,  0.0411403  ])
568     , -89.5925    , array([ 0.0734376  ,  1.10608    ,  0.0410802  ,  0.0411403  ])
572     , -91.5421    , array([ 0.0876912  ,  1.17491    ,  0.0540657  ,  0.0381196  ])
576     , -89.4872    , array([ 0.0755404  ,  1.11624    ,  0.042996   ,  0.0406947  ])
580     , -89.4866    , array([ 0.0753856  ,  1.11549    ,  0.0428549  ,  0.0407275  ])
584     , -93.5408    , array([ 0.083889   ,  1.29907    ,  0.0506498  ,  0.038656   ])
588     , -89.4864    , array([ 0.0754338  ,  1.11653    ,  0.0428991  ,  0.0407157  ])
592     , -89.4864    , array([ 0.0754529  ,  1.11694    ,  0.0429166  ,  0.0407111  ])
596     , -89.4864    , array([ 0.0754356  ,  1.11657    ,  0.0429008  ,  0.0407153  ])
608     , -196.797    , array([ 0.0754356  ,  1.11657    ,  0.0429008  ,  0.0275597  ])
612     , -89.4862    , array([ 0.0754356  ,  1.11657    ,  0.0429008  ,  0.0406966  ])
616     , -89.4862    , array([ 0.0754356  ,  1.11657    ,  0.0429008  ,  0.0406966  ])
620     , -89.9694    , array([ 0.0858765  ,  1.10406    ,  0.0505502  ,  0.0393674  ])
624     , -89.4203    , array([ 0.0711179  ,  1.12175    ,  0.0397375  ,  0.0412463  ])
628     , -89.4203    , array([ 0.0711179  ,  1.12175    ,  0.0397375  ,  0.0412463  ])
632     , -92.1756    , array([ 0.0853716  ,  1.19057    ,  0.0527229  ,  0.0382256  ])
636     , -89.3953    , array([ 0.0721559  ,  1.12676    ,  0.0406831  ,  0.0410263  ])
640     , -89.3946    , array([ 0.0720212  ,  1.12611    ,  0.0405603  ,  0.0410549  ])
644     , -105.513    , array([ 0.0942746  ,  1.60667    ,  0.0609594  ,  0.0356335  ])
648     , -89.4966    , array([ 0.0729419  ,  1.14613    ,  0.0414044  ,  0.0408303  ])
652     , -89.3925    , array([ 0.0718619  ,  1.12282    ,  0.0404144  ,  0.0410934  ])
660     , -2512.64    , array([ 0.0718604  ,  1.12279    ,  0.040413   ,  0.232047   ])
664     , -1461.23    , array([ 0.0718604  ,  1.12279    ,  0.040413   ,  0.0066519  ])
668     , -89.4563    , array([ 0.0718604  ,  1.12279    ,  0.040413   ,  0.0414817  ])
672     , -89.3924    , array([ 0.0718604  ,  1.12279    ,  0.040413   ,  0.041111   ])
676     , -89.3924    , array([ 0.0718604  ,  1.12279    ,  0.040413   ,  0.0411108  ])
680     , -89.3808    , array([ 0.0704249  ,  1.12451    ,  0.0393613  ,  0.0412935  ])
684     , -89.3804    , array([ 0.0701374  ,  1.12485    ,  0.0391507  ,  0.0413301  ])
688     , -89.3493    , array([ 0.0691221  ,  1.128      ,  0.0385384  ,  0.0414184  ])
692     , -89.3058    , array([ 0.0659615  ,  1.1379     ,  0.0366396  ,  0.0416911  ])
696     , -89.3057    , array([ 0.0658565  ,  1.13823    ,  0.0365765  ,  0.0417001  ])
700     , -90.5163    , array([ 0.0931481  ,  1.1056     ,  0.0565772  ,  0.0382239  ])
704     , -89.3241    , array([ 0.0674652  ,  1.13639    ,  0.0377608  ,  0.0414935  ])
708     , -89.3049    , array([ 0.0653865  ,  1.13888    ,  0.0362378  ,  0.0417582  ])
712     , -89.3049    , array([ 0.0653971  ,  1.13886    ,  0.0362456  ,  0.0417568  ])
716     , -95.4937    , array([ 0.0739006  ,  1.32244    ,  0.0440405  ,  0.0396853  ])
720     , -89.2802    , array([ 0.0649162  ,  1.12848    ,  0.0358047  ,  0.041874   ])
724     , -89.2801    , array([ 0.0649323  ,  1.12883    ,  0.0358195  ,  0.0418701  ])
736     , -195.745    , array([ 0.0649323  ,  1.12883    ,  0.0358195  ,  0.0287145  ])
740     , -89.2779    , array([ 0.0649323  ,  1.12883    ,  0.0358195  ,  0.04194    ])
744     , -89.2805    , array([ 0.0606257  ,  1.14232    ,  0.0332322  ,  0.0423114  ])
748     , -89.2639    , array([ 0.0632873  ,  1.13398    ,  0.0348312  ,  0.0420818  ])
752     , -89.2634    , array([ 0.0628686  ,  1.13529    ,  0.0345797  ,  0.0421179  ])
756     , -90.4144    , array([ 0.0902238  ,  1.10247    ,  0.0546185  ,  0.0386363  ])
760     , -89.2814    , array([ 0.065859   ,  1.13167    ,  0.0367679  ,  0.0417381  ])
764     , -89.2589    , array([ 0.0637503  ,  1.1342     ,  0.0352229  ,  0.0420065  ])
768     , -111.42     , array([ 0.0860127  ,  1.61481    ,  0.0556302  ,  0.0365833  ])
772     , -89.3667    , array([ 0.0643512  ,  1.14717    ,  0.0357738  ,  0.0418602  ])
776     , -89.2334    , array([ 0.0632979  ,  1.12443    ,  0.0348083  ,  0.0421167  ])
784     , -2489.57    , array([ 0.0632934  ,  1.12433    ,  0.0348041  ,  0.233071   ])
788     , -1420.03    , array([ 0.0632934  ,  1.12433    ,  0.0348041  ,  0.00767601 ])
792     , -89.2892    , array([ 0.0632934  ,  1.12433    ,  0.0348041  ,  0.0425446  ])
796     , -89.2312    , array([ 0.0632934  ,  1.12433    ,  0.0348041  ,  0.0421864  ])
800     , -89.2312    , array([ 0.0632934  ,  1.12433    ,  0.0348041  ,  0.0421871  ])
804     , -89.2209    , array([ 0.061544   ,  1.12981    ,  0.0337531  ,  0.042338   ])
808     , -89.2209    , array([ 0.061544   ,  1.12981    ,  0.0337531  ,  0.042338   ])
812     , -89.1211    , array([ 0.0580225  ,  1.11564    ,  0.0315568  ,  0.0429188  ])
816     , -89.0258    , array([ 0.051798   ,  1.09057    ,  0.0276748  ,  0.0439453  ])
820     , -90.7368    , array([ 0.0790342  ,  1.05742    ,  0.04764    ,  0.0404817  ])
824     , -88.9821    , array([ 0.0558869  ,  1.08516    ,  0.0306812  ,  0.0434285  ])
828     , -88.9433    , array([ 0.0540316  ,  1.08738    ,  0.029322   ,  0.0436646  ])
832     , -89.1251    , array([ 0.0609998  ,  1.06555    ,  0.0335084  ,  0.0430636  ])
836     , -88.9404    , array([ 0.0529693  ,  1.09071    ,  0.0286838  ,  0.0437563  ])
840     , -4059.45    , array([ 0.052951   ,  1.09077    ,  0.0286728  ,  1.04376    ])
844     , -3622.13    , array([ 0.052951   ,  1.09077    ,  0.0286728  ,  0.425724   ])
848     , -952.55     , array([ 0.052951   ,  1.09077    ,  0.0286728  ,  0.116696   ])
852     , -92.4407    , array([ 0.052951   ,  1.09077    ,  0.0286728  ,  0.0466755  ])
856     , -88.9403    , array([ 0.052951   ,  1.09077    ,  0.0286728  ,  0.0437674  ])
860     , -88.9403    , array([ 0.052951   ,  1.09077    ,  0.0286728  ,  0.043769   ])
864     , -88.9403    , array([ 0.052951   ,  1.09077    ,  0.0286728  ,  0.0437674  ])
868     , -89.1165    , array([ 0.0590351  ,  1.11527    ,  0.0324673  ,  0.042764   ])
872     , -88.8714    , array([ 0.04811    ,  1.07128    ,  0.0256536  ,  0.0445658  ])
876     , -89.8438    , array([ 0.0345792  ,  1.01235    ,  0.0174938  ,  0.0468095  ])
880     , -88.8714    , array([ 0.0480616  ,  1.07108    ,  0.0256234  ,  0.0445737  ])
884     , -88.8429    , array([ 0.0489688  ,  1.06999    ,  0.0262881  ,  0.0444583  ])
888     , -88.8412    , array([ 0.049287   ,  1.06961    ,  0.0265212  ,  0.0444177  ])
892     , -88.8412    , array([ 0.0492749  ,  1.06963    ,  0.0265124  ,  0.0444193  ])
896     , -88.8357    , array([ 0.0476937  ,  1.07458    ,  0.0255624  ,  0.0445557  ])
900     , -3984.27    , array([ 0.0476937  ,  1.07458    ,  0.0255624  ,  1.04456    ])
904     , -3552.9     , array([ 0.0476937  ,  1.07458    ,  0.0255624  ,  0.426522   ])
908     , -933.009    , array([ 0.0476937  ,  1.07458    ,  0.0255624  ,  0.117494   ])
912     , -92.1843    , array([ 0.0476937  ,  1.07458    ,  0.0255624  ,  0.0474894  ])
916     , -88.8345    , array([ 0.0476937  ,  1.07458    ,  0.0255624  ,  0.0446077  ])
920     , -89.3487    , array([ 0.0636223  ,  1.13872    ,  0.0354965  ,  0.0419808  ])
924     , -88.8066    , array([ 0.0446478  ,  1.06232    ,  0.0236628  ,  0.04511    ])
928     , -88.8057    , array([ 0.0450401  ,  1.0639     ,  0.0239074  ,  0.0450453  ])
932     , -88.6969    , array([ 0.0372246  ,  1.04547    ,  0.0194741  ,  0.0462643  ])
936     , -88.6813    , array([ 0.0331259  ,  1.03579    ,  0.0171483  ,  0.0469037  ])
940     , -88.6804    , array([ 0.0338093  ,  1.0374     ,  0.0175361  ,  0.0467971  ])
944     , -88.8989    , array([ 0.0398935  ,  1.0619     ,  0.0213306  ,  0.0457937  ])
948     , -88.6632    , array([ 0.0349086  ,  1.04183    ,  0.0182217  ,  0.0466158  ])
952     , -88.6632    , array([ 0.0348709  ,  1.04168    ,  0.0181982  ,  0.046622   ])
956     , -88.6763    , array([ 0.0375325  ,  1.03334    ,  0.0197972  ,  0.0463924  ])
960     , -88.6615    , array([ 0.035494   ,  1.03972    ,  0.0185725  ,  0.0465683  ])
964     , -3822.8     , array([ 0.0354877  ,  1.03974    ,  0.0185687  ,  1.04657    ])
968     , -3402.64    , array([ 0.0354877  ,  1.03974    ,  0.0185687  ,  0.428535   ])
972     , -892.702    , array([ 0.0354877  ,  1.03974    ,  0.0185687  ,  0.119508   ])
976     , -91.6043    , array([ 0.0354877  ,  1.03974    ,  0.0185687  ,  0.04933    ])
980     , -88.6614    , array([ 0.0354877  ,  1.03974    ,  0.0185687  ,  0.0465516  ])
984     , -88.9151    , array([ 0.0242307  ,  1.01314    ,  0.012181   ,  0.0483077  ])
988     , -88.6407    , array([ 0.0311879  ,  1.02958    ,  0.0161289  ,  0.0472224  ])
992     , -88.6404    , array([ 0.0315834  ,  1.03052    ,  0.0163533  ,  0.0471607  ])
996     , -94.5707    , array([ 0.0217777  ,  0.99097    ,  0.0102356  ,  0.0487782  ])
1000    , -89.1635    , array([ 0.0278619  ,  1.01547    ,  0.0140301  ,  0.0477748  ])
1004    , -88.6337    , array([ 0.0322029  ,  1.03295    ,  0.0167375  ,  0.0470589  ])
1008    , -88.83      , array([ 0.0278963  ,  1.04644    ,  0.0141501  ,  0.0474303  ])
1012    , -88.6582    , array([ 0.0305579  ,  1.0381     ,  0.0157492  ,  0.0472008  ])
1016    , -88.6334    , array([ 0.0324188  ,  1.03227    ,  0.0168671  ,  0.0470403  ])
1024    , -2229.59    , array([ 0.032421   ,  1.03226    ,  0.0168685  ,  0.237997   ])
1028    , -1170.59    , array([ 0.032421   ,  1.03226    ,  0.0168685  ,  0.0125982  ])
1032    , -88.6742    , array([ 0.032421   ,  1.03226    ,  0.0168685  ,  0.047343   ])
1036    , -88.6333    , array([ 0.032421   ,  1.03226    ,  0.0168685  ,  0.0470208  ])
1040    , -88.6333    , array([ 0.032421   ,  1.03226    ,  0.0168685  ,  0.0470206  ])
1044    , -88.6258    , array([ 0.0306784  ,  1.02814    ,  0.0158797  ,  0.0472924  ])
1048    , -88.6256    , array([ 0.0303586  ,  1.02739    ,  0.0156982  ,  0.0473423  ])
1052    , -88.5988    , array([ 0.0271245  ,  1.01914    ,  0.0139675  ,  0.0478221  ])
1056    , -88.5846    , array([ 0.0205664  ,  1.00241    ,  0.0104569  ,  0.0487952  ])
1060    , -88.5821    , array([ 0.0220298  ,  1.00614    ,  0.0112402  ,  0.0485781  ])
1064    , -115.772    , array([ 0.0121854  ,  0.966505   ,  0.00510059 ,  0.0502016  ])
1068    , -90.1402    , array([ 0.0182695  ,  0.991002   ,  0.00889509 ,  0.0491982  ])
1072    , -88.5788    , array([ 0.0222576  ,  1.00706    ,  0.0113823  ,  0.0485405  ])
1076    , -88.5788    , array([ 0.0222624  ,  1.00708    ,  0.0113853  ,  0.0485397  ])
1080    , -88.7229    , array([ 0.024924   ,  0.998739   ,  0.0129843  ,  0.0483101  ])
1084    , -88.5782    , array([ 0.0220992  ,  1.00759    ,  0.0112873  ,  0.0485538  ])
1088    , -88.5782    , array([ 0.0221094  ,  1.00756    ,  0.0112934  ,  0.0485529  ])
1096    , -2156.54    , array([ 0.0221034  ,  1.00758    ,  0.0112898  ,  0.239511   ])
1100    , -1112.92    , array([ 0.0221034  ,  1.00758    ,  0.0112898  ,  0.0141116  ])
1104    , -88.6133    , array([ 0.0221034  ,  1.00758    ,  0.0112898  ,  0.0489037  ])
1108    , -88.5775    , array([ 0.0221034  ,  1.00758    ,  0.0112898  ,  0.0485957  ])
1112    , -88.5775    , array([ 0.0221034  ,  1.00758    ,  0.0112898  ,  0.0485953  ])
1116    , -88.5765    , array([ 0.0212415  ,  1.00538    ,  0.0108284  ,  0.0487232  ])
1120    , -88.5764    , array([ 0.0210037  ,  1.00477    ,  0.0107011  ,  0.0487585  ])
