3276    , -107.587    , array([ 0.133232   ,  2.17382    ,  0.0862036  ,  0.0333216  ])
3280    , -107.587    , array([ 0.133232   ,  2.17382    ,  0.0862036  ,  0.0333216  ])
3288    , -112.745    , array([ 0.141979   ,  2.17382    ,  0.0862036  ,  0.0333216  ])
3292    , -107.401    , array([ 0.131299   ,  2.17382    ,  0.0862036  ,  0.0333216  ])
3296    , -117.602    , array([ 0.131318   ,  3.17382    ,  0.0862036  ,  0.0333216  ])
3300    , -109.654    , array([ 0.131318   ,  2.55578    ,  0.0862036  ,  0.0333216  ])
3304    , -107.386    , array([ 0.131318   ,  2.14431    ,  0.0862036  ,  0.0333216  ])
3312    , -2373.56    , array([ 0.131318   ,  2.14399    ,  0.277136   ,  0.0333216  ])
3316    , -107.352    , array([ 0.131318   ,  2.14399    ,  0.0857539  ,  0.0333216  ])
3320    , -107.347    , array([ 0.131318   ,  2.14399    ,  0.0855147  ,  0.0333216  ])
3332    , -638.058    , array([ 0.131318   ,  2.14399    ,  0.0855147  ,  0.0106004  ])
3336    , -107.311    , array([ 0.131318   ,  2.14399    ,  0.0855147  ,  0.0335637  ])
3340    , -107.311    , array([ 0.131318   ,  2.14399    ,  0.0855147  ,  0.0335661  ])
3344    , -107.171    , array([ 0.128222   ,  2.09572    ,  0.0844001  ,  0.0339617  ])
3348    , -107.167    , array([ 0.128686   ,  2.10295    ,  0.0845672  ,  0.0339024  ])
3352    , -107.167    , array([ 0.128659   ,  2.10254    ,  0.0845576  ,  0.0339058  ])
3360    , -416.953    , array([ 0.128659   ,  2.10254    ,  0.0845576  ,  0.0617617  ])
3364    , -107.158    , array([ 0.128659   ,  2.10254    ,  0.0845576  ,  0.0338415  ])
3368    , -107.153    , array([ 0.128659   ,  2.10254    ,  0.0845576  ,  0.0337502  ])
3372    , -107.153    , array([ 0.128659   ,  2.10254    ,  0.0845576  ,  0.0337517  ])
3376    , -107.153    , array([ 0.128659   ,  2.07316    ,  0.0845576  ,  0.0337517  ])
3380    , -107.149    , array([ 0.128659   ,  2.08773    ,  0.0845576  ,  0.0337517  ])
3388    , -475        , array([ 0.128659   ,  2.08773    ,  0.157487   ,  0.0337517  ])
3392    , -107.032    , array([ 0.128659   ,  2.08773    ,  0.0833789  ,  0.0337517  ])
3396    , -107.312    , array([ 0.121698   ,  1.97922    ,  0.0808732  ,  0.034641   ])
3400    , -106.898    , array([ 0.126104   ,  2.04791    ,  0.0824592  ,  0.0340781  ])
3404    , -106.898    , array([ 0.126104   ,  2.04791    ,  0.0824592  ,  0.0340781  ])
3416    , -616.3      , array([ 0.126104   ,  2.04791    ,  0.0824592  ,  0.0114785  ])
3420    , -106.867    , array([ 0.126104   ,  2.04791    ,  0.0824592  ,  0.0343049  ])
3424    , -118.719    , array([ 0.126104   ,  3.04791    ,  0.0824592  ,  0.0343072  ])
3428    , -109.387    , array([ 0.126104   ,  2.42987    ,  0.0824592  ,  0.0343072  ])
3432    , -106.865    , array([ 0.126104   ,  2.03664    ,  0.0824592  ,  0.0343072  ])
3440    , -2622.76    , array([ 0.126104   ,  2.03664    ,  0.273388   ,  0.0343072  ])
3444    , -106.702    , array([ 0.126104   ,  2.03664    ,  0.0812407  ,  0.0343072  ])
3448    , -106.701    , array([ 0.126104   ,  2.03664    ,  0.0811006  ,  0.0343072  ])
3452    , -106.683    , array([ 0.121801   ,  1.96958    ,  0.0795519  ,  0.0348568  ])
3456    , -106.596    , array([ 0.123863   ,  2.00172    ,  0.0802941  ,  0.0345934  ])
3460    , -105.921    , array([ 0.117916   ,  1.87952    ,  0.0745964  ,  0.0359528  ])
3464    , -105.775    , array([ 0.10817    ,  1.67912    ,  0.0652383  ,  0.038184   ])
3468    , -105.606    , array([ 0.111893   ,  1.75567    ,  0.0688127  ,  0.0373317  ])
3480    , -241.394    , array([ 0.111893   ,  1.75567    ,  0.0688127  ,  0.0238789  ])
3484    , -105.034    , array([ 0.111893   ,  1.75567    ,  0.0688127  ,  0.0384034  ])
3488    , -1544.08    , array([ 0.111893   ,  0.137632   ,  0.0688127  ,  0.0384034  ])
3492    , -105.223    , array([ 0.111893   ,  1.86057    ,  0.0688127  ,  0.0384034  ])
3496    , -105.011    , array([ 0.111893   ,  1.78129    ,  0.0688127  ,  0.0384034  ])
3500    , -105.404    , array([ 0.116195   ,  1.8481     ,  0.0703614  ,  0.0378538  ])
3504    , -105.011    , array([ 0.111818   ,  1.77988    ,  0.0687859  ,  0.038413   ])
3508    , -105.011    , array([ 0.111814   ,  1.7798     ,  0.0687842  ,  0.0384136  ])
3512    , -105.011    , array([ 0.111814   ,  1.77981    ,  0.0687845  ,  0.0384135  ])
3516    , -104.617    , array([ 0.106571   ,  1.67198    ,  0.0637493  ,  0.039614   ])
3520    , -110.315    , array([ 0.0886543  ,  1.32931    ,  0.0465919  ,  0.0447797  ])
3524    , -104.615    , array([ 0.106248   ,  1.66534    ,  0.0634389  ,  0.039688   ])
3532    , -249.874    , array([ 0.106248   ,  1.66534    ,  0.0634389  ,  0.0609808  ])
3536    , -104.524    , array([ 0.106248   ,  1.66534    ,  0.0634389  ,  0.0401402  ])
3540    , -125.118    , array([ 0.106248   ,  2.66534    ,  0.0634389  ,  0.0401357  ])
3544    , -108.333    , array([ 0.106248   ,  2.0473     ,  0.0634389  ,  0.0401357  ])
3548    , -104.457    , array([ 0.106248   ,  1.70407    ,  0.0634389  ,  0.0401357  ])
3552    , -104.502    , array([ 0.103588   ,  1.66263    ,  0.0624818  ,  0.0404754  ])
3556    , -104.437    , array([ 0.105232   ,  1.68824    ,  0.0630734  ,  0.0402655  ])
3560    , -104.437    , array([ 0.105286   ,  1.68909    ,  0.063093   ,  0.0402585  ])
3564    , -105.813    , array([ 0.112671   ,  1.84095    ,  0.0701838  ,  0.0385679  ])
3568    , -104.206    , array([ 0.101683   ,  1.615      ,  0.0596331  ,  0.0410834  ])
3572    , -104.206    , array([ 0.101683   ,  1.615      ,  0.0596331  ,  0.0410834  ])
3576    , -103.819    , array([ 0.0914382  ,  1.50201    ,  0.0510902  ,  0.0442157  ])
3580    , -103.819    , array([ 0.0917033  ,  1.50493    ,  0.0513113  ,  0.0441346  ])
3584    , -103.819    , array([ 0.0916025  ,  1.50382    ,  0.0512272  ,  0.0441655  ])
3592    , -218.187    , array([ 0.0916025  ,  1.50382    ,  0.0512272  ,  0.0636776  ])
3596    , -103.813    , array([ 0.0916025  ,  1.50382    ,  0.0512272  ,  0.0440403  ])
3600    , -103.813    , array([ 0.0916025  ,  1.50382    ,  0.0512272  ,  0.0440456  ])
3604    , -160.652    , array([ 0.0916025  ,  0.885788   ,  0.0512272  ,  0.0440456  ])
3608    , -103.595    , array([ 0.0916025  ,  1.56442    ,  0.0512272  ,  0.0440456  ])
3612    , -103.524    , array([ 0.0889434  ,  1.52123    ,  0.0502701  ,  0.0443853  ])
3616    , -103.508    , array([ 0.0899591  ,  1.53706    ,  0.0506357  ,  0.0442556  ])
3620    , -103.507    , array([ 0.0897402  ,  1.53364    ,  0.0505569  ,  0.0442835  ])
3624    , -103.768    , array([ 0.0959704  ,  1.60236    ,  0.055752   ,  0.0423787  ])
3628    , -103.443    , array([ 0.0857314  ,  1.48943    ,  0.0472143  ,  0.0455091  ])
3632    , -103.443    , array([ 0.0857314  ,  1.48943    ,  0.0472143  ,  0.0455091  ])
3644    , -112.285    , array([ 0.0857314  ,  1.48943    ,  0.0472143  ,  0.0499118  ])
3648    , -103.299    , array([ 0.0857314  ,  1.48943    ,  0.0472143  ,  0.044892   ])
3656    , -103.442    , array([ 0.0857314  ,  1.62056    ,  0.0472143  ,  0.044892   ])
3660    , -103.098    , array([ 0.0857314  ,  1.54498    ,  0.0472143  ,  0.044892   ])
3664    , -103.098    , array([ 0.0857314  ,  1.54443    ,  0.0472143  ,  0.044892   ])
3668    , -103.068    , array([ 0.0846841  ,  1.5281     ,  0.0468373  ,  0.0450258  ])
3672    , -104.109    , array([ 0.100995   ,  1.70799    ,  0.0604382  ,  0.0400389  ])
3676    , -103.022    , array([ 0.0811979  ,  1.48965    ,  0.0439303  ,  0.0460916  ])
3680    , -103.021    , array([ 0.0816612  ,  1.49476    ,  0.0443167  ,  0.0459499  ])
3684    , -102.151    , array([ 0.0711136  ,  1.50991    ,  0.0368211  ,  0.0470709  ])
3688    , -102.268    , array([ 0.0606105  ,  1.52462    ,  0.0293535  ,  0.048193   ])
3692    , -101.985    , array([ 0.0656896  ,  1.51751    ,  0.0329647  ,  0.0476504  ])
3696    , -101.984    , array([ 0.065848   ,  1.51729    ,  0.0330773  ,  0.0476335  ])
3704    , -202.3      , array([ 0.065848   ,  1.51729    ,  0.0330773  ,  0.0661931  ])
3708    , -101.982    , array([ 0.065848   ,  1.51729    ,  0.0330773  ,  0.0475467  ])
3712    , -107.972    , array([ 0.0557672  ,  1.40611    ,  0.0246715  ,  0.0506279  ])
3716    , -102.251    , array([ 0.0759289  ,  1.62847    ,  0.0414832  ,  0.0444638  ])
3720    , -101.766    , array([ 0.0692329  ,  1.55462    ,  0.0358998  ,  0.046511   ])
3724    , -102.661    , array([ 0.0735354  ,  1.62168    ,  0.0374484  ,  0.0459614  ])
3728    , -101.719    , array([ 0.0680133  ,  1.53561    ,  0.0354608  ,  0.0466668  ])
3732    , -101.719    , array([ 0.0680433  ,  1.53608    ,  0.0354716  ,  0.046663   ])
3736    , -102.531    , array([ 0.0778349  ,  1.52236    ,  0.0424333  ,  0.0456168  ])
3740    , -101.435    , array([ 0.060695   ,  1.54637    ,  0.030247   ,  0.047448   ])
3744    , -101.433    , array([ 0.06114    ,  1.54575    ,  0.0305634  ,  0.0474005  ])
3752    , -3267.74    , array([ 0.0612083  ,  1.54565    ,  0.030612   ,  0.238325   ])
3756    , -1004.47    , array([ 0.0612083  ,  1.54565    ,  0.030612   ,  0.0129514  ])
3760    , -101.424    , array([ 0.0612083  ,  1.54565    ,  0.030612   ,  0.0475765  ])
3764    , -101.423    , array([ 0.0612083  ,  1.54565    ,  0.030612   ,  0.0475489  ])
3768    , -101.847    , array([ 0.0674386  ,  1.61436    ,  0.0358071  ,  0.0456441  ])
3772    , -101.383    , array([ 0.0624667  ,  1.55953    ,  0.0316612  ,  0.0471642  ])
3776    , -101.383    , array([ 0.0624376  ,  1.55921    ,  0.031637   ,  0.0471731  ])
3780    , -101.6      , array([ 0.064081   ,  1.58482    ,  0.0322285  ,  0.0469632  ])
3784    , -101.343    , array([ 0.0614049  ,  1.54311    ,  0.0312653  ,  0.047305   ])
3788    , -103.601    , array([ 0.0870292  ,  1.50704    ,  0.0494876  ,  0.0445676  ])
3792    , -101.211    , array([ 0.0568464  ,  1.54932    ,  0.0280279  ,  0.0477923  ])
3796    , -101.207    , array([ 0.0573996  ,  1.54854    ,  0.0284212  ,  0.0477332  ])
3800    , -100.811    , array([ 0.0475712  ,  1.55592    ,  0.0227874  ,  0.0486079  ])
3804    , -101.695    , array([ 0.0313619  ,  1.56813    ,  0.013487   ,  0.0500518  ])
3808    , -100.712    , array([ 0.0415404  ,  1.56046    ,  0.0193271  ,  0.0491451  ])
3812    , -10851      , array([ 0.0415404  ,  1.56046    ,  0.0193271  ,  1.04915    ])
3816    , -6931.02    , array([ 0.0415404  ,  1.56046    ,  0.0193271  ,  0.431111   ])
3820    , -1049.82    , array([ 0.0415404  ,  1.56046    ,  0.0193271  ,  0.122073   ])
3824    , -100.755    , array([ 0.0415404  ,  1.56046    ,  0.0193271  ,  0.0490174  ])
3828    , -100.657    , array([ 0.0415404  ,  1.56046    ,  0.0193271  ,  0.0495199  ])
3832    , -100.657    , array([ 0.0415404  ,  1.56046    ,  0.0193271  ,  0.0495237  ])
3836    , -100.634    , array([ 0.0419051  ,  1.56449    ,  0.0196312  ,  0.0494122  ])
3840    , -100.633    , array([ 0.0419929  ,  1.56545    ,  0.0197044  ,  0.0493854  ])
3844    , -100.633    , array([ 0.0419974  ,  1.5655     ,  0.0197082  ,  0.049384   ])
3848    , -100.598    , array([ 0.0411851  ,  1.55284    ,  0.0194158  ,  0.0494878  ])
3852    , -102.918    , array([ 0.0252864  ,  1.56482    ,  0.0102936  ,  0.0509039  ])
3856    , -100.482    , array([ 0.0351123  ,  1.55742    ,  0.0159314  ,  0.0500287  ])
3860    , -100.479    , array([ 0.035796   ,  1.5569     ,  0.0163237  ,  0.0499678  ])
3864    , -100.479    , array([ 0.0357421  ,  1.55694    ,  0.0162928  ,  0.0499726  ])
3876    , -106.884    , array([ 0.0357421  ,  1.55694    ,  0.0162928  ,  0.0543287  ])
3880    , -100.474    , array([ 0.0357421  ,  1.55694    ,  0.0162928  ,  0.0500868  ])
3884    , -115.267    , array([ 0.0520532  ,  1.73683    ,  0.0298937  ,  0.0450988  ])
3888    , -100.644    , array([ 0.0369366  ,  1.57012    ,  0.0172888  ,  0.0497205  ])
3892    , -100.469    , array([ 0.0359109  ,  1.5588     ,  0.0164336  ,  0.0500341  ])
3896    , -101.791    , array([ 0.0402135  ,  1.62587    ,  0.0179822  ,  0.0494845  ])
3900    , -100.442    , array([ 0.0352464  ,  1.54845    ,  0.0161944  ,  0.050119   ])
3904    , -110.491    , array([ 0.019359   ,  1.5606     ,  0.00707623 ,  0.0515337  ])
3908    , -100.564    , array([ 0.0291849  ,  1.5532     ,  0.0127141  ,  0.0506585  ])
3912    , -100.389    , array([ 0.0326755  ,  1.55057    ,  0.0147169  ,  0.0503475  ])
3916    , -100.315    , array([ 0.0294629  ,  1.5443     ,  0.0130572  ,  0.0507355  ])
3920    , -100.27     , array([ 0.0243084  ,  1.53393    ,  0.0104011  ,  0.0513617  ])
3924    , -100.263    , array([ 0.0255382  ,  1.5364     ,  0.0110348  ,  0.0512123  ])
3928    , -11502.3    , array([ 0.0254676  ,  1.53626    ,  0.0109984  ,  1.05122    ])
3932    , -7636.36    , array([ 0.0254676  ,  1.53626    ,  0.0109984  ,  0.433187   ])
3936    , -1079.46    , array([ 0.0254676  ,  1.53626    ,  0.0109984  ,  0.124147   ])
3940    , -100.322    , array([ 0.0254676  ,  1.53626    ,  0.0109984  ,  0.050956   ])
3944    , -100.252    , array([ 0.0254676  ,  1.53626    ,  0.0109984  ,  0.0513853  ])
3948    , -100.252    , array([ 0.0254676  ,  1.53626    ,  0.0109984  ,  0.051387   ])
3952    , -100.325    , array([ 0.0252479  ,  1.53384    ,  0.0108152  ,  0.0514542  ])
3956    , -100.228    , array([ 0.0256918  ,  1.53873    ,  0.0111854  ,  0.0513184  ])
3960    , -100.228    , array([ 0.0256896  ,  1.53871    ,  0.0111835  ,  0.0513191  ])
3964    , -100.212    , array([ 0.0252583  ,  1.53198    ,  0.0110283  ,  0.0513742  ])
3968    , -100.387    , array([ 0.0181172  ,  1.51753    ,  0.00734952 ,  0.0522418  ])
3972    , -100.15     , array([ 0.0225268  ,  1.5264     ,  0.00962176 ,  0.0517061  ])
3976    , -100.144    , array([ 0.021726   ,  1.52479    ,  0.00920912 ,  0.0518034  ])
3980    , -100.144    , array([ 0.021726   ,  1.52479    ,  0.00920912 ,  0.0518034  ])
3992    , -105.261    , array([ 0.021726   ,  1.52479    ,  0.00920912 ,  0.0556208  ])
3996    , -100.144    , array([ 0.021726   ,  1.52479    ,  0.00920912 ,  0.0518147  ])
4000    , -100.144    , array([ 0.021726   ,  1.52479    ,  0.00920912 ,  0.0518138  ])
4004    , -606.828    , array([ 0.0116452  ,  1.41361    ,  0.000803259,  0.0548964  ])
4008    , -120.181    , array([ 0.0178755  ,  1.48232    ,  0.00599836 ,  0.0529916  ])
4012    , -100.135    , array([ 0.0218348  ,  1.52599    ,  0.00929982 ,  0.0517811  ])
4016    , -100.767    , array([ 0.0191773  ,  1.48456    ,  0.00834405 ,  0.0521203  ])
4020    , -100.177    , array([ 0.0208207  ,  1.51018    ,  0.00893557 ,  0.0519103  ])
4024    , -100.126    , array([ 0.0215241  ,  1.52114    ,  0.00918875 ,  0.0518205  ])
4028    , -100.448    , array([ 0.0330655  ,  1.54433    ,  0.0151364  ,  0.0504183  ])
4032    , -100.095    , array([ 0.0197001  ,  1.51743    ,  0.00824933 ,  0.0520421  ])
4036    , -100.094    , array([ 0.0198627  ,  1.51775    ,  0.00833313 ,  0.0520223  ])
4040    , -100.026    , array([ 0.0149239  ,  1.49921    ,  0.00600855 ,  0.0526029  ])
4044    , -100.025    , array([ 0.0153677  ,  1.50088    ,  0.00621738 ,  0.0525507  ])
4048    , -11977.9    , array([ 0.0154125  ,  1.50104    ,  0.00623845 ,  1.05255    ])
4052    , -8452.91    , array([ 0.0154125  ,  1.50104    ,  0.00623845 ,  0.434511   ])
4056    , -1117.68    , array([ 0.0154125  ,  1.50104    ,  0.00623845 ,  0.125469   ])
4060    , -100.062    , array([ 0.0154125  ,  1.50104    ,  0.00623845 ,  0.0523355  ])
4064    , -100.019    , array([ 0.0154125  ,  1.50104    ,  0.00623845 ,  0.0526761  ])
4068    , -100.019    , array([ 0.0154125  ,  1.50104    ,  0.00623845 ,  0.0526774  ])
4072    , -105.482    , array([ 0.0139614  ,  1.48504    ,  0.00502842 ,  0.0531211  ])
4076    , -100.004    , array([ 0.0155036  ,  1.50205    ,  0.00631441 ,  0.0526496  ])
4080    , -101.034    , array([ 0.0128445  ,  1.4606     ,  0.00535731 ,  0.0529893  ])
4084    , -100.103    , array([ 0.0144879  ,  1.48622    ,  0.00594883 ,  0.0527793  ])
4088    , -100        , array([ 0.0153346  ,  1.49942    ,  0.00625358 ,  0.0526712  ])
4092    , -100.157    , array([ 0.0225064  ,  1.52637    ,  0.00962826 ,  0.0518283  ])
4096    , -99.9782    , array([ 0.0125929  ,  1.48908    ,  0.00496372 ,  0.0529935  ])
4100    , -99.9692    , array([ 0.0133526  ,  1.49194    ,  0.00532121 ,  0.0529042  ])
4108    , -4073.54    , array([ 0.0133526  ,  1.49194    ,  0.00532121 ,  0.243818   ])
4116    , -100.008    , array([ 0.0133526  ,  1.49194    ,  0.00532121 ,  0.0525929  ])
4120    , -99.9691    , array([ 0.0133526  ,  1.49194    ,  0.00532121 ,  0.0529175  ])
4124    , -181.527    , array([ 0.0296637  ,  1.67183    ,  0.0189222  ,  0.0479312  ])
4128    , -113.399    , array([ 0.0164678  ,  1.5263     ,  0.00791876 ,  0.0519657  ])
4132    , -99.9634    , array([ 0.0134     ,  1.49246    ,  0.00536066 ,  0.0529036  ])
4136    , -101.216    , array([ 0.0107416  ,  1.45102    ,  0.00440423 ,  0.053243   ])
4140    , -100.095    , array([ 0.012385   ,  1.47664    ,  0.00499574 ,  0.0530331  ])
4144    , -99.9616    , array([ 0.013291   ,  1.49076    ,  0.00532181 ,  0.0529174  ])
4148    , -100.13     , array([ 0.0204645  ,  1.51774    ,  0.00869711 ,  0.0520742  ])
4152    , -99.95      , array([ 0.0125261  ,  1.48788    ,  0.00496193 ,  0.0530073  ])
4156    , -99.9496    , array([ 0.0123691  ,  1.48729    ,  0.00488804 ,  0.0530257  ])
4160    , -99.9496    , array([ 0.0123691  ,  1.48729    ,  0.00488804 ,  0.0530257  ])
4164    , -99.9266    , array([ 0.0107777  ,  1.47977    ,  0.00418717 ,  0.0532225  ])
4172    , -99.9218    , array([ 0.0100029  ,  1.47611    ,  0.00384594 ,  0.0533183  ])
4184    , -159.392    , array([ 0.0100029  ,  1.47611    ,  0.00384594 ,  0.0670432  ])
4188    , -99.92      , array([ 0.0100029  ,  1.47611    ,  0.00384594 ,  0.0533886  ])
4204    , -99.9142    , array([ 0.0100324  ,  1.47644    ,  0.00387054 ,  0.0533796  ])
4208    , -99.914     , array([ 0.0100373  ,  1.47649    ,  0.00387464 ,  0.0533781  ])
4212    , -99.914     , array([ 0.0100376  ,  1.47649    ,  0.00387493 ,  0.053378   ])
4224    , -99.9137    , array([ 0.0100063  ,  1.47601    ,  0.00386364 ,  0.053382   ])
4228    , -99.9136    , array([ 0.0100017  ,  1.47593    ,  0.003862   ,  0.0533826  ])
4232    , -99.9136    , array([ 0.0100006  ,  1.47592    ,  0.00386161 ,  0.0533827  ])
4236    , -99.9357    , array([ 0.011463   ,  1.48283    ,  0.00450566 ,  0.0532019  ])
4240    , -99.9176    , array([ 0.0102799  ,  1.47724    ,  0.00398461 ,  0.0533482  ])
4244    , -99.9142    , array([ 0.0100414  ,  1.47611    ,  0.00387956 ,  0.0533777  ])
4248    , -99.9137    , array([ 0.0100066  ,  1.47595    ,  0.00386423 ,  0.053382   ])
4252    , -99.9137    , array([ 0.0100015  ,  1.47592    ,  0.00386199 ,  0.0533826  ])
4256    , -99.9136    , array([ 0.0100001  ,  1.47592    ,  0.00386139 ,  0.0533828  ])
