520     , -412.886    , array([ 73.8242    ,  0.19513    ,  5          ,  0.723397   ])
524     , -412.886    , array([ 73.8242    ,  0.19513    ,  5          ,  0.723397   ])
528     , -412.886    , array([ 73.8291    ,  0.19513    ,  5          ,  0.723397   ])
532     , -412.886    , array([ 73.829     ,  0.19513    ,  5          ,  0.723397   ])
540     , -1932.16    , array([ 73.829     ,  0.10496    ,  5          ,  0.723397   ])
544     , -413.166    , array([ 73.829     ,  0.196517   ,  5          ,  0.723397   ])
548     , -412.885    , array([ 73.829     ,  0.195116   ,  5          ,  0.723397   ])
552     , -482.367    , array([ 73.829     ,  0.195116   ,  3.38197    ,  0.723397   ])
556     , -415.027    , array([ 73.829     ,  0.195116   ,  4.69098    ,  0.723397   ])
560     , -412.886    , array([ 73.829     ,  0.195116   ,  4.99859    ,  0.723397   ])
564     , -412.885    , array([ 73.829     ,  0.195116   ,  4.99979    ,  0.723397   ])
568     , -412.885    , array([ 73.829     ,  0.195116   ,  4.99997    ,  0.723397   ])
572     , -412.885    , array([ 73.829     ,  0.195116   ,  5          ,  0.723397   ])
576     , -412.885    , array([ 73.829     ,  0.195116   ,  5          ,  0.723397   ])
580     , -412.885    , array([ 73.829     ,  0.195116   ,  5          ,  0.723397   ])
584     , -412.885    , array([ 73.829     ,  0.195116   ,  5          ,  0.723397   ])
588     , -412.885    , array([ 73.829     ,  0.195116   ,  5          ,  0.723397   ])
592     , -412.885    , array([ 73.829     ,  0.195116   ,  5          ,  0.723397   ])
600     , -412.885    , array([ 73.829     ,  0.195116   ,  5          ,  0.723397   ])
604     , -3784.19    , array([ 73.829     ,  0.195116   ,  5          ,  0.105363   ])
608     , -412.885    , array([ 73.829     ,  0.195116   ,  5          ,  0.723393   ])
