8       , -33223.1    , array([ 0.191911   ,  7.85462    ,  0.00291155 ,  0.0134611  ])
32      , -23893.2    , array([ 0.00100005 ,  7.85462    ,  0.00291155 ,  0.0134611  ])
36      , -23893.2    , array([ 0.00100011 ,  7.85462    ,  0.00291155 ,  0.0134611  ])
40      , -23893.2    , array([ 0.00100011 ,  7.23659    ,  0.00291155 ,  0.0134611  ])
44      , -23893.2    , array([ 0.00100011 ,  7.80658    ,  0.00291155 ,  0.0134611  ])
48      , -75433.9    , array([ 0.00100011 ,  7.80658    ,  1.00291    ,  0.0134611  ])
52      , -75433.9    , array([ 0.00100011 ,  7.80658    ,  0.384878   ,  0.0134611  ])
56      , -75433.9    , array([ 0.00100011 ,  7.80658    ,  0.0757014  ,  0.0134611  ])
60      , -75396      , array([ 0.00100011 ,  7.80658    ,  0.0135314  ,  0.0134611  ])
64      , -24005.6    , array([ 0.00100011 ,  7.80658    ,  0.00308254 ,  0.0134611  ])
68      , -23893.2    , array([ 0.00100011 ,  7.80658    ,  0.00291079 ,  0.0134611  ])
76      , -44530.6    , array([ 0.00100011 ,  7.80658    ,  0.00291079 ,  0.204218   ])
84      , -24673.2    , array([ 0.00100011 ,  7.80658    ,  0.00291079 ,  0.00843612 ])
88      , -23893.2    , array([ 0.00100011 ,  7.80658    ,  0.00291079 ,  0.0134471  ])
