3148    , -968.955    , array([ 0.262729   ,  2.82201    ,  0.108172   ,  0.0539335  ])
3152    , -370.607    , array([ 0.0373169  ,  2.82201    ,  0.108172   ,  0.0539335  ])
3156    , -104.679    , array([ 0.0718786  ,  2.82201    ,  0.108172   ,  0.0539335  ])
3160    , -104.679    , array([ 0.0718544  ,  2.82201    ,  0.108172   ,  0.0539335  ])
3164    , -109.76     , array([ 0.0718544  ,  2.20397    ,  0.108172   ,  0.0539335  ])
3168    , -104.63     , array([ 0.0718544  ,  2.9032     ,  0.108172   ,  0.0539335  ])
3172    , -11618.8    , array([ 0.0718544  ,  2.90239    ,  1.10817    ,  0.0539335  ])
3176    , -3426.51    , array([ 0.0718544  ,  2.90239    ,  0.490138   ,  0.0539335  ])
3180    , -104.601    , array([ 0.0718544  ,  2.90239    ,  0.10725    ,  0.0539335  ])
3184    , -104.601    , array([ 0.0718544  ,  2.90239    ,  0.107208   ,  0.0539335  ])
3196    , -115.885    , array([ 0.0718544  ,  2.90239    ,  0.107208   ,  0.0482357  ])
3200    , -104.601    , array([ 0.0718544  ,  2.90239    ,  0.107208   ,  0.0539255  ])
3204    , -104.622    , array([ 0.0719501  ,  2.98277    ,  0.106244   ,  0.0539166  ])
3208    , -104.601    , array([ 0.0718544  ,  2.90239    ,  0.107208   ,  0.053925   ])
3216    , -135.7      , array([ 0.0905525  ,  2.90239    ,  0.107208   ,  0.053925   ])
3220    , -104.586    , array([ 0.0714798  ,  2.90239    ,  0.107208   ,  0.053925   ])
3224    , -109.098    , array([ 0.0714761  ,  3.90239    ,  0.107208   ,  0.053925   ])
3228    , -105.35     , array([ 0.0714761  ,  3.28436    ,  0.107208   ,  0.053925   ])
3232    , -104.581    , array([ 0.0714761  ,  2.92781    ,  0.107208   ,  0.053925   ])
3240    , -979.808    , array([ 0.0714761  ,  2.92781    ,  0.298164   ,  0.053925   ])
3244    , -104.561    , array([ 0.0714761  ,  2.92781    ,  0.106419   ,  0.053925   ])
3248    , -17889.2    , array([ 0.0714761  ,  2.92781    ,  0.106419   ,  1.05393    ])
3252    , -11186.9    , array([ 0.0714761  ,  2.92781    ,  0.106419   ,  0.435891   ])
3256    , -1198       , array([ 0.0714761  ,  2.92781    ,  0.106419   ,  0.12684    ])
3260    , -104.635    , array([ 0.0714761  ,  2.92781    ,  0.106419   ,  0.0543947  ])
3264    , -104.561    , array([ 0.0714761  ,  2.92781    ,  0.106419   ,  0.0539198  ])
3268    , -104.524    , array([ 0.0710978  ,  2.95323    ,  0.10563    ,  0.0539148  ])
3272    , -104.287    , array([ 0.0664119  ,  3.26809    ,  0.0958553  ,  0.0538513  ])
3276    , -104.323    , array([ 0.0679679  ,  3.16354    ,  0.0991011  ,  0.0538724  ])
3280    , -104.285    , array([ 0.0658759  ,  3.30411    ,  0.0947372  ,  0.053844   ])
3292    , -143.33     , array([ 0.0505751  ,  3.30411    ,  0.0947372  ,  0.053844   ])
3296    , -104.273    , array([ 0.0655807  ,  3.30411    ,  0.0947372  ,  0.053844   ])
3300    , -108.565    , array([ 0.0655807  ,  4.30411    ,  0.0947372  ,  0.053844   ])
3304    , -105.036    , array([ 0.0655807  ,  3.68608    ,  0.0947372  ,  0.053844   ])
3308    , -104.267    , array([ 0.0655807  ,  3.26785    ,  0.0947372  ,  0.053844   ])
3312    , -19150.3    , array([ 0.0655807  ,  3.26821    ,  0.0947372  ,  1.05384    ])
3316    , -12123.2    , array([ 0.0655807  ,  3.26821    ,  0.0947372  ,  0.43581    ])
3320    , -1265.7     , array([ 0.0655807  ,  3.26821    ,  0.0947372  ,  0.126756   ])
3324    , -104.291    , array([ 0.0655807  ,  3.26821    ,  0.0947372  ,  0.0544335  ])
3328    , -104.247    , array([ 0.0655807  ,  3.26821    ,  0.0947372  ,  0.0540807  ])
3332    , -104.385    , array([ 0.0690418  ,  3.03564    ,  0.101957   ,  0.0541276  ])
3336    , -104.243    , array([ 0.0648304  ,  3.31863    ,  0.0931721  ,  0.0540705  ])
3344    , -1054.6     , array([ 0.255792   ,  3.31913    ,  0.0931562  ,  0.0540704  ])
3348    , -485.1      , array([ 0.0303809  ,  3.31913    ,  0.0931562  ,  0.0540704  ])
3352    , -104.255    , array([ 0.0652233  ,  3.31913    ,  0.0931562  ,  0.0540704  ])
3356    , -104.242    , array([ 0.0649116  ,  3.31913    ,  0.0931562  ,  0.0540704  ])
3360    , -104.242    , array([ 0.0649107  ,  3.31913    ,  0.0931562  ,  0.0540704  ])
3364    , -104.227    , array([ 0.0649107  ,  3.25376    ,  0.0931562  ,  0.0540704  ])
3368    , -104.227    , array([ 0.0649107  ,  3.26544    ,  0.0931562  ,  0.0540704  ])
3372    , -104.227    , array([ 0.0649107  ,  3.26489    ,  0.0931562  ,  0.0540704  ])
3380    , -187.05     , array([ 0.0649107  ,  3.26489    ,  0.0931562  ,  0.0707878  ])
3384    , -104.206    , array([ 0.0649107  ,  3.26489    ,  0.0931562  ,  0.054311   ])
3388    , -105.029    , array([ 0.0739721  ,  2.65603    ,  0.112058   ,  0.0544337  ])
3392    , -104.203    , array([ 0.0642515  ,  3.30919    ,  0.0917812  ,  0.054302   ])
3396    , -104.203    , array([ 0.0642449  ,  3.30963    ,  0.0917674  ,  0.0543019  ])
3400    , -104.101    , array([ 0.062732   ,  3.28476    ,  0.0881315  ,  0.054908   ])
3404    , -103.594    , array([ 0.0478145  ,  3.03947    ,  0.0522814  ,  0.0608841  ])
3408    , -103.583    , array([ 0.0490971  ,  3.06056    ,  0.0553636  ,  0.0603703  ])
3420    , -152.984    , array([ 0.0359415  ,  3.06056    ,  0.0553636  ,  0.0603703  ])
3424    , -103.462    , array([ 0.0483695  ,  3.06056    ,  0.0553636  ,  0.0603703  ])
3428    , -108.047    , array([ 0.0483768  ,  4.06056    ,  0.0553636  ,  0.0603703  ])
3432    , -104.292    , array([ 0.0483768  ,  3.44253    ,  0.0553636  ,  0.0603703  ])
3436    , -103.462    , array([ 0.0483768  ,  3.06437    ,  0.0553636  ,  0.0603703  ])
3440    , -103.462    , array([ 0.0483768  ,  3.06446    ,  0.0553636  ,  0.0603703  ])
3444    , -103.529    , array([ 0.0518379  ,  2.8319     ,  0.0625833  ,  0.0604172  ])
3448    , -103.461    , array([ 0.0487204  ,  3.04138    ,  0.0560803  ,  0.060375   ])
3452    , -104.797    , array([ 0.0335725  ,  2.7923     ,  0.0196765  ,  0.0664433  ])
3456    , -103.441    , array([ 0.0429344  ,  2.94624    ,  0.0421753  ,  0.0626929  ])
3460    , -103.401    , array([ 0.0453421  ,  2.98583    ,  0.0479617  ,  0.0617283  ])
3464    , -2992.36    , array([ 1.04538    ,  2.98638    ,  0.048042   ,  0.0617149  ])
3468    , -1996.85    , array([ 0.427342   ,  2.98638    ,  0.048042   ,  0.0617149  ])
3472    , -567.14     , array([ 0.118319   ,  2.98638    ,  0.048042   ,  0.0617149  ])
3476    , -107.927    , array([ 0.0494598  ,  2.98638    ,  0.048042   ,  0.0617149  ])
3480    , -103.385    , array([ 0.0451383  ,  2.98638    ,  0.048042   ,  0.0617149  ])
3484    , -160.176    , array([ 0.0451383  ,  1.36835    ,  0.048042   ,  0.0617149  ])
3488    , -103.381    , array([ 0.0451383  ,  3.09387    ,  0.048042   ,  0.0617149  ])
3492    , -103.366    , array([ 0.0451383  ,  3.02106    ,  0.048042   ,  0.0617149  ])
3496    , -104.331    , array([ 0.0541997  ,  2.43362    ,  0.0669435  ,  0.0618377  ])
3500    , -103.361    , array([ 0.0455654  ,  3.01379    ,  0.0489331  ,  0.0617207  ])
3504    , -103.361    , array([ 0.0454916  ,  3.01875    ,  0.048779   ,  0.0617197  ])
3508    , -103.361    , array([ 0.0454881  ,  3.01898    ,  0.0487717  ,  0.0617196  ])
3512    , -103.325    , array([ 0.0432674  ,  2.98247    ,  0.043435   ,  0.0626093  ])
3516    , -103.265    , array([ 0.0407889  ,  2.97247    ,  0.0379379  ,  0.063652   ])
3520    , -103.191    , array([ 0.0321958  ,  2.94642    ,  0.0190076  ,  0.0672811  ])
3524    , -103.177    , array([ 0.0340607  ,  2.95208    ,  0.023116   ,  0.0664935  ])
3528    , -103.177    , array([ 0.0341656  ,  2.95239    ,  0.023347   ,  0.0664492  ])
3540    , -244.214    , array([ 0.02101    ,  2.95239    ,  0.023347   ,  0.0664492  ])
3544    , -103.165    , array([ 0.0343288  ,  2.95239    ,  0.023347   ,  0.0664492  ])
3548    , -103.165    , array([ 0.0343238  ,  2.95239    ,  0.023347   ,  0.0664492  ])
3552    , -108.065    , array([ 0.0343238  ,  2.33436    ,  0.023347   ,  0.0664492  ])
3556    , -103.129    , array([ 0.0343238  ,  3.02061    ,  0.023347   ,  0.0664492  ])
3560    , -104.082    , array([ 0.0287236  ,  3.39622    ,  0.0116653  ,  0.0663733  ])
3564    , -103.284    , array([ 0.0321847  ,  3.16366    ,  0.018885   ,  0.0664202  ])
3568    , -103.122    , array([ 0.0349399  ,  2.97853    ,  0.024632   ,  0.0664575  ])
3572    , -103.508    , array([ 0.0493736  ,  3.02185    ,  0.0564279  ,  0.0603645  ])
3576    , -103.104    , array([ 0.0314713  ,  2.96758    ,  0.0169902  ,  0.0679251  ])
3580    , -103.102    , array([ 0.032245   ,  2.96992    ,  0.0186946  ,  0.0675984  ])
3584    , -3026.62    , array([ 1.0323     ,  2.97009    ,  0.0188124  ,  0.0675758  ])
3588    , -2197.52    , array([ 0.414264   ,  2.97009    ,  0.0188124  ,  0.0675758  ])
3592    , -749.507    , array([ 0.105241   ,  2.97009    ,  0.0188124  ,  0.0675758  ])
3596    , -121.092    , array([ 0.0389483  ,  2.97009    ,  0.0188124  ,  0.0675758  ])
3600    , -103.087    , array([ 0.0324655  ,  2.97009    ,  0.0188124  ,  0.0675758  ])
3604    , -108.202    , array([ 0.0324655  ,  3.97009    ,  0.0188124  ,  0.0675758  ])
3608    , -103.955    , array([ 0.0324655  ,  3.35205    ,  0.0188124  ,  0.0675758  ])
3612    , -103.083    , array([ 0.0324655  ,  2.99162    ,  0.0188124  ,  0.0675758  ])
3616    , -104.184    , array([ 0.0415269  ,  2.38275    ,  0.0377138  ,  0.0676985  ])
3620    , -103.079    , array([ 0.0330375  ,  2.95318    ,  0.0200057  ,  0.0675835  ])
3624    , -103.079    , array([ 0.0329146  ,  2.96144    ,  0.0197491  ,  0.0675819  ])
3628    , -103.079    , array([ 0.0329101  ,  2.96174    ,  0.0197398  ,  0.0675818  ])
3632    , -102.925    , array([ 0.0300033  ,  2.95293    ,  0.0133363  ,  0.0688094  ])
3636    , -102.921    , array([ 0.0301653  ,  2.95342    ,  0.0136932  ,  0.068741   ])
3640    , -102.915    , array([ 0.030391   ,  2.9541     ,  0.0141903  ,  0.0686457  ])
3644    , -102.93     , array([ 0.0253971  ,  2.91226    ,  0.00208959 ,  0.0714468  ])
3648    , -102.898    , array([ 0.0280458  ,  2.93445    ,  0.00850768 ,  0.0699611  ])
3652    , -3038.04    , array([ 1.02802    ,  2.93426    ,  0.00845085 ,  0.0699743  ])
3656    , -2277.22    , array([ 0.409988   ,  2.93426    ,  0.00845085 ,  0.0699743  ])
3660    , -840.074    , array([ 0.100965   ,  2.93426    ,  0.00845085 ,  0.0699743  ])
3664    , -133.667    , array([ 0.0357645  ,  2.93426    ,  0.00845085 ,  0.0699743  ])
3668    , -102.832    , array([ 0.0283346  ,  2.93426    ,  0.00845085 ,  0.0699743  ])
3672    , -107.5      , array([ 0.0283313  ,  3.93426    ,  0.00845085 ,  0.0699743  ])
3676    , -103.424    , array([ 0.0283313  ,  3.31622    ,  0.00845085 ,  0.0699743  ])
3680    , -102.782    , array([ 0.0283313  ,  3.01243    ,  0.00845085 ,  0.0699743  ])
3684    , -104.23     , array([ 0.0373927  ,  2.40356    ,  0.0273523  ,  0.070097   ])
3688    , -102.764    , array([ 0.0287319  ,  2.98551    ,  0.00928647 ,  0.0699797  ])
3692    , -102.754    , array([ 0.029369   ,  2.9427     ,  0.0106155  ,  0.0699883  ])
3696    , -102.713    , array([ 0.0269901  ,  2.92355    ,  0.00485461 ,  0.0713168  ])
3700    , -102.698    , array([ 0.0251806  ,  2.90838    ,  0.000470022,  0.0723317  ])
3708    , -102.698    , array([ 0.0252398  ,  2.90888    ,  0.00061346 ,  0.0722985  ])
3716    , -382.023    , array([ 0.0531012  ,  2.90888    ,  0.00061346 ,  0.0722985  ])
3720    , -103.377    , array([ 0.0262835  ,  2.90888    ,  0.00061346 ,  0.0722985  ])
3724    , -102.684    , array([ 0.0253672  ,  2.90888    ,  0.00061346 ,  0.0722985  ])
3728    , -102.684    , array([ 0.0253685  ,  2.90888    ,  0.00061346 ,  0.0722985  ])
3732    , -102.668    , array([ 0.0253685  ,  2.95248    ,  0.00061346 ,  0.0722985  ])
3744    , -102.659    , array([ 0.025875   ,  2.91801    ,  0.00167007 ,  0.0723054  ])
3760    , -102.647    , array([ 0.02521    ,  2.91282    ,  6.02511e-05,  0.0726755  ])
3764    , -102.647    , array([ 0.0251907  ,  2.91266    ,  1.35854e-05,  0.0726863  ])
3776    , -473.248    , array([ 0.0120351  ,  2.91266    ,  1.35854e-05,  0.0726863  ])
3780    , -102.654    , array([ 0.0253408  ,  2.91266    ,  1.35854e-05,  0.0726863  ])
3784    , -102.645    , array([ 0.0252366  ,  2.91266    ,  1.35854e-05,  0.0726863  ])
3788    , -102.645    , array([ 0.0252371  ,  2.91266    ,  1.35854e-05,  0.0726863  ])
3792    , -102.645    , array([ 0.0252371  ,  2.91633    ,  1.35854e-05,  0.0726863  ])
3796    , -102.645    , array([ 0.0252371  ,  2.91972    ,  1.35854e-05,  0.0726863  ])
3800    , -102.92     , array([ 0.0286983  ,  2.68715    ,  0.00723328 ,  0.0727332  ])
3804    , -102.643    , array([ 0.0254884  ,  2.90284    ,  0.000537774,  0.0726897  ])
3816    , -102.64     , array([ 0.0253517  ,  2.90205    ,  0.000208027,  0.0727637  ])
3824    , -102.639    , array([ 0.0252673  ,  2.90134    ,  3.54018e-06,  0.072811   ])
