2244    , -94.2735    , array([ 0.0763383  ,  1.18501    ,  0.369482   ,  0.0327435  ])
2256    , -97.6786    , array([ 0.0870673  ,  1.18501    ,  0.369482   ,  0.0327435  ])
2260    , -94.2663    , array([ 0.076786   ,  1.18501    ,  0.369482   ,  0.0327435  ])
2268    , -95.4326    , array([ 0.076786   ,  1.31865    ,  0.369482   ,  0.0327435  ])
2272    , -94.2663    , array([ 0.076786   ,  1.18582    ,  0.369482   ,  0.0327435  ])
2276    , -3058.27    , array([ 0.076786   ,  1.18582    ,  1.36948    ,  0.0327435  ])
2280    , -614.592    , array([ 0.076786   ,  1.18582    ,  0.751448   ,  0.0327435  ])
2284    , -94.736     , array([ 0.076786   ,  1.18582    ,  0.367207   ,  0.0327435  ])
2288    , -94.2751    , array([ 0.076786   ,  1.18582    ,  0.369673   ,  0.0327435  ])
2292    , -94.2592    , array([ 0.076786   ,  1.18582    ,  0.369326   ,  0.0327435  ])
2296    , -94.7848    , array([ 0.076786   ,  1.18582    ,  0.369284   ,  0.0327435  ])
2300    , -4905.85    , array([ 0.076786   ,  1.18582    ,  0.369287   ,  1.03274    ])
2304    , -4612.77    , array([ 0.076786   ,  1.18582    ,  0.369287   ,  0.41471    ])
2308    , -1306.29    , array([ 0.076786   ,  1.18582    ,  0.369287   ,  0.105679   ])
2312    , -105.094    , array([ 0.076786   ,  1.18582    ,  0.369287   ,  0.0369171  ])
2316    , -94.257     , array([ 0.076786   ,  1.18582    ,  0.369287   ,  0.0327712  ])
2320    , -2596.28    , array([ 1.07679    ,  1.18582    ,  0.369287   ,  0.0327712  ])
2324    , -1106.37    , array([ 0.458752   ,  1.18582    ,  0.369287   ,  0.0327712  ])
2328    , -206.938    , array([ 0.149732   ,  1.18582    ,  0.369287   ,  0.0327712  ])
2332    , -94.3408    , array([ 0.0783106  ,  1.18582    ,  0.369287   ,  0.0327712  ])
2336    , -94.2603    , array([ 0.0770738  ,  1.18582    ,  0.369287   ,  0.0327712  ])
2340    , -94.2571    , array([ 0.076828   ,  1.18582    ,  0.369287   ,  0.0327712  ])
2344    , -94.7913    , array([ 0.0767781  ,  1.18582    ,  0.369287   ,  0.0327712  ])
2348    , -94.257     , array([ 0.0767848  ,  1.18582    ,  0.369287   ,  0.0327712  ])
2352    , -94.257     , array([ 0.0767832  ,  1.18582    ,  0.369287   ,  0.0327712  ])
2356    , -94.7918    , array([ 0.076783   ,  1.18582    ,  0.369287   ,  0.0327712  ])
2360    , -94.257     , array([ 0.076783   ,  1.18582    ,  0.369287   ,  0.0327712  ])
2364    , -94.4008    , array([ 0.076783   ,  1.14329    ,  0.369287   ,  0.0327712  ])
2368    , -94.2569    , array([ 0.076783   ,  1.18485    ,  0.369287   ,  0.0327712  ])
2372    , -94.2569    , array([ 0.076783   ,  1.18484    ,  0.369287   ,  0.0327712  ])
2380    , -94.3641    , array([ 0.076783   ,  1.18484    ,  0.371266   ,  0.0327712  ])
2384    , -94.7808    , array([ 0.076783   ,  1.18484    ,  0.368963   ,  0.0327712  ])
2388    , -94.7895    , array([ 0.076783   ,  1.18484    ,  0.369239   ,  0.0327712  ])
2392    , -94.7908    , array([ 0.076783   ,  1.18484    ,  0.36928    ,  0.0327712  ])
2396    , -94.791     , array([ 0.076783   ,  1.18484    ,  0.369286   ,  0.0327712  ])
2400    , -94.7911    , array([ 0.076783   ,  1.18484    ,  0.369287   ,  0.0327712  ])
2404    , -94.7911    , array([ 0.076783   ,  1.18484    ,  0.369287   ,  0.0327712  ])
2408    , -94.2569    , array([ 0.076783   ,  1.18484    ,  0.369287   ,  0.0327712  ])
2412    , -94.2569    , array([ 0.076783   ,  1.18484    ,  0.369287   ,  0.0327712  ])
2416    , -94.7911    , array([ 0.076783   ,  1.18484    ,  0.369287   ,  0.0327712  ])
2420    , -94.2569    , array([ 0.076783   ,  1.18484    ,  0.369287   ,  0.0327712  ])
2428    , -413.304    , array([ 0.076783   ,  1.18484    ,  0.369287   ,  0.0606299  ])
2432    , -94.2573    , array([ 0.076783   ,  1.18484    ,  0.369287   ,  0.0327529  ])
2436    , -94.2568    , array([ 0.076783   ,  1.18484    ,  0.369287   ,  0.0327763  ])
2440    , -94.2568    , array([ 0.076783   ,  1.18484    ,  0.369287   ,  0.0327793  ])
