4       , -393.964    , array([ 10.2792    ,  0.115141   ,  4.67782    ,  0.463188   ])
8       , -393.034    , array([ 11.9361    ,  0.115141   ,  4.67782    ,  0.463188   ])
12      , -393.034    , array([ 11.9188    ,  0.115141   ,  4.67782    ,  0.463188   ])
20      , -2336.79    , array([ 11.9188    ,  0.0249709  ,  4.67782    ,  0.463188   ])
24      , -395.886    , array([ 11.9188    ,  0.117505   ,  4.67782    ,  0.463188   ])
28      , -393.034    , array([ 11.9188    ,  0.115138   ,  4.67782    ,  0.463188   ])
32      , -447.142    , array([ 11.9188    ,  0.115138   ,  3.05978    ,  0.463188   ])
36      , -394.571    , array([ 11.9188    ,  0.115138   ,  4.3688     ,  0.463188   ])
40      , -393.034    , array([ 11.9188    ,  0.115138   ,  4.67913    ,  0.463188   ])
48      , -1409.97    , array([ 11.9188    ,  0.115138   ,  4.67912    ,  0.654157   ])
52      , -393.447    , array([ 11.9188    ,  0.115138   ,  4.67912    ,  0.465872   ])
56      , -393.034    , array([ 11.9188    ,  0.115138   ,  4.67912    ,  0.463204   ])
