8       , -1018.89    , array([ 0.276452   ,  1.12455    ,  0.0512843  ,  0.0384899  ])
12      , -408.713    , array([ 0.0510399  ,  1.12455    ,  0.0512843  ,  0.0384899  ])
16      , -101.72     , array([ 0.0857757  ,  1.12455    ,  0.0512843  ,  0.0384899  ])
20      , -101.718    , array([ 0.0855699  ,  1.12455    ,  0.0512843  ,  0.0384899  ])
24      , -143.976    , array([ 0.0856244  ,  2.12455    ,  0.0512843  ,  0.0384899  ])
28      , -112.528    , array([ 0.0856244  ,  1.50652    ,  0.0512843  ,  0.0384899  ])
32      , -101.717    , array([ 0.0856244  ,  1.12632    ,  0.0512843  ,  0.0384899  ])
36      , -101.717    , array([ 0.0856244  ,  1.1263     ,  0.0512843  ,  0.0384899  ])
48      , -101.707    , array([ 0.0856244  ,  1.1263     ,  0.0511488  ,  0.0384899  ])
52      , -101.705    , array([ 0.0856244  ,  1.1263     ,  0.0510774  ,  0.0384899  ])
64      , -219.085    , array([ 0.0856244  ,  1.1263     ,  0.0510774  ,  0.0253343  ])
68      , -101.705    , array([ 0.0856244  ,  1.1263     ,  0.0510774  ,  0.0385289  ])
72      , -101.705    , array([ 0.0856244  ,  1.1263     ,  0.0510774  ,  0.0385289  ])
84      , -104.553    , array([ 0.0902808  ,  1.1263     ,  0.0510774  ,  0.0385289  ])
88      , -101.697    , array([ 0.0853712  ,  1.1263     ,  0.0510774  ,  0.0385289  ])
96      , -103.493    , array([ 0.0853737  ,  1.26081    ,  0.0510774  ,  0.0385289  ])
100     , -101.697    , array([ 0.0853737  ,  1.12627    ,  0.0510774  ,  0.0385289  ])
104     , -101.697    , array([ 0.0853737  ,  1.1263     ,  0.0510774  ,  0.0385289  ])
108     , -101.697    , array([ 0.0853737  ,  1.1263     ,  0.0510774  ,  0.0385289  ])
112     , -101.697    , array([ 0.0853737  ,  1.1263     ,  0.0510774  ,  0.0385289  ])
116     , -101.697    , array([ 0.0853737  ,  1.1263     ,  0.0510774  ,  0.0385289  ])
120     , -14547.4    , array([ 0.0853737  ,  1.1263     ,  1.05108    ,  0.0385289  ])
124     , -13184.9    , array([ 0.0853737  ,  1.1263     ,  0.433043   ,  0.0385289  ])
128     , -1147.8     , array([ 0.0853737  ,  1.1263     ,  0.123986   ,  0.0385289  ])
132     , -101.687    , array([ 0.0853737  ,  1.1263     ,  0.0508873  ,  0.0385289  ])
136     , -4364.06    , array([ 0.0853737  ,  1.1263     ,  0.0508899  ,  1.03853    ])
140     , -3943.34    , array([ 0.0853737  ,  1.1263     ,  0.0508899  ,  0.420495   ])
144     , -1063.99    , array([ 0.0853737  ,  1.1263     ,  0.0508899  ,  0.111466   ])
148     , -106.607    , array([ 0.0853737  ,  1.1263     ,  0.0508899  ,  0.0417864  ])
152     , -101.686    , array([ 0.0853737  ,  1.1263     ,  0.0508899  ,  0.0385631  ])
156     , -101.668    , array([ 0.085123   ,  1.1263     ,  0.0507024  ,  0.0385974  ])
160     , -101.005    , array([ 0.0722968  ,  1.12631    ,  0.0411088  ,  0.040349   ])
164     , -101.016    , array([ 0.0685896  ,  1.12632    ,  0.0383358  ,  0.0408553  ])
168     , -100.99     , array([ 0.0706402  ,  1.12631    ,  0.0398696  ,  0.0405752  ])
180     , -136.871    , array([ 0.0574846  ,  1.12631    ,  0.0398696  ,  0.0405752  ])
184     , -100.784    , array([ 0.0695921  ,  1.12631    ,  0.0398696  ,  0.0405752  ])
188     , -148.733    , array([ 0.0695921  ,  2.12631    ,  0.0398696  ,  0.0405752  ])
192     , -113.6      , array([ 0.0695921  ,  1.50828    ,  0.0398696  ,  0.0405752  ])
196     , -100.757    , array([ 0.0695921  ,  1.11237    ,  0.0398696  ,  0.0405752  ])
200     , -100.757    , array([ 0.0695921  ,  1.11168    ,  0.0398696  ,  0.0405752  ])
212     , -214.049    , array([ 0.0695921  ,  1.11168    ,  0.0398696  ,  0.0274196  ])
216     , -100.737    , array([ 0.0695921  ,  1.11168    ,  0.0398696  ,  0.0407757  ])
220     , -101.962    , array([ 0.0548586  ,  1.11169    ,  0.0288494  ,  0.0427878  ])
224     , -100.609    , array([ 0.0639644  ,  1.11169    ,  0.0356603  ,  0.0415442  ])
228     , -100.604    , array([ 0.0648247  ,  1.11169    ,  0.0363037  ,  0.0414268  ])
232     , -2504.49    , array([ 1.06478    ,  1.11169    ,  0.0362677  ,  0.0414333  ])
236     , -1812.49    , array([ 0.446743   ,  1.11169    ,  0.0362677  ,  0.0414333  ])
240     , -531.914    , array([ 0.13772    ,  1.11169    ,  0.0362677  ,  0.0414333  ])
244     , -102.831    , array([ 0.0674248  ,  1.11169    ,  0.0362677  ,  0.0414333  ])
248     , -100.506    , array([ 0.0641167  ,  1.11169    ,  0.0362677  ,  0.0414333  ])
256     , -102.821    , array([ 0.06411    ,  1.23976    ,  0.0362677  ,  0.0414333  ])
260     , -100.479    , array([ 0.06411    ,  1.09779    ,  0.0362677  ,  0.0414333  ])
264     , -4192.76    , array([ 0.06411    ,  1.09779    ,  0.0362677  ,  1.04143    ])
268     , -3765.96    , array([ 0.06411    ,  1.09779    ,  0.0362677  ,  0.423399   ])
272     , -1003.74    , array([ 0.06411    ,  1.09779    ,  0.0362677  ,  0.114371   ])
276     , -104.646    , array([ 0.06411    ,  1.09779    ,  0.0362677  ,  0.0447208  ])
280     , -100.461    , array([ 0.06411    ,  1.09779    ,  0.0362677  ,  0.0416307  ])
284     , -102.27     , array([ 0.0879493  ,  1.09777    ,  0.0540988  ,  0.0383771  ])
288     , -100.391    , array([ 0.0614208  ,  1.09779    ,  0.0342563  ,  0.0419999  ])
292     , -100.39     , array([ 0.0611226  ,  1.0978     ,  0.0340332  ,  0.0420407  ])
296     , -100.204    , array([ 0.0574687  ,  1.0839     ,  0.0317988  ,  0.042648   ])
300     , -99.8173    , array([ 0.0448556  ,  1.03596    ,  0.0240854  ,  0.0447444  ])
304     , -99.8169    , array([ 0.0444801  ,  1.03453    ,  0.0238558  ,  0.0448069  ])
308     , -103.165    , array([ 0.0683194  ,  1.03451    ,  0.0416869  ,  0.0415512  ])
312     , -99.7976    , array([ 0.047742   ,  1.03453    ,  0.0262956  ,  0.0443614  ])
316     , -99.7323    , array([ 0.0461216  ,  1.03453    ,  0.0250836  ,  0.0445827  ])
324     , -102.346    , array([ 0.0461216  ,  1.17688    ,  0.0250836  ,  0.0445827  ])
328     , -99.7165    , array([ 0.0461216  ,  1.04394    ,  0.0250836  ,  0.0445827  ])
336     , -2344.14    , array([ 0.0461216  ,  1.04394    ,  0.0250836  ,  0.235538   ])
340     , -1296.1     , array([ 0.0461216  ,  1.04394    ,  0.0250836  ,  0.0101408  ])
344     , -99.7665    , array([ 0.0461216  ,  1.04394    ,  0.0250836  ,  0.0449106  ])
348     , -99.7163    , array([ 0.0461216  ,  1.04394    ,  0.0250836  ,  0.0445651  ])
352     , -99.7163    , array([ 0.0461216  ,  1.04394    ,  0.0250836  ,  0.0445653  ])
356     , -99.6183    , array([ 0.0413214  ,  1.02569    ,  0.0221481  ,  0.0453631  ])
360     , -108.53     , array([ 0.0203412  ,  0.949107   ,  0.00954205 ,  0.0488816  ])
364     , -99.6168    , array([ 0.0407319  ,  1.02345    ,  0.0217876  ,  0.0454611  ])
368     , -99.5895    , array([ 0.0412705  ,  1.02345    ,  0.0221905  ,  0.0453876  ])
372     , -99.5854    , array([ 0.0415966  ,  1.02345    ,  0.0224344  ,  0.045343   ])
376     , -99.5854    , array([ 0.041588   ,  1.02345    ,  0.022428   ,  0.0453442  ])
380     , -99.854     , array([ 0.041588   ,  0.994002   ,  0.022428   ,  0.0453442  ])
384     , -99.5724    , array([ 0.041588   ,  1.03184    ,  0.022428   ,  0.0453442  ])
388     , -99.5724    , array([ 0.041588   ,  1.03175    ,  0.022428   ,  0.0453442  ])
396     , -249.996    , array([ 0.041588   ,  1.03175    ,  0.022428   ,  0.0682829  ])
400     , -99.5705    , array([ 0.041588   ,  1.03175    ,  0.022428   ,  0.0452641  ])
404     , -99.5704    , array([ 0.041588   ,  1.03175    ,  0.022428   ,  0.0452752  ])
408     , -99.9702    , array([ 0.0518737  ,  1.07086    ,  0.028718   ,  0.0435655  ])
412     , -99.5253    , array([ 0.0382568  ,  1.01909    ,  0.0203908  ,  0.0458288  ])
416     , -99.446     , array([ 0.0361528  ,  1.01614    ,  0.019221   ,  0.0461349  ])
420     , -99.4221    , array([ 0.0192579  ,  0.989174   ,  0.00975118 ,  0.0486207  ])
424     , -99.2135    , array([ 0.023356   ,  0.995715   ,  0.0120482  ,  0.0480177  ])
428     , -99.2073    , array([ 0.0244496  ,  0.997461   ,  0.0126612  ,  0.0478568  ])
432     , -99.2073    , array([ 0.0245881  ,  0.997682   ,  0.0127388  ,  0.0478364  ])
436     , -99.5535    , array([ 0.0237349  ,  0.997683   ,  0.0121007  ,  0.0479529  ])
440     , -99.1595    , array([ 0.0250797  ,  0.997682   ,  0.0131065  ,  0.0477693  ])
448     , -102.527    , array([ 0.0250797  ,  1.13997    ,  0.0131065  ,  0.0477693  ])
452     , -99.1536    , array([ 0.0250797  ,  1.00291    ,  0.0131065  ,  0.0477693  ])
460     , -2212.98    , array([ 0.0250797  ,  1.00286    ,  0.0131065  ,  0.238726   ])
464     , -1155.25    , array([ 0.0250797  ,  1.00286    ,  0.0131065  ,  0.0133274  ])
468     , -99.1895    , array([ 0.0250797  ,  1.00286    ,  0.0131065  ,  0.0479808  ])
472     , -99.1486    , array([ 0.0250797  ,  1.00286    ,  0.0131065  ,  0.0476545  ])
476     , -99.1486    , array([ 0.0250797  ,  1.00286    ,  0.0131065  ,  0.0476556  ])
480     , -99.1053    , array([ 0.0220305  ,  0.997994   ,  0.0113974  ,  0.0481042  ])
488     , -99.1041    , array([ 0.0215474  ,  0.997223   ,  0.0111266  ,  0.0481753  ])
492     , -100.976    , array([ 0.0195359  ,  0.997225   ,  0.00962208 ,  0.04845    ])
496     , -99.0846    , array([ 0.0218108  ,  0.997223   ,  0.0113236  ,  0.0481394  ])
500     , -175.195    , array([ 0.0218108  ,  1.99722    ,  0.0113236  ,  0.0481394  ])
504     , -118.635    , array([ 0.0218108  ,  1.37919    ,  0.0113236  ,  0.0481394  ])
508     , -99.0813    , array([ 0.0218108  ,  1.0011     ,  0.0113236  ,  0.0481394  ])
512     , -3726.29    , array([ 0.0218108  ,  1.00106    ,  0.0113236  ,  1.04814    ])
516     , -3320.74    , array([ 0.0218108  ,  1.00106    ,  0.0113236  ,  0.430105   ])
520     , -880.475    , array([ 0.0218108  ,  1.00106    ,  0.0113236  ,  0.121078   ])
524     , -101.802    , array([ 0.0218108  ,  1.00106    ,  0.0113236  ,  0.050787   ])
528     , -99.0794    , array([ 0.0218108  ,  1.00106    ,  0.0113236  ,  0.0480695  ])
532     , -99.6854    , array([ 0.0442274  ,  1.03684    ,  0.0238884  ,  0.0447705  ])
536     , -99.0938    , array([ 0.0225238  ,  1.0022     ,  0.0117233  ,  0.0479638  ])
540     , -99.0585    , array([ 0.0199261  ,  0.998054   ,  0.0102672  ,  0.0483461  ])
544     , -99.0211    , array([ 0.0181946  ,  0.998708   ,  0.00934604 ,  0.048533   ])
548     , -99.0384    , array([ 0.0103462  ,  1.00218    ,  0.00517805 ,  0.0493703  ])
552     , -98.9596    , array([ 0.0134568  ,  1.00081    ,  0.00682999 ,  0.0490384  ])
556     , -98.9595    , array([ 0.0133335  ,  1.00086    ,  0.00676449 ,  0.0490516  ])
560     , -119.111    , array([ 0.0224393  ,  1.00085    ,  0.0135754  ,  0.0478081  ])
564     , -99.6355    , array([ 0.0144541  ,  1.00086    ,  0.00760269 ,  0.0488986  ])
568     , -98.9358    , array([ 0.0134927  ,  1.00086    ,  0.00688361 ,  0.0490299  ])
572     , -177.796    , array([ 0.0134927  ,  2.00086    ,  0.00688361 ,  0.0490299  ])
576     , -119.522    , array([ 0.0134927  ,  1.38283    ,  0.00688361 ,  0.0490299  ])
580     , -98.9347    , array([ 0.0134927  ,  0.998877   ,  0.00688361 ,  0.0490299  ])
584     , -98.9347    , array([ 0.0134927  ,  0.998676   ,  0.00688361 ,  0.0490299  ])
596     , -184.951    , array([ 0.0134927  ,  0.998676   ,  0.00688361 ,  0.0358742  ])
600     , -98.9334    , array([ 0.0134927  ,  0.998676   ,  0.00688361 ,  0.0490872  ])
608     , -98.9182    , array([ 0.0109956  ,  0.999782   ,  0.00555748 ,  0.0493536  ])
612     , -98.9164    , array([ 0.0114993  ,  0.999559   ,  0.00582499 ,  0.0492999  ])
624     , -100.992    , array([ 0.0104347  ,  0.999572   ,  0.00503462 ,  0.0494445  ])
628     , -98.9075    , array([ 0.0115542  ,  0.999571   ,  0.00587201 ,  0.0492916  ])
636     , -102.657    , array([ 0.0115542  ,  1.13774    ,  0.00587201 ,  0.0492916  ])
640     , -98.9053    , array([ 0.0115542  ,  0.996384   ,  0.00587201 ,  0.0492916  ])
644     , -3692.9     , array([ 0.0115542  ,  0.996416   ,  0.00587201 ,  1.04929    ])
648     , -3280.97    , array([ 0.0115542  ,  0.996416   ,  0.00587201 ,  0.431258   ])
652     , -865.15     , array([ 0.0115542  ,  0.996416   ,  0.00587201 ,  0.122231   ])
656     , -101.516    , array([ 0.0115542  ,  0.996416   ,  0.00587201 ,  0.0520416  ])
660     , -98.904     , array([ 0.0115542  ,  0.996416   ,  0.00587201 ,  0.0493478  ])
664     , -99.1081    , array([ 0.0221321  ,  0.991731   ,  0.0114896  ,  0.0482199  ])
668     , -98.9356    , array([ 0.0135744  ,  0.995521   ,  0.00694487 ,  0.0491329  ])
672     , -98.8974    , array([ 0.0104575  ,  0.996901   ,  0.00528959 ,  0.0494654  ])
680     , -98.8973    , array([ 0.0105406  ,  0.996865   ,  0.00533374 ,  0.0494565  ])
688     , -98.9132    , array([ 0.0104852  ,  0.996865   ,  0.00529229 ,  0.0494641  ])
692     , -98.8914    , array([ 0.0106021  ,  0.996864   ,  0.00537975 ,  0.0494481  ])
696     , -98.8914    , array([ 0.0106015  ,  0.996864   ,  0.00537929 ,  0.0494482  ])
700     , -99.4343    , array([ 0.0106015  ,  0.947154   ,  0.00537929 ,  0.0494482  ])
704     , -98.8899    , array([ 0.0106015  ,  0.994287   ,  0.00537929 ,  0.0494482  ])
712     , -2165.6     , array([ 0.0106015  ,  0.994261   ,  0.00537929 ,  0.240406   ])
716     , -1112.31    , array([ 0.0106015  ,  0.994261   ,  0.00537929 ,  0.0150063  ])
720     , -98.9238    , array([ 0.0106015  ,  0.994261   ,  0.00537929 ,  0.0497943  ])
724     , -98.8892    , array([ 0.0106015  ,  0.994261   ,  0.00537929 ,  0.049491   ])
728     , -98.8892    , array([ 0.0106015  ,  0.994261   ,  0.00537929 ,  0.0494905  ])
744     , -98.8848    , array([ 0.0100062  ,  0.994525   ,  0.00506311 ,  0.049554   ])
748     , -147.966    , array([ 0.0338455  ,  0.994502   ,  0.0228943  ,  0.0462984  ])
752     , -113.509    , array([ 0.0145591  ,  0.994521   ,  0.00846855 ,  0.0489323  ])
756     , -99.4724    , array([ 0.0106704  ,  0.994524   ,  0.00555996 ,  0.0494633  ])
760     , -98.8817    , array([ 0.0100491  ,  0.994525   ,  0.00509523 ,  0.0495482  ])
764     , -98.8817    , array([ 0.0100477  ,  0.994525   ,  0.00509419 ,  0.0495484  ])
768     , -393.663    , array([ 0.0100477  ,  0.376491   ,  0.00509419 ,  0.0495484  ])
772     , -98.8859    , array([ 0.0100477  ,  0.997344   ,  0.00509419 ,  0.0495484  ])
776     , -98.881     , array([ 0.0100477  ,  0.992724   ,  0.00509419 ,  0.0495484  ])
780     , -98.881     , array([ 0.0100477  ,  0.992705   ,  0.00509419 ,  0.0495484  ])
788     , -229.71     , array([ 0.0100477  ,  0.992705   ,  0.00509419 ,  0.0718957  ])
792     , -98.8807    , array([ 0.0100477  ,  0.992705   ,  0.00509419 ,  0.0495702  ])
796     , -98.8807    , array([ 0.0100477  ,  0.992705   ,  0.00509419 ,  0.0495769  ])
800     , -98.9605    , array([ 0.0140881  ,  0.990916   ,  0.00723991 ,  0.0491458  ])
804     , -98.8927    , array([ 0.0108194  ,  0.992364   ,  0.00550398 ,  0.0494946  ])
808     , -98.8821    , array([ 0.0101603  ,  0.992656   ,  0.00515398 ,  0.0495649  ])
812     , -98.8803    , array([ 0.0100149  ,  0.99272    ,  0.00507674 ,  0.0495804  ])
816     , -98.8802    , array([ 0.0100041  ,  0.992725   ,  0.00507105 ,  0.0495815  ])
