6304    , -19303.3    , array([ 0.868426   ,  0.215701   ,  0.556052   ,  0.0129287  ,  2.27       ,  10         ,  1.27351    ,  2.03376    ])
6320    , -15181.1    , array([ 1.21177    ,  0.392451   ,  0.556052   ,  0.0129287  ,  2.27       ,  10         ,  1.27351    ,  2.03376    ])
6328    , -15891.4    , array([ 1.21177    ,  0.392451   ,  0.747022   ,  0.0129287  ,  2.27       ,  10         ,  1.27351    ,  2.03376    ])
6336    , -15067.4    , array([ 1.21177    ,  0.392451   ,  0.474161   ,  0.0129287  ,  2.27       ,  10         ,  1.27351    ,  2.03376    ])
6344    , -15006.9    , array([ 1.21177    ,  0.392451   ,  0.474972   ,  0.144829   ,  2.27       ,  10         ,  1.27351    ,  2.03376    ])
6352    , -15006.7    , array([ 1.21177    ,  0.392451   ,  0.474972   ,  0.137526   ,  2.27       ,  10         ,  1.27351    ,  2.03376    ])
6360    , -14974.4    , array([ 1.21177    ,  0.392451   ,  0.474972   ,  0.137526   ,  2.14926    ,  10         ,  1.27351    ,  2.03376    ])
6368    , -14975.8    , array([ 1.21177    ,  0.392451   ,  0.474972   ,  0.137526   ,  2.14926    ,  9.88197    ,  1.27351    ,  2.03376    ])
6376    , -14974.2    , array([ 1.21177    ,  0.392451   ,  0.474972   ,  0.137526   ,  2.14926    ,  9.98087    ,  1.27351    ,  2.03376    ])
6384    , -14675      , array([ 1.21177    ,  0.392451   ,  0.474972   ,  0.137526   ,  2.14926    ,  9.98163    ,  0.655473   ,  2.03376    ])
6392    , -14574.4    , array([ 1.21177    ,  0.392451   ,  0.474972   ,  0.137526   ,  2.14926    ,  9.98163    ,  0.0324419  ,  2.03376    ])
6400    , -18639.9    , array([ 1.21177    ,  0.392451   ,  0.474972   ,  0.137526   ,  2.14926    ,  9.98163    ,  0.0324419  ,  0.0337577  ])
6416    , -12446.1    , array([ 1.24653    ,  0.392451   ,  0.474972   ,  0.137526   ,  2.14926    ,  9.98163    ,  0.0324419  ,  0.204069   ])
6424    , -14295.9    , array([ 1.24619    ,  0.5834     ,  0.474972   ,  0.137526   ,  2.14926    ,  9.98163    ,  0.0324419  ,  0.204069   ])
6432    , -12330.6    , array([ 1.24619    ,  0.348606   ,  0.474972   ,  0.137526   ,  2.14926    ,  9.98163    ,  0.0324419  ,  0.204069   ])
6440    , -14776.5    , array([ 1.24619    ,  0.34904    ,  0.238904   ,  0.137526   ,  2.14926    ,  9.98163    ,  0.0324419  ,  0.204069   ])
6448    , -12309.6    , array([ 1.24619    ,  0.34904    ,  0.445153   ,  0.137526   ,  2.14926    ,  9.98163    ,  0.0324419  ,  0.204069   ])
6456    , -12359      , array([ 1.24619    ,  0.34904    ,  0.445153   ,  0.210473   ,  2.14926    ,  9.98163    ,  0.0324419  ,  0.204069   ])
6464    , -16652.3    , array([ 1.24619    ,  0.34904    ,  0.445153   ,  0.0182529  ,  0.531226   ,  9.98163    ,  0.0324419  ,  0.204069   ])
6472    , -12187.3    , array([ 1.24619    ,  0.34904    ,  0.445153   ,  0.0182529  ,  1.89411    ,  9.98163    ,  0.0324419  ,  0.204069   ])
6488    , -12185.5    , array([ 1.24619    ,  0.34904    ,  0.445153   ,  0.0182529  ,  1.89154    ,  9.99789    ,  0.0324419  ,  0.204069   ])
6496    , -38453.9    , array([ 1.24619    ,  0.34904    ,  0.445153   ,  0.0182529  ,  1.89154    ,  9.99999    ,  1.03244    ,  0.204069   ])
6504    , -13460.9    , array([ 1.24619    ,  0.34904    ,  0.445153   ,  0.0182529  ,  1.89154    ,  9.99999    ,  0.105355   ,  0.204069   ])
6512    , -12164.3    , array([ 1.24619    ,  0.34904    ,  0.445153   ,  0.0182529  ,  1.89154    ,  9.99999    ,  0.0237448  ,  0.204069   ])
6520    , -12725.8    , array([ 1.24619    ,  0.34904    ,  0.445153   ,  0.0182529  ,  1.89154    ,  9.99999    ,  0.0237448  ,  0.113899   ])
6528    , -12115.2    , array([ 1.24619    ,  0.34904    ,  0.445153   ,  0.0182529  ,  1.89154    ,  9.99999    ,  0.0237448  ,  0.178186   ])
6536    , -12353.9    , array([ 1.62815    ,  0.34904    ,  0.445153   ,  0.0182529  ,  1.89154    ,  9.99999    ,  0.0237448  ,  0.177925   ])
6544    , -21581.1    , array([ 1.30587    ,  1.34904    ,  0.445153   ,  0.0182529  ,  1.89154    ,  9.99999    ,  0.0237448  ,  0.177925   ])
6552    , -12137      , array([ 1.30587    ,  0.333026   ,  0.445153   ,  0.0182529  ,  1.89154    ,  9.99999    ,  0.0237448  ,  0.177925   ])
6568    , -12095.8    , array([ 1.30587    ,  0.355493   ,  0.458241   ,  0.0182529  ,  1.89154    ,  9.99999    ,  0.0237448  ,  0.177925   ])
6584    , -12091.5    , array([ 1.30587    ,  0.355493   ,  0.457427   ,  0.00459016 ,  1.89154    ,  9.99999    ,  0.0237448  ,  0.177925   ])
6600    , -11973.5    , array([ 1.30587    ,  0.355493   ,  0.457427   ,  0.000132856,  1.61223    ,  9.99999    ,  0.0237448  ,  0.177925   ])
6608    , -11972.9    , array([ 1.30587    ,  0.355493   ,  0.457427   ,  0.000132856,  1.59366    ,  9.99999    ,  0.0237448  ,  0.177925   ])
6632    , -11972.9    , array([ 1.30587    ,  0.355493   ,  0.457427   ,  0.000132856,  1.59366    ,  10         ,  0.0237448  ,  0.177925   ])
6640    , -11972.9    , array([ 1.30587    ,  0.355493   ,  0.457427   ,  0.000132856,  1.59366    ,  10         ,  0.0237448  ,  0.177925   ])
6648    , -18894.6    , array([ 1.30587    ,  0.355493   ,  0.457427   ,  0.000132856,  1.59366    ,  10         ,  0.214598   ,  0.177925   ])
6656    , -11972.7    , array([ 1.30587    ,  0.355493   ,  0.457427   ,  0.000132856,  1.59366    ,  10         ,  0.0243242  ,  0.177925   ])
6664    , -14943.7    , array([ 1.30587    ,  0.355493   ,  0.457427   ,  0.000132856,  1.59366    ,  10         ,  0.0243184  ,  0.559891   ])
6672    , -11939.2    , array([ 1.30587    ,  0.355493   ,  0.457427   ,  0.000132856,  1.59366    ,  10         ,  0.0243184  ,  0.159533   ])
6680    , -11938.9    , array([ 1.30587    ,  0.355493   ,  0.457427   ,  0.000132856,  1.59366    ,  10         ,  0.0243184  ,  0.160956   ])
6688    , -11928.3    , array([ 1.36483    ,  0.355493   ,  0.457427   ,  0.000132856,  1.59366    ,  10         ,  0.0243184  ,  0.160956   ])
6696    , -25207.3    , array([ 1.36425    ,  0.119425   ,  0.457427   ,  0.000132856,  1.59366    ,  10         ,  0.0243184  ,  0.160956   ])
6704    , -11927.7    , array([ 1.36425    ,  0.358366   ,  0.457427   ,  0.000132856,  1.59366    ,  10         ,  0.0243184  ,  0.160956   ])
6712    , -11919      , array([ 1.36425    ,  0.358366   ,  0.506483   ,  0.000132856,  1.59366    ,  10         ,  0.0243184  ,  0.160956   ])
6720    , -11910.4    , array([ 1.36425    ,  0.358366   ,  0.485243   ,  0.000132856,  1.59366    ,  10         ,  0.0243184  ,  0.160956   ])
6736    , -11910.5    , array([ 1.36425    ,  0.358366   ,  0.485243   ,  0.000725968,  1.59366    ,  10         ,  0.0243184  ,  0.160956   ])
6752    , -11910.4    , array([ 1.36425    ,  0.358366   ,  0.485243   ,  5.44848e-07,  1.59366    ,  10         ,  0.0243184  ,  0.160956   ])
6760    , -11846.3    , array([ 1.36425    ,  0.358366   ,  0.485243   ,  5.44848e-07,  1.3782     ,  10         ,  0.0243184  ,  0.160956   ])
6768    , -11851.6    , array([ 1.36425    ,  0.358366   ,  0.485243   ,  5.44848e-07,  1.3782     ,  9.88197    ,  0.0243184  ,  0.160956   ])
6776    , -11846.4    , array([ 1.36425    ,  0.358366   ,  0.485243   ,  5.44848e-07,  1.3782     ,  9.99749    ,  0.0243184  ,  0.160956   ])
6784    , -11846.3    , array([ 1.36425    ,  0.358366   ,  0.485243   ,  5.44848e-07,  1.3782     ,  9.99995    ,  0.0243184  ,  0.160956   ])
6792    , -11846.3    , array([ 1.36425    ,  0.358366   ,  0.485243   ,  5.44848e-07,  1.3782     ,  10         ,  0.0243184  ,  0.160956   ])
6808    , -59412.1    , array([ 1.36425    ,  0.358366   ,  0.485243   ,  5.44848e-07,  1.3782     ,  10         ,  1.02432    ,  0.160956   ])
6816    , -13899.6    , array([ 1.36425    ,  0.358366   ,  0.485243   ,  5.44848e-07,  1.3782     ,  10         ,  0.097206   ,  0.160956   ])
6824    , -11841.3    , array([ 1.36425    ,  0.358366   ,  0.485243   ,  5.44848e-07,  1.3782     ,  10         ,  0.0270487  ,  0.160956   ])
6832    , -13768.4    , array([ 1.36425    ,  0.358366   ,  0.485243   ,  5.44848e-07,  1.3782     ,  10         ,  0.0270487  ,  0.0707858  ])
6840    , -11813.2    , array([ 1.36425    ,  0.358366   ,  0.485243   ,  5.44848e-07,  1.3782     ,  10         ,  0.0270487  ,  0.14729    ])
6848    , -11829.7    , array([ 1.49813    ,  0.358366   ,  0.485243   ,  5.44848e-07,  1.3782     ,  10         ,  0.0270487  ,  0.147425   ])
6864    , -11865.5    , array([ 1.4049     ,  0.388776   ,  0.485243   ,  5.44848e-07,  1.3782     ,  10         ,  0.0270487  ,  0.147425   ])
6880    , -11795      , array([ 1.4049     ,  0.358793   ,  0.512859   ,  5.44848e-07,  1.3782     ,  10         ,  0.0270487  ,  0.147425   ])
6888    , -12053.2    , array([ 1.4049     ,  0.358793   ,  0.512018   ,  0.381967   ,  1.3782     ,  10         ,  0.0270487  ,  0.147425   ])
6896    , -11794.6    , array([ 1.4049     ,  0.358793   ,  0.512018   ,  0.0140219  ,  1.3782     ,  10         ,  0.0270487  ,  0.147425   ])
6904    , -11760.8    , array([ 1.4049     ,  0.358793   ,  0.512018   ,  0.0140219  ,  1.22377    ,  10         ,  0.0270487  ,  0.147425   ])
6960    , -11760.8    , array([ 1.4049     ,  0.358793   ,  0.512018   ,  0.0140219  ,  1.22377    ,  10         ,  0.0270487  ,  0.147425   ])
6968    , -21935.7    , array([ 1.4049     ,  0.358793   ,  0.512018   ,  0.0140219  ,  1.22377    ,  10         ,  0.217845   ,  0.147425   ])
6976    , -11751.7    , array([ 1.4049     ,  0.358793   ,  0.512018   ,  0.0140219  ,  1.22377    ,  10         ,  0.0302725  ,  0.147425   ])
6984    , -16330.9    , array([ 1.4049     ,  0.358793   ,  0.512018   ,  0.0140219  ,  1.22377    ,  10         ,  0.0303339  ,  0.529391   ])
6992    , -11728.2    , array([ 1.4049     ,  0.358793   ,  0.512018   ,  0.0140219  ,  1.22377    ,  10         ,  0.0303339  ,  0.136379   ])
7000    , -12794.7    , array([ 2.4049     ,  0.358793   ,  0.512018   ,  0.0140219  ,  1.22377    ,  10         ,  0.0303339  ,  0.136059   ])
7008    , -11726.6    , array([ 1.42914    ,  0.358793   ,  0.512018   ,  0.0140219  ,  1.22377    ,  10         ,  0.0303339  ,  0.136059   ])
7016    , -15609.3    , array([ 1.42938    ,  0.740759   ,  0.512018   ,  0.0140219  ,  1.22377    ,  10         ,  0.0303339  ,  0.136059   ])
7024    , -11726.6    , array([ 1.42938    ,  0.358412   ,  0.512018   ,  0.0140219  ,  1.22377    ,  10         ,  0.0303339  ,  0.136059   ])
7032    , -12603.7    , array([ 1.42938    ,  0.358412   ,  0.893984   ,  0.0140219  ,  1.22377    ,  10         ,  0.0303339  ,  0.136059   ])
7040    , -11717.5    , array([ 1.42938    ,  0.358412   ,  0.535846   ,  0.0140219  ,  1.22377    ,  10         ,  0.0303339  ,  0.136059   ])
7048    , -11713.9    , array([ 1.42938    ,  0.358412   ,  0.535846   ,  0.0561841  ,  1.22377    ,  10         ,  0.0303339  ,  0.136059   ])
7056    , -12124.8    , array([ 1.42938    ,  0.358412   ,  0.535846   ,  0.0544551  ,  0.605738   ,  10         ,  0.0303339  ,  0.136059   ])
7072    , -11689.9    , array([ 1.42938    ,  0.358412   ,  0.535846   ,  0.0544551  ,  1.09499    ,  9.94224    ,  0.0303339  ,  0.136059   ])
7080    , -23041.3    , array([ 1.42938    ,  0.358412   ,  0.535846   ,  0.0544551  ,  1.09499    ,  9.94224    ,  0.221111   ,  0.136059   ])
7088    , -11677.4    , array([ 1.42938    ,  0.358412   ,  0.535846   ,  0.0544551  ,  1.09499    ,  9.94224    ,  0.0338309  ,  0.136059   ])
7104    , -11658.6    , array([ 1.42938    ,  0.358412   ,  0.535846   ,  0.0544551  ,  1.09499    ,  9.94224    ,  0.0339028  ,  0.127471   ])
7112    , -11551.7    , array([ 1.49348    ,  0.357414   ,  0.59823    ,  0.160311   ,  0.757829   ,  9.79103    ,  0.0432464  ,  0.100628   ])
7120    , -12491      , array([ 2.50104    ,  0.357297   ,  0.605582   ,  0.172786   ,  0.718094   ,  9.77321    ,  0.0443476  ,  0.0976064  ])
7128    , -11548.9    , array([ 1.47842    ,  0.357297   ,  0.605582   ,  0.172786   ,  0.718094   ,  9.77321    ,  0.0443476  ,  0.0976064  ])
7136    , -15898.7    , array([ 1.47798    ,  0.739263   ,  0.605582   ,  0.172786   ,  0.718094   ,  9.77321    ,  0.0443476  ,  0.0976064  ])
7144    , -11548      , array([ 1.47798    ,  0.360588   ,  0.605582   ,  0.172786   ,  0.718094   ,  9.77321    ,  0.0443476  ,  0.0976064  ])
7152    , -11645.3    , array([ 1.47798    ,  0.360556   ,  0.796562   ,  0.172786   ,  0.718094   ,  9.77321    ,  0.0443476  ,  0.0976064  ])
7160    , -11530.8    , array([ 1.47798    ,  0.360556   ,  0.651233   ,  0.172786   ,  0.718094   ,  9.77321    ,  0.0443476  ,  0.0976064  ])
7168    , -11517.7    , array([ 1.47798    ,  0.360556   ,  0.651233   ,  0.260951   ,  0.718094   ,  9.77321    ,  0.0443476  ,  0.0976064  ])
7176    , -17082.1    , array([ 1.47798    ,  0.360556   ,  0.651233   ,  0.259035   ,  0.718094   ,  9.77321    ,  0.0443476  ,  0.479572   ])
7184    , -11505.8    , array([ 1.47798    ,  0.360556   ,  0.651233   ,  0.259035   ,  0.718094   ,  9.77321    ,  0.0443476  ,  0.104973   ])
7192    , -11476.9    , array([ 1.47798    ,  0.360556   ,  0.651233   ,  0.259035   ,  0.718094   ,  9.15517    ,  0.0443476  ,  0.104461   ])
7200    , -11474.9    , array([ 1.47798    ,  0.360556   ,  0.651233   ,  0.259035   ,  0.718094   ,  8.95096    ,  0.0443476  ,  0.104461   ])
7208    , -13787.7    , array([ 1.47798    ,  0.360556   ,  0.651233   ,  0.259035   ,  0.718094   ,  8.95096    ,  0.0120817  ,  0.104461   ])
7216    , -11604.5    , array([ 1.54963    ,  0.359441   ,  0.720969   ,  0.377366   ,  0.341199   ,  8.78193    ,  0.0570584  ,  0.0758011  ])
7224    , -11462.8    , array([ 1.49714    ,  0.360258   ,  0.669881   ,  0.290678   ,  0.617307   ,  8.90576    ,  0.0494066  ,  0.0967967  ])
7232    , -13184.5    , array([ 0.874032   ,  0.360337   ,  0.664944   ,  0.282301   ,  0.64399    ,  8.91773    ,  0.0486672  ,  0.0988257  ])
7240    , -11461.8    , array([ 1.49946    ,  0.360337   ,  0.664944   ,  0.282301   ,  0.64399    ,  8.91773    ,  0.0486672  ,  0.0988257  ])
7248    , -11592.5    , array([ 1.49946    ,  0.416933   ,  0.664944   ,  0.282301   ,  0.64399    ,  8.91773    ,  0.0486672  ,  0.0988257  ])
7256    , -12890.2    , array([ 1.49946    ,  0.371449   ,  1.66494    ,  0.282301   ,  0.64399    ,  8.91773    ,  0.0486672  ,  0.0988257  ])
7264    , -11467.6    , array([ 1.49946    ,  0.371449   ,  0.762951   ,  0.282301   ,  0.64399    ,  8.91773    ,  0.0486672  ,  0.0988257  ])
7272    , -11444.3    , array([ 1.49946    ,  0.371449   ,  0.697918   ,  0.282301   ,  0.64399    ,  8.91773    ,  0.0486672  ,  0.0988257  ])
7280    , -11436.1    , array([ 1.49946    ,  0.371449   ,  0.697918   ,  0.350793   ,  0.64399    ,  8.91773    ,  0.0486672  ,  0.0988257  ])
7296    , -11434.7    , array([ 1.49946    ,  0.371449   ,  0.697918   ,  0.350115   ,  0.64399    ,  8.91773    ,  0.0486672  ,  0.101279   ])
7304    , -11441.9    , array([ 1.49946    ,  0.371449   ,  0.697918   ,  0.350115   ,  0.64399    ,  7.91773    ,  0.0486672  ,  0.101254   ])
7312    , -11424.6    , array([ 1.49946    ,  0.371449   ,  0.697918   ,  0.350115   ,  0.64399    ,  8.46947    ,  0.0486672  ,  0.101254   ])
7320    , -13277.1    , array([ 1.49946    ,  0.371449   ,  0.697918   ,  0.350115   ,  0.64399    ,  8.46947    ,  0.0193005  ,  0.101254   ])
7328    , -11617.1    , array([ 1.57112    ,  0.370334   ,  0.767654   ,  0.468446   ,  0.267095   ,  8.30044    ,  0.0620843  ,  0.0725949  ])
7336    , -11411.3    , array([ 1.50659    ,  0.371338   ,  0.704854   ,  0.361886   ,  0.6065     ,  8.45266    ,  0.0526785  ,  0.0984037  ])
7344    , -11375.7    , array([ 1.52852    ,  0.387947   ,  0.765108   ,  0.482038   ,  0.5499     ,  7.75053    ,  0.0587344  ,  0.0977665  ])
7352    , -12918.9    , array([ 0.915064   ,  0.391413   ,  0.777681   ,  0.507109   ,  0.53809    ,  7.60402    ,  0.0599981  ,  0.0976336  ])
7360    , -11374.1    , array([ 1.51913    ,  0.391413   ,  0.777681   ,  0.507109   ,  0.53809    ,  7.60402    ,  0.0599981  ,  0.0976336  ])
7368    , -11673.5    , array([ 1.51913    ,  0.464349   ,  0.777681   ,  0.507109   ,  0.53809    ,  7.60402    ,  0.0599981  ,  0.0976336  ])
7376    , -12517.8    , array([ 1.51913    ,  0.393143   ,  1.77768    ,  0.507109   ,  0.53809    ,  7.60402    ,  0.0599981  ,  0.0976336  ])
7384    , -11371.2    , array([ 1.51913    ,  0.393143   ,  0.801371   ,  0.507109   ,  0.53809    ,  7.60402    ,  0.0599981  ,  0.0976336  ])
7400    , -11370.7    , array([ 1.51913    ,  0.393143   ,  0.801797   ,  0.525122   ,  0.53809    ,  7.60402    ,  0.0599981  ,  0.0976336  ])
7408    , -21408.9    , array([ 1.51913    ,  0.393143   ,  0.801797   ,  0.525122   ,  0.53809    ,  7.60402    ,  0.0599981  ,  0.00746363 ])
7416    , -11352.1    , array([ 1.51913    ,  0.393143   ,  0.801797   ,  0.525122   ,  0.53809    ,  7.60402    ,  0.0599981  ,  0.0877835  ])
7424    , -11350.6    , array([ 1.51913    ,  0.393143   ,  0.801797   ,  0.525122   ,  0.53809    ,  7.45623    ,  0.0599981  ,  0.0877835  ])
7432    , -11350.6    , array([ 1.51913    ,  0.393143   ,  0.801797   ,  0.525122   ,  0.53809    ,  7.4421     ,  0.0599981  ,  0.0877835  ])
7440    , -11348.5    , array([ 1.52539    ,  0.393046   ,  0.807888   ,  0.535458   ,  0.505169   ,  7.42734    ,  0.0609104  ,  0.0852801  ])
7448    , -11347.6    , array([ 1.52966    ,  0.396286   ,  0.819642   ,  0.558897   ,  0.494128   ,  7.29037    ,  0.0620918  ,  0.0851558  ])
7456    , -11370.9    , array([ 1.60551    ,  0.396254   ,  0.819526   ,  0.558665   ,  0.494237   ,  7.29173    ,  0.0620801  ,  0.0851571  ])
7472    , -11390.3    , array([ 1.48433    ,  0.416511   ,  0.819526   ,  0.558665   ,  0.494237   ,  7.29173    ,  0.0620801  ,  0.0851571  ])
7488    , -11338.4    , array([ 1.48433    ,  0.390035   ,  0.843768   ,  0.558665   ,  0.494237   ,  7.29173    ,  0.0620801  ,  0.0851571  ])
7496    , -11543.1    , array([ 1.48433    ,  0.390035   ,  0.843526   ,  0.940631   ,  0.494237   ,  7.29173    ,  0.0620801  ,  0.0851571  ])
7512    , -11715.1    , array([ 1.48433    ,  0.390035   ,  0.843526   ,  0.548217   ,  0.494237   ,  7.29173    ,  0.0620801  ,  0.0507152  ])
7520    , -11333.3    , array([ 1.48433    ,  0.390035   ,  0.843526   ,  0.548217   ,  0.494237   ,  7.29173    ,  0.0620801  ,  0.0807022  ])
7528    , -11332.6    , array([ 1.48433    ,  0.390035   ,  0.843526   ,  0.548217   ,  0.494237   ,  7.17544    ,  0.0620801  ,  0.0807022  ])
7536    , -11390.2    , array([ 1.5117     ,  0.389609   ,  0.870162   ,  0.593416   ,  0.350276   ,  7.11087    ,  0.0660697  ,  0.0697552  ])
7544    , -11440.9    , array([ 1.44111    ,  0.357559   ,  0.725366   ,  0.312693   ,  0.606672   ,  8.54935    ,  0.0501883  ,  0.0820809  ])
7552    , -11330.8    , array([ 1.48997    ,  0.394566   ,  0.85962    ,  0.580407   ,  0.48056    ,  6.98491    ,  0.0636818  ,  0.0806613  ])
7560    , -11330.5    , array([ 1.47817    ,  0.394566   ,  0.85962    ,  0.580407   ,  0.48056    ,  6.98491    ,  0.0636818  ,  0.0806613  ])
7576    , -11330      , array([ 1.47695    ,  0.391739   ,  0.85962    ,  0.580407   ,  0.48056    ,  6.98491    ,  0.0636818  ,  0.0806613  ])
7584    , -18643.5    , array([ 1.47695    ,  0.391977   ,  0.241586   ,  0.580407   ,  0.48056    ,  6.98491    ,  0.0636818  ,  0.0806613  ])
7592    , -11329.6    , array([ 1.47695    ,  0.391977   ,  0.870911   ,  0.580407   ,  0.48056    ,  6.98491    ,  0.0636818  ,  0.0806613  ])
7600    , -11328.9    , array([ 1.47695    ,  0.391977   ,  0.870911   ,  0.558169   ,  0.48056    ,  6.98491    ,  0.0636818  ,  0.0806613  ])
7608    , -15773.2    , array([ 1.47695    ,  0.391977   ,  0.870911   ,  0.558169   ,  0.48056    ,  6.98491    ,  0.0636818  ,  0.462627   ])
7616    , -11325.7    , array([ 1.47695    ,  0.391977   ,  0.870911   ,  0.558169   ,  0.48056    ,  6.98491    ,  0.0636818  ,  0.0758724  ])
7624    , -11488.5    , array([ 1.47695    ,  0.391977   ,  0.870911   ,  0.558169   ,  0.48056    ,  5.36688    ,  0.0636818  ,  0.0770516  ])
7632    , -11325.2    , array([ 1.47695    ,  0.391977   ,  0.870911   ,  0.558169   ,  0.48056    ,  6.94312    ,  0.0636818  ,  0.0770516  ])
7640    , -11324.9    , array([ 1.47483    ,  0.39201    ,  0.868847   ,  0.554667   ,  0.491715   ,  6.94854    ,  0.0633727  ,  0.0778998  ])
7648    , -11346.9    , array([ 1.45855    ,  0.379602   ,  0.823934   ,  0.465077   ,  0.533476   ,  7.4728     ,  0.0588633  ,  0.0783363  ])
7656    , -11310.3    , array([ 1.45668    ,  0.401319   ,  0.951411   ,  0.603644   ,  0.464503   ,  6.17592    ,  0.0684509  ,  0.0699135  ])
7664    , -11308      , array([ 1.44389    ,  0.403913   ,  0.986666   ,  0.612569   ,  0.458335   ,  5.86519    ,  0.0702826  ,  0.0657854  ])
7672    , -11307.5    , array([ 1.44977    ,  0.403988   ,  0.987693   ,  0.612829   ,  0.458156   ,  5.85614    ,  0.070336   ,  0.0656651  ])
7680    , -11307.1    , array([ 1.46484    ,  0.403988   ,  0.987693   ,  0.612829   ,  0.458156   ,  5.85614    ,  0.070336   ,  0.0656651  ])
7688    , -11306.6    , array([ 1.46484    ,  0.406392   ,  0.987693   ,  0.612829   ,  0.458156   ,  5.85614    ,  0.070336   ,  0.0656651  ])
7696    , -11485.7    , array([ 1.46484    ,  0.406419   ,  1.36966    ,  0.612829   ,  0.458156   ,  5.85614    ,  0.070336   ,  0.0656651  ])
7704    , -11306.1    , array([ 1.46484    ,  0.406419   ,  0.971883   ,  0.612829   ,  0.458156   ,  5.85614    ,  0.070336   ,  0.0656651  ])
7712    , -11304.1    , array([ 1.46484    ,  0.406419   ,  0.971883   ,  0.572195   ,  0.458156   ,  5.85614    ,  0.070336   ,  0.0656651  ])
7720    , -11306.5    , array([ 1.47496    ,  0.414087   ,  0.9997     ,  0.628423   ,  0.432025   ,  5.53199    ,  0.0731318  ,  0.065371   ])
7728    , -11303.7    , array([ 1.46771    ,  0.408597   ,  0.979784   ,  0.588708   ,  0.450734   ,  5.76407    ,  0.0711301  ,  0.0655816  ])
7736    , -12421.4    , array([ 1.53936    ,  0.407482   ,  1.04952    ,  0.707039   ,  0.073839   ,  5.66203    ,  0.0815749  ,  0.0369221  ])
7744    , -11298.8    , array([ 1.46127    ,  0.408697   ,  0.973519   ,  0.578077   ,  0.484594   ,  5.84625    ,  0.0701917  ,  0.0681563  ])
7752    , -11296.4    , array([ 1.44406    ,  0.412189   ,  1.02099    ,  0.590093   ,  0.47629    ,  5.4279     ,  0.0726579  ,  0.0625984  ])
7768    , -11295.2    , array([ 1.46936    ,  0.411486   ,  1.01143    ,  0.587673   ,  0.477962   ,  5.51216    ,  0.0721612  ,  0.0637179  ])
7776    , -12889.2    , array([ 1.46936    ,  0.602434   ,  1.01143    ,  0.587673   ,  0.477962   ,  5.51216    ,  0.0721612  ,  0.0637179  ])
7784    , -11294.6    , array([ 1.46936    ,  0.414335   ,  1.01143    ,  0.587673   ,  0.477962   ,  5.51216    ,  0.0721612  ,  0.0637179  ])
7792    , -11293.8    , array([ 1.46936    ,  0.414335   ,  0.999047   ,  0.587673   ,  0.477962   ,  5.51216    ,  0.0721612  ,  0.0637179  ])
7800    , -11293.6    , array([ 1.46936    ,  0.414335   ,  0.987757   ,  0.587673   ,  0.477962   ,  5.51216    ,  0.0721612  ,  0.0637179  ])
7808    , -11292.3    , array([ 1.46936    ,  0.414335   ,  0.987757   ,  0.555946   ,  0.477962   ,  5.51216    ,  0.0721612  ,  0.0637179  ])
7816    , -11292      , array([ 1.47195    ,  0.416297   ,  0.994877   ,  0.570143   ,  0.471275   ,  5.4292     ,  0.0728768  ,  0.0636426  ])
7824    , -11291.2    , array([ 1.47195    ,  0.416297   ,  0.994877   ,  0.570143   ,  0.471275   ,  5.55418    ,  0.0728768  ,  0.0636426  ])
7832    , -11433.8    , array([ 1.42767    ,  0.416986   ,  0.951778   ,  0.497011   ,  0.704208   ,  5.65177    ,  0.0664215  ,  0.0813551  ])
7840    , -11306.3    , array([ 1.42925    ,  0.423938   ,  1.09227    ,  0.587134   ,  0.482001   ,  4.655      ,  0.0774176  ,  0.0537989  ])
7848    , -11285.5    , array([ 1.45558    ,  0.418597   ,  1.01968    ,  0.568757   ,  0.4947     ,  5.2948     ,  0.073646   ,  0.0622988  ])
7856    , -11252.4    , array([ 1.52737    ,  0.483212   ,  1.09746    ,  0.398263   ,  0.645711   ,  3.29974    ,  0.0872488  ,  0.049092   ])
7864    , -12117.1    , array([ 2.50991    ,  0.467528   ,  1.07865    ,  0.439679   ,  0.609031   ,  3.78351    ,  0.0839498  ,  0.0522901  ])
7872    , -11245.8    , array([ 1.50158    ,  0.467528   ,  1.07865    ,  0.439679   ,  0.609031   ,  3.78351    ,  0.0839498  ,  0.0522901  ])
7880    , -15268.6    , array([ 1.50144    ,  0.849494   ,  1.07865    ,  0.439679   ,  0.609031   ,  3.78351    ,  0.0839498  ,  0.0522901  ])
7888    , -11243.9    , array([ 1.50144    ,  0.461969   ,  1.07865    ,  0.439679   ,  0.609031   ,  3.78351    ,  0.0839498  ,  0.0522901  ])
7896    , -11274.7    , array([ 1.50144    ,  0.461913   ,  1.21268    ,  0.439679   ,  0.609031   ,  3.78351    ,  0.0839498  ,  0.0522901  ])
7904    , -12004.1    , array([ 1.50144    ,  0.461913   ,  1.04565    ,  1.43968    ,  0.609031   ,  3.78351    ,  0.0839498  ,  0.0522901  ])
7912    , -11240.1    , array([ 1.50144    ,  0.461913   ,  1.04565    ,  0.484083   ,  0.609031   ,  3.78351    ,  0.0839498  ,  0.0522901  ])
7920    , -11241.2    , array([ 1.51157    ,  0.469581   ,  1.07347    ,  0.539554   ,  0.582901   ,  3.45936    ,  0.0867456  ,  0.0519959  ])
7928    , -11255.7    , array([ 1.50527    ,  0.46481    ,  1.05616    ,  0.505043   ,  0.599158   ,  3.04299    ,  0.0850062  ,  0.0521789  ])
7936    , -11427      , array([ 1.46802    ,  0.472366   ,  1.15886    ,  0.531042   ,  0.581191   ,  2.68782    ,  0.0903422  ,  0.0401534  ])
7944    , -11237.7    , array([ 1.51021    ,  0.463808   ,  1.04253    ,  0.501594   ,  0.601541   ,  3.71308    ,  0.0842983  ,  0.0537742  ])
7952    , -11232.5    , array([ 1.531      ,  0.482489   ,  1.06494    ,  0.452261   ,  0.645232   ,  3.13684    ,  0.088228   ,  0.0499648  ])
7960    , -11232.3    , array([ 1.52793    ,  0.479726   ,  1.06163    ,  0.459558   ,  0.63877    ,  3.22207    ,  0.0876467  ,  0.0505283  ])
7968    , -11231.6    , array([ 1.50934    ,  0.479726   ,  1.06163    ,  0.459558   ,  0.63877    ,  3.22207    ,  0.0876467  ,  0.0505283  ])
7984    , -11230.6    , array([ 1.50824    ,  0.475684   ,  1.06163    ,  0.459558   ,  0.63877    ,  3.22207    ,  0.0876467  ,  0.0505283  ])
7992    , -11340.1    , array([ 1.50824    ,  0.475684   ,  1.44359    ,  0.459558   ,  0.63877    ,  3.22207    ,  0.0876467  ,  0.0505283  ])
8000    , -12002.7    , array([ 1.50824    ,  0.475684   ,  1.078      ,  1.45956    ,  0.63877    ,  3.22207    ,  0.0876467  ,  0.0505283  ])
8008    , -11229.2    , array([ 1.50824    ,  0.475684   ,  1.078      ,  0.489444   ,  0.63877    ,  3.22207    ,  0.0876467  ,  0.0505283  ])
8016    , -11233.6    , array([ 1.51836    ,  0.483351   ,  1.10582    ,  0.544915   ,  0.612639   ,  2.89792    ,  0.0904426  ,  0.0502341  ])
8024    , -11229.2    , array([ 1.50853    ,  0.475906   ,  1.0788     ,  0.491052   ,  0.638012   ,  3.21268    ,  0.0877278  ,  0.0505198  ])
8032    , -11229.1    , array([ 1.50853    ,  0.475906   ,  1.0788     ,  0.491052   ,  0.638012   ,  3.15818    ,  0.0877278  ,  0.0505198  ])
8040    , -11227.7    , array([ 1.51296    ,  0.475007   ,  1.06659    ,  0.48796    ,  0.640149   ,  3.26583    ,  0.0870932  ,  0.0519499  ])
8048    , -11254.9    , array([ 1.47921    ,  0.4448     ,  1.0306     ,  0.56785    ,  0.569408   ,  4.19581    ,  0.0807489  ,  0.058082   ])
8056    , -11225.2    , array([ 1.5242     ,  0.485214   ,  1.07908    ,  0.461127   ,  0.663927   ,  2.94922    ,  0.0892501  ,  0.049841   ])
8064    , -11210.5    , array([ 1.50605    ,  0.511946   ,  1.16408    ,  0.468765   ,  0.786463   ,  1.62019    ,  0.0970597  ,  0.0464932  ])
8072    , -11397.3    , array([ 1.88801    ,  0.511946   ,  1.16408    ,  0.468765   ,  0.786463   ,  1.62019    ,  0.0970597  ,  0.0464932  ])
8080    , -11210.1    , array([ 1.52076    ,  0.511946   ,  1.16408    ,  0.468765   ,  0.786463   ,  1.62019    ,  0.0970597  ,  0.0464932  ])
8088    , -11266.1    , array([ 1.52076    ,  0.543231   ,  1.16408    ,  0.468765   ,  0.786463   ,  1.62019    ,  0.0970597  ,  0.0464932  ])
8104    , -11209.4    , array([ 1.52076    ,  0.508882   ,  1.15247    ,  0.468765   ,  0.786463   ,  1.62019    ,  0.0970597  ,  0.0464932  ])
8112    , -11325      , array([ 1.52076    ,  0.508882   ,  1.15247    ,  0.850731   ,  0.786463   ,  1.62019    ,  0.0970597  ,  0.0464932  ])
8120    , -11251.3    , array([ 1.54727    ,  0.528956   ,  1.22529    ,  0.646857   ,  0.718053   ,  0.771549   ,  0.104379   ,  0.0457231  ])
8128    , -11207.1    , array([ 1.51563    ,  0.504999   ,  1.13838    ,  0.473545   ,  0.799695   ,  1.78433    ,  0.0956439  ,  0.0466422  ])
8136    , -11204.5    , array([ 1.51558    ,  0.50496    ,  1.13824    ,  0.473261   ,  0.799828   ,  2.00957    ,  0.0956296  ,  0.0466437  ])
8144    , -11204.8    , array([ 1.51991    ,  0.504081   ,  1.1263     ,  0.470239   ,  0.801917   ,  2.11217    ,  0.0950093  ,  0.0480416  ])
8152    , -11204      , array([ 1.51747    ,  0.504576   ,  1.13302    ,  0.471941   ,  0.800741   ,  2.05293    ,  0.0953586  ,  0.0472546  ])
8160    , -11203.1    , array([ 1.51278    ,  0.511488   ,  1.155      ,  0.473916   ,  0.832426   ,  1.70927    ,  0.097378   ,  0.0463889  ])
8168    , -11203.1    , array([ 1.51269    ,  0.511488   ,  1.155      ,  0.473916   ,  0.832426   ,  1.70927    ,  0.097378   ,  0.0463889  ])
8176    , -11203.1    , array([ 1.51149    ,  0.511488   ,  1.155      ,  0.473916   ,  0.832426   ,  1.70927    ,  0.097378   ,  0.0463889  ])
8184    , -11201.9    , array([ 1.51149    ,  0.506671   ,  1.155      ,  0.473916   ,  0.832426   ,  1.70927    ,  0.097378   ,  0.0463889  ])
8192    , -11315.2    , array([ 1.51149    ,  0.50659    ,  1.53697    ,  0.473916   ,  0.832426   ,  1.70927    ,  0.097378   ,  0.0463889  ])
8200    , -11201.2    , array([ 1.51149    ,  0.50659    ,  1.12972    ,  0.473916   ,  0.832426   ,  1.70927    ,  0.097378   ,  0.0463889  ])
8208    , -11200.2    , array([ 1.51149    ,  0.50659    ,  1.12972    ,  0.504439   ,  0.832426   ,  1.70927    ,  0.097378   ,  0.0463889  ])
8216    , -11206.9    , array([ 1.4951     ,  0.494183   ,  1.08471    ,  0.413394   ,  0.874706   ,  2.23376    ,  0.0928542  ,  0.0468648  ])
8224    , -11403.2    , array([ 1.50838    ,  0.504239   ,  1.12119    ,  0.486141   ,  0.840438   ,  0.190616   ,  0.0965208  ,  0.0464791  ])
8232    , -11544.9    , array([ 1.47113    ,  0.511795   ,  1.2239     ,  0.51214    ,  0.822471   ,  1.12417    ,  0.101857   ,  0.0344536  ])
8240    , -11196.8    , array([ 1.5103     ,  0.503849   ,  1.1159     ,  0.484799   ,  0.841364   ,  2.07604    ,  0.0962455  ,  0.0470995  ])
8248    , -11196.4    , array([ 1.50705    ,  0.508639   ,  1.13112    ,  0.486168   ,  0.863319   ,  1.83793    ,  0.0976447  ,  0.0464997  ])
8256    , -11185.3    , array([ 1.49229    ,  0.500833   ,  1.06752    ,  0.518146   ,  0.942615   ,  2.19191    ,  0.0982422  ,  0.0468331  ])
8264    , -11183.5    , array([ 1.48389    ,  0.49647    ,  1.0317     ,  0.53626    ,  0.98774    ,  2.38957    ,  0.0985961  ,  0.047015   ])
8272    , -11184.9    , array([ 1.45481    ,  0.496348   ,  1.0307     ,  0.536766   ,  0.989002   ,  2.39509    ,  0.098606   ,  0.0470201  ])
8280    , -11183.5    , array([ 1.48       ,  0.496348   ,  1.0307     ,  0.536766   ,  0.989002   ,  2.39509    ,  0.098606   ,  0.0470201  ])
8288    , -11183.5    , array([ 1.48       ,  0.496098   ,  1.0307     ,  0.536766   ,  0.989002   ,  2.39509    ,  0.098606   ,  0.0470201  ])
8296    , -13604      , array([ 1.48       ,  0.496089   ,  0.412663   ,  0.536766   ,  0.989002   ,  2.39509    ,  0.098606   ,  0.0470201  ])
8304    , -11183.4    , array([ 1.48       ,  0.496089   ,  1.03971    ,  0.536766   ,  0.989002   ,  2.39509    ,  0.098606   ,  0.0470201  ])
8312    , -11182.9    , array([ 1.48       ,  0.496089   ,  1.03971    ,  0.514904   ,  0.989002   ,  2.39509    ,  0.098606   ,  0.0470201  ])
8320    , -11184.1    , array([ 1.49013    ,  0.503757   ,  1.06752    ,  0.570375   ,  0.962871   ,  2.07094    ,  0.101402   ,  0.0467259  ])
8328    , -11188.1    , array([ 1.49463    ,  0.482146   ,  0.996524   ,  0.52883    ,  0.904487   ,  3.10752    ,  0.0947192  ,  0.0489903  ])
8336    , -11497.2    , array([ 1.44663    ,  0.505522   ,  1.14953    ,  0.559349   ,  0.959037   ,  1.41583    ,  0.104677   ,  0.0349835  ])
8344    , -11182.4    , array([ 1.48447    ,  0.497847   ,  1.04522    ,  0.532942   ,  0.977285   ,  2.33519    ,  0.0992572  ,  0.0471976  ])
8352    , -11182.3    , array([ 1.48236    ,  0.496752   ,  1.03623    ,  0.537488   ,  0.988611   ,  2.3848     ,  0.0993461  ,  0.0472433  ])
8360    , -11182.3    , array([ 1.48226    ,  0.496699   ,  1.03579    ,  0.537707   ,  0.989157   ,  2.38719    ,  0.0993503  ,  0.0472455  ])
8368    , -11182.3    , array([ 1.4857     ,  0.496699   ,  1.03579    ,  0.537707   ,  0.989157   ,  2.38719    ,  0.0993503  ,  0.0472455  ])
8376    , -12494      , array([ 1.48566    ,  0.36839    ,  1.03579    ,  0.537707   ,  0.989157   ,  2.38719    ,  0.0993503  ,  0.0472455  ])
8384    , -11639.2    , array([ 1.48566    ,  0.498443   ,  2.03579    ,  0.537707   ,  0.989157   ,  2.38719    ,  0.0993503  ,  0.0472455  ])
8392    , -11182      , array([ 1.48566    ,  0.498443   ,  1.04222    ,  0.537707   ,  0.989157   ,  2.38719    ,  0.0993503  ,  0.0472455  ])
8400    , -11330.6    , array([ 1.48566    ,  0.498443   ,  1.04222    ,  0.919673   ,  0.989157   ,  2.38719    ,  0.0993503  ,  0.0472455  ])
8408    , -11249.5    , array([ 1.44278    ,  0.465961   ,  0.924387   ,  0.282351   ,  1.09985    ,  3.76032    ,  0.0875069  ,  0.0484916  ])
8416    , -11181.5    , array([ 1.48745    ,  0.499794   ,  1.04713    ,  0.527104   ,  0.984552   ,  2.33007    ,  0.099843   ,  0.0471937  ])
8424    , -11181.4    , array([ 1.48846    ,  0.498303   ,  1.04238    ,  0.526677   ,  0.977716   ,  2.40421    ,  0.0994074  ,  0.0473804  ])
8432    , -11215.2    , array([ 1.47423    ,  0.501189   ,  1.08161    ,  0.536608   ,  0.970853   ,  2.05846    ,  0.101446   ,  0.0427871  ])
8440    , -11218.6    , array([ 1.52694    ,  0.517929   ,  1.20294    ,  0.444398   ,  0.773902   ,  1.52309    ,  0.0977319  ,  0.0467268  ])
