704     , -412.849    , array([ 24.0309    ,  0.177215   ,  5          ,  0.659965   ])
708     , -412.849    , array([ 24.0309    ,  0.177215   ,  5          ,  0.659965   ])
712     , -412.849    , array([ 23.9586    ,  0.177215   ,  5          ,  0.659965   ])
716     , -412.849    , array([ 23.9601    ,  0.177215   ,  5          ,  0.659965   ])
724     , -2119.07    , array([ 23.9601    ,  0.0870452  ,  5          ,  0.659965   ])
728     , -413.314    , array([ 23.9601    ,  0.178833   ,  5          ,  0.659965   ])
732     , -412.849    , array([ 23.9601    ,  0.177203   ,  5          ,  0.659965   ])
736     , -472.757    , array([ 23.9601    ,  0.177203   ,  3.38197    ,  0.659965   ])
740     , -414.646    , array([ 23.9601    ,  0.177203   ,  4.69098    ,  0.659965   ])
744     , -412.849    , array([ 23.9601    ,  0.177203   ,  4.99834    ,  0.659965   ])
748     , -412.849    , array([ 23.9601    ,  0.177203   ,  4.99976    ,  0.659965   ])
752     , -412.849    , array([ 23.9601    ,  0.177203   ,  4.99996    ,  0.659965   ])
756     , -412.849    , array([ 23.9601    ,  0.177203   ,  4.99999    ,  0.659965   ])
760     , -412.849    , array([ 23.9601    ,  0.177203   ,  5          ,  0.659965   ])
764     , -412.849    , array([ 23.9601    ,  0.177203   ,  5          ,  0.659965   ])
768     , -412.849    , array([ 23.9601    ,  0.177203   ,  5          ,  0.659965   ])
772     , -412.849    , array([ 23.9601    ,  0.177203   ,  5          ,  0.659965   ])
776     , -412.849    , array([ 23.9601    ,  0.177203   ,  5          ,  0.659965   ])
780     , -412.849    , array([ 23.9601    ,  0.177203   ,  5          ,  0.659965   ])
784     , -412.849    , array([ 23.9601    ,  0.177203   ,  5          ,  0.659965   ])
788     , -9846.97    , array([ 23.9601    ,  0.177203   ,  5          ,  0.0419313  ])
792     , -415.025    , array([ 23.9601    ,  0.177203   ,  5          ,  0.669427   ])
796     , -412.849    , array([ 23.9601    ,  0.177203   ,  5          ,  0.659947   ])
