3488    , -29801.8    , array([ 0.757009   ,  0.583175   ,  2.56377    ,  2.48343    ,  0.000520776,  4.08274    ,  1.1236     ,  0.450143   ])
3504    , -23410.8    , array([ 1.56481    ,  0.410051   ,  2.56377    ,  2.48343    ,  0.000520776,  4.08274    ,  1.1236     ,  0.450143   ])
3512    , -21660.5    , array([ 1.56481    ,  0.410051   ,  1.56377    ,  2.48343    ,  0.000520776,  4.08274    ,  1.1236     ,  0.450143   ])
3520    , -21387.9    , array([ 1.56481    ,  0.410051   ,  1.21144    ,  2.48343    ,  0.000520776,  4.08274    ,  1.1236     ,  0.450143   ])
3528    , -21383.3    , array([ 1.56481    ,  0.410051   ,  1.22483    ,  2.43882    ,  0.000520776,  4.08274    ,  1.1236     ,  0.450143   ])
3544    , -19120.9    , array([ 1.56481    ,  0.410051   ,  1.22483    ,  2.44825    ,  0.316417   ,  5.08274    ,  1.1236     ,  0.450143   ])
3552    , -18335.6    , array([ 1.56481    ,  0.410051   ,  1.22483    ,  2.44825    ,  0.316417   ,  7.56451    ,  1.1236     ,  0.450143   ])
3560    , -18420.1    , array([ 1.56481    ,  0.410051   ,  1.22483    ,  2.44825    ,  0.316417   ,  7.56451    ,  1.50556    ,  0.450143   ])
3568    , -18333.4    , array([ 1.56481    ,  0.410051   ,  1.22483    ,  2.44825    ,  0.316417   ,  7.56451    ,  1.18041    ,  0.450143   ])
3576    , -18081.2    , array([ 1.56481    ,  0.410051   ,  1.22483    ,  2.44825    ,  0.316417   ,  7.56451    ,  1.18041    ,  0.591076   ])
3584    , -18071.9    , array([ 1.56481    ,  0.410051   ,  1.22483    ,  2.44825    ,  0.316417   ,  7.56451    ,  1.18041    ,  0.561464   ])
3592    , -17635.2    , array([ 1.22745    ,  0.410051   ,  1.22483    ,  2.44825    ,  0.316417   ,  7.56451    ,  1.18041    ,  0.561464   ])
3600    , -17632.3    , array([ 1.24937    ,  0.410051   ,  1.22483    ,  2.44825    ,  0.316417   ,  7.56451    ,  1.18041    ,  0.561464   ])
3608    , -16039.5    , array([ 1.24937    ,  0.270957   ,  1.22483    ,  2.44825    ,  0.316417   ,  7.56451    ,  1.18041    ,  0.561464   ])
3616    , -16951      , array([ 1.24937    ,  0.270957   ,  1.60679    ,  2.44825    ,  0.316417   ,  7.56451    ,  1.18041    ,  0.561464   ])
3624    , -15488      , array([ 1.24937    ,  0.270957   ,  0.84291    ,  2.44825    ,  0.316417   ,  7.56451    ,  1.18041    ,  0.561464   ])
3632    , -15354.4    , array([ 1.24937    ,  0.270957   ,  0.84291    ,  2.21769    ,  0.316417   ,  7.56451    ,  1.18041    ,  0.561464   ])
3640    , -15599.7    , array([ 1.24937    ,  0.270957   ,  0.84291    ,  2.22157    ,  0.698383   ,  7.56451    ,  1.18041    ,  0.561464   ])
3648    , -14988.1    , array([ 1.24937    ,  0.270957   ,  0.84291    ,  2.22157    ,  0.420662   ,  8.56451    ,  1.18041    ,  0.561464   ])
3656    , -14816.4    , array([ 1.24937    ,  0.270957   ,  0.84291    ,  2.22157    ,  0.420662   ,  9.89075    ,  1.18041    ,  0.561464   ])
3664    , -14196      , array([ 1.24937    ,  0.270957   ,  0.84291    ,  2.22157    ,  0.420662   ,  9.98092    ,  0.180406   ,  0.561464   ])
3672    , -13944.3    , array([ 1.24937    ,  0.270957   ,  0.84291    ,  2.22157    ,  0.420662   ,  9.98092    ,  0.0345078  ,  0.561464   ])
3680    , -13281.4    , array([ 1.24937    ,  0.270957   ,  0.84291    ,  2.22157    ,  0.420662   ,  9.98092    ,  0.0345078  ,  0.179498   ])
3696    , -13323.5    , array([ 1.0133     ,  0.270957   ,  0.84291    ,  2.22157    ,  0.420662   ,  9.98092    ,  0.0345078  ,  0.187534   ])
3712    , -13010.1    , array([ 1.14065    ,  0.239289   ,  0.84291    ,  2.22157    ,  0.420662   ,  9.98092    ,  0.0345078  ,  0.187534   ])
3728    , -12843.5    , array([ 1.14065    ,  0.232595   ,  0.7403     ,  2.22157    ,  0.420662   ,  9.98092    ,  0.0345078  ,  0.187534   ])
3736    , -12466.8    , array([ 1.14065    ,  0.232595   ,  0.661893   ,  1.60353    ,  0.420662   ,  9.98092    ,  0.0345078  ,  0.187534   ])
3752    , -12439.6    , array([ 1.14065    ,  0.232595   ,  0.661893   ,  1.69438    ,  0.47704    ,  9.98092    ,  0.0345078  ,  0.187534   ])
3760    , -12502.4    , array([ 1.14065    ,  0.232595   ,  0.661893   ,  1.69438    ,  0.511883   ,  9.6719     ,  0.0345078  ,  0.187534   ])
3768    , -12434.6    , array([ 1.14065    ,  0.232595   ,  0.661893   ,  1.69438    ,  0.511883   ,  9.99408    ,  0.0345078  ,  0.187534   ])
3776    , -12433.5    , array([ 1.14065    ,  0.232595   ,  0.661893   ,  1.69438    ,  0.511883   ,  9.99983    ,  0.0345078  ,  0.187534   ])
3792    , -12424      , array([ 1.14065    ,  0.232595   ,  0.661893   ,  1.69438    ,  0.511883   ,  9.99983    ,  0.0302245  ,  0.187534   ])
3808    , -12380.6    , array([ 1.14065    ,  0.232595   ,  0.661893   ,  1.69438    ,  0.511883   ,  9.99983    ,  0.0302669  ,  0.149537   ])
3816    , -17651.9    , array([ 0.522621   ,  0.232595   ,  0.661893   ,  1.69438    ,  0.511883   ,  9.99983    ,  0.0302669  ,  0.154873   ])
3824    , -12368.1    , array([ 1.19099    ,  0.232595   ,  0.661893   ,  1.69438    ,  0.511883   ,  9.99983    ,  0.0302669  ,  0.154873   ])
3832    , -12558.6    , array([ 1.19099    ,  0.305526   ,  0.661893   ,  1.69438    ,  0.511883   ,  9.99983    ,  0.0302669  ,  0.154873   ])
3848    , -12323.7    , array([ 1.19099    ,  0.25653    ,  0.57263    ,  1.69438    ,  0.511883   ,  9.99983    ,  0.0302669  ,  0.154873   ])
3856    , -14917.3    , array([ 1.19099    ,  0.25653    ,  0.642771   ,  0.0763437  ,  0.511883   ,  9.99983    ,  0.0302669  ,  0.154873   ])
3864    , -12000.7    , array([ 1.19099    ,  0.25653    ,  0.642771   ,  1.23243    ,  0.511883   ,  9.99983    ,  0.0302669  ,  0.154873   ])
3872    , -11994.2    , array([ 1.19099    ,  0.25653    ,  0.642771   ,  1.23243    ,  0.572773   ,  9.99983    ,  0.0302669  ,  0.154873   ])
3880    , -12093.3    , array([ 1.19099    ,  0.25653    ,  0.642771   ,  1.23243    ,  0.571191   ,  9.3818     ,  0.0302669  ,  0.154873   ])
3888    , -11996.4    , array([ 1.19099    ,  0.25653    ,  0.642771   ,  1.23243    ,  0.571191   ,  9.98261    ,  0.0302669  ,  0.154873   ])
3896    , -11994.2    , array([ 1.19099    ,  0.25653    ,  0.642771   ,  1.23243    ,  0.571191   ,  9.99947    ,  0.0302669  ,  0.154873   ])
3904    , -11994.2    , array([ 1.19099    ,  0.25653    ,  0.642771   ,  1.23243    ,  0.571191   ,  10         ,  0.0302669  ,  0.154873   ])
3920    , -12496.5    , array([ 1.19099    ,  0.25653    ,  0.642771   ,  1.23243    ,  0.571191   ,  10         ,  0.0581051  ,  0.154873   ])
3928    , -15040      , array([ 1.19099    ,  0.25653    ,  0.642771   ,  1.23243    ,  0.571191   ,  10         ,  0.0309492  ,  1.15487    ])
3936    , -12202.9    , array([ 1.19099    ,  0.25653    ,  0.642771   ,  1.23243    ,  0.571191   ,  10         ,  0.0309492  ,  0.199418   ])
3952    , -11951      , array([ 1.26704    ,  0.25653    ,  0.642771   ,  1.23243    ,  0.571191   ,  10         ,  0.0309492  ,  0.138224   ])
3968    , -11889.3    , array([ 1.2644     ,  0.28076    ,  0.642771   ,  1.23243    ,  0.571191   ,  10         ,  0.0309492  ,  0.138224   ])
3976    , -98725.1    , array([ 1.2644     ,  0.277739   ,  0.0247367  ,  1.23243    ,  0.571191   ,  10         ,  0.0309492  ,  0.138224   ])
3984    , -11888.1    , array([ 1.2644     ,  0.277739   ,  0.642662   ,  1.23243    ,  0.571191   ,  10         ,  0.0309492  ,  0.138224   ])
3992    , -11755.2    , array([ 1.2644     ,  0.277739   ,  0.642661   ,  0.936426   ,  0.571191   ,  10         ,  0.0309492  ,  0.138224   ])
4008    , -11753.3    , array([ 1.2644     ,  0.277739   ,  0.642661   ,  0.91772    ,  0.600505   ,  10         ,  0.0309492  ,  0.138224   ])
4016    , -11780.3    , array([ 1.2644     ,  0.277739   ,  0.642661   ,  0.91772    ,  0.600215   ,  9.69098    ,  0.0309492  ,  0.138224   ])
4024    , -11753.8    , array([ 1.2644     ,  0.277739   ,  0.642661   ,  0.91772    ,  0.600215   ,  9.99342    ,  0.0309492  ,  0.138224   ])
4032    , -11753.3    , array([ 1.2644     ,  0.277739   ,  0.642661   ,  0.91772    ,  0.600215   ,  9.99986    ,  0.0309492  ,  0.138224   ])
4040    , -11753.3    , array([ 1.2644     ,  0.277739   ,  0.642661   ,  0.91772    ,  0.600215   ,  10         ,  0.0309492  ,  0.138224   ])
4048    , -11753.3    , array([ 1.2644     ,  0.277739   ,  0.642661   ,  0.91772    ,  0.600215   ,  10         ,  0.0309492  ,  0.138224   ])
4072    , -11749.3    , array([ 1.2644     ,  0.277739   ,  0.642661   ,  0.91772    ,  0.600215   ,  10         ,  0.0328717  ,  0.138224   ])
4080    , -13598      , array([ 1.2644     ,  0.277739   ,  0.642661   ,  0.91772    ,  0.600215   ,  10         ,  0.0328717  ,  0.0480544  ])
4088    , -11734.4    , array([ 1.2644     ,  0.277739   ,  0.642661   ,  0.91772    ,  0.600215   ,  10         ,  0.0328717  ,  0.127129   ])
4096    , -11744.1    , array([ 1.41237    ,  0.277739   ,  0.642661   ,  0.91772    ,  0.600215   ,  10         ,  0.0328717  ,  0.127239   ])
4112    , -11687.5    , array([ 1.32381    ,  0.298134   ,  0.642661   ,  0.91772    ,  0.600215   ,  10         ,  0.0328717  ,  0.127239   ])
4128    , -11686.2    , array([ 1.32381    ,  0.29512    ,  0.64698    ,  0.91772    ,  0.600215   ,  10         ,  0.0328717  ,  0.127239   ])
4136    , -12063.1    , array([ 1.32381    ,  0.29512    ,  0.646925   ,  1.29969    ,  0.600215   ,  10         ,  0.0328717  ,  0.127239   ])
4152    , -11631.6    , array([ 1.32381    ,  0.29512    ,  0.646925   ,  0.724286   ,  0.611537   ,  10         ,  0.0328717  ,  0.127239   ])
4208    , -11631.6    , array([ 1.32381    ,  0.29512    ,  0.646925   ,  0.724286   ,  0.611537   ,  10         ,  0.0328717  ,  0.127239   ])
4216    , -24695.1    , array([ 1.32381    ,  0.29512    ,  0.646925   ,  0.724286   ,  0.611537   ,  10         ,  0.223624   ,  0.127239   ])
4224    , -11623.7    , array([ 1.32381    ,  0.29512    ,  0.646925   ,  0.724286   ,  0.611537   ,  10         ,  0.0354756  ,  0.127239   ])
4240    , -11613.7    , array([ 1.32381    ,  0.29512    ,  0.646925   ,  0.724286   ,  0.611537   ,  10         ,  0.0354009  ,  0.120449   ])
4248    , -12667.5    , array([ 2.32381    ,  0.29512    ,  0.646925   ,  0.724286   ,  0.611537   ,  10         ,  0.0354009  ,  0.119136   ])
4256    , -11608.5    , array([ 1.36568    ,  0.29512    ,  0.646925   ,  0.724286   ,  0.611537   ,  10         ,  0.0354009  ,  0.119136   ])
4264    , -16479.3    , array([ 1.36568    ,  0.677086   ,  0.646925   ,  0.724286   ,  0.611537   ,  10         ,  0.0354009  ,  0.119136   ])
4272    , -11588.8    , array([ 1.36568    ,  0.308408   ,  0.646925   ,  0.724286   ,  0.611537   ,  10         ,  0.0354009  ,  0.119136   ])
4280    , -11762.6    , array([ 1.36568    ,  0.308275   ,  0.832183   ,  0.724286   ,  0.611537   ,  10         ,  0.0354009  ,  0.119136   ])
4288    , -12989.5    , array([ 1.36568    ,  0.308275   ,  0.654104   ,  1.72429    ,  0.611537   ,  10         ,  0.0354009  ,  0.119136   ])
4296    , -11569.3    , array([ 1.36568    ,  0.308275   ,  0.654104   ,  0.612671   ,  0.611537   ,  10         ,  0.0354009  ,  0.119136   ])
4304    , -11621.2    , array([ 1.36568    ,  0.308275   ,  0.654104   ,  0.611543   ,  0.802518   ,  10         ,  0.0354009  ,  0.119136   ])
4312    , -11705      , array([ 1.36568    ,  0.308275   ,  0.654104   ,  0.611543   ,  0.617685   ,  8.38197    ,  0.0354009  ,  0.119136   ])
4320    , -11569.3    , array([ 1.36568    ,  0.308275   ,  0.654104   ,  0.611543   ,  0.617685   ,  9.99882    ,  0.0354009  ,  0.119136   ])
4328    , -25352      , array([ 1.36568    ,  0.308275   ,  0.654104   ,  0.611543   ,  0.617685   ,  9.99883    ,  0.22614    ,  0.119136   ])
4336    , -11558.9    , array([ 1.36568    ,  0.308275   ,  0.654104   ,  0.611543   ,  0.617685   ,  9.99883    ,  0.0382879  ,  0.119136   ])
4352    , -11552.3    , array([ 1.36568    ,  0.308275   ,  0.654104   ,  0.611543   ,  0.617685   ,  9.99883    ,  0.0381936  ,  0.114252   ])
4360    , -11516.9    , array([ 1.40754    ,  0.321431   ,  0.661282   ,  0.498801   ,  0.623833   ,  9.99767    ,  0.0409863  ,  0.106597   ])
4368    , -11507.5    , array([ 1.44269    ,  0.332474   ,  0.667308   ,  0.40416    ,  0.628994   ,  9.99669    ,  0.0433306  ,  0.101335   ])
4376    , -11507.5    , array([ 1.44462    ,  0.332474   ,  0.667308   ,  0.40416    ,  0.628994   ,  9.99669    ,  0.0433306  ,  0.101335   ])
4384    , -11507.5    , array([ 1.44317    ,  0.332474   ,  0.667308   ,  0.40416    ,  0.628994   ,  9.99669    ,  0.0433306  ,  0.101335   ])
4392    , -11533.6    , array([ 1.44317    ,  0.332474   ,  0.667308   ,  0.40416    ,  0.628994   ,  9.99669    ,  0.0433306  ,  0.112526   ])
4408    , -11506.4    , array([ 1.44317    ,  0.332474   ,  0.680387   ,  0.40416    ,  0.628994   ,  9.99669    ,  0.0433306  ,  0.10159    ])
4416    , -11643.6    , array([ 1.44317    ,  0.332474   ,  0.680159   ,  0.786126   ,  0.628994   ,  9.99669    ,  0.0433306  ,  0.10159    ])
4424    , -12615.5    , array([ 1.44317    ,  0.332474   ,  0.680159   ,  0.465381   ,  1.62899    ,  9.99669    ,  0.0433306  ,  0.10159    ])
4432    , -11500.4    , array([ 1.44317    ,  0.332474   ,  0.680159   ,  0.465381   ,  0.632221   ,  9.99669    ,  0.0433306  ,  0.10159    ])
4440    , -11478.1    , array([ 1.44317    ,  0.332474   ,  0.680159   ,  0.465381   ,  0.632221   ,  9.28109    ,  0.0433306  ,  0.10159    ])
4448    , -44211.2    , array([ 1.44317    ,  0.332474   ,  0.680159   ,  0.465381   ,  0.632221   ,  9.27394    ,  0.425297   ,  0.10159    ])
4456    , -11471.2    , array([ 1.44317    ,  0.332474   ,  0.680159   ,  0.465381   ,  0.632221   ,  9.27394    ,  0.0481037  ,  0.10159    ])
4464    , -11466.2    , array([ 1.44317    ,  0.332474   ,  0.680159   ,  0.465381   ,  0.632221   ,  9.27394    ,  0.0461977  ,  0.10159    ])
4472    , -12407.6    , array([ 2.47586    ,  0.342744   ,  0.685763   ,  0.377364   ,  0.63702    ,  9.27302    ,  0.048378   ,  0.0966957  ])
4480    , -11457.2    , array([ 1.46288    ,  0.342744   ,  0.685763   ,  0.377364   ,  0.63702    ,  9.27302    ,  0.048378   ,  0.0966957  ])
4488    , -16830.1    , array([ 1.46265    ,  0.342744   ,  0.685763   ,  0.377364   ,  0.63702    ,  9.27302    ,  0.048378   ,  0.478662   ])
4496    , -11455.3    , array([ 1.46265    ,  0.342744   ,  0.685763   ,  0.377364   ,  0.63702    ,  9.27302    ,  0.048378   ,  0.0936082  ])
4504    , -48518.3    , array([ 1.46265    ,  0.342744   ,  0.0677288  ,  0.377364   ,  0.63702    ,  9.27302    ,  0.048378   ,  0.0938856  ])
4512    , -11452      , array([ 1.46265    ,  0.342744   ,  0.709688   ,  0.377364   ,  0.63702    ,  9.27302    ,  0.048378   ,  0.0938856  ])
4520    , -11461.1    , array([ 1.46265    ,  0.342744   ,  0.709688   ,  0.568347   ,  0.63702    ,  9.27302    ,  0.048378   ,  0.0938856  ])
4528    , -11442.4    , array([ 1.46265    ,  0.342744   ,  0.709688   ,  0.455131   ,  0.63702    ,  9.27302    ,  0.048378   ,  0.0938856  ])
4536    , -11442.3    , array([ 1.46265    ,  0.342744   ,  0.709688   ,  0.455131   ,  0.627456   ,  9.27302    ,  0.048378   ,  0.0938856  ])
4544    , -11434.2    , array([ 1.46265    ,  0.342744   ,  0.709688   ,  0.455131   ,  0.627456   ,  8.8496     ,  0.048378   ,  0.0938856  ])
4552    , -26726.9    , array([ 1.46265    ,  0.342744   ,  0.709688   ,  0.455131   ,  0.627456   ,  8.8496     ,  0.239091   ,  0.0938856  ])
4560    , -11425.3    , array([ 1.46265    ,  0.342744   ,  0.709688   ,  0.455131   ,  0.627456   ,  8.8496     ,  0.0509128  ,  0.0938856  ])
4568    , -11462.1    , array([ 1.41506    ,  0.327789   ,  0.701527   ,  0.5833     ,  0.620467   ,  8.85093    ,  0.0476743  ,  0.101013   ])
4576    , -11361.9    , array([ 1.50797    ,  0.367843   ,  0.786021   ,  0.443628   ,  0.614145   ,  7.73884    ,  0.0626468  ,  0.0745677  ])
4584    , -11357.5    , array([ 1.51284    ,  0.371646   ,  0.801211   ,  0.453668   ,  0.610679   ,  7.50639    ,  0.0648087  ,  0.071215   ])
4592    , -11379.1    , array([ 1.58511    ,  0.373996   ,  0.810599   ,  0.459873   ,  0.608537   ,  7.36273    ,  0.0661449  ,  0.0691429  ])
4600    , -17958.1    , array([ 1.45722    ,  0.373996   ,  0.810599   ,  0.459873   ,  0.608537   ,  7.36273    ,  0.0661449  ,  1.06914    ])
4608    , -12040      , array([ 1.45722    ,  0.373996   ,  0.810599   ,  0.459873   ,  0.608537   ,  7.36273    ,  0.0661449  ,  0.142078   ])
4616    , -11346.3    , array([ 1.45722    ,  0.373996   ,  0.810599   ,  0.459873   ,  0.608537   ,  7.36273    ,  0.0661449  ,  0.0725453  ])
4624    , -11343.4    , array([ 1.45722    ,  0.373996   ,  0.823361   ,  0.459873   ,  0.608537   ,  7.36273    ,  0.0661449  ,  0.0725796  ])
4632    , -11499.3    , array([ 1.33261    ,  0.334842   ,  0.829583   ,  0.795425   ,  0.590239   ,  7.36621    ,  0.057833   ,  0.0912386  ])
4640    , -11340.3    , array([ 1.44981    ,  0.371668   ,  0.849678   ,  0.479824   ,  0.607449   ,  7.36294    ,  0.0656507  ,  0.073689   ])
4648    , -11326.9    , array([ 1.44974    ,  0.371645   ,  0.849665   ,  0.480025   ,  0.710369   ,  7.36294    ,  0.0656457  ,  0.0737002  ])
4656    , -11326.9    , array([ 1.44974    ,  0.371645   ,  0.849665   ,  0.480025   ,  0.70809    ,  7.36294    ,  0.0656457  ,  0.0737002  ])
4664    , -11326.8    , array([ 1.44974    ,  0.371645   ,  0.849665   ,  0.480025   ,  0.70809    ,  7.32111    ,  0.0656457  ,  0.0737002  ])
4680    , -11326.8    , array([ 1.44974    ,  0.371645   ,  0.849665   ,  0.480025   ,  0.70809    ,  7.32111    ,  0.0657519  ,  0.0737002  ])
4688    , -11316.6    , array([ 1.46537    ,  0.383861   ,  0.898464   ,  0.512278   ,  0.696956   ,  6.57437    ,  0.0726959  ,  0.0629298  ])
4704    , -11313.7    , array([ 1.43977    ,  0.380743   ,  0.886006   ,  0.504044   ,  0.699798   ,  6.76501    ,  0.0709229  ,  0.0656794  ])
4712    , -15007.1    , array([ 1.43977    ,  0.380743   ,  0.886006   ,  0.504044   ,  0.699798   ,  6.76501    ,  0.0709229  ,  0.447645   ])
4720    , -11314.6    , array([ 1.43977    ,  0.380743   ,  0.886006   ,  0.504044   ,  0.699798   ,  6.76501    ,  0.0709229  ,  0.0717926  ])
4736    , -11313.8    , array([ 1.43977    ,  0.380743   ,  0.837614   ,  0.504044   ,  0.699798   ,  6.76501    ,  0.0709229  ,  0.0684554  ])
4744    , -11351.9    , array([ 1.39218    ,  0.365787   ,  0.863948   ,  0.632214   ,  0.692809   ,  6.76634    ,  0.067748   ,  0.0755825  ])
4752    , -12089.3    , array([ 1.44529    ,  0.382476   ,  0.873054   ,  0.489185   ,  1.70061    ,  6.76486    ,  0.0712909  ,  0.0676292  ])
4760    , -11303.6    , array([ 1.44529    ,  0.382476   ,  0.873054   ,  0.489185   ,  0.772312   ,  6.76486    ,  0.0712909  ,  0.0676292  ])
4768    , -11303.6    , array([ 1.44529    ,  0.382476   ,  0.873054   ,  0.489185   ,  0.772312   ,  6.78953    ,  0.0712909  ,  0.0676292  ])
4784    , -11307.9    , array([ 1.44529    ,  0.382476   ,  0.873054   ,  0.489185   ,  0.772312   ,  6.77806    ,  0.0725699  ,  0.0676292  ])
4792    , -11303      , array([ 1.44529    ,  0.382476   ,  0.873054   ,  0.489185   ,  0.772312   ,  6.77806    ,  0.0706278  ,  0.0676292  ])
4800    , -11288.1    , array([ 1.44111    ,  0.393516   ,  0.897273   ,  0.498894   ,  0.836346   ,  6.22231    ,  0.075623   ,  0.0613749  ])
4808    , -11277.6    , array([ 1.42036    ,  0.40659    ,  0.908806   ,  0.493624   ,  0.976112   ,  5.66681    ,  0.0804339  ,  0.0569689  ])
4816    , -13120.3    , array([ 0.797844   ,  0.409414   ,  0.911297   ,  0.492485   ,  1.0063     ,  5.54681    ,  0.0814732  ,  0.0560171  ])
4824    , -11277.1    , array([ 1.40738    ,  0.409414   ,  0.911297   ,  0.492485   ,  1.0063     ,  5.54681    ,  0.0814732  ,  0.0560171  ])
4840    , -11271.9    , array([ 1.40738    ,  0.409414   ,  0.911297   ,  0.492485   ,  1.0063     ,  5.54681    ,  0.0814732  ,  0.0588445  ])
4848    , -11511.5    , array([ 1.40738    ,  0.409414   ,  1.29326    ,  0.492485   ,  1.0063     ,  5.54681    ,  0.0814732  ,  0.0588749  ])
4856    , -11267.4    , array([ 1.40738    ,  0.409414   ,  0.867744   ,  0.492485   ,  1.0063     ,  5.54681    ,  0.0814732  ,  0.0588749  ])
4864    , -11264.4    , array([ 1.41806    ,  0.412771   ,  0.870007   ,  0.46372    ,  1.00787    ,  5.54651    ,  0.0821857  ,  0.0572754  ])
4872    , -11305.6    , array([ 1.39906    ,  0.397816   ,  0.81002    ,  0.423422   ,  1.0216     ,  6.46506    ,  0.073658   ,  0.0704893  ])
4880    , -11264.4    , array([ 1.41802    ,  0.41263    ,  0.869193   ,  0.462532   ,  1.0081     ,  5.55957    ,  0.0820797  ,  0.057429   ])
4888    , -11264.3    , array([ 1.41802    ,  0.41263    ,  0.869193   ,  0.462532   ,  1.0081     ,  5.60761    ,  0.0820797  ,  0.057429   ])
4896    , -25672.2    , array([ 1.41802    ,  0.41263    ,  0.869193   ,  0.462532   ,  1.0081     ,  5.60761    ,  0.272802   ,  0.057429   ])
4904    , -11263.4    , array([ 1.41802    ,  0.41263    ,  0.869193   ,  0.462532   ,  1.0081     ,  5.60761    ,  0.081055   ,  0.057429   ])
4912    , -11274.2    , array([ 1.43988    ,  0.398857   ,  0.857044   ,  0.468084   ,  0.860866   ,  6.1928     ,  0.0761185  ,  0.0620705  ])
4920    , -12207      , array([ 2.41365    ,  0.415384   ,  0.871623   ,  0.461421   ,  1.03755    ,  5.49057    ,  0.0822001  ,  0.0565007  ])
4928    , -11263.1    , array([ 1.41157    ,  0.415384   ,  0.871623   ,  0.461421   ,  1.03755    ,  5.49057    ,  0.0822001  ,  0.0565007  ])
4944    , -13602.5    , array([ 1.41152    ,  0.415384   ,  0.871623   ,  0.461421   ,  1.03755    ,  5.49057    ,  0.0822001  ,  0.0222624  ])
4952    , -11260.4    , array([ 1.41152    ,  0.415384   ,  0.871623   ,  0.461421   ,  1.03755    ,  5.49057    ,  0.0822001  ,  0.0585411  ])
4960    , -11260.5    , array([ 1.41152    ,  0.415384   ,  0.873782   ,  0.461421   ,  1.03755    ,  5.49057    ,  0.0822001  ,  0.0585411  ])
4968    , -11617.8    , array([ 1.28691    ,  0.37623    ,  0.836555   ,  0.796974   ,  1.01925    ,  5.49404    ,  0.0738883  ,  0.0772001  ])
4976    , -11257.7    , array([ 1.42093    ,  0.418341   ,  0.859533   ,  0.436087   ,  1.03893    ,  5.49031    ,  0.0828277  ,  0.0571323  ])
4984    , -11257.7    , array([ 1.42086    ,  0.418331   ,  0.859597   ,  0.43639    ,  1.0389     ,  5.4891     ,  0.0828328  ,  0.0571288  ])
4992    , -11404.2    , array([ 1.42142    ,  0.418765   ,  0.861328   ,  0.437534   ,  1.0385     ,  3.84457    ,  0.0830792  ,  0.0567467  ])
5000    , -11257.6    , array([ 1.42142    ,  0.418765   ,  0.861328   ,  0.437534   ,  1.0385     ,  5.48651    ,  0.0830792  ,  0.0567467  ])
5016    , -11257.1    , array([ 1.42142    ,  0.418765   ,  0.861328   ,  0.437534   ,  1.0385     ,  5.48651    ,  0.0824087  ,  0.0567467  ])
5024    , -11257.1    , array([ 1.42021    ,  0.419526   ,  0.861999   ,  0.437227   ,  1.04664    ,  5.45417    ,  0.0826888  ,  0.0564902  ])
5032    , -11244.6    , array([ 1.45155    ,  0.438233   ,  0.816795   ,  0.324999   ,  1.08312    ,  5.30792    ,  0.0847613  ,  0.0566233  ])
5040    , -11244.6    , array([ 1.45048    ,  0.437591   ,  0.818337   ,  0.328837   ,  1.08184    ,  5.31306    ,  0.0846893  ,  0.0566199  ])
5048    , -11244.5    , array([ 1.44601    ,  0.437591   ,  0.818337   ,  0.328837   ,  1.08184    ,  5.31306    ,  0.0846893  ,  0.0566199  ])
5056    , -11253.5    , array([ 1.46646    ,  0.423818   ,  0.806188   ,  0.334389   ,  0.934606   ,  5.89824    ,  0.0796213  ,  0.0612613  ])
5072    , -11243.7    , array([ 1.44369    ,  0.438169   ,  0.835405   ,  0.328604   ,  1.08802    ,  5.28849    ,  0.0849021  ,  0.0564249  ])
5080    , -11279      , array([ 1.4731     ,  0.447412   ,  0.840283   ,  0.249391   ,  1.09234    ,  5.28767    ,  0.0868643  ,  0.0520202  ])
5088    , -11409.3    , array([ 1.38626    ,  0.396601   ,  0.676872   ,  0.243815   ,  1.12284    ,  7.69349    ,  0.0620633  ,  0.0921712  ])
5096    , -11240.4    , array([ 1.43976    ,  0.43841    ,  0.84388    ,  0.354195   ,  1.08474    ,  5.13788    ,  0.0858321  ,  0.0553107  ])
5104    , -11246.7    , array([ 1.43973    ,  0.438385   ,  0.843781   ,  0.35413    ,  1.08476    ,  5.52135    ,  0.0858181  ,  0.0553324  ])
5112    , -11240.4    , array([ 1.43973    ,  0.438385   ,  0.843781   ,  0.35413    ,  1.08476    ,  5.14541    ,  0.0858181  ,  0.0553324  ])
5120    , -12612.7    , array([ 1.43973    ,  0.438385   ,  0.843781   ,  0.35413    ,  1.08476    ,  5.14541    ,  0.0548016  ,  0.0553324  ])
5128    , -11246.4    , array([ 1.46985    ,  0.456546   ,  0.800203   ,  0.245701   ,  1.12098    ,  5.00024    ,  0.0873289  ,  0.0554299  ])
5136    , -11248.2    , array([ 1.4746     ,  0.466686   ,  0.803222   ,  0.215196   ,  1.14254    ,  4.75789    ,  0.0889804  ,  0.0541926  ])
5144    , -11240.6    , array([ 1.42058    ,  0.443058   ,  0.832569   ,  0.326231   ,  1.09408    ,  5.10806    ,  0.085817   ,  0.0553575  ])
5152    , -11265.9    , array([ 1.41069    ,  0.465343   ,  0.852226   ,  0.317247   ,  1.33231    ,  4.16121    ,  0.0940173  ,  0.0478474  ])
5160    , -11239.1    , array([ 1.44928    ,  0.441031   ,  0.83078    ,  0.327048   ,  1.0724     ,  5.19421    ,  0.085071   ,  0.0560408  ])
5168    , -11252.4    , array([ 1.44924    ,  0.441051   ,  0.776922   ,  0.32704    ,  1.07262    ,  5.19336    ,  0.0850783  ,  0.056034   ])
5176    , -11464.4    , array([ 1.52626    ,  0.465249   ,  0.854742   ,  0.119657   ,  1.08393    ,  5.19121    ,  0.0902154  ,  0.0445021  ])
5184    , -11237.1    , array([ 1.44144    ,  0.438599   ,  0.8402     ,  0.348048   ,  1.07147    ,  5.19357    ,  0.084558   ,  0.0572022  ])
5192    , -11236.7    , array([ 1.44165    ,  0.4388     ,  0.841089   ,  0.348857   ,  1.07125    ,  5.17976    ,  0.0846812  ,  0.0570148  ])
5200    , -11277.3    , array([ 1.4445     ,  0.441025   ,  0.849976   ,  0.354731   ,  1.06923    ,  6.04376    ,  0.0859461  ,  0.0550532  ])
5208    , -11235      , array([ 1.4445     ,  0.441025   ,  0.849976   ,  0.354731   ,  1.06923    ,  5.04904    ,  0.0859461  ,  0.0550532  ])
5224    , -11234.9    , array([ 1.4445     ,  0.441025   ,  0.849976   ,  0.354731   ,  1.06923    ,  5.04898    ,  0.0856364  ,  0.0550532  ])
5232    , -11234.7    , array([ 1.45601    ,  0.447962   ,  0.833331   ,  0.313315   ,  1.08306    ,  4.99353    ,  0.086414   ,  0.0550904  ])
5240    , -11203.9    , array([ 1.49415    ,  0.467681   ,  0.959522   ,  0.422173   ,  0.834408   ,  3.79284    ,  0.089278   ,  0.0511332  ])
5248    , -11203.5    , array([ 1.49024    ,  0.465614   ,  0.948865   ,  0.414119   ,  0.856205   ,  3.90325    ,  0.0889875  ,  0.0514878  ])
5256    , -11203.5    , array([ 1.48722    ,  0.465614   ,  0.948865   ,  0.414119   ,  0.856205   ,  3.90325    ,  0.0889875  ,  0.0514878  ])
5264    , -11225.2    , array([ 1.5078     ,  0.451842   ,  0.936716   ,  0.419672   ,  0.70897    ,  4.48843    ,  0.0839195  ,  0.0561293  ])
5280    , -11201.4    , array([ 1.47767    ,  0.470831   ,  0.96208    ,  0.412016   ,  0.911972   ,  3.68161    ,  0.090907   ,  0.0497299  ])
5288    , -11195.4    , array([ 1.46392    ,  0.466511   ,  0.959637   ,  0.449041   ,  0.909953   ,  3.68199    ,  0.0899899  ,  0.0517887  ])
5296    , -11195.3    , array([ 1.46543    ,  0.466985   ,  0.959896   ,  0.444971   ,  0.910175   ,  3.68195    ,  0.0900907  ,  0.0515624  ])
5304    , -11376.2    , array([ 1.47114    ,  0.47043    ,  0.95163    ,  0.424405   ,  0.917045   ,  2.03638    ,  0.0904768  ,  0.0515809  ])
5312    , -11193.9    , array([ 1.47114    ,  0.47043    ,  0.95163    ,  0.424405   ,  0.917045   ,  3.79603    ,  0.0904768  ,  0.0515809  ])
5320    , -37934.1    , array([ 1.47114    ,  0.47043    ,  0.95163    ,  0.424405   ,  0.917045   ,  3.79603    ,  0.000306894,  0.0515809  ])
5328    , -11193.8    , array([ 1.47114    ,  0.47043    ,  0.95163    ,  0.424405   ,  0.917045   ,  3.79603    ,  0.0908102  ,  0.0515809  ])
5336    , -11193.2    , array([ 1.4763     ,  0.47315    ,  0.965653   ,  0.435002   ,  0.888362   ,  3.65075    ,  0.0911958  ,  0.0511143  ])
5344    , -12931.4    , array([ 0.858334   ,  0.473187   ,  0.965842   ,  0.435145   ,  0.887976   ,  3.6488     ,  0.091201   ,  0.051108   ])
5352    , -11193      , array([ 1.48659    ,  0.473187   ,  0.965842   ,  0.435145   ,  0.887976   ,  3.6488     ,  0.091201   ,  0.051108   ])
5360    , -11191.8    , array([ 1.48006    ,  0.477305   ,  0.969475   ,  0.433485   ,  0.932008   ,  3.47379    ,  0.0927166  ,  0.0497199  ])
5368    , -14472.5    , array([ 1.48006    ,  0.477305   ,  0.351441   ,  0.433485   ,  0.932008   ,  3.47379    ,  0.0927166  ,  0.0497199  ])
5376    , -11191.8    , array([ 1.48006    ,  0.477305   ,  0.973267   ,  0.433485   ,  0.932008   ,  3.47379    ,  0.0927166  ,  0.0497199  ])
5384    , -11189      , array([ 1.47172    ,  0.474685   ,  0.971875   ,  0.455944   ,  0.930783   ,  3.47403    ,  0.0921602  ,  0.0509688  ])
5392    , -11194.6    , array([ 1.45339    ,  0.463551   ,  0.998857   ,  0.522183   ,  0.908439   ,  3.56374    ,  0.0909213  ,  0.0508656  ])
5400    , -11365      , array([ 1.47636    ,  0.477402   ,  0.965621   ,  0.439488   ,  0.936064   ,  1.83499    ,  0.0924738  ,  0.0509399  ])
5408    , -11188.2    , array([ 1.47636    ,  0.477402   ,  0.965621   ,  0.439488   ,  0.936064   ,  3.56472    ,  0.0924738  ,  0.0509399  ])
5416    , -36512.1    , array([ 1.47636    ,  0.477402   ,  0.965621   ,  0.439488   ,  0.936064   ,  3.56472    ,  0.00230389 ,  0.0509399  ])
5424    , -11188      , array([ 1.47636    ,  0.477402   ,  0.965621   ,  0.439488   ,  0.936064   ,  3.56472    ,  0.0929106  ,  0.0509399  ])
5432    , -11187.7    , array([ 1.48011    ,  0.479377   ,  0.975807   ,  0.447185   ,  0.91523    ,  3.4592     ,  0.0931927  ,  0.050601   ])
5440    , -11180.3    , array([ 1.5004     ,  0.512544   ,  1.02993    ,  0.512094   ,  1.05817    ,  2.43872    ,  0.103826   ,  0.0478662  ])
5448    , -12074.1    , array([ 2.49442    ,  0.502743   ,  1.01397    ,  0.492932   ,  1.01578    ,  2.74006    ,  0.100682   ,  0.0486735  ])
5456    , -11178.8    , array([ 1.50026    ,  0.502743   ,  1.01397    ,  0.492932   ,  1.01578    ,  2.74006    ,  0.100682   ,  0.0486735  ])
5464    , -11186.7    , array([ 1.48681    ,  0.511255   ,  1.02148    ,  0.4895     ,  1.10678    ,  2.3784     ,  0.103814   ,  0.0458049  ])
5480    , -11178.6    , array([ 1.50289    ,  0.501125   ,  1.01069    ,  0.493584   ,  0.998495   ,  2.80877    ,  0.100087   ,  0.0492185  ])
5488    , -11183.8    , array([ 1.51802    ,  0.509108   ,  1.05186    ,  0.524686   ,  0.914316   ,  2.38241    ,  0.101209   ,  0.0478491  ])
5496    , -11178.6    , array([ 1.50259    ,  0.50097    ,  1.0099     ,  0.492976   ,  1.00014    ,  2.8171     ,  0.100065   ,  0.0492452  ])
5504    , -11222.2    , array([ 1.50134    ,  0.500213   ,  1.01172    ,  0.497494   ,  0.99863    ,  3.82315    ,  0.0999804  ,  0.0492412  ])
5512    , -11178.5    , array([ 1.50134    ,  0.500213   ,  1.01172    ,  0.497494   ,  0.99863    ,  2.85249    ,  0.0999804  ,  0.0492412  ])
5528    , -11178.5    , array([ 1.50134    ,  0.500213   ,  1.01172    ,  0.497494   ,  0.99863    ,  2.85278    ,  0.100033   ,  0.0492412  ])
5536    , -11178.5    , array([ 1.50213    ,  0.501514   ,  1.01384    ,  0.500039   ,  1.00426    ,  2.81276    ,  0.100451   ,  0.049134   ])
