164     , -393.155    , array([ 18.2091    ,  0.1262     ,  5          ,  0.513098   ])
168     , -393.037    , array([ 19.7837    ,  0.1262     ,  5          ,  0.513098   ])
172     , -393.037    , array([ 19.7708    ,  0.1262     ,  5          ,  0.513098   ])
176     , -393.037    , array([ 19.7714    ,  0.1262     ,  5          ,  0.513098   ])
184     , -479.6      , array([ 19.7714    ,  0.141417   ,  5          ,  0.513098   ])
188     , -393.037    , array([ 19.7714    ,  0.126197   ,  5          ,  0.513098   ])
200     , -393.038    , array([ 19.7714    ,  0.126197   ,  4.99508    ,  0.513098   ])
204     , -393.037    , array([ 19.7714    ,  0.126197   ,  4.99973    ,  0.513098   ])
208     , -393.037    , array([ 19.7714    ,  0.126197   ,  4.99996    ,  0.513098   ])
212     , -393.037    , array([ 19.7714    ,  0.126197   ,  4.99999    ,  0.513098   ])
216     , -393.037    , array([ 19.7714    ,  0.126197   ,  5          ,  0.513098   ])
220     , -393.037    , array([ 19.7714    ,  0.126197   ,  5          ,  0.513098   ])
224     , -393.037    , array([ 19.7714    ,  0.126197   ,  5          ,  0.513098   ])
228     , -393.037    , array([ 19.7714    ,  0.126197   ,  5          ,  0.513098   ])
232     , -393.037    , array([ 19.7714    ,  0.126197   ,  5          ,  0.513098   ])
236     , -393.037    , array([ 19.7714    ,  0.126197   ,  5          ,  0.513098   ])
240     , -393.037    , array([ 19.7714    ,  0.126197   ,  5          ,  0.513098   ])
248     , -853.533    , array([ 19.7714    ,  0.126197   ,  5          ,  0.422928   ])
252     , -393.037    , array([ 19.7714    ,  0.126197   ,  5          ,  0.513092   ])
