845     , -2345.91    , array([ 2.25467    ,  0.0863164  ,  2.49275    ,  10         ,  5          ])
850     , -1991.7     , array([ 1.37457    ,  0.0863164  ,  2.49275    ,  10         ,  5          ])
855     , -1981.99    , array([ 1.25499    ,  0.0863164  ,  2.49275    ,  10         ,  5          ])
860     , -1981.99    , array([ 1.25499    ,  0.0863164  ,  2.49275    ,  10         ,  5          ])
870     , -1982.08    , array([ 1.25499    ,  0.0860124  ,  2.49275    ,  10         ,  5          ])
875     , -1981.99    , array([ 1.25499    ,  0.0862728  ,  2.49275    ,  10         ,  5          ])
880     , -2011.01    , array([ 1.25499    ,  0.0862728  ,  2.87471    ,  10         ,  5          ])
885     , -1981.99    , array([ 1.25499    ,  0.0862728  ,  2.49423    ,  10         ,  5          ])
900     , -1981.99    , array([ 1.25499    ,  0.0862728  ,  2.49423    ,  9.99996    ,  5          ])
910     , -1981.99    , array([ 1.25499    ,  0.0862728  ,  2.49423    ,  10         ,  5          ])
920     , -1981.99    , array([ 1.25499    ,  0.0862728  ,  2.49423    ,  10         ,  5          ])
930     , -1981.99    , array([ 1.25499    ,  0.0862728  ,  2.49423    ,  10         ,  5          ])
935     , -1989.85    , array([ 1.25499    ,  0.0862728  ,  2.49423    ,  10         ,  3.38197    ])
945     , -1982.02    , array([ 1.25499    ,  0.0862728  ,  2.49423    ,  10         ,  4.98278    ])
955     , -1981.99    , array([ 1.25499    ,  0.0862728  ,  2.49423    ,  10         ,  4.99986    ])
965     , -1981.99    , array([ 1.25499    ,  0.0862728  ,  2.49423    ,  10         ,  5          ])
975     , -1981.99    , array([ 1.25499    ,  0.0862728  ,  2.49423    ,  10         ,  5          ])
985     , -1981.99    , array([ 1.25499    ,  0.0862728  ,  2.49423    ,  10         ,  5          ])
