285     , -1311.14    , array([ 0.999417   ,  0.0987256  ,  4.9726     ,  2.48851    ,  0.04894    ])
290     , -3258.87    , array([ 0.381383   ,  0.0987256  ,  4.9726     ,  2.48851    ,  0.04894    ])
295     , -1311.13    , array([ 1.00262    ,  0.0987256  ,  4.9726     ,  2.48851    ,  0.04894    ])
300     , -40617.3    , array([ 1.00232    ,  1.09873    ,  4.9726     ,  2.48851    ,  0.04894    ])
305     , -14163.8    , array([ 1.00232    ,  0.289518   ,  4.9726     ,  2.48851    ,  0.04894    ])
310     , -1577.92    , array([ 1.00232    ,  0.113472   ,  4.9726     ,  2.48851    ,  0.04894    ])
315     , -1311.13    , array([ 1.00232    ,  0.0986839  ,  4.9726     ,  2.48851    ,  0.04894    ])
320     , -1311.13    , array([ 1.00232    ,  0.0986843  ,  4.9726     ,  2.48851    ,  0.04894    ])
325     , -1311.13    , array([ 1.00232    ,  0.0986843  ,  4.97765    ,  2.48851    ,  0.04894    ])
330     , -1311.13    , array([ 1.00232    ,  0.0986843  ,  4.9776     ,  2.48851    ,  0.04894    ])
335     , -1311.13    , array([ 1.00232    ,  0.0986843  ,  4.9776     ,  2.4923     ,  0.04894    ])
350     , -2056.47    , array([ 1.00232    ,  0.0986843  ,  4.9776     ,  2.4923     ,  0.0357843  ])
355     , -1311.11    , array([ 1.00232    ,  0.0986843  ,  4.9776     ,  2.4923     ,  0.0490259  ])
