2636    , -694.089    , array([ 23.1683    ,  0.158935   ,  1.82109    ,  0.61199    ])
2640    , -696.816    , array([ 23.1683    ,  0.158935   ,  1.82109    ,  0.612603   ])
2644    , -436.689    , array([ 23.1683    ,  0.159094   ,  3.57073    ,  0.61199    ])
2648    , -398.481    , array([ 23.1683    ,  0.158935   ,  4.46923    ,  0.61199    ])
2652    , -398.973    , array([ 23.1683    ,  0.158935   ,  4.46923    ,  0.612603   ])
2656    , -393.612    , array([ 23.1683    ,  0.159094   ,  4.81642    ,  0.61199    ])
2660    , -393.173    , array([ 23.1683    ,  0.158935   ,  4.93804    ,  0.61199    ])
2664    , -393.243    , array([ 23.1683    ,  0.158935   ,  4.93804    ,  0.612603   ])
2668    , -393.098    , array([ 23.1683    ,  0.159094   ,  4.97926    ,  0.61199    ])
2672    , -393.098    , array([ 23.1683    ,  0.158935   ,  4.99308    ,  0.61199    ])
2676    , -393.118    , array([ 23.1683    ,  0.158935   ,  4.99308    ,  0.612603   ])
2680    , -393.099    , array([ 23.1683    ,  0.159094   ,  4.99769    ,  0.61199    ])
2684    , -393.096    , array([ 23.1683    ,  0.158935   ,  4.99951    ,  0.61199    ])
2688    , -393.111    , array([ 23.1683    ,  0.158935   ,  4.99951    ,  0.612603   ])
2692    , -393.1      , array([ 23.1683    ,  0.159094   ,  4.9999     ,  0.61199    ])
2696    , -393.096    , array([ 23.1683    ,  0.158935   ,  4.99998    ,  0.61199    ])
2700    , -393.11     , array([ 23.1683    ,  0.158935   ,  4.99998    ,  0.612603   ])
2704    , -393.1      , array([ 23.1683    ,  0.159094   ,  5          ,  0.61199    ])
2708    , -393.096    , array([ 23.1683    ,  0.158935   ,  5          ,  0.61199    ])
2712    , -393.11     , array([ 23.1683    ,  0.158935   ,  5          ,  0.612603   ])
2716    , -393.1      , array([ 23.1683    ,  0.159094   ,  5          ,  0.61199    ])
2720    , -393.096    , array([ 23.1683    ,  0.158935   ,  5          ,  0.61199    ])
2724    , -393.11     , array([ 23.1683    ,  0.158935   ,  5          ,  0.612603   ])
2728    , -393.1      , array([ 23.1683    ,  0.159094   ,  5          ,  0.61199    ])
2732    , -393.096    , array([ 23.1683    ,  0.158935   ,  5          ,  0.61199    ])
2736    , -393.11     , array([ 23.1683    ,  0.158935   ,  5          ,  0.612603   ])
2740    , -393.1      , array([ 23.1683    ,  0.159094   ,  5          ,  0.61199    ])
2744    , -393.096    , array([ 23.1683    ,  0.158935   ,  5          ,  0.61199    ])
2748    , -393.11     , array([ 23.1683    ,  0.158935   ,  5          ,  0.612603   ])
2752    , -393.1      , array([ 23.1683    ,  0.159094   ,  5          ,  0.61199    ])
2756    , -393.096    , array([ 23.1683    ,  0.158935   ,  5          ,  0.61199    ])
2760    , -393.11     , array([ 23.1683    ,  0.158935   ,  5          ,  0.612603   ])
2764    , -393.1      , array([ 23.1683    ,  0.159094   ,  5          ,  0.61199    ])
2768    , -393.096    , array([ 23.1683    ,  0.158935   ,  5          ,  0.61199    ])
2772    , -393.11     , array([ 23.1683    ,  0.158935   ,  5          ,  0.612603   ])
2776    , -393.1      , array([ 23.1683    ,  0.159094   ,  5          ,  0.61199    ])
2780    , -393.096    , array([ 23.1683    ,  0.158935   ,  5          ,  0.61199    ])
2784    , -393.11     , array([ 23.1683    ,  0.158935   ,  5          ,  0.612603   ])
2788    , -393.1      , array([ 23.1683    ,  0.159094   ,  5          ,  0.61199    ])
2792    , -393.096    , array([ 23.1683    ,  0.158935   ,  5          ,  0.61199    ])
2796    , -393.11     , array([ 23.1683    ,  0.158935   ,  5          ,  0.612603   ])
2800    , -393.1      , array([ 23.1683    ,  0.159094   ,  5          ,  0.61199    ])
2804    , -393.096    , array([ 23.1683    ,  0.158935   ,  5          ,  0.61199    ])
2808    , -393.11     , array([ 23.1683    ,  0.158935   ,  5          ,  0.612603   ])
2812    , -393.1      , array([ 23.1683    ,  0.159094   ,  5          ,  0.61199    ])
2816    , -393.096    , array([ 23.1683    ,  0.158935   ,  5          ,  0.61199    ])
2820    , -393.11     , array([ 23.1683    ,  0.158935   ,  5          ,  0.612603   ])
2824    , -393.1      , array([ 23.1683    ,  0.159094   ,  5          ,  0.61199    ])
2828    , -393.096    , array([ 23.1683    ,  0.158935   ,  5          ,  0.61199    ])
2832    , -393.11     , array([ 23.1683    ,  0.158935   ,  5          ,  0.612603   ])
2836    , -393.1      , array([ 23.1683    ,  0.159094   ,  5          ,  0.61199    ])
2840    , -393.096    , array([ 23.1683    ,  0.158935   ,  5          ,  0.61199    ])
2844    , -393.11     , array([ 23.1683    ,  0.158935   ,  5          ,  0.612603   ])
2848    , -393.1      , array([ 23.1683    ,  0.159094   ,  5          ,  0.61199    ])
2852    , -393.096    , array([ 23.1683    ,  0.158935   ,  5          ,  0.61199    ])
2856    , -393.11     , array([ 23.1683    ,  0.158935   ,  5          ,  0.612603   ])
2860    , -393.1      , array([ 23.1683    ,  0.159094   ,  5          ,  0.61199    ])
2864    , -393.096    , array([ 23.1683    ,  0.158935   ,  5          ,  0.61199    ])
2868    , -393.11     , array([ 23.1683    ,  0.158935   ,  5          ,  0.612603   ])
2872    , -393.1      , array([ 23.1683    ,  0.159094   ,  5          ,  0.61199    ])
2876    , -393.096    , array([ 23.1683    ,  0.158935   ,  5          ,  0.61199    ])
2880    , -393.11     , array([ 23.1683    ,  0.158935   ,  5          ,  0.612603   ])
2884    , -393.1      , array([ 23.1683    ,  0.159094   ,  5          ,  0.61199    ])
2888    , -393.096    , array([ 23.1683    ,  0.158935   ,  5          ,  0.61199    ])
2892    , -393.11     , array([ 23.1683    ,  0.158935   ,  5          ,  0.612603   ])
2896    , -393.1      , array([ 23.1683    ,  0.159094   ,  5          ,  0.61199    ])
2900    , -393.096    , array([ 23.1683    ,  0.158935   ,  5          ,  0.61199    ])
2904    , -393.11     , array([ 23.1683    ,  0.158935   ,  5          ,  0.612603   ])
2908    , -393.1      , array([ 23.1683    ,  0.159094   ,  5          ,  0.61199    ])
2912    , -393.096    , array([ 23.1683    ,  0.158935   ,  5          ,  0.61199    ])
2916    , -393.11     , array([ 23.1683    ,  0.158935   ,  5          ,  0.612603   ])
2920    , -393.1      , array([ 23.1683    ,  0.159094   ,  5          ,  0.61199    ])
2924    , -393.096    , array([ 23.1683    ,  0.158935   ,  5          ,  0.61199    ])
2928    , -393.11     , array([ 23.1683    ,  0.158935   ,  5          ,  0.612603   ])
2932    , -393.1      , array([ 23.1683    ,  0.159094   ,  5          ,  0.61199    ])
2936    , -393.096    , array([ 23.1683    ,  0.158935   ,  5          ,  0.61199    ])
2940    , -393.11     , array([ 23.1683    ,  0.158935   ,  5          ,  0.612603   ])
2944    , -393.1      , array([ 23.1683    ,  0.159094   ,  5          ,  0.61199    ])
2948    , -393.096    , array([ 23.1683    ,  0.158935   ,  5          ,  0.61199    ])
2952    , -393.11     , array([ 23.1683    ,  0.158935   ,  5          ,  0.612603   ])
2956    , -393.1      , array([ 23.1683    ,  0.159094   ,  5          ,  0.61199    ])
2960    , -393.096    , array([ 23.1683    ,  0.158935   ,  5          ,  0.61199    ])
2964    , -393.11     , array([ 23.1683    ,  0.158935   ,  5          ,  0.612603   ])
2968    , -393.1      , array([ 23.1683    ,  0.159094   ,  5          ,  0.61199    ])
2972    , -393.096    , array([ 23.1683    ,  0.158935   ,  5          ,  0.61199    ])
2976    , -393.11     , array([ 23.1683    ,  0.158935   ,  5          ,  0.612603   ])
2980    , -393.1      , array([ 23.1683    ,  0.159094   ,  5          ,  0.61199    ])
2984    , -393.096    , array([ 23.1683    ,  0.158935   ,  5          ,  0.61199    ])
2988    , -393.11     , array([ 23.1683    ,  0.158935   ,  5          ,  0.612603   ])
2992    , -393.1      , array([ 23.1683    ,  0.159094   ,  5          ,  0.61199    ])
2996    , -393.096    , array([ 23.1683    ,  0.158935   ,  5          ,  0.61199    ])
3000    , -393.11     , array([ 23.1683    ,  0.158935   ,  5          ,  0.612603   ])
3004    , -393.1      , array([ 23.1683    ,  0.159094   ,  5          ,  0.61199    ])
3008    , -393.096    , array([ 23.1683    ,  0.158935   ,  5          ,  0.61199    ])
3012    , -393.11     , array([ 23.1683    ,  0.158935   ,  5          ,  0.612603   ])
3016    , -393.1      , array([ 23.1683    ,  0.159094   ,  5          ,  0.61199    ])
3020    , -393.096    , array([ 23.1683    ,  0.158935   ,  5          ,  0.61199    ])
3024    , -393.11     , array([ 23.1683    ,  0.158935   ,  5          ,  0.612603   ])
3028    , -393.1      , array([ 23.1683    ,  0.159094   ,  5          ,  0.61199    ])
3032    , -393.096    , array([ 23.1683    ,  0.158935   ,  5          ,  0.61199    ])
3036    , -393.11     , array([ 23.1683    ,  0.158935   ,  5          ,  0.612603   ])
3040    , -393.1      , array([ 23.1683    ,  0.159094   ,  5          ,  0.61199    ])
3044    , -393.096    , array([ 23.1683    ,  0.158935   ,  5          ,  0.61199    ])
3048    , -393.11     , array([ 23.1683    ,  0.158935   ,  5          ,  0.612603   ])
3052    , -393.1      , array([ 23.1683    ,  0.159094   ,  5          ,  0.61199    ])
3056    , -393.096    , array([ 23.1683    ,  0.158935   ,  5          ,  0.61199    ])
3060    , -393.11     , array([ 23.1683    ,  0.158935   ,  5          ,  0.612603   ])
3064    , -393.1      , array([ 23.1683    ,  0.159094   ,  5          ,  0.61199    ])
3068    , -393.096    , array([ 23.1683    ,  0.158935   ,  5          ,  0.61199    ])
3072    , -393.11     , array([ 23.1683    ,  0.158935   ,  5          ,  0.612603   ])
3076    , -393.1      , array([ 23.1683    ,  0.159094   ,  5          ,  0.61199    ])
3080    , -393.096    , array([ 23.1683    ,  0.158935   ,  5          ,  0.61199    ])
3084    , -393.11     , array([ 23.1683    ,  0.158935   ,  5          ,  0.612603   ])
3088    , -393.1      , array([ 23.1683    ,  0.159094   ,  5          ,  0.61199    ])
3092    , -393.096    , array([ 23.1683    ,  0.158935   ,  5          ,  0.61199    ])
3096    , -393.11     , array([ 23.1683    ,  0.158935   ,  5          ,  0.612603   ])
3100    , -393.1      , array([ 23.1683    ,  0.159094   ,  5          ,  0.61199    ])
3104    , -393.096    , array([ 23.1683    ,  0.158935   ,  5          ,  0.61199    ])
3108    , -393.11     , array([ 23.1683    ,  0.158935   ,  5          ,  0.612603   ])
3112    , -393.1      , array([ 23.1683    ,  0.159094   ,  5          ,  0.61199    ])
3116    , -393.096    , array([ 23.1683    ,  0.158935   ,  5          ,  0.61199    ])
3120    , -393.11     , array([ 23.1683    ,  0.158935   ,  5          ,  0.612603   ])
3124    , -396.837    , array([ 23.1683    ,  0.158935   ,  4.55543    ,  0.61199    ])
3128    , -393.103    , array([ 23.1683    ,  0.158935   ,  4.98348    ,  0.61199    ])
3132    , -393.096    , array([ 23.1683    ,  0.158935   ,  4.99941    ,  0.61199    ])
