1212    , -417.619    , array([ 6.83773    ,  0.250865   ,  5          ,  0.788467   ])
1216    , -413.157    , array([ 8.49459    ,  0.250865   ,  5          ,  0.788467   ])
1220    , -413.157    , array([ 8.47094    ,  0.250865   ,  5          ,  0.788467   ])
1224    , -413.157    , array([ 8.47079    ,  0.250865   ,  5          ,  0.788467   ])
1228    , -2384.45    , array([ 8.47079    ,  0.014797   ,  5          ,  0.788467   ])
1232    , -418.949    , array([ 8.47079    ,  0.26175    ,  5          ,  0.788467   ])
1236    , -413.156    , array([ 8.47079    ,  0.250784   ,  5          ,  0.788467   ])
1240    , -454.93     , array([ 8.47079    ,  0.250783   ,  3.38197    ,  0.788467   ])
1244    , -414.359    , array([ 8.47079    ,  0.250783   ,  4.69098    ,  0.788467   ])
1292    , -413.156    , array([ 8.47079    ,  0.250783   ,  5          ,  0.788467   ])
1296    , -413.844    , array([ 8.47079    ,  0.250783   ,  5          ,  0.795924   ])
1300    , -413.156    , array([ 8.47079    ,  0.250783   ,  5          ,  0.788378   ])
