908     , -393.204    , array([ 26.1117    ,  0.055776   ,  8.4803e-05 ,  0.178516   ])
912     , -3346.39    , array([ 26.1117    ,  0.0430285  ,  8.48035e-05,  0.0672429  ])
916     , -3346.39    , array([ 26.1117    ,  0.0430285  ,  8.48883e-05,  0.0672429  ])
920     , -393.204    , array([ 26.1378    ,  0.0557072  ,  8.4803e-05 ,  0.178358   ])
924     , -393.202    , array([ 26.1117    ,  0.0557175  ,  8.4803e-05 ,  0.178483   ])
928     , -393.202    , array([ 26.1117    ,  0.0557175  ,  8.48878e-05,  0.178483   ])
932     , -393.202    , array([ 26.1378    ,  0.0557154  ,  8.4803e-05 ,  0.178478   ])
936     , -393.202    , array([ 26.1117    ,  0.0557072  ,  8.4803e-05 ,  0.178461   ])
940     , -393.202    , array([ 26.1117    ,  0.0557072  ,  8.48878e-05,  0.178461   ])
944     , -393.201    , array([ 26.1378    ,  0.0556742  ,  8.4803e-05 ,  0.17839    ])
948     , -393.2      , array([ 26.1117    ,  0.0555424  ,  8.4803e-05 ,  0.178108   ])
952     , -393.2      , array([ 26.1117    ,  0.0555424  ,  8.48878e-05,  0.178108   ])
956     , -393.195    , array([ 26.1378    ,  0.0550182  ,  8.4803e-05 ,  0.176982   ])
960     , -393.175    , array([ 26.1117    ,  0.0529707  ,  8.48029e-05,  0.172552   ])
964     , -393.175    , array([ 26.1117    ,  0.0529707  ,  8.48878e-05,  0.172552   ])
968     , -393.17     , array([ 26.1378    ,  0.0455148  ,  8.48027e-05,  0.155912   ])
972     , -408.364    , array([ 26.1117    ,  0.0248096  ,  8.4802e-05 ,  0.103926   ])
976     , -408.364    , array([ 26.1117    ,  0.0248096  ,  8.48868e-05,  0.103926   ])
980     , -393.325    , array([ 26.1378    ,  0.0418239  ,  8.48026e-05,  0.147343   ])
984     , -393.185    , array([ 26.1117    ,  0.0448381  ,  8.48027e-05,  0.154359   ])
988     , -393.185    , array([ 26.1117    ,  0.0448381  ,  8.48876e-05,  0.154359   ])
992     , -393.173    , array([ 26.1378    ,  0.0453876  ,  8.48027e-05,  0.155621   ])
996     , -393.171    , array([ 26.1117    ,  0.0454908  ,  8.48027e-05,  0.155857   ])
1000    , -393.171    , array([ 26.1117    ,  0.0454908  ,  8.48876e-05,  0.155857   ])
1004    , -393.17     , array([ 26.1378    ,  0.0455103  ,  8.48027e-05,  0.155902   ])
1008    , -393.17     , array([ 26.1117    ,  0.0455139  ,  8.48027e-05,  0.15591    ])
1012    , -393.17     , array([ 26.1117    ,  0.0455139  ,  8.48876e-05,  0.15591    ])
1016    , -393.17     , array([ 26.1378    ,  0.0455146  ,  8.48027e-05,  0.155912   ])
1020    , -393.17     , array([ 26.1117    ,  0.0455148  ,  8.48027e-05,  0.155912   ])
1024    , -393.17     , array([ 26.1117    ,  0.0455148  ,  8.48876e-05,  0.155912   ])
1028    , -393.17     , array([ 26.1378    ,  0.0455148  ,  8.48027e-05,  0.155912   ])
1032    , -393.17     , array([ 26.1117    ,  0.0455148  ,  8.48027e-05,  0.155912   ])
1036    , -393.17     , array([ 26.1117    ,  0.0455148  ,  8.48876e-05,  0.155912   ])
1040    , -393.17     , array([ 26.1378    ,  0.0455148  ,  8.48027e-05,  0.155912   ])
1044    , -393.17     , array([ 26.1117    ,  0.0455148  ,  8.48027e-05,  0.155912   ])
1048    , -393.17     , array([ 26.1117    ,  0.0455148  ,  8.48876e-05,  0.155912   ])
1052    , -393.17     , array([ 26.1378    ,  0.0455148  ,  8.48027e-05,  0.155912   ])
1056    , -393.17     , array([ 26.1117    ,  0.0455148  ,  8.48027e-05,  0.155912   ])
1060    , -393.17     , array([ 26.1117    ,  0.0455148  ,  8.48876e-05,  0.155912   ])
1064    , -393.17     , array([ 26.1378    ,  0.0455148  ,  8.48027e-05,  0.155912   ])
1068    , -393.17     , array([ 26.1117    ,  0.0455148  ,  8.48027e-05,  0.155912   ])
1072    , -393.17     , array([ 26.1117    ,  0.0455148  ,  8.48876e-05,  0.155912   ])
1076    , -393.17     , array([ 26.1378    ,  0.0455148  ,  8.48027e-05,  0.155912   ])
1080    , -393.17     , array([ 26.1117    ,  0.0455148  ,  8.48027e-05,  0.155912   ])
1084    , -393.17     , array([ 26.1117    ,  0.0455148  ,  8.48876e-05,  0.155912   ])
1088    , -393.17     , array([ 26.1378    ,  0.0455148  ,  8.48027e-05,  0.155912   ])
1092    , -393.17     , array([ 26.1117    ,  0.0455148  ,  8.48027e-05,  0.155912   ])
1096    , -393.17     , array([ 26.1117    ,  0.0455148  ,  8.48876e-05,  0.155912   ])
1100    , -393.202    , array([ 26.1378    ,  0.0557154  ,  8.4803e-05 ,  0.178478   ])
1104    , -393.202    , array([ 26.1117    ,  0.0557134  ,  8.4803e-05 ,  0.178474   ])
1108    , -393.202    , array([ 26.1117    ,  0.0557134  ,  8.48878e-05,  0.178474   ])
1112    , -393.202    , array([ 26.1378    ,  0.0557093  ,  8.4803e-05 ,  0.178465   ])
1116    , -393.201    , array([ 26.1117    ,  0.055701   ,  8.4803e-05 ,  0.178447   ])
1120    , -393.201    , array([ 26.1117    ,  0.055701   ,  8.48878e-05,  0.178447   ])
1124    , -393.201    , array([ 26.1378    ,  0.0556845  ,  8.4803e-05 ,  0.178412   ])
1128    , -393.201    , array([ 26.1117    ,  0.0556515  ,  8.4803e-05 ,  0.178341   ])
1132    , -393.201    , array([ 26.1117    ,  0.0556515  ,  8.48878e-05,  0.178341   ])
1136    , -393.2      , array([ 26.1378    ,  0.0555856  ,  8.4803e-05 ,  0.1782     ])
1140    , -393.199    , array([ 26.1117    ,  0.055454   ,  8.4803e-05 ,  0.177918   ])
1144    , -393.199    , array([ 26.1117    ,  0.055454   ,  8.48878e-05,  0.177918   ])
1148    , -393.196    , array([ 26.1378    ,  0.0551917  ,  8.4803e-05 ,  0.177355   ])
1152    , -393.191    , array([ 26.1117    ,  0.0546709  ,  8.4803e-05 ,  0.176235   ])
1156    , -393.191    , array([ 26.1117    ,  0.0546709  ,  8.48878e-05,  0.176235   ])
1160    , -393.181    , array([ 26.1378    ,  0.053644   ,  8.48029e-05,  0.174015   ])
1164    , -566.495    , array([ 26.1118    ,  0.254724   ,  8.48083e-05,  0.495237   ])
1168    , -393.248    , array([ 26.1117    ,  0.0597943  ,  8.48033e-05,  0.187169   ])
1172    , -393.186    , array([ 26.1117    ,  0.0541083  ,  8.4803e-05 ,  0.175025   ])
