150     , -1310.96    , array([ 1.00126    ,  0.100328   ,  5.00346    ,  2.46198    ,  0.0500191  ])
155     , -1311.04    , array([ 1.00894    ,  0.100328   ,  5.00346    ,  2.46198    ,  0.0500191  ])
160     , -1310.95    , array([ 1.00001    ,  0.100328   ,  5.00346    ,  2.46198    ,  0.0500191  ])
165     , -24562.3    , array([ 1.00001    ,  0.482294   ,  5.00346    ,  2.46198    ,  0.0500191  ])
170     , -3900.69    , array([ 1.00001    ,  0.0658863  ,  5.00346    ,  2.46198    ,  0.0500191  ])
175     , -1310.95    , array([ 1.00001    ,  0.100268   ,  5.00346    ,  2.46198    ,  0.0500191  ])
180     , -1402.26    , array([ 1.00001    ,  0.100268   ,  3.38542    ,  2.46198    ,  0.0500191  ])
185     , -1310.95    , array([ 1.00001    ,  0.100268   ,  5.00443    ,  2.46198    ,  0.0500191  ])
190     , -1376.35    , array([ 1.00001    ,  0.100268   ,  5.00448    ,  3.46198    ,  0.0500191  ])
195     , -1310.95    , array([ 1.00001    ,  0.100268   ,  5.00448    ,  2.47894    ,  0.0500191  ])
200     , -13910      , array([ 1.00001    ,  0.100268   ,  5.00448    ,  2.46801    ,  1.05002    ])
205     , -9196.23    , array([ 1.00001    ,  0.100268   ,  5.00448    ,  2.46801    ,  0.240918   ])
210     , -2453.23    , array([ 1.00001    ,  0.100268   ,  5.00448    ,  2.46801    ,  0.0778709  ])
215     , -1310.94    , array([ 1.00001    ,  0.100268   ,  5.00448    ,  2.46801    ,  0.0500499  ])
