545     , -1639.1     , array([ 2.00141    ,  0.0995073  ,  0.0501354  ,  4.98439    ,  2.60118    ])
550     , -1332.2     , array([ 1.15672    ,  0.0995073  ,  0.0501354  ,  4.98439    ,  2.60118    ])
555     , -1311.09    , array([ 1.0006     ,  0.0995073  ,  0.0501354  ,  4.98439    ,  2.60118    ])
560     , -1311.09    , array([ 1.00059    ,  0.0995073  ,  0.0501354  ,  4.98439    ,  2.60118    ])
570     , -1311.13    , array([ 1.00059    ,  0.0994281  ,  0.0501354  ,  4.98439    ,  2.60118    ])
575     , -1311.06    , array([ 1.00059    ,  0.0996513  ,  0.0501354  ,  4.98439    ,  2.60118    ])
580     , -11154.3    , array([ 1.00059    ,  0.0996513  ,  0.432101   ,  4.98439    ,  2.60118    ])
585     , -12329.5    , array([ 1.00059    ,  0.0996513  ,  0.0156936  ,  4.98439    ,  2.60118    ])
590     , -1311.07    , array([ 1.00059    ,  0.0996513  ,  0.0500719  ,  4.98439    ,  2.60118    ])
595     , -1311.06    , array([ 1.00059    ,  0.0996513  ,  0.0501273  ,  4.98439    ,  2.60118    ])
600     , -1315.47    , array([ 1.00059    ,  0.0996513  ,  0.0501273  ,  5.36636    ,  2.60118    ])
605     , -1311.06    , array([ 1.00059    ,  0.0996513  ,  0.0501273  ,  4.99126    ,  2.60118    ])
610     , -1322.03    , array([ 1.00059    ,  0.0996513  ,  0.0501273  ,  4.99126    ,  2.98315    ])
615     , -1311.04    , array([ 1.00059    ,  0.0996513  ,  0.0501273  ,  4.99126    ,  2.58303    ])
