165     , -1315.61    , array([ 0.939831   ,  0.100071   ,  0.0497054  ,  4.99508    ,  2.47249    ])
170     , -1311.07    , array([ 1.00061    ,  0.100071   ,  0.0497054  ,  4.99508    ,  2.47249    ])
180     , -5136.84    , array([ 1.00064    ,  0.172948   ,  0.0497054  ,  4.99508    ,  2.47249    ])
185     , -1311.02    , array([ 1.00064    ,  0.0998854  ,  0.0497054  ,  4.99508    ,  2.47249    ])
200     , -2020.31    , array([ 1.00064    ,  0.0998835  ,  0.0365498  ,  4.99508    ,  2.47249    ])
205     , -1311.02    , array([ 1.00064    ,  0.0998835  ,  0.0497332  ,  4.99508    ,  2.47249    ])
210     , -1402.48    , array([ 1.00064    ,  0.0998835  ,  0.0497332  ,  3.37704    ,  2.47249    ])
215     , -1311.02    , array([ 1.00064    ,  0.0998835  ,  0.0497332  ,  5.00598    ,  2.47249    ])
220     , -1535.1     , array([ 1.00064    ,  0.0998835  ,  0.0497332  ,  5.00598    ,  0.854456   ])
225     , -1311.01    , array([ 1.00064    ,  0.0998835  ,  0.0497332  ,  5.00598    ,  2.48206    ])
