3720    , -101.762    , array([ 0.0864721  ,  1.13724    ,  0.0517021  ,  0.0383036  ])
3724    , -101.762    , array([ 0.0864721  ,  1.13724    ,  0.0517021  ,  0.0383036  ])
3732    , -136.918    , array([ 0.105311   ,  1.13724    ,  0.0517021  ,  0.0383036  ])
3736    , -101.759    , array([ 0.0862979  ,  1.13724    ,  0.0517021  ,  0.0383036  ])
3740    , -143.231    , array([ 0.0862979  ,  2.13724    ,  0.0517021  ,  0.0383036  ])
3744    , -112.507    , array([ 0.0862979  ,  1.5192     ,  0.0517021  ,  0.0383036  ])
3748    , -101.757    , array([ 0.0862979  ,  1.13416    ,  0.0517021  ,  0.0383036  ])
3752    , -101.757    , array([ 0.0862979  ,  1.13396    ,  0.0517021  ,  0.0383036  ])
3764    , -101.752    , array([ 0.0862979  ,  1.13396    ,  0.0516145  ,  0.0383036  ])
3768    , -101.751    , array([ 0.0862979  ,  1.13396    ,  0.0515487  ,  0.0383036  ])
3780    , -220.572    , array([ 0.0862979  ,  1.13396    ,  0.0515487  ,  0.025148   ])
3784    , -101.749    , array([ 0.0862979  ,  1.13396    ,  0.0515487  ,  0.0383608  ])
3788    , -101.749    , array([ 0.0862979  ,  1.13396    ,  0.0515487  ,  0.0383602  ])
3792    , -101.778    , array([ 0.0836511  ,  1.0841     ,  0.0492189  ,  0.0392202  ])
3796    , -101.705    , array([ 0.0850962  ,  1.11132    ,  0.050491   ,  0.0387506  ])
3800    , -2528.73    , array([ 1.0851     ,  1.11132    ,  0.050491   ,  0.0387506  ])
3804    , -1673.71    , array([ 0.467062   ,  1.11132    ,  0.050491   ,  0.0387506  ])
3808    , -412.719    , array([ 0.15804    ,  1.11132    ,  0.050491   ,  0.0387506  ])
3812    , -101.752    , array([ 0.0835606  ,  1.11132    ,  0.050491   ,  0.0387506  ])
3816    , -101.65     , array([ 0.0844316  ,  1.11132    ,  0.050491   ,  0.0387506  ])
3820    , -101.65     , array([ 0.0844381  ,  1.11132    ,  0.050491   ,  0.0387506  ])
3824    , -101.821    , array([ 0.0844381  ,  1.08083    ,  0.050491   ,  0.0387506  ])
3828    , -101.645    , array([ 0.0844381  ,  1.11789    ,  0.050491   ,  0.0387506  ])
3832    , -101.645    , array([ 0.0844381  ,  1.11782    ,  0.050491   ,  0.0387506  ])
3840    , -296.352    , array([ 0.0844381  ,  1.11782    ,  0.050491   ,  0.0629414  ])
3844    , -101.643    , array([ 0.0844381  ,  1.11782    ,  0.050491   ,  0.0386707  ])
3848    , -101.643    , array([ 0.0844381  ,  1.11782    ,  0.050491   ,  0.0386859  ])
3852    , -101.616    , array([ 0.0824938  ,  1.0812     ,  0.0487794  ,  0.0393177  ])
3856    , -101.587    , array([ 0.080175   ,  1.05642    ,  0.0473176  ,  0.0397926  ])
3860    , -101.587    , array([ 0.080175   ,  1.05642    ,  0.0473176  ,  0.0397926  ])
3864    , -101.569    , array([ 0.0815017  ,  1.07322    ,  0.0482344  ,  0.0394822  ])
3868    , -101.698    , array([ 0.0803     ,  1.05058    ,  0.0471766  ,  0.0398727  ])
3872    , -101.56     , array([ 0.0827034  ,  1.09585    ,  0.0492922  ,  0.0390918  ])
3876    , -101.55     , array([ 0.0821912  ,  1.08621    ,  0.0488413  ,  0.0392582  ])
3880    , -273.37     , array([ 0.0821912  ,  0.468172   ,  0.0488413  ,  0.0392582  ])
3884    , -101.502    , array([ 0.0821912  ,  1.10955    ,  0.0488413  ,  0.0392582  ])
3888    , -101.5      , array([ 0.0821912  ,  1.10585    ,  0.0488413  ,  0.0392582  ])
3900    , -212.723    , array([ 0.0821912  ,  1.10585    ,  0.0488413  ,  0.0261026  ])
3904    , -101.492    , array([ 0.0821912  ,  1.10585    ,  0.0488413  ,  0.0391305  ])
3908    , -101.426    , array([ 0.0804564  ,  1.08388    ,  0.0476425  ,  0.0395364  ])
3912    , -101.411    , array([ 0.0787217  ,  1.06191    ,  0.0464438  ,  0.0399422  ])
3916    , -101.304    , array([ 0.075025   ,  1.039      ,  0.0440197  ,  0.0406166  ])
3920    , -101.304    , array([ 0.075025   ,  1.039      ,  0.0440197  ,  0.0406166  ])
3924    , -101.286    , array([ 0.0726625  ,  1.02283    ,  0.0424621  ,  0.0410597  ])
3928    , -101.24     , array([ 0.0746069  ,  1.05946    ,  0.0441737  ,  0.040428   ])
3932    , -101.214    , array([ 0.0741236  ,  1.05035    ,  0.0437483  ,  0.040585   ])
3936    , -152.384    , array([ 0.0738249  ,  2.04473    ,  0.0434854  ,  0.0406821  ])
3940    , -113.556    , array([ 0.0738249  ,  1.42669    ,  0.0434854  ,  0.0406821  ])
3944    , -101.486    , array([ 0.0738249  ,  1.11779    ,  0.0434854  ,  0.0406821  ])
3948    , -101.13     , array([ 0.0738249  ,  1.06741    ,  0.0434854  ,  0.0406821  ])
3960    , -205.849    , array([ 0.0738249  ,  1.06741    ,  0.0434854  ,  0.0275264  ])
3964    , -101.113    , array([ 0.0738249  ,  1.06741    ,  0.0434854  ,  0.040494   ])
3968    , -100.963    , array([ 0.0673567  ,  1.02315    ,  0.0392211  ,  0.0417072  ])
3972    , -100.998    , array([ 0.0698273  ,  1.04005    ,  0.0408499  ,  0.0412438  ])
3976    , -100.958    , array([ 0.0659853  ,  1.01376    ,  0.038317   ,  0.0419645  ])
3980    , -104.564    , array([ 0.0318509  ,  0.87607    ,  0.0164858  ,  0.0474567  ])
3984    , -100.868    , array([ 0.0564527  ,  0.975468   ,  0.0322214  ,  0.0434967  ])
3988    , -100.868    , array([ 0.0571054  ,  0.978105   ,  0.0326388  ,  0.0433917  ])
3992    , -100.835    , array([ 0.0578481  ,  0.992094   ,  0.0332926  ,  0.0431504  ])
3996    , -100.832    , array([ 0.0576808  ,  0.988944   ,  0.0331454  ,  0.0432047  ])
4004    , -102.992    , array([ 0.0576808  ,  1.14312    ,  0.0331454  ,  0.0432047  ])
4008    , -100.635    , array([ 0.0576808  ,  1.02081    ,  0.0331454  ,  0.0432047  ])
4016    , -2364.81    , array([ 0.0576808  ,  1.02081    ,  0.0331454  ,  0.23416    ])
4020    , -1349.84    , array([ 0.0576808  ,  1.02081    ,  0.0331454  ,  0.00876288 ])
4024    , -100.678    , array([ 0.0576808  ,  1.02081    ,  0.0331454  ,  0.0433756  ])
4028    , -100.617    , array([ 0.0576808  ,  1.02081    ,  0.0331454  ,  0.0429978  ])
4032    , -100.372    , array([ 0.0487233  ,  0.984619   ,  0.0274161  ,  0.0444416  ])
4036    , -100.305    , array([ 0.0438414  ,  0.964894   ,  0.0242935  ,  0.0452274  ])
4040    , -100.305    , array([ 0.0438414  ,  0.964894   ,  0.0242935  ,  0.0452274  ])
4044    , -100.32     , array([ 0.0445841  ,  0.978884   ,  0.0249473  ,  0.0449861  ])
4048    , -100.286    , array([ 0.0441524  ,  0.970753   ,  0.0245673  ,  0.0451264  ])
4052    , -100.286    , array([ 0.0441566  ,  0.970833   ,  0.024571   ,  0.045125   ])
4056    , -100.12     , array([ 0.0441566  ,  0.984809   ,  0.024571   ,  0.045125   ])
4060    , -100.034    , array([ 0.0441566  ,  1.00545    ,  0.024571   ,  0.045125   ])
4064    , -100.034    , array([ 0.0441566  ,  1.00511    ,  0.024571   ,  0.045125   ])
4072    , -252.398    , array([ 0.0441566  ,  1.00511    ,  0.024571   ,  0.0681616  ])
4076    , -100.026    , array([ 0.0441566  ,  1.00511    ,  0.024571   ,  0.0449678  ])
4080    , -100.026    , array([ 0.0441566  ,  1.00511    ,  0.024571   ,  0.0449814  ])
4084    , -100.908    , array([ 0.0296631  ,  0.946553   ,  0.0153009  ,  0.0473143  ])
4088    , -99.7464    , array([ 0.0373857  ,  0.977754   ,  0.0202403  ,  0.0460713  ])
4092    , -99.5434    , array([ 0.03093    ,  0.990613   ,  0.0161871  ,  0.0469151  ])
4096    , -99.5318    , array([ 0.0333959  ,  0.985701   ,  0.0177353  ,  0.0465928  ])
4100    , -99.5165    , array([ 0.0322663  ,  0.987951   ,  0.0170261  ,  0.0467404  ])
4104    , -99.399     , array([ 0.033009   ,  1.00194    ,  0.0176798  ,  0.0464991  ])
4108    , -99.388     , array([ 0.0328354  ,  0.998671   ,  0.017527   ,  0.0465555  ])
4116    , -102.351    , array([ 0.0328354  ,  1.14446    ,  0.017527   ,  0.0465555  ])
4120    , -99.3497    , array([ 0.0328354  ,  1.01225    ,  0.017527   ,  0.0465555  ])
4128    , -2256.93    , array([ 0.0328354  ,  1.01225    ,  0.017527   ,  0.237512   ])
4132    , -1210.9     , array([ 0.0328354  ,  1.01225    ,  0.017527   ,  0.0121137  ])
4136    , -99.393     , array([ 0.0328354  ,  1.01225    ,  0.017527   ,  0.0468453  ])
4140    , -99.3489    , array([ 0.0328354  ,  1.01225    ,  0.017527   ,  0.0465128  ])
4144    , -99.3489    , array([ 0.0328354  ,  1.01225    ,  0.017527   ,  0.0465132  ])
4148    , -99.2714    , array([ 0.0304348  ,  1.01703    ,  0.0160198  ,  0.046827   ])
4152    , -99.2707    , array([ 0.0301723  ,  1.01756    ,  0.0158549  ,  0.0468613  ])
4156    , -100.593    , array([ 0.032143   ,  1.05413    ,  0.017583   ,  0.0462261  ])
4160    , -99.2636    , array([ 0.0303368  ,  1.0201     ,  0.0159931  ,  0.046813   ])
4164    , -99.2635    , array([ 0.0303227  ,  1.01984    ,  0.0159807  ,  0.0468176  ])
4168    , -353.156    , array([ 0.0303227  ,  0.401806   ,  0.0159807  ,  0.0468176  ])
4172    , -99.2673    , array([ 0.0303227  ,  1.0231     ,  0.0159807  ,  0.0468176  ])
4176    , -99.2632    , array([ 0.0303227  ,  1.01857    ,  0.0159807  ,  0.0468176  ])
4180    , -99.2632    , array([ 0.0303227  ,  1.01858    ,  0.0159807  ,  0.0468176  ])
4188    , -242.326    , array([ 0.0303227  ,  1.01858    ,  0.0159807  ,  0.0695707  ])
4192    , -99.2632    , array([ 0.0303227  ,  1.01858    ,  0.0159807  ,  0.0468083  ])
4196    , -99.2632    , array([ 0.0303227  ,  1.01858    ,  0.0159807  ,  0.0468169  ])
4200    , -99.2632    , array([ 0.0303227  ,  1.01858    ,  0.0159807  ,  0.0468168  ])
4204    , -99.4052    , array([ 0.0334867  ,  1.01228    ,  0.0179672  ,  0.0464032  ])
4208    , -99.2588    , array([ 0.0297678  ,  1.01969    ,  0.0156323  ,  0.0468893  ])
4212    , -99.2588    , array([ 0.029777   ,  1.01967    ,  0.0156381  ,  0.0468881  ])
4216    , -99.2433    , array([ 0.0257696  ,  1.04024    ,  0.0134196  ,  0.0471752  ])
4220    , -99.23      , array([ 0.0274408  ,  1.03166    ,  0.0143447  ,  0.0470555  ])
4224    , -100.232    , array([ 0.0223214  ,  1.04186    ,  0.0111305  ,  0.0477247  ])
4228    , -99.3236    , array([ 0.0254853  ,  1.03556    ,  0.013117   ,  0.0473111  ])
4232    , -99.2299    , array([ 0.0273834  ,  1.03178    ,  0.0143087  ,  0.047063   ])
4236    , -99.2299    , array([ 0.0273821  ,  1.03178    ,  0.0143079  ,  0.0470632  ])
4240    , -337.185    , array([ 0.0273821  ,  0.413744   ,  0.0143079  ,  0.0470632  ])
4244    , -99.2153    , array([ 0.0273821  ,  1.02673    ,  0.0143079  ,  0.0470632  ])
4248    , -99.2106    , array([ 0.0273821  ,  1.02176    ,  0.0143079  ,  0.0470632  ])
4252    , -99.2106    , array([ 0.0273821  ,  1.02186    ,  0.0143079  ,  0.0470632  ])
4260    , -241.177    , array([ 0.0273821  ,  1.02186    ,  0.0143079  ,  0.0698411  ])
4264    , -99.2079    , array([ 0.0273821  ,  1.02186    ,  0.0143079  ,  0.0471404  ])
4268    , -99.2079    , array([ 0.0273821  ,  1.02186    ,  0.0143079  ,  0.0471465  ])
4272    , -99.2227    , array([ 0.023602   ,  1.04127    ,  0.0122153  ,  0.0474173  ])
4276    , -99.1987    , array([ 0.0220995  ,  1.03888    ,  0.0113792  ,  0.0476118  ])
4280    , -99.1974    , array([ 0.0259383  ,  1.02927    ,  0.0135086  ,  0.0472499  ])
4284    , -99.1895    , array([ 0.0239951  ,  1.03413    ,  0.0124307  ,  0.0474331  ])
4288    , -101.149    , array([ 0.0188952  ,  1.04428    ,  0.00922725 ,  0.0481004  ])
4292    , -99.4002    , array([ 0.0220591  ,  1.03798    ,  0.0112138  ,  0.0476869  ])
4296    , -99.1869    , array([ 0.0242932  ,  1.03353    ,  0.0126165  ,  0.0473948  ])
4300    , -99.2162    , array([ 0.0280761  ,  1.01412    ,  0.0147108  ,  0.0471236  ])
4304    , -99.1811    , array([ 0.0254099  ,  1.02781    ,  0.0132348  ,  0.0473147  ])
4308    , -3834.84    , array([ 0.0254214  ,  1.02775    ,  0.0132412  ,  1.04731    ])
4312    , -3416.99    , array([ 0.0254214  ,  1.02775    ,  0.0132412  ,  0.42928    ])
4316    , -903.85     , array([ 0.0254214  ,  1.02775    ,  0.0132412  ,  0.120253   ])
4320    , -102.062    , array([ 0.0254214  ,  1.02775    ,  0.0132412  ,  0.0500272  ])
4324    , -99.1805    , array([ 0.0254214  ,  1.02775    ,  0.0132412  ,  0.0472751  ])
4328    , -99.1953    , array([ 0.0203851  ,  1.04035    ,  0.0104474  ,  0.0477495  ])
4332    , -99.1711    , array([ 0.0233071  ,  1.03304    ,  0.0120683  ,  0.047474   ])
4336    , -99.1711    , array([ 0.0232724  ,  1.03313    ,  0.0120491  ,  0.0474773  ])
4340    , -99.1796    , array([ 0.0189589  ,  1.03936    ,  0.00968753 ,  0.0478452  ])
4344    , -99.1645    , array([ 0.0213184  ,  1.03595    ,  0.0109793  ,  0.047644   ])
4348    , -100.294    , array([ 0.0296211  ,  1.01942    ,  0.0161906  ,  0.0465596  ])
4352    , -99.1683    , array([ 0.0220764  ,  1.03445    ,  0.0114537  ,  0.0475457  ])
4356    , -99.1599    , array([ 0.0216463  ,  1.03531    ,  0.0111836  ,  0.047602   ])
4360    , -99.158     , array([ 0.0254233  ,  1.01591    ,  0.0132744  ,  0.0473315  ])
4364    , -99.1452    , array([ 0.0242899  ,  1.02172    ,  0.0126469  ,  0.0474127  ])
4368    , -3824.14    , array([ 0.0236127  ,  1.0252     ,  0.012272   ,  1.04746    ])
4372    , -3406.5     , array([ 0.0236127  ,  1.0252     ,  0.012272   ,  0.429427   ])
4376    , -899.716    , array([ 0.0236127  ,  1.0252     ,  0.012272   ,  0.1204     ])
4380    , -102.037    , array([ 0.0236127  ,  1.0252     ,  0.012272   ,  0.0502723  ])
4384    , -99.1423    , array([ 0.0236127  ,  1.0252     ,  0.012272   ,  0.047507   ])
4388    , -99.1207    , array([ 0.0185476  ,  1.03252    ,  0.00949894 ,  0.0479394  ])
4392    , -99.1177    , array([ 0.0192354  ,  1.03153    ,  0.00987546 ,  0.0478808  ])
4396    , -99.1172    , array([ 0.0196604  ,  1.03091    ,  0.0101082  ,  0.0478445  ])
4400    , -99.1343    , array([ 0.0138161  ,  1.02733    ,  0.00696767 ,  0.0484387  ])
4404    , -99.0933    , array([ 0.0164516  ,  1.02895    ,  0.00838389 ,  0.0481707  ])
4408    , -101.204    , array([ 0.0247349  ,  1.01245    ,  0.0135846  ,  0.047088   ])
4412    , -99.1021    , array([ 0.0173185  ,  1.02722    ,  0.00892818 ,  0.0480574  ])
4416    , -99.0786    , array([ 0.0168157  ,  1.02822    ,  0.00861247 ,  0.0481232  ])
4420    , -99.0876    , array([ 0.0205994  ,  1.00881    ,  0.0107074  ,  0.0478518  ])
4424    , -99.0669    , array([ 0.0183708  ,  1.02025    ,  0.00947366 ,  0.0480115  ])
4428    , -99.0669    , array([ 0.0183205  ,  1.02051    ,  0.0094458  ,  0.0480151  ])
4440    , -189.676    , array([ 0.0183205  ,  1.02051    ,  0.0094458  ,  0.0348595  ])
4444    , -99.0581    , array([ 0.0183205  ,  1.02051    ,  0.0094458  ,  0.0481647  ])
4448    , -99.0103    , array([ 0.0151117  ,  1.01854    ,  0.00772153 ,  0.0484909  ])
4452    , -99.0343    , array([ 0.0119029  ,  1.01658    ,  0.00599726 ,  0.0488171  ])
4456    , -99.0017    , array([ 0.0137348  ,  1.0177     ,  0.00698163 ,  0.0486309  ])
4460    , -102.232    , array([ 0.0220635  ,  1.00123    ,  0.0122068  ,  0.0475435  ])
4464    , -99.0495    , array([ 0.0145289  ,  1.01624    ,  0.00747616 ,  0.0485284  ])
4468    , -98.997     , array([ 0.0139445  ,  1.0174     ,  0.00710921 ,  0.0486048  ])
4472    , -99.0625    , array([ 0.0177246  ,  0.997995   ,  0.00920183 ,  0.048334   ])
4476    , -98.9947    , array([ 0.0145006  ,  1.01455    ,  0.00741706 ,  0.048565   ])
4480    , -98.9946    , array([ 0.0143975  ,  1.01508    ,  0.00735997 ,  0.0485724  ])
4484    , -98.9946    , array([ 0.014402   ,  1.01505    ,  0.0073625  ,  0.048572   ])
4492    , -235.326    , array([ 0.014402   ,  1.01505    ,  0.0073625  ,  0.0711717  ])
4496    , -98.9869    , array([ 0.014402   ,  1.01505    ,  0.0073625  ,  0.0487096  ])
4500    , -98.9869    , array([ 0.014402   ,  1.01505    ,  0.0073625  ,  0.0487136  ])
4504    , -99.0273    , array([ 0.0163852  ,  1.01627    ,  0.00842816 ,  0.048512   ])
4508    , -98.9656    , array([ 0.0125391  ,  1.01391    ,  0.00636143 ,  0.048903   ])
4512    , -98.9375    , array([ 0.0112607  ,  1.01007    ,  0.0056968  ,  0.0491836  ])
4516    , -98.9375    , array([ 0.0112607  ,  1.01007    ,  0.0056968  ,  0.0491836  ])
4520    , -98.9211    , array([ 0.0101848  ,  1.0068     ,  0.00513769 ,  0.0494216  ])
4524    , -98.9195    , array([ 0.0100278  ,  1.00632    ,  0.00505612 ,  0.0494563  ])
4528    , -98.9192    , array([ 0.010001   ,  1.00624    ,  0.00504219 ,  0.0494622  ])
4536    , -98.9085    , array([ 0.0101636  ,  1.00592    ,  0.00514425 ,  0.049441   ])
4548    , -98.91      , array([ 0.0105189  ,  1.00409    ,  0.00534097 ,  0.0494155  ])
4552    , -98.908     , array([ 0.0102727  ,  1.00536    ,  0.00520467 ,  0.0494332  ])
4556    , -98.908     , array([ 0.0102746  ,  1.00535    ,  0.00520572 ,  0.049433   ])
4564    , -231.609    , array([ 0.0102746  ,  1.00535    ,  0.00520572 ,  0.0716831  ])
4568    , -98.9057    , array([ 0.0102746  ,  1.00535    ,  0.00520572 ,  0.0493447  ])
4572    , -98.9057    , array([ 0.0102746  ,  1.00535    ,  0.00520572 ,  0.0493542  ])
4576    , -98.9414    , array([ 0.0118317  ,  1.01008    ,  0.00601487 ,  0.0490097  ])
4580    , -98.9118    , array([ 0.010572   ,  1.00625    ,  0.00536026 ,  0.0492884  ])
4584    , -98.9018    , array([ 0.0100806  ,  1.00476    ,  0.0051049  ,  0.0493971  ])
4588    , -98.9003    , array([ 0.0100017  ,  1.00452    ,  0.00506387 ,  0.0494145  ])
4612    , -98.9003    , array([ 0.0100004  ,  1.00452    ,  0.00506311 ,  0.0494147  ])
4620    , -98.9003    , array([ 0.01       ,  1.00452    ,  0.00506285 ,  0.0494147  ])
4624    , -99.1182    , array([ 0.0137801  ,  0.985116   ,  0.00715547 ,  0.0491439  ])
4628    , -98.9142    , array([ 0.010722   ,  1.00082    ,  0.0054625  ,  0.049363   ])
4632    , -98.9002    , array([ 0.0100604  ,  1.00421    ,  0.00509625 ,  0.0494104  ])
4636    , -98.9002    , array([ 0.0100581  ,  1.00422    ,  0.00509501 ,  0.0494106  ])
4648    , -183.772    , array([ 0.0100581  ,  1.00422    ,  0.00509501 ,  0.036255   ])
4652    , -98.9001    , array([ 0.0100581  ,  1.00422    ,  0.00509501 ,  0.049395   ])
4668    , -98.8994    , array([ 0.010025   ,  1.00412    ,  0.00507779 ,  0.0494025  ])
4672    , -98.8991    , array([ 0.0100075  ,  1.00407    ,  0.0050687  ,  0.0494063  ])
