5152    , -37313      , array([ 0.685018   ,  1.17068    ,  1.66932    ,  9.60248e-09,  2.55797    ,  3.76044    ,  3.69778    ,  3.5235     ])
5160    , -28804.9    , array([ 1.91862    ,  1.17068    ,  1.66932    ,  9.60248e-09,  2.55797    ,  3.76044    ,  3.69778    ,  3.5235     ])
5168    , -26193.8    , array([ 1.91862    ,  0.817737   ,  1.66932    ,  9.60248e-09,  2.55797    ,  3.76044    ,  3.69778    ,  3.5235     ])
5176    , -74499.1    , array([ 1.91862    ,  0.640952   ,  0.0512878  ,  9.60248e-09,  2.55797    ,  3.76044    ,  3.69778    ,  3.5235     ])
5184    , -20352.4    , array([ 1.91862    ,  0.640952   ,  0.493732   ,  9.60248e-09,  2.55797    ,  3.76044    ,  3.69778    ,  3.5235     ])
5192    , -21032.5    , array([ 1.91862    ,  0.640952   ,  0.53111    ,  0.190969   ,  2.55797    ,  3.76044    ,  3.69778    ,  3.5235     ])
5240    , -22543      , array([ 1.91862    ,  0.640952   ,  0.53111    ,  7.41154e-11,  0.93994    ,  3.76044    ,  3.69778    ,  3.5235     ])
5248    , -18347.3    , array([ 1.91862    ,  0.640952   ,  0.53111    ,  7.41154e-11,  1.68999    ,  3.76044    ,  3.69778    ,  3.5235     ])
5256    , -15956.4    , array([ 1.91862    ,  0.640952   ,  0.53111    ,  7.41154e-11,  1.68999    ,  7.19251    ,  3.69778    ,  3.5235     ])
5272    , -14755.1    , array([ 1.91862    ,  0.640952   ,  0.53111    ,  7.41154e-11,  1.68999    ,  7.06798    ,  0.099142   ,  3.5235     ])
5280    , -14792.6    , array([ 1.91862    ,  0.640952   ,  0.53111    ,  7.41154e-11,  1.68999    ,  7.06798    ,  0.0350235  ,  3.90547    ])
5288    , -14742.6    , array([ 1.91862    ,  0.640952   ,  0.53111    ,  7.41154e-11,  1.68999    ,  7.06798    ,  0.0350235  ,  3.28721    ])
5296    , -15129.3    , array([ 2.30059    ,  0.640952   ,  0.53111    ,  7.41154e-11,  1.68999    ,  7.06798    ,  0.0350235  ,  3.28207    ])
5304    , -19690.2    , array([ 1.81455    ,  1.64095    ,  0.53111    ,  7.41154e-11,  1.68999    ,  7.06798    ,  0.0350235  ,  3.28207    ])
5312    , -14709.8    , array([ 1.81455    ,  0.5862     ,  0.53111    ,  7.41154e-11,  1.68999    ,  7.06798    ,  0.0350235  ,  3.28207    ])
5328    , -14643.7    , array([ 1.81455    ,  0.608838   ,  0.583918   ,  7.41154e-11,  1.68999    ,  7.06798    ,  0.0350235  ,  3.28207    ])
5336    , -14881.2    , array([ 1.81455    ,  0.608838   ,  0.583918   ,  0.190976   ,  1.68999    ,  7.06798    ,  0.0350235  ,  3.28207    ])
5344    , -14643.6    , array([ 1.81455    ,  0.608838   ,  0.583918   ,  0.00311387 ,  1.68999    ,  7.06798    ,  0.0350235  ,  3.28207    ])
5352    , -14638.3    , array([ 1.81455    ,  0.608838   ,  0.583918   ,  0.00314532 ,  1.63273    ,  7.06798    ,  0.0350235  ,  3.28207    ])
5360    , -14694.6    , array([ 1.81455    ,  0.608838   ,  0.583918   ,  0.00314532 ,  1.65071    ,  6.44994    ,  0.0350235  ,  3.28207    ])
5368    , -14635.8    , array([ 1.81455    ,  0.608838   ,  0.583918   ,  0.00314532 ,  1.65071    ,  7.15975    ,  0.0350235  ,  3.28207    ])
5376    , -14640.7    , array([ 1.81455    ,  0.608838   ,  0.583918   ,  0.00314532 ,  1.65071    ,  7.15975    ,  0.226006   ,  3.28207    ])
5384    , -14635.1    , array([ 1.81455    ,  0.608838   ,  0.583918   ,  0.00314532 ,  1.65071    ,  7.15975    ,  0.00560667 ,  3.28207    ])
5392    , -14762.4    , array([ 1.81455    ,  0.608838   ,  0.583918   ,  0.00314532 ,  1.65071    ,  7.15975    ,  0.000128566,  4.28207    ])
5400    , -14634.5    , array([ 1.81455    ,  0.608838   ,  0.583918   ,  0.00314532 ,  1.65071    ,  7.15975    ,  0.000128566,  3.12266    ])
5408    , -69427.4    , array([ 0.196513   ,  0.608838   ,  0.583918   ,  0.00314532 ,  1.65071    ,  7.15975    ,  0.000128566,  3.18493    ])
5416    , -14633.2    , array([ 1.82826    ,  0.608838   ,  0.583918   ,  0.00314532 ,  1.65071    ,  7.15975    ,  0.000128566,  3.18493    ])
5424    , -15254.2    , array([ 1.82812    ,  0.799807   ,  0.583918   ,  0.00314532 ,  1.65071    ,  7.15975    ,  0.000128566,  3.18493    ])
5432    , -14627.1    , array([ 1.82812    ,  0.585452   ,  0.583918   ,  0.00314532 ,  1.65071    ,  7.15975    ,  0.000128566,  3.18493    ])
5440    , -14976.9    , array([ 1.82812    ,  0.590858   ,  0.774892   ,  0.00314532 ,  1.65071    ,  7.15975    ,  0.000128566,  3.18493    ])
5448    , -18370.6    , array([ 1.82812    ,  0.590858   ,  0.599102   ,  1.00315    ,  1.65071    ,  7.15975    ,  0.000128566,  3.18493    ])
5456    , -14612.9    , array([ 1.82812    ,  0.590858   ,  0.599102   ,  0.0380022  ,  1.65071    ,  7.15975    ,  0.000128566,  3.18493    ])
5464    , -15232.9    , array([ 1.82812    ,  0.590858   ,  0.599102   ,  0.0380022  ,  2.03268    ,  7.15975    ,  0.000128566,  3.18493    ])
5472    , -14968.1    , array([ 1.82812    ,  0.590858   ,  0.599102   ,  0.0380022  ,  1.6089     ,  5.54172    ,  0.000128566,  3.18493    ])
5480    , -14605.5    , array([ 1.82812    ,  0.590858   ,  0.599102   ,  0.0380022  ,  1.6089     ,  7.15295    ,  0.000128566,  3.18493    ])
5488    , -14605.2    , array([ 1.82812    ,  0.590858   ,  0.599102   ,  0.0380022  ,  1.6089     ,  7.15872    ,  0.000128566,  3.18493    ])
5496    , -14608.8    , array([ 1.82812    ,  0.590858   ,  0.599102   ,  0.0380022  ,  1.6089     ,  7.15872    ,  0.382095   ,  3.18493    ])
5504    , -14605.3    , array([ 1.82812    ,  0.590858   ,  0.599102   ,  0.0380022  ,  1.6089     ,  7.15872    ,  0.0107717  ,  3.18493    ])
5512    , -14605.2    , array([ 1.82812    ,  0.590858   ,  0.599102   ,  0.0380022  ,  1.6089     ,  7.15872    ,  0.000355118,  3.18493    ])
5520    , -14605.2    , array([ 1.82812    ,  0.590858   ,  0.599102   ,  0.0380022  ,  1.6089     ,  7.15872    ,  2.31281e-06,  3.18493    ])
5528    , -14623      , array([ 1.82812    ,  0.590858   ,  0.599102   ,  0.0380022  ,  1.6089     ,  7.15872    ,  3.5968e-08 ,  3.56689    ])
5536    , -14605.2    , array([ 1.82812    ,  0.590858   ,  0.599102   ,  0.0380022  ,  1.6089     ,  7.15872    ,  3.5968e-08 ,  3.18523    ])
5544    , -14605.2    , array([ 1.82812    ,  0.590858   ,  0.599102   ,  0.0380022  ,  1.6089     ,  7.15872    ,  3.5968e-08 ,  3.18493    ])
5552    , -14605.2    , array([ 1.82812    ,  0.590858   ,  0.599102   ,  0.0380022  ,  1.6089     ,  7.15872    ,  3.5968e-08 ,  3.18493    ])
5560    , -14605.1    , array([ 1.82204    ,  0.590858   ,  0.599102   ,  0.0380022  ,  1.6089     ,  7.15872    ,  3.5968e-08 ,  3.18493    ])
5576    , -14602      , array([ 1.82186    ,  0.579176   ,  0.599102   ,  0.0380022  ,  1.6089     ,  7.15872    ,  3.5968e-08 ,  3.18493    ])
5584    , -14953.3    , array([ 1.82186    ,  0.579176   ,  0.790076   ,  0.0380022  ,  1.6089     ,  7.15872    ,  3.5968e-08 ,  3.18493    ])
5592    , -18276.1    , array([ 1.82186    ,  0.579176   ,  0.609777   ,  1.038      ,  1.6089     ,  7.15872    ,  3.5968e-08 ,  3.18493    ])
5600    , -14589.6    , array([ 1.82186    ,  0.579176   ,  0.609777   ,  0.075141   ,  1.6089     ,  7.15872    ,  3.5968e-08 ,  3.18493    ])
5608    , -15212.2    , array([ 1.82186    ,  0.579176   ,  0.609777   ,  0.075141   ,  1.99086    ,  7.15872    ,  3.5968e-08 ,  3.18493    ])
5616    , -14937      , array([ 1.82186    ,  0.579176   ,  0.609777   ,  0.075141   ,  1.56709    ,  5.54069    ,  3.5968e-08 ,  3.18493    ])
5624    , -14582.1    , array([ 1.82186    ,  0.579176   ,  0.609777   ,  0.075141   ,  1.56709    ,  7.15453    ,  3.5968e-08 ,  3.18493    ])
5632    , -14581.8    , array([ 1.82186    ,  0.579176   ,  0.609777   ,  0.075141   ,  1.56709    ,  7.15872    ,  3.5968e-08 ,  3.18493    ])
5640    , -14581.8    , array([ 1.82186    ,  0.579176   ,  0.609777   ,  0.075141   ,  1.56709    ,  7.15872    ,  3.5968e-08 ,  3.18493    ])
5648    , -14581.8    , array([ 1.82186    ,  0.579176   ,  0.609777   ,  0.075141   ,  1.56709    ,  7.15872    ,  3.5968e-08 ,  3.18493    ])
5656    , -14582.2    , array([ 1.82186    ,  0.579176   ,  0.609777   ,  0.075141   ,  1.56709    ,  7.15872    ,  0.0278641  ,  3.18493    ])
5664    , -14581.8    , array([ 1.82186    ,  0.579176   ,  0.609777   ,  0.075141   ,  1.56709    ,  7.15872    ,  0.000593156,  3.18493    ])
5672    , -14581.8    , array([ 1.82186    ,  0.579176   ,  0.609777   ,  0.075141   ,  1.56709    ,  7.15872    ,  1.26613e-05,  3.18493    ])
5680    , -14581.8    , array([ 1.82186    ,  0.579176   ,  0.609777   ,  0.075141   ,  1.56709    ,  7.15872    ,  3.04713e-07,  3.18493    ])
5688    , -14581.8    , array([ 1.82186    ,  0.579176   ,  0.609777   ,  0.075141   ,  1.56709    ,  7.15872    ,  1.03848e-08,  3.18493    ])
5696    , -14895.6    , array([ 1.82186    ,  0.579176   ,  0.609777   ,  0.075141   ,  1.56709    ,  7.15872    ,  6.12926e-10,  1.56689    ])
5704    , -14581.9    , array([ 1.82186    ,  0.579176   ,  0.609777   ,  0.075141   ,  1.56709    ,  7.15872    ,  6.12926e-10,  3.18578    ])
5712    , -14581.8    , array([ 1.82186    ,  0.579176   ,  0.609777   ,  0.075141   ,  1.56709    ,  7.15872    ,  6.12926e-10,  3.18494    ])
5720    , -14581.8    , array([ 1.82186    ,  0.579176   ,  0.609777   ,  0.075141   ,  1.56709    ,  7.15872    ,  6.12926e-10,  3.18493    ])
5736    , -14582.1    , array([ 1.80319    ,  0.579176   ,  0.609777   ,  0.075141   ,  1.56709    ,  7.15872    ,  6.12926e-10,  3.18493    ])
5744    , -14581.7    , array([ 1.81587    ,  0.579176   ,  0.609777   ,  0.075141   ,  1.56709    ,  7.15872    ,  6.12926e-10,  3.18493    ])
5752    , -14579.1    , array([ 1.81587    ,  0.56848    ,  0.609777   ,  0.075141   ,  1.56709    ,  7.15872    ,  6.12926e-10,  3.18493    ])
5760    , -15623.9    , array([ 1.81587    ,  0.568587   ,  0.991743   ,  0.075141   ,  1.56709    ,  7.15872    ,  6.12926e-10,  3.18493    ])
5768    , -14577.5    , array([ 1.81587    ,  0.568587   ,  0.619969   ,  0.075141   ,  1.56709    ,  7.15872    ,  6.12926e-10,  3.18493    ])
5776    , -14567.4    , array([ 1.81587    ,  0.568587   ,  0.619969   ,  0.115082   ,  1.56709    ,  7.15872    ,  6.12926e-10,  3.18493    ])
5784    , -16865.7    , array([ 1.81587    ,  0.568587   ,  0.619969   ,  0.111924   ,  0.949054   ,  7.15872    ,  6.12926e-10,  3.18493    ])
5792    , -14640.2    , array([ 1.81587    ,  0.568587   ,  0.619969   ,  0.111924   ,  1.526      ,  8.15872    ,  6.12926e-10,  3.18493    ])
5800    , -14560.3    , array([ 1.81587    ,  0.568587   ,  0.619969   ,  0.111924   ,  1.526      ,  7.14659    ,  6.12926e-10,  3.18493    ])
5808    , -14559.8    , array([ 1.81587    ,  0.568587   ,  0.619969   ,  0.111924   ,  1.526      ,  7.15875    ,  6.12926e-10,  3.18493    ])
5816    , -14559.8    , array([ 1.81587    ,  0.568587   ,  0.619969   ,  0.111924   ,  1.526      ,  7.15872    ,  6.12926e-10,  3.18493    ])
5824    , -14559.8    , array([ 1.81587    ,  0.568587   ,  0.619969   ,  0.111924   ,  1.526      ,  7.15872    ,  6.12926e-10,  3.18493    ])
5872    , -14559.8    , array([ 1.81587    ,  0.568587   ,  0.619969   ,  0.111924   ,  1.526      ,  7.15872    ,  2.18872e-10,  3.18493    ])
5880    , -14559.8    , array([ 1.81587    ,  0.568587   ,  0.619969   ,  0.111924   ,  1.526      ,  7.15872    ,  1.08649e-11,  3.18493    ])
5888    , -14560.4    , array([ 1.81587    ,  0.568587   ,  0.619969   ,  0.111924   ,  1.526      ,  7.15872    ,  1.08649e-11,  3.13142    ])
5896    , -14559.8    , array([ 1.81587    ,  0.568587   ,  0.619969   ,  0.111924   ,  1.526      ,  7.15872    ,  1.08649e-11,  3.18499    ])
5904    , -14559.8    , array([ 1.81587    ,  0.568587   ,  0.619969   ,  0.111924   ,  1.526      ,  7.15872    ,  1.08649e-11,  3.18493    ])
5912    , -14559.8    , array([ 1.81587    ,  0.568587   ,  0.619969   ,  0.111924   ,  1.526      ,  7.15872    ,  1.08649e-11,  3.18493    ])
5920    , -14574.3    , array([ 1.89012    ,  0.568587   ,  0.619969   ,  0.111924   ,  1.526      ,  7.15872    ,  1.08649e-11,  3.18493    ])
5936    , -14557.3    , array([ 1.8104     ,  0.558775   ,  0.619969   ,  0.111924   ,  1.526      ,  7.15872    ,  1.08649e-11,  3.18493    ])
5944    , -14557.3    , array([ 1.8104     ,  0.558577   ,  0.619969   ,  0.111924   ,  1.526      ,  7.15872    ,  1.08649e-11,  3.18493    ])
5952    , -14555.8    , array([ 1.8104     ,  0.558577   ,  0.630245   ,  0.111924   ,  1.526      ,  7.15872    ,  1.08649e-11,  3.18493    ])
5960    , -14697.2    , array([ 1.8104     ,  0.558577   ,  0.630245   ,  0.302901   ,  1.526      ,  7.15872    ,  1.08649e-11,  3.18493    ])
5976    , -14538.8    , array([ 1.8104     ,  0.558577   ,  0.630245   ,  0.148168   ,  1.48605    ,  7.15872    ,  1.08649e-11,  3.18493    ])
5984    , -14544.4    , array([ 1.8104     ,  0.558577   ,  0.630245   ,  0.148168   ,  1.48564    ,  6.92265    ,  1.08649e-11,  3.18493    ])
5992    , -14538.8    , array([ 1.8104     ,  0.558577   ,  0.630245   ,  0.148168   ,  1.48564    ,  7.15861    ,  1.08649e-11,  3.18493    ])
6000    , -14538.8    , array([ 1.8104     ,  0.558577   ,  0.630245   ,  0.148168   ,  1.48564    ,  7.15872    ,  1.08649e-11,  3.18493    ])
6008    , -14538.8    , array([ 1.8104     ,  0.558577   ,  0.630245   ,  0.148168   ,  1.48564    ,  7.15872    ,  1.08649e-11,  3.18493    ])
6016    , -14541.2    , array([ 1.8104     ,  0.558577   ,  0.630245   ,  0.148168   ,  1.48564    ,  7.15872    ,  0.190983   ,  3.18493    ])
6072    , -14559.4    , array([ 1.8104     ,  0.558577   ,  0.630245   ,  0.148168   ,  1.48564    ,  7.15872    ,  8.64926e-13,  3.56689    ])
6080    , -14538.9    , array([ 1.8104     ,  0.558577   ,  0.630245   ,  0.148168   ,  1.48564    ,  7.15872    ,  8.64926e-13,  3.18379    ])
6088    , -14538.8    , array([ 1.8104     ,  0.558577   ,  0.630245   ,  0.148168   ,  1.48564    ,  7.15872    ,  8.64926e-13,  3.18492    ])
6096    , -14538.8    , array([ 1.8104     ,  0.558577   ,  0.630245   ,  0.148168   ,  1.48564    ,  7.15872    ,  8.64926e-13,  3.18493    ])
6104    , -15901.5    , array([ 2.8104     ,  0.558577   ,  0.630245   ,  0.148168   ,  1.48564    ,  7.15872    ,  8.64926e-13,  3.18493    ])
6112    , -14538.7    , array([ 1.8055     ,  0.558577   ,  0.630245   ,  0.148168   ,  1.48564    ,  7.15872    ,  8.64926e-13,  3.18493    ])
6120    , -16451.7    , array([ 1.8055     ,  0.940543   ,  0.630245   ,  0.148168   ,  1.48564    ,  7.15872    ,  8.64926e-13,  3.18493    ])
6128    , -14536.9    , array([ 1.8055     ,  0.54475    ,  0.630245   ,  0.148168   ,  1.48564    ,  7.15872    ,  8.64926e-13,  3.18493    ])
6136    , -14831.6    , array([ 1.8055     ,  0.549122   ,  0.815984   ,  0.148168   ,  1.48564    ,  7.15872    ,  8.64926e-13,  3.18493    ])
6144    , -18072.2    , array([ 1.8055     ,  0.549122   ,  0.640628   ,  1.14817    ,  1.48564    ,  7.15872    ,  8.64926e-13,  3.18493    ])
6152    , -14525.7    , array([ 1.8055     ,  0.549122   ,  0.640628   ,  0.183811   ,  1.48564    ,  7.15872    ,  8.64926e-13,  3.18493    ])
6160    , -15153.2    , array([ 1.8055     ,  0.549122   ,  0.640628   ,  0.183811   ,  1.86761    ,  7.15872    ,  8.64926e-13,  3.18493    ])
6168    , -14851.7    , array([ 1.8055     ,  0.549122   ,  0.640628   ,  0.183811   ,  1.44601    ,  5.54069    ,  8.64926e-13,  3.18493    ])
6176    , -14519.1    , array([ 1.8055     ,  0.549122   ,  0.640628   ,  0.183811   ,  1.44601    ,  7.1428     ,  8.64926e-13,  3.18493    ])
6184    , -14518.6    , array([ 1.8055     ,  0.549122   ,  0.640628   ,  0.183811   ,  1.44601    ,  7.15872    ,  8.64926e-13,  3.18493    ])
6192    , -14518.6    , array([ 1.8055     ,  0.549122   ,  0.640628   ,  0.183811   ,  1.44601    ,  7.15872    ,  8.64926e-13,  3.18493    ])
6200    , -14518.6    , array([ 1.8055     ,  0.549122   ,  0.640628   ,  0.183811   ,  1.44601    ,  7.15872    ,  8.64926e-13,  3.18493    ])
6264    , -14521.5    , array([ 1.8055     ,  0.549122   ,  0.640628   ,  0.183811   ,  1.44601    ,  7.15872    ,  8.64926e-13,  3.3004     ])
6272    , -14518.6    , array([ 1.8055     ,  0.549122   ,  0.640628   ,  0.183811   ,  1.44601    ,  7.15872    ,  8.64926e-13,  3.1849     ])
6280    , -14518.6    , array([ 1.8055     ,  0.549122   ,  0.640628   ,  0.183811   ,  1.44601    ,  7.15872    ,  8.64926e-13,  3.18493    ])
6288    , -14518.6    , array([ 1.8055     ,  0.549122   ,  0.640628   ,  0.183811   ,  1.44601    ,  7.15872    ,  8.64926e-13,  3.18493    ])
6296    , -14461.1    , array([ 1.70927    ,  0.363368   ,  0.844602   ,  0.884062   ,  0.667469   ,  7.15872    ,  8.64926e-13,  3.18493    ])
6304    , -14338.5    , array([ 1.74201    ,  0.426572   ,  0.775199   ,  0.645798   ,  0.932373   ,  7.15872    ,  8.64926e-13,  3.18493    ])
6312    , -14338.2    , array([ 1.74585    ,  0.425334   ,  0.776558   ,  0.650464   ,  0.927185   ,  7.15872    ,  8.64926e-13,  3.18493    ])
6320    , -14338      , array([ 1.75445    ,  0.425334   ,  0.776558   ,  0.650464   ,  0.927185   ,  7.15872    ,  8.64926e-13,  3.18493    ])
6328    , -14310.5    , array([ 1.75445    ,  0.449711   ,  0.776558   ,  0.650464   ,  0.927185   ,  7.15872    ,  8.64926e-13,  3.18493    ])
6336    , -14398.9    , array([ 1.75445    ,  0.449711   ,  0.949344   ,  0.650464   ,  0.927185   ,  7.15872    ,  8.64926e-13,  3.18493    ])
6344    , -14613.7    , array([ 1.75445    ,  0.449711   ,  0.816355   ,  0.650464   ,  0.927185   ,  7.15872    ,  8.64926e-13,  1.56689    ])
6352    , -14298.9    , array([ 1.75445    ,  0.449711   ,  0.816355   ,  0.650464   ,  0.927185   ,  7.15872    ,  8.64926e-13,  3.1898     ])
6360    , -14298.7    , array([ 1.75445    ,  0.449711   ,  0.816355   ,  0.650464   ,  0.927185   ,  7.15872    ,  8.64926e-13,  3.18493    ])
6368    , -14298.7    , array([ 1.75445    ,  0.449711   ,  0.816355   ,  0.650464   ,  0.927185   ,  7.15872    ,  8.64926e-13,  3.18493    ])
6376    , -14298.7    , array([ 1.75445    ,  0.449711   ,  0.816355   ,  0.650464   ,  0.927185   ,  7.15872    ,  8.64926e-13,  3.18493    ])
6384    , -14298.2    , array([ 1.75445    ,  0.449711   ,  0.816355   ,  0.650464   ,  0.937      ,  7.15872    ,  8.64926e-13,  3.18493    ])
6392    , -14298.2    , array([ 1.75445    ,  0.449711   ,  0.816355   ,  0.650464   ,  0.93649    ,  7.15872    ,  8.64926e-13,  3.18493    ])
6400    , -14298.3    , array([ 1.75445    ,  0.449711   ,  0.816355   ,  0.650464   ,  0.93649    ,  7.16077    ,  8.64926e-13,  3.18493    ])
6408    , -14298.2    , array([ 1.75445    ,  0.449711   ,  0.816355   ,  0.650464   ,  0.93649    ,  7.15872    ,  8.64926e-13,  3.18493    ])
6416    , -14298.2    , array([ 1.75445    ,  0.449711   ,  0.816355   ,  0.650464   ,  0.93649    ,  7.15872    ,  8.64926e-13,  3.18493    ])
6424    , -14326.3    , array([ 1.75445    ,  0.449711   ,  0.816355   ,  0.650464   ,  0.93649    ,  7.15872    ,  1          ,  3.18493    ])
6432    , -14299.6    , array([ 1.75445    ,  0.449711   ,  0.816355   ,  0.650464   ,  0.93649    ,  7.15872    ,  0.072949   ,  3.18493    ])
6440    , -14298.3    , array([ 1.75445    ,  0.449711   ,  0.816355   ,  0.650464   ,  0.93649    ,  7.15872    ,  0.00155281 ,  3.18493    ])
6448    , -14298.2    , array([ 1.75445    ,  0.449711   ,  0.816355   ,  0.650464   ,  0.93649    ,  7.15872    ,  3.30535e-05,  3.18493    ])
6456    , -14298.2    , array([ 1.75445    ,  0.449711   ,  0.816355   ,  0.650464   ,  0.93649    ,  7.15872    ,  7.03585e-07,  3.18493    ])
6464    , -14298.2    , array([ 1.75445    ,  0.449711   ,  0.816355   ,  0.650464   ,  0.93649    ,  7.15872    ,  1.49775e-08,  3.18493    ])
6472    , -14298.2    , array([ 1.75445    ,  0.449711   ,  0.816355   ,  0.650464   ,  0.93649    ,  7.15872    ,  3.19661e-10,  3.18493    ])
6480    , -14298.2    , array([ 1.75445    ,  0.449711   ,  0.816355   ,  0.650464   ,  0.93649    ,  7.15872    ,  8.64926e-13,  3.18493    ])
6488    , -14261.3    , array([ 1.73365    ,  0.409582   ,  0.86042    ,  0.801742   ,  0.768298   ,  7.15872    ,  8.64926e-13,  3.18493    ])
6496    , -16217.5    , array([ 1.11562    ,  0.409582   ,  0.86042    ,  0.801742   ,  0.768298   ,  7.15872    ,  8.64926e-13,  3.18493    ])
6504    , -14256.6    , array([ 1.7755     ,  0.409582   ,  0.86042    ,  0.801742   ,  0.768298   ,  7.15872    ,  8.64926e-13,  3.18493    ])
6512    , -14287.7    , array([ 1.7755     ,  0.453533   ,  0.86042    ,  0.801742   ,  0.768298   ,  7.15872    ,  8.64926e-13,  3.18493    ])
6528    , -14241.9    , array([ 1.7755     ,  0.423728   ,  0.88699    ,  0.801742   ,  0.768298   ,  7.15872    ,  8.64926e-13,  3.18493    ])
6536    , -14255.7    , array([ 1.7755     ,  0.423728   ,  0.887515   ,  0.801742   ,  0.768298   ,  7.15872    ,  8.64926e-13,  3.56689    ])
6544    , -14241.6    , array([ 1.7755     ,  0.423728   ,  0.887515   ,  0.801742   ,  0.768298   ,  7.15872    ,  8.64926e-13,  3.22758    ])
6552    , -14866.4    , array([ 1.7755     ,  0.423728   ,  0.887515   ,  0.801742   ,  1.15026    ,  7.15872    ,  8.64926e-13,  3.22715    ])
6560    , -14312.2    , array([ 1.7755     ,  0.423728   ,  0.887515   ,  0.801742   ,  0.773968   ,  8.15872    ,  8.64926e-13,  3.22715    ])
6568    , -14242.6    , array([ 1.7755     ,  0.423728   ,  0.887515   ,  0.801742   ,  0.773968   ,  7.06855    ,  8.64926e-13,  3.22715    ])
6576    , -14241.4    , array([ 1.7755     ,  0.423728   ,  0.887515   ,  0.801742   ,  0.773968   ,  7.15775    ,  8.64926e-13,  3.22715    ])
6640    , -14832.5    , array([ 1.71137    ,  0.299939   ,  1.02345    ,  1.2684     ,  0.255139   ,  7.15808    ,  8.64926e-13,  3.22715    ])
6648    , -14225.2    , array([ 1.76348    ,  0.400512   ,  0.913008   ,  0.889261   ,  0.676664   ,  7.15808    ,  8.64926e-13,  3.22715    ])
6656    , -14171.8    , array([ 1.86855    ,  0.368551   ,  1.09831    ,  1.19764    ,  0.353782   ,  7.15582    ,  8.64926e-13,  3.37594    ])
6664    , -14171.7    , array([ 1.85996    ,  0.371163   ,  1.08316    ,  1.17244    ,  0.38017    ,  7.15601    ,  8.64926e-13,  3.36378    ])
6672    , -14171.6    , array([ 1.85395    ,  0.371163   ,  1.08316    ,  1.17244    ,  0.38017    ,  7.15601    ,  8.64926e-13,  3.36378    ])
6688    , -14167.9    , array([ 1.85379    ,  0.378341   ,  1.08316    ,  1.17244    ,  0.38017    ,  7.15601    ,  8.64926e-13,  3.36378    ])
6696    , -14205.9    , array([ 1.85379    ,  0.378341   ,  1.22572    ,  1.17244    ,  0.38017    ,  7.15601    ,  8.64926e-13,  3.36378    ])
6704    , -14235.7    , array([ 1.85379    ,  0.378341   ,  1.10528    ,  1.17244    ,  0.38017    ,  7.15601    ,  8.64926e-13,  4.36378    ])
6712    , -14165.9    , array([ 1.85379    ,  0.378341   ,  1.10528    ,  1.17244    ,  0.38017    ,  7.15601    ,  8.64926e-13,  3.60431    ])
6720    , -14164.2    , array([ 1.85379    ,  0.378341   ,  1.10528    ,  1.17244    ,  0.38017    ,  7.15601    ,  8.64926e-13,  3.51364    ])
6728    , -14164.1    , array([ 1.85379    ,  0.378341   ,  1.10528    ,  1.17244    ,  0.387355   ,  7.15601    ,  8.64926e-13,  3.51364    ])
6736    , -14225.2    , array([ 1.85379    ,  0.378341   ,  1.10528    ,  1.17244    ,  0.384557   ,  6.53797    ,  8.64926e-13,  3.51364    ])
6744    , -14160.6    , array([ 1.85379    ,  0.378341   ,  1.10528    ,  1.17244    ,  0.384557   ,  7.35543    ,  8.64926e-13,  3.51364    ])
6808    , -14157.6    , array([ 1.87669    ,  0.371377   ,  1.14565    ,  1.23964    ,  0.314203   ,  7.35494    ,  8.64926e-13,  3.54606    ])
6816    , -58424.3    , array([ 0.256567   ,  0.372012   ,  1.14197    ,  1.23351    ,  0.320618   ,  7.35498    ,  8.64926e-13,  3.54311    ])
6824    , -14157.1    , array([ 1.88897    ,  0.372012   ,  1.14197    ,  1.23351    ,  0.320618   ,  7.35498    ,  8.64926e-13,  3.54311    ])
6832    , -15775.3    , array([ 1.88883    ,  0.56296    ,  1.14197    ,  1.23351    ,  0.320618   ,  7.35498    ,  8.64926e-13,  3.54311    ])
6840    , -14156.4    , array([ 1.88883    ,  0.368939   ,  1.14197    ,  1.23351    ,  0.320618   ,  7.35498    ,  8.64926e-13,  3.54311    ])
6848    , -14397.4    , array([ 1.88883    ,  0.368939   ,  1.52394    ,  1.23351    ,  0.320618   ,  7.35498    ,  8.64926e-13,  3.54311    ])
6856    , -14239.5    , array([ 1.88883    ,  0.368939   ,  1.15865    ,  1.23351    ,  0.320618   ,  7.35498    ,  8.64926e-13,  4.54311    ])
6864    , -14157.2    , array([ 1.88883    ,  0.368939   ,  1.15865    ,  1.23351    ,  0.320618   ,  7.35498    ,  8.64926e-13,  3.45294    ])
6872    , -14155.6    , array([ 1.88883    ,  0.368939   ,  1.15865    ,  1.23351    ,  0.320618   ,  7.35498    ,  8.64926e-13,  3.54153    ])
6880    , -14164.6    , array([ 1.88883    ,  0.368939   ,  1.15865    ,  1.23351    ,  0.286386   ,  7.35498    ,  8.64926e-13,  3.54151    ])
6888    , -14477.5    , array([ 1.88883    ,  0.368939   ,  1.15865    ,  1.23351    ,  0.320553   ,  5.73695    ,  8.64926e-13,  3.54151    ])
6896    , -14155      , array([ 1.88883    ,  0.368939   ,  1.15865    ,  1.23351    ,  0.320553   ,  7.43998    ,  8.64926e-13,  3.54151    ])
6904    , -14156.9    , array([ 1.88883    ,  0.368939   ,  1.15865    ,  1.23351    ,  0.320553   ,  7.43857    ,  0.381966   ,  3.54151    ])
6912    , -14155.2    , array([ 1.88883    ,  0.368939   ,  1.15865    ,  1.23351    ,  0.320553   ,  7.43857    ,  0.0106431  ,  3.54151    ])
6920    , -14155      , array([ 1.88883    ,  0.368939   ,  1.15865    ,  1.23351    ,  0.320553   ,  7.43857    ,  0.000226552,  3.54151    ])
6928    , -14155      , array([ 1.88883    ,  0.368939   ,  1.15865    ,  1.23351    ,  0.320553   ,  7.43857    ,  4.82244e-06,  3.54151    ])
6936    , -14155      , array([ 1.88883    ,  0.368939   ,  1.15865    ,  1.23351    ,  0.320553   ,  7.43857    ,  1.02652e-07,  3.54151    ])
6944    , -14155      , array([ 1.88883    ,  0.368939   ,  1.15865    ,  1.23351    ,  0.320553   ,  7.43857    ,  2.18593e-09,  3.54151    ])
6952    , -14155      , array([ 1.88883    ,  0.368939   ,  1.15865    ,  1.23351    ,  0.320553   ,  7.43857    ,  4.73767e-11,  3.54151    ])
6960    , -14175.7    , array([ 1.8292     ,  0.387077   ,  1.05349    ,  1.05849    ,  0.503796   ,  7.43985    ,  8.64926e-13,  3.45707    ])
6968    , -14155.2    , array([ 1.90674    ,  0.364747   ,  1.18182    ,  1.24431    ,  0.309184   ,  7.52207    ,  8.64926e-13,  3.54513    ])
6976    , -14155.2    , array([ 1.87882    ,  0.368379   ,  1.1619     ,  1.23891    ,  0.314901   ,  7.43853    ,  8.64926e-13,  3.54412    ])
6984    , -14155      , array([ 1.88938    ,  0.368379   ,  1.1619     ,  1.23891    ,  0.314901   ,  7.43853    ,  8.64926e-13,  3.54412    ])
6992    , -14155.3    , array([ 1.88938    ,  0.369269   ,  1.1619     ,  1.23891    ,  0.314901   ,  7.43853    ,  8.64926e-13,  3.54412    ])
7000    , -14154.5    , array([ 1.88938    ,  0.365908   ,  1.1619     ,  1.23891    ,  0.314901   ,  7.43853    ,  8.64926e-13,  3.54412    ])
7008    , -14154.5    , array([ 1.88938    ,  0.365908   ,  1.16648    ,  1.23891    ,  0.314901   ,  7.43853    ,  8.64926e-13,  3.54412    ])
7016    , -14154.4    , array([ 1.88938    ,  0.365908   ,  1.16644    ,  1.23891    ,  0.314901   ,  7.43853    ,  8.64926e-13,  3.54265    ])
7024    , -14154.4    , array([ 1.88938    ,  0.365908   ,  1.16644    ,  1.23891    ,  0.314901   ,  7.43853    ,  8.64926e-13,  3.54195    ])
7032    , -14380.7    , array([ 1.88938    ,  0.365908   ,  1.16644    ,  1.23891    ,  0.505878   ,  7.43853    ,  8.64926e-13,  3.54195    ])
7040    , -14454.8    , array([ 1.88938    ,  0.365908   ,  1.16644    ,  1.23891    ,  0.316959   ,  5.82049    ,  8.64926e-13,  3.54195    ])
7048    , -14154.4    , array([ 1.88938    ,  0.365908   ,  1.16644    ,  1.23891    ,  0.316959   ,  7.51564    ,  8.64926e-13,  3.54195    ])
7112    , -14231.7    , array([ 1.98587    ,  0.336559   ,  1.33659    ,  1.52209    ,  0.020465   ,  7.49134    ,  8.64926e-13,  3.67858    ])
7120    , -14154.2    , array([ 1.8912     ,  0.365353   ,  1.16966    ,  1.24426    ,  0.311353   ,  7.49338    ,  8.64926e-13,  3.54453    ])
