80      , -1318.03    , array([ 0.93111    ,  0.104982   ,  5.06646    ,  2.34591    ,  0.0528566  ])
85      , -1312.45    , array([ 0.99546    ,  0.104982   ,  5.06646    ,  2.34591    ,  0.0528566  ])
90      , -1312.45    , array([ 0.995458   ,  0.104982   ,  5.06646    ,  2.34591    ,  0.0528566  ])
95      , -61528      , array([ 0.995458   ,  0.0148118  ,  5.06646    ,  2.34591    ,  0.0528566  ])
100     , -1312.43    , array([ 0.995458   ,  0.104517   ,  5.06646    ,  2.34591    ,  0.0528566  ])
105     , -1345.37    , array([ 0.995458   ,  0.104738   ,  6.06646    ,  2.34591    ,  0.0528566  ])
110     , -1312.37    , array([ 0.995458   ,  0.104738   ,  5.07303    ,  2.34591    ,  0.0528566  ])
115     , -1312.37    , array([ 0.995458   ,  0.104738   ,  5.06702    ,  2.34591    ,  0.0528566  ])
120     , -1322.55    , array([ 0.995458   ,  0.104738   ,  5.06702    ,  2.72788    ,  0.0528566  ])
125     , -1312.35    , array([ 0.995458   ,  0.104738   ,  5.06702    ,  2.36424    ,  0.0528566  ])
130     , -11425      , array([ 0.995458   ,  0.104738   ,  5.06702    ,  2.36424    ,  0.434823   ])
135     , -10296.3    , array([ 0.995458   ,  0.104738   ,  5.06702    ,  2.36424    ,  0.0184148  ])
140     , -1312.33    , array([ 0.995458   ,  0.104738   ,  5.06702    ,  2.36424    ,  0.0527245  ])
