4512    , -49999.9    , array([ 8.96268    ,  4.72796    ,  5.90542    ,  0.00209262 ,  0.246579   ,  0.512368   ,  2.59503    ,  0.855534   ])
4520    , -49982.3    , array([ 8.59089    ,  4.72796    ,  5.90542    ,  0.00209262 ,  0.246579   ,  0.512368   ,  2.59503    ,  0.855534   ])
4528    , -49906.7    , array([ 8.59089    ,  5.08444    ,  5.90542    ,  0.00209262 ,  0.246579   ,  0.512368   ,  2.59503    ,  0.855534   ])
4536    , -49386.7    , array([ 8.59089    ,  5.08091    ,  4.90542    ,  0.00209262 ,  0.246579   ,  0.512368   ,  2.59503    ,  0.855534   ])
4552    , -41520.6    , array([ 8.59089    ,  5.08091    ,  3.98944    ,  0.211407   ,  0.246579   ,  0.512368   ,  2.59503    ,  0.855534   ])
4560    , -40877.3    , array([ 8.59089    ,  5.08091    ,  3.98944    ,  0.209335   ,  0.341621   ,  0.512368   ,  2.59503    ,  0.855534   ])
4568    , -43842.7    , array([ 8.59089    ,  5.08091    ,  3.98944    ,  0.209335   ,  0.334384   ,  3.1304     ,  2.59503    ,  0.855534   ])
4576    , -39914.6    , array([ 8.59089    ,  5.08091    ,  3.98944    ,  0.209335   ,  0.334384   ,  0.910162   ,  2.59503    ,  0.855534   ])
4584    , -37798.1    , array([ 8.59089    ,  5.08091    ,  3.98944    ,  0.209335   ,  0.334384   ,  0.906224   ,  4.93305    ,  0.855534   ])
4592    , -34411.3    , array([ 8.59089    ,  5.08091    ,  3.98944    ,  0.209335   ,  0.334384   ,  0.906224   ,  4.97865    ,  2.8107     ])
4600    , -32405.1    , array([ 8.59089    ,  5.08091    ,  3.98944    ,  0.209335   ,  0.334384   ,  0.906224   ,  4.97865    ,  4.9457     ])
4608    , -31094.7    , array([ 6.97286    ,  5.08091    ,  3.98944    ,  0.209335   ,  0.334384   ,  0.906224   ,  4.97865    ,  4.9457     ])
4616    , -30481.3    , array([ 5.36836    ,  5.08091    ,  3.98944    ,  0.209335   ,  0.334384   ,  0.906224   ,  4.97865    ,  4.9457     ])
4624    , -20991.2    , array([ 5.40027    ,  1.26197    ,  3.98944    ,  0.209335   ,  0.334384   ,  0.906224   ,  4.97865    ,  4.9457     ])
4632    , -18342.2    , array([ 5.40027    ,  1.77955    ,  2.37141    ,  0.209335   ,  0.334384   ,  0.906224   ,  4.97865    ,  4.9457     ])
4640    , -18282.1    , array([ 5.40027    ,  1.77955    ,  2.57615    ,  0.209335   ,  0.334384   ,  0.906224   ,  4.97865    ,  4.9457     ])
4656    , -18207.6    , array([ 5.40027    ,  1.77955    ,  2.59015    ,  0.17703    ,  0.334384   ,  0.906224   ,  4.97865    ,  4.9457     ])
4664    , -18324.4    , array([ 5.40027    ,  1.77955    ,  2.59015    ,  0.17703    ,  0.35546    ,  0.906224   ,  4.97865    ,  4.9457     ])
4672    , -15110.8    , array([ 5.40027    ,  1.77955    ,  2.59015    ,  0.17703    ,  0.293371   ,  1.90622    ,  4.97865    ,  4.9457     ])
4680    , -15109.5    , array([ 5.40027    ,  1.77955    ,  2.59015    ,  0.17703    ,  0.293371   ,  1.92661    ,  4.97865    ,  4.9457     ])
4696    , -15098.7    , array([ 5.40027    ,  1.77955    ,  2.59015    ,  0.17703    ,  0.293371   ,  1.93691    ,  4.99683    ,  4.9457     ])
4720    , -15083.8    , array([ 5.40027    ,  1.77955    ,  2.59015    ,  0.17703    ,  0.293371   ,  1.93691    ,  4.99993    ,  4.99951    ])
4728    , -15248.5    , array([ 4.78224    ,  1.77955    ,  2.59015    ,  0.17703    ,  0.293371   ,  1.93691    ,  4.99993    ,  4.99951    ])
4736    , -70716.3    , array([ 5.44365    ,  0.161517   ,  2.59015    ,  0.17703    ,  0.293371   ,  1.93691    ,  4.99993    ,  4.99951    ])
4744    , -14795.9    , array([ 5.44365    ,  1.49671    ,  2.59015    ,  0.17703    ,  0.293371   ,  1.93691    ,  4.99993    ,  4.99951    ])
4752    , -14797      , array([ 5.44365    ,  1.49385    ,  2.60106    ,  0.17703    ,  0.293371   ,  1.93691    ,  4.99993    ,  4.99951    ])
4768    , -14675.9    , array([ 5.44365    ,  1.49385    ,  2.53237    ,  0.218269   ,  0.293371   ,  1.93691    ,  4.99993    ,  4.99951    ])
4784    , -14674.8    , array([ 5.44365    ,  1.49385    ,  2.53237    ,  0.218956   ,  0.289003   ,  1.93691    ,  4.99993    ,  4.99951    ])
4792    , -14619.9    , array([ 5.44365    ,  1.49385    ,  2.53237    ,  0.218956   ,  0.289003   ,  2.31888    ,  4.99993    ,  4.99951    ])
4800    , -14605.1    , array([ 5.44365    ,  1.49385    ,  2.53237    ,  0.218956   ,  0.289003   ,  2.20016    ,  4.99993    ,  4.99951    ])
4808    , -14658.5    , array([ 5.44365    ,  1.49385    ,  2.53237    ,  0.218956   ,  0.289003   ,  2.20016    ,  4.8819     ,  4.99951    ])
4816    , -14606.2    , array([ 5.44365    ,  1.49385    ,  2.53237    ,  0.218956   ,  0.289003   ,  2.20016    ,  4.99742    ,  4.99951    ])
4832    , -14605.1    , array([ 5.44365    ,  1.49385    ,  2.53237    ,  0.218956   ,  0.289003   ,  2.20016    ,  5          ,  4.99951    ])
4840    , -14662.9    , array([ 5.44365    ,  1.49385    ,  2.53237    ,  0.218956   ,  0.289003   ,  2.20016    ,  5          ,  4.6905     ])
4848    , -14606.3    , array([ 5.44365    ,  1.49385    ,  2.53237    ,  0.218956   ,  0.289003   ,  2.20016    ,  5          ,  4.99293    ])
4864    , -14605      , array([ 5.44365    ,  1.49385    ,  2.53237    ,  0.218956   ,  0.289003   ,  2.20016    ,  5          ,  5          ])
4872    , -14578.6    , array([ 5.1571     ,  1.49385    ,  2.53237    ,  0.218956   ,  0.289003   ,  2.20016    ,  5          ,  5          ])
4880    , -15488.8    , array([ 5.1571     ,  1.87582    ,  2.53237    ,  0.218956   ,  0.289003   ,  2.20016    ,  5          ,  5          ])
4888    , -14464.7    , array([ 5.1571     ,  1.34053    ,  2.53237    ,  0.218956   ,  0.289003   ,  2.20016    ,  5          ,  5          ])
4896    , -14463.3    , array([ 5.1571     ,  1.33898    ,  2.47214    ,  0.218956   ,  0.289003   ,  2.20016    ,  5          ,  5          ])
4904    , -14463.1    , array([ 5.1571     ,  1.33898    ,  2.48803    ,  0.218956   ,  0.289003   ,  2.20016    ,  5          ,  5          ])
4912    , -14393.7    , array([ 5.1571     ,  1.33898    ,  2.48803    ,  0.254663   ,  0.289003   ,  2.20016    ,  5          ,  5          ])
4920    , -18177.1    , array([ 5.1571     ,  1.33898    ,  2.48803    ,  0.254306   ,  0.670969   ,  2.20016    ,  5          ,  5          ])
4928    , -14392.4    , array([ 5.1571     ,  1.33898    ,  2.48803    ,  0.254306   ,  0.283942   ,  2.20016    ,  5          ,  5          ])
4936    , -14368.6    , array([ 5.1571     ,  1.33898    ,  2.48803    ,  0.254306   ,  0.283992   ,  2.37441    ,  5          ,  5          ])
4944    , -14368.4    , array([ 5.1571     ,  1.33898    ,  2.48803    ,  0.254306   ,  0.283992   ,  2.3597     ,  5          ,  5          ])
4984    , -14368.4    , array([ 5.1571     ,  1.33898    ,  2.48803    ,  0.254306   ,  0.283992   ,  2.3597     ,  5          ,  5          ])
5024    , -14368.4    , array([ 5.1571     ,  1.33898    ,  2.48803    ,  0.254306   ,  0.283992   ,  2.3597     ,  5          ,  5          ])
5032    , -14368.4    , array([ 5.1571     ,  1.33898    ,  2.48803    ,  0.254306   ,  0.283992   ,  2.3597     ,  5          ,  5          ])
5040    , -14355.2    , array([ 4.96103    ,  1.33898    ,  2.48803    ,  0.254306   ,  0.283992   ,  2.3597     ,  5          ,  5          ])
5048    , -15248.1    , array([ 4.96299    ,  1.72095    ,  2.48803    ,  0.254306   ,  0.283992   ,  2.3597     ,  5          ,  5          ])
5056    , -14304.1    , array([ 4.96299    ,  1.24435    ,  2.48803    ,  0.254306   ,  0.283992   ,  2.3597     ,  5          ,  5          ])
5064    , -14303.4    , array([ 4.96299    ,  1.24435    ,  2.45837    ,  0.254306   ,  0.283992   ,  2.3597     ,  5          ,  5          ])
5072    , -17567.7    , array([ 4.96299    ,  1.24435    ,  2.45869    ,  0.636272   ,  0.283992   ,  2.3597     ,  5          ,  5          ])
5080    , -14265.6    , array([ 4.96299    ,  1.24435    ,  2.45869    ,  0.282052   ,  0.283992   ,  2.3597     ,  5          ,  5          ])
5088    , -14928.6    , array([ 4.96299    ,  1.24435    ,  2.45869    ,  0.282052   ,  0.172654   ,  2.3597     ,  5          ,  5          ])
5096    , -14622.4    , array([ 4.96299    ,  1.24435    ,  2.45869    ,  0.282052   ,  0.278489   ,  3.3597     ,  5          ,  5          ])
5104    , -14250.5    , array([ 4.96299    ,  1.24435    ,  2.45869    ,  0.282052   ,  0.278489   ,  2.4992     ,  5          ,  5          ])
5112    , -14338.8    , array([ 4.96299    ,  1.24435    ,  2.45869    ,  0.282052   ,  0.278489   ,  2.4992     ,  4.69098    ,  5          ])
5120    , -14252.2    , array([ 4.96299    ,  1.24435    ,  2.45869    ,  0.282052   ,  0.278489   ,  2.4992     ,  4.99342    ,  5          ])
5128    , -14250.5    , array([ 4.96299    ,  1.24435    ,  2.45869    ,  0.282052   ,  0.278489   ,  2.4992     ,  4.99986    ,  5          ])
5136    , -14250.5    , array([ 4.96299    ,  1.24435    ,  2.45869    ,  0.282052   ,  0.278489   ,  2.4992     ,  5          ,  5          ])
5144    , -14250.5    , array([ 4.96299    ,  1.24435    ,  2.45869    ,  0.282052   ,  0.278489   ,  2.4992     ,  5          ,  5          ])
5152    , -14250.5    , array([ 4.96299    ,  1.24435    ,  2.45869    ,  0.282052   ,  0.278489   ,  2.4992     ,  5          ,  5          ])
5160    , -14250.5    , array([ 4.96299    ,  1.24435    ,  2.45869    ,  0.282052   ,  0.278489   ,  2.4992     ,  5          ,  5          ])
5200    , -14250.5    , array([ 4.96299    ,  1.24435    ,  2.45869    ,  0.282052   ,  0.278489   ,  2.4992     ,  5          ,  5          ])
5208    , -14250.5    , array([ 4.96299    ,  1.24435    ,  2.45869    ,  0.282052   ,  0.278489   ,  2.4992     ,  5          ,  5          ])
5216    , -14332.4    , array([ 5.34495    ,  1.24435    ,  2.45869    ,  0.282052   ,  0.278489   ,  2.4992     ,  5          ,  5          ])
5232    , -14215.1    , array([ 4.82948    ,  1.17984    ,  2.45869    ,  0.282052   ,  0.278489   ,  2.4992     ,  5          ,  5          ])
5240    , -14215.1    , array([ 4.82948    ,  1.17765    ,  2.45869    ,  0.282052   ,  0.278489   ,  2.4992     ,  5          ,  5          ])
5248    , -14214.9    , array([ 4.82948    ,  1.17765    ,  2.4427     ,  0.282052   ,  0.278489   ,  2.4992     ,  5          ,  5          ])
5256    , -14195.7    , array([ 4.82948    ,  1.17765    ,  2.4427     ,  0.315402   ,  0.278489   ,  2.4992     ,  5          ,  5          ])
5264    , -14191.2    , array([ 4.82948    ,  1.17765    ,  2.4427     ,  0.305031   ,  0.278489   ,  2.4992     ,  5          ,  5          ])
5272    , -14189.8    , array([ 4.82948    ,  1.17765    ,  2.4427     ,  0.305031   ,  0.272796   ,  2.4992     ,  5          ,  5          ])
5280    , -14232.1    , array([ 4.82948    ,  1.17765    ,  2.4427     ,  0.305031   ,  0.272796   ,  2.88117    ,  5          ,  5          ])
5288    , -14183.5    , array([ 4.82948    ,  1.17765    ,  2.4427     ,  0.305031   ,  0.272796   ,  2.59934    ,  5          ,  5          ])
5296    , -14208.9    , array([ 4.82948    ,  1.17765    ,  2.4427     ,  0.305031   ,  0.272796   ,  2.59934    ,  4.88197    ,  5          ])
5304    , -14184.1    , array([ 4.82948    ,  1.17765    ,  2.4427     ,  0.305031   ,  0.272796   ,  2.59934    ,  4.99749    ,  5          ])
5312    , -14183.6    , array([ 4.82948    ,  1.17765    ,  2.4427     ,  0.305031   ,  0.272796   ,  2.59934    ,  4.99995    ,  5          ])
5320    , -14183.5    , array([ 4.82948    ,  1.17765    ,  2.4427     ,  0.305031   ,  0.272796   ,  2.59934    ,  5          ,  5          ])
5328    , -14183.5    , array([ 4.82948    ,  1.17765    ,  2.4427     ,  0.305031   ,  0.272796   ,  2.59934    ,  5          ,  5          ])
5336    , -14183.5    , array([ 4.82948    ,  1.17765    ,  2.4427     ,  0.305031   ,  0.272796   ,  2.59934    ,  5          ,  5          ])
5344    , -14183.5    , array([ 4.82948    ,  1.17765    ,  2.4427     ,  0.305031   ,  0.272796   ,  2.59934    ,  5          ,  5          ])
5408    , -14180.4    , array([ 4.76682    ,  1.17765    ,  2.4427     ,  0.305031   ,  0.272796   ,  2.59934    ,  5          ,  5          ])
5416    , -14180      , array([ 4.73251    ,  1.17765    ,  2.4427     ,  0.305031   ,  0.272796   ,  2.59934    ,  5          ,  5          ])
5424    , -14163.9    , array([ 4.73251    ,  1.13036    ,  2.4427     ,  0.305031   ,  0.272796   ,  2.59934    ,  5          ,  5          ])
5432    , -14167.2    , array([ 4.73251    ,  1.13036    ,  2.50133    ,  0.305031   ,  0.272796   ,  2.59934    ,  5          ,  5          ])
5440    , -14163.8    , array([ 4.73251    ,  1.13036    ,  2.43442    ,  0.305031   ,  0.272796   ,  2.59934    ,  5          ,  5          ])
5448    , -14148.7    , array([ 4.73251    ,  1.13036    ,  2.43442    ,  0.324381   ,  0.272796   ,  2.59934    ,  5          ,  5          ])
5456    , -15300      , array([ 4.73251    ,  1.13036    ,  2.43442    ,  0.323998   ,  0.463752   ,  2.59934    ,  5          ,  5          ])
5464    , -14147.3    , array([ 4.73251    ,  1.13036    ,  2.43442    ,  0.323998   ,  0.267044   ,  2.59934    ,  5          ,  5          ])
5472    , -14144      , array([ 4.73251    ,  1.13036    ,  2.43442    ,  0.323998   ,  0.267044   ,  2.67085    ,  5          ,  5          ])
5480    , -14144      , array([ 4.73251    ,  1.13036    ,  2.43442    ,  0.323998   ,  0.267044   ,  2.66552    ,  5          ,  5          ])
5488    , -14165.2    , array([ 4.73251    ,  1.13036    ,  2.43442    ,  0.323998   ,  0.267044   ,  2.66552    ,  4.88197    ,  5          ])
5496    , -14144.5    , array([ 4.73251    ,  1.13036    ,  2.43442    ,  0.323998   ,  0.267044   ,  2.66552    ,  4.99749    ,  5          ])
5504    , -14144      , array([ 4.73251    ,  1.13036    ,  2.43442    ,  0.323998   ,  0.267044   ,  2.66552    ,  4.99995    ,  5          ])
5512    , -14144      , array([ 4.73251    ,  1.13036    ,  2.43442    ,  0.323998   ,  0.267044   ,  2.66552    ,  5          ,  5          ])
5520    , -14144      , array([ 4.73251    ,  1.13036    ,  2.43442    ,  0.323998   ,  0.267044   ,  2.66552    ,  5          ,  5          ])
5528    , -14144      , array([ 4.73251    ,  1.13036    ,  2.43442    ,  0.323998   ,  0.267044   ,  2.66552    ,  5          ,  5          ])
5536    , -14144      , array([ 4.73251    ,  1.13036    ,  2.43442    ,  0.323998   ,  0.267044   ,  2.66552    ,  5          ,  5          ])
5560    , -14144      , array([ 4.73251    ,  1.13036    ,  2.43442    ,  0.323998   ,  0.267044   ,  2.66552    ,  5          ,  4.99997    ])
5568    , -14144      , array([ 4.73251    ,  1.13036    ,  2.43442    ,  0.323998   ,  0.267044   ,  2.66552    ,  5          ,  5          ])
5576    , -14144      , array([ 4.73251    ,  1.13036    ,  2.43442    ,  0.323998   ,  0.267044   ,  2.66552    ,  5          ,  5          ])
5584    , -14144      , array([ 4.73251    ,  1.13036    ,  2.43442    ,  0.323998   ,  0.267044   ,  2.66552    ,  5          ,  5          ])
5592    , -14112.7    , array([ 4.63554    ,  1.08307    ,  2.42614    ,  0.342965   ,  0.261292   ,  2.7317     ,  5          ,  5          ])
5600    , -14079.9    , array([ 4.41588    ,  0.97595    ,  2.40739    ,  0.385927   ,  0.248263   ,  2.8816     ,  5          ,  5          ])
5608    , -14132.9    , array([ 4.79468    ,  0.974406   ,  2.40712    ,  0.386547   ,  0.248075   ,  2.88376    ,  5          ,  5          ])
5616    , -14084.5    , array([ 4.42447    ,  0.974406   ,  2.40712    ,  0.386547   ,  0.248075   ,  2.88376    ,  5          ,  3.38197    ])
5624    , -14054.1    , array([ 4.42447    ,  0.974406   ,  2.40712    ,  0.386547   ,  0.248075   ,  2.88376    ,  5          ,  4.054      ])
5632    , -14055.8    , array([ 4.42447    ,  0.974406   ,  2.49637    ,  0.386547   ,  0.248075   ,  2.88376    ,  5          ,  4.04444    ])
5640    , -14053.4    , array([ 4.42447    ,  0.974406   ,  2.43658    ,  0.386547   ,  0.248075   ,  2.88376    ,  5          ,  4.04444    ])
5648    , -14043.3    , array([ 4.42447    ,  0.974406   ,  2.43658    ,  0.403886   ,  0.248075   ,  2.88376    ,  5          ,  4.04444    ])
5656    , -14510.3    , array([ 4.42447    ,  0.974406   ,  2.43658    ,  0.403715   ,  0.141805   ,  2.88376    ,  5          ,  4.04444    ])
5664    , -14330.6    , array([ 4.42447    ,  0.974406   ,  2.43658    ,  0.403715   ,  0.240772   ,  3.88376    ,  5          ,  4.04444    ])
5672    , -14036.4    , array([ 4.42447    ,  0.974406   ,  2.43658    ,  0.403715   ,  0.240772   ,  2.97354    ,  5          ,  4.04444    ])
5680    , -14169      , array([ 4.42447    ,  0.974406   ,  2.43658    ,  0.403715   ,  0.240772   ,  2.9776     ,  4.38197    ,  4.04444    ])
5688    , -14038.8    , array([ 4.42447    ,  0.974406   ,  2.43658    ,  0.403715   ,  0.240772   ,  2.9776     ,  4.98278    ,  4.04444    ])
5696    , -14036.5    , array([ 4.42447    ,  0.974406   ,  2.43658    ,  0.403715   ,  0.240772   ,  2.9776     ,  4.99963    ,  4.04444    ])
5704    , -14036.4    , array([ 4.42447    ,  0.974406   ,  2.43658    ,  0.403715   ,  0.240772   ,  2.9776     ,  4.99999    ,  4.04444    ])
5712    , -14036.4    , array([ 4.42447    ,  0.974406   ,  2.43658    ,  0.403715   ,  0.240772   ,  2.9776     ,  5          ,  4.04444    ])
5720    , -14036.4    , array([ 4.42447    ,  0.974406   ,  2.43658    ,  0.403715   ,  0.240772   ,  2.9776     ,  5          ,  4.04444    ])
5728    , -14036.4    , array([ 4.42447    ,  0.974406   ,  2.43658    ,  0.403715   ,  0.240772   ,  2.9776     ,  5          ,  4.04444    ])
5736    , -14036.4    , array([ 4.42447    ,  0.974406   ,  2.43658    ,  0.403715   ,  0.240772   ,  2.9776     ,  5          ,  4.04444    ])
5744    , -14021.4    , array([ 4.30637    ,  0.916814   ,  2.4265     ,  0.426813   ,  0.233767   ,  3.0582     ,  5          ,  4.04444    ])
5752    , -14112.2    , array([ 4.68715    ,  0.916233   ,  2.42639    ,  0.427047   ,  0.233696   ,  3.05901    ,  5          ,  4.04444    ])
5760    , -14317.3    , array([ 4.21512    ,  0.916233   ,  2.42639    ,  0.427047   ,  0.233696   ,  3.05901    ,  5          ,  2.42641    ])
5768    , -14009.7    , array([ 4.21512    ,  0.916233   ,  2.42639    ,  0.427047   ,  0.233696   ,  3.05901    ,  5          ,  3.65085    ])
5776    , -21407      , array([ 4.21512    ,  0.916233   ,  0.808361   ,  0.427047   ,  0.233696   ,  3.05901    ,  5          ,  3.64583    ])
5784    , -14009.6    , array([ 4.21512    ,  0.916233   ,  2.43084    ,  0.427047   ,  0.233696   ,  3.05901    ,  5          ,  3.64583    ])
5792    , -14703.9    , array([ 4.21512    ,  0.916233   ,  2.4308     ,  0.618009   ,  0.233696   ,  3.05901    ,  5          ,  3.64583    ])
5800    , -24671.2    , array([ 4.21512    ,  0.916233   ,  2.4308     ,  0.446865   ,  1.2337     ,  3.05901    ,  5          ,  3.64583    ])
5808    , -13996.1    , array([ 4.21512    ,  0.916233   ,  2.4308     ,  0.446865   ,  0.230352   ,  3.05901    ,  5          ,  3.64583    ])
5816    , -13995.9    , array([ 4.21512    ,  0.916233   ,  2.4308     ,  0.446865   ,  0.228335   ,  3.05901    ,  5          ,  3.64583    ])
5824    , -13993.8    , array([ 4.21512    ,  0.916233   ,  2.4308     ,  0.446865   ,  0.228335   ,  3.13355    ,  5          ,  3.64583    ])
5888    , -14060.1    , array([ 4.41277    ,  1.01262    ,  2.44767    ,  0.408208   ,  0.240058   ,  2.99867    ,  5          ,  3.64583    ])
5896    , -13969.8    , array([ 4.00021    ,  0.855342   ,  2.42455    ,  0.491105   ,  0.215567   ,  3.2933     ,  5          ,  3.24721    ])
5904    , -13967.9    , array([ 3.94595    ,  0.84451    ,  2.42422    ,  0.502501   ,  0.212342   ,  3.33498    ,  5          ,  3.10539    ])
5912    , -14052.1    , array([ 4.32547    ,  0.84402    ,  2.4242     ,  0.503016   ,  0.212196   ,  3.33686    ,  5          ,  3.09898    ])
5920    , -16526.8    , array([ 3.91933    ,  0.84402    ,  2.4242     ,  0.503016   ,  0.212196   ,  3.33686    ,  5          ,  1.48094    ])
5928    , -13966.6    , array([ 3.91933    ,  0.84402    ,  2.4242     ,  0.503016   ,  0.212196   ,  3.33686    ,  5          ,  3.18925    ])
5936    , -13969      , array([ 3.91933    ,  0.84402    ,  2.45433    ,  0.503016   ,  0.212196   ,  3.33686    ,  5          ,  3.18925    ])
5944    , -14213.3    , array([ 4.43677    ,  1.09636    ,  2.42382    ,  0.40181    ,  0.242889   ,  2.98374    ,  5          ,  3.18925    ])
5952    , -13964.6    , array([ 3.94441    ,  0.856248   ,  2.38179    ,  0.498112   ,  0.213683   ,  3.31975    ,  5          ,  3.18925    ])
5960    , -14797.5    , array([ 3.94466    ,  0.856371   ,  2.38181    ,  0.498062   ,  0.40466    ,  3.31958    ,  5          ,  3.18925    ])
5968    , -14256      , array([ 3.94466    ,  0.856371   ,  2.38181    ,  0.498062   ,  0.221124   ,  4.31958    ,  5          ,  3.18925    ])
5976    , -13962.6    , array([ 3.94466    ,  0.856371   ,  2.38181    ,  0.498062   ,  0.221124   ,  3.30993    ,  5          ,  3.18925    ])
5984    , -13962.6    , array([ 3.94466    ,  0.856371   ,  2.38181    ,  0.498062   ,  0.221124   ,  3.30883    ,  5          ,  3.18925    ])
5992    , -13963.3    , array([ 3.94466    ,  0.856371   ,  2.38181    ,  0.498062   ,  0.221124   ,  3.30883    ,  4.98278    ,  3.18925    ])
6000    , -13962.6    , array([ 3.94466    ,  0.856371   ,  2.38181    ,  0.498062   ,  0.221124   ,  3.30883    ,  4.99963    ,  3.18925    ])
6008    , -13962.6    , array([ 3.94466    ,  0.856371   ,  2.38181    ,  0.498062   ,  0.221124   ,  3.30883    ,  4.99999    ,  3.18925    ])
6016    , -13962.6    , array([ 3.94466    ,  0.856371   ,  2.38181    ,  0.498062   ,  0.221124   ,  3.30883    ,  5          ,  3.18925    ])
6024    , -13962.6    , array([ 3.94466    ,  0.856371   ,  2.38181    ,  0.498062   ,  0.221124   ,  3.30883    ,  5          ,  3.18925    ])
6032    , -13962.6    , array([ 3.94466    ,  0.856371   ,  2.38181    ,  0.498062   ,  0.221124   ,  3.30883    ,  5          ,  3.18925    ])
6040    , -14017.4    , array([ 4.28314    ,  0.923952   ,  2.38386    ,  0.426966   ,  0.241245   ,  3.0488     ,  5          ,  4.07408    ])
6048    , -13961.4    , array([ 3.89597    ,  0.846649   ,  2.38152    ,  0.50829    ,  0.218229   ,  3.34624    ,  5          ,  3.06197    ])
6056    , -14041.6    , array([ 4.27793    ,  0.846649   ,  2.38152    ,  0.50829    ,  0.218229   ,  3.34624    ,  5          ,  3.06197    ])
6064    , -16616.2    , array([ 3.88556    ,  0.846649   ,  2.38152    ,  0.50829    ,  0.218229   ,  3.34624    ,  5          ,  1.44393    ])
6072    , -13961.4    , array([ 3.88556    ,  0.846649   ,  2.38152    ,  0.50829    ,  0.218229   ,  3.34624    ,  5          ,  3.07797    ])
6080    , -21435      , array([ 3.88556    ,  0.846649   ,  0.763483   ,  0.50829    ,  0.218229   ,  3.34624    ,  5          ,  3.09301    ])
6088    , -13959.5    , array([ 3.88556    ,  0.846649   ,  2.33392    ,  0.50829    ,  0.218229   ,  3.34624    ,  5          ,  3.09301    ])
6096    , -13959.7    , array([ 3.90328    ,  0.855292   ,  2.33543    ,  0.504823   ,  0.219281   ,  3.33414    ,  5          ,  3.09301    ])
6112    , -13958.7    , array([ 3.89204    ,  0.84981    ,  2.33447    ,  0.507022   ,  0.223445   ,  3.34181    ,  5          ,  3.09301    ])
6120    , -13958.7    , array([ 3.89204    ,  0.84981    ,  2.33447    ,  0.507022   ,  0.223494   ,  3.33933    ,  5          ,  3.09301    ])
6136    , -13959.8    , array([ 3.89204    ,  0.84981    ,  2.33447    ,  0.507022   ,  0.223494   ,  3.34365    ,  4.95492    ,  3.09301    ])
6144    , -13958.7    , array([ 3.89204    ,  0.84981    ,  2.33447    ,  0.507022   ,  0.223494   ,  3.34365    ,  4.99904    ,  3.09301    ])
6152    , -13958.7    , array([ 3.89204    ,  0.84981    ,  2.33447    ,  0.507022   ,  0.223494   ,  3.34365    ,  4.99998    ,  3.09301    ])
6160    , -13958.7    , array([ 3.89204    ,  0.84981    ,  2.33447    ,  0.507022   ,  0.223494   ,  3.34365    ,  5          ,  3.09301    ])
6168    , -13958.7    , array([ 3.89204    ,  0.84981    ,  2.33447    ,  0.507022   ,  0.223494   ,  3.34365    ,  5          ,  3.09301    ])
6176    , -13958.7    , array([ 3.89204    ,  0.84981    ,  2.33447    ,  0.507022   ,  0.223494   ,  3.34365    ,  5          ,  3.09301    ])
6184    , -13993.8    , array([ 3.68285    ,  0.808043   ,  2.33321    ,  0.550962   ,  0.211059   ,  3.50436    ,  5          ,  2.54616    ])
6192    , -13958.6    , array([ 3.86887    ,  0.845185   ,  2.33433    ,  0.511888   ,  0.222117   ,  3.36145    ,  5          ,  3.03244    ])
6200    , -13957.2    , array([ 3.85589    ,  0.846538   ,  2.28724    ,  0.512522   ,  0.226844   ,  3.36583    ,  5          ,  3.03982    ])
6208    , -16826.5    , array([ 2.23329    ,  0.846525   ,  2.27649    ,  0.513005   ,  0.227826   ,  3.36806    ,  5          ,  3.03729    ])
6216    , -13957      , array([ 3.83436    ,  0.846525   ,  2.27649    ,  0.513005   ,  0.227826   ,  3.36806    ,  5          ,  3.03729    ])
6224    , -13957.1    , array([ 3.83452    ,  0.846525   ,  2.27649    ,  0.513005   ,  0.227826   ,  3.36806    ,  5          ,  2.98402    ])
6232    , -13956.9    , array([ 3.83452    ,  0.846525   ,  2.27649    ,  0.513005   ,  0.227826   ,  3.36806    ,  5          ,  3.01221    ])
6240    , -13957.7    , array([ 3.804      ,  0.840432   ,  2.2763     ,  0.519415   ,  0.226012   ,  3.39151    ,  5          ,  2.93243    ])
6248    , -13956.9    , array([ 3.83487    ,  0.846595   ,  2.27649    ,  0.512931   ,  0.227847   ,  3.36779    ,  5          ,  3.01312    ])
6256    , -13956.9    , array([ 3.83412    ,  0.846228   ,  2.27643    ,  0.513079   ,  0.227802   ,  3.36831    ,  5          ,  3.01311    ])
6272    , -13956.9    , array([ 3.83419    ,  0.846264   ,  2.27643    ,  0.513065   ,  0.228883   ,  3.36826    ,  5          ,  3.01311    ])
6280    , -13956.9    , array([ 3.83419    ,  0.846264   ,  2.27643    ,  0.513065   ,  0.228873   ,  3.36358    ,  5          ,  3.01311    ])
6296    , -13956.9    , array([ 3.83419    ,  0.846264   ,  2.27643    ,  0.513065   ,  0.228873   ,  3.367      ,  4.99709    ,  3.01311    ])
6304    , -13956.9    , array([ 3.82479    ,  0.846238   ,  2.25432    ,  0.514057   ,  0.230893   ,  3.3716     ,  4.99709    ,  3.00792    ])
