405     , -1310.96    , array([ 1.00017    ,  0.100411   ,  0.050281   ,  5.00977    ,  2.50637    ])
410     , -1404.79    , array([ 1.38214    ,  0.100411   ,  0.050281   ,  5.00977    ,  2.50637    ])
415     , -1310.96    , array([ 0.999155   ,  0.100411   ,  0.050281   ,  5.00977    ,  2.50637    ])
430     , -1320.87    , array([ 0.999168   ,  0.103127   ,  0.050281   ,  5.00977    ,  2.50637    ])
435     , -1310.96    , array([ 0.999168   ,  0.100414   ,  0.050281   ,  5.00977    ,  2.50637    ])
440     , -1310.96    , array([ 0.999168   ,  0.100412   ,  0.050281   ,  5.00977    ,  2.50637    ])
450     , -5074.68    , array([ 0.999168   ,  0.100412   ,  0.123199   ,  5.00977    ,  2.50637    ])
455     , -1312.62    , array([ 0.999168   ,  0.100412   ,  0.0510656  ,  5.00977    ,  2.50637    ])
460     , -1310.96    , array([ 0.999168   ,  0.100412   ,  0.0502731  ,  5.00977    ,  2.50637    ])
465     , -1323.67    , array([ 0.999168   ,  0.100412   ,  0.0502731  ,  4.39173    ,  2.50637    ])
470     , -1310.96    , array([ 0.999168   ,  0.100412   ,  0.0502731  ,  5.01097    ,  2.50637    ])
475     , -1534.9     , array([ 0.999168   ,  0.100412   ,  0.0502731  ,  5.0109     ,  0.888337   ])
480     , -1310.96    , array([ 0.999168   ,  0.100412   ,  0.0502731  ,  5.0109     ,  2.50497    ])
