8792    , -57959.8    , array([ 14.6498    ,  7.24488    ,  22.46      ,  2.49009e-05,  0.658001   ,  8.59604e-08,  1.35899    ,  0.244226   ])
8800    , -53495.3    , array([ 6.77362    ,  7.24488    ,  22.46      ,  2.49009e-05,  0.658001   ,  8.59604e-08,  1.35899    ,  0.244226   ])
8808    , -46205.2    , array([ 6.77362    ,  3.00881    ,  22.46      ,  2.49009e-05,  0.658001   ,  8.59604e-08,  1.35899    ,  0.244226   ])
8816    , -45660      , array([ 6.77362    ,  3.4879     ,  20.8419    ,  2.49009e-05,  0.658001   ,  8.59604e-08,  1.35899    ,  0.244226   ])
8824    , -41191.2    , array([ 6.77362    ,  3.4879     ,  4.9323     ,  2.49009e-05,  0.658001   ,  8.59604e-08,  1.35899    ,  0.244226   ])
8832    , -40314.1    , array([ 6.77362    ,  3.4879     ,  2.89765    ,  1.00002    ,  0.658001   ,  8.59604e-08,  1.35899    ,  0.244226   ])
8840    , -34961.7    , array([ 6.77362    ,  3.4879     ,  2.89765    ,  0.346984   ,  0.658001   ,  8.59604e-08,  1.35899    ,  0.244226   ])
8848    , -34929.4    , array([ 6.77362    ,  3.4879     ,  2.89765    ,  0.350488   ,  0.705412   ,  8.59604e-08,  1.35899    ,  0.244226   ])
8856    , -34153.4    , array([ 6.77362    ,  3.4879     ,  2.89765    ,  0.350488   ,  0.706965   ,  1          ,  1.35899    ,  0.244226   ])
8864    , -38197.8    , array([ 6.77362    ,  3.4879     ,  2.89765    ,  0.350488   ,  0.706965   ,  0.716335   ,  2.35899    ,  0.244226   ])
8872    , -33824.2    , array([ 6.77362    ,  3.4879     ,  2.89765    ,  0.350488   ,  0.706965   ,  0.716335   ,  1.12827    ,  0.244226   ])
8880    , -42312      , array([ 6.77362    ,  3.4879     ,  2.89765    ,  0.350488   ,  0.706965   ,  0.716335   ,  1.12827    ,  0.626192   ])
8888    , -33360.7    , array([ 6.77362    ,  3.4879     ,  2.89765    ,  0.350488   ,  0.706965   ,  0.716335   ,  1.12827    ,  0.189435   ])
8896    , -32581.9    , array([ 5.77362    ,  3.4879     ,  2.89765    ,  0.350488   ,  0.706965   ,  0.716335   ,  1.12827    ,  0.188881   ])
8904    , -30195.8    , array([ 4.52683    ,  1.86986    ,  2.89765    ,  0.350488   ,  0.706965   ,  0.716335   ,  1.12827    ,  0.188881   ])
8912    , -29676.9    , array([ 4.52683    ,  2.24016    ,  2.89765    ,  0.350488   ,  0.706965   ,  0.716335   ,  1.12827    ,  0.188881   ])
8920    , -29458.2    , array([ 4.52683    ,  2.25251    ,  2.26179    ,  0.350488   ,  0.706965   ,  0.716335   ,  1.12827    ,  0.188881   ])
8936    , -28590.4    , array([ 4.52683    ,  2.25251    ,  2.19135    ,  0.632653   ,  0.706965   ,  0.716335   ,  1.12827    ,  0.188881   ])
8944    , -27919.7    , array([ 4.52683    ,  2.25251    ,  2.19135    ,  0.632653   ,  1.00181    ,  0.716335   ,  1.12827    ,  0.188881   ])
8952    , -27818.7    , array([ 4.52683    ,  2.25251    ,  2.19135    ,  0.632653   ,  1.00181    ,  1.03762    ,  1.12827    ,  0.188881   ])
8960    , -27816.2    , array([ 4.52683    ,  2.25251    ,  2.19135    ,  0.632653   ,  1.00181    ,  1.10212    ,  1.12827    ,  0.188881   ])
8968    , -27005.9    , array([ 4.52683    ,  2.25251    ,  2.19135    ,  0.632653   ,  1.00181    ,  1.10212    ,  0.809004   ,  0.188881   ])
8976    , -34274.8    , array([ 4.52683    ,  2.25251    ,  2.19135    ,  0.632653   ,  1.00181    ,  1.10212    ,  0.805779   ,  0.379763   ])
8984    , -19192.9    , array([ 2.28004    ,  1.01713    ,  1.48505    ,  0.914819   ,  1.29666    ,  1.48791    ,  0.483286   ,  0.0697498  ])
8992    , -19236.6    , array([ 2.14856    ,  0.944835   ,  1.44371    ,  0.931331   ,  1.31392    ,  1.51048    ,  0.464414   ,  0.0662639  ])
9000    , -19130.1    , array([ 2.63954    ,  1.00478    ,  1.47798    ,  0.91764    ,  1.29961    ,  1.49176    ,  0.480061   ,  0.0691541  ])
9016    , -18186.9    , array([ 2.51214    ,  1.00478    ,  1.47798    ,  0.91764    ,  1.29961    ,  1.49176    ,  0.480061   ,  0.116199   ])
9024    , -18722.7    , array([ 2.51214    ,  1.00478    ,  2.47798    ,  0.91764    ,  1.29961    ,  1.49176    ,  0.480061   ,  0.10331    ])
9032    , -18082.8    , array([ 2.51214    ,  1.00478    ,  1.36581    ,  0.91764    ,  1.29961    ,  1.49176    ,  0.480061   ,  0.10331    ])
9040    , -19875.6    , array([ 2.51214    ,  1.00478    ,  1.3768     ,  0.299606   ,  1.29961    ,  1.49176    ,  0.480061   ,  0.10331    ])
9048    , -19026.1    , array([ 2.51214    ,  1.00478    ,  1.3768     ,  0.993553   ,  2.29961    ,  1.49176    ,  0.480061   ,  0.10331    ])
9056    , -17946.1    , array([ 2.51214    ,  1.00478    ,  1.3768     ,  0.993553   ,  1.52457    ,  1.49176    ,  0.480061   ,  0.10331    ])
9064    , -17831.3    , array([ 2.51214    ,  1.00478    ,  1.3768     ,  0.993553   ,  1.52684    ,  2.23809    ,  0.480061   ,  0.10331    ])
9072    , -25398.2    , array([ 2.51214    ,  1.00478    ,  1.3768     ,  0.993553   ,  1.52684    ,  2.24728    ,  0.862027   ,  0.10331    ])
9080    , -16412.7    , array([ 2.51214    ,  1.00478    ,  1.3768     ,  0.993553   ,  1.52684    ,  2.24728    ,  0.316991   ,  0.10331    ])
9088    , -13533.9    , array([ 1.59162    ,  0.498636   ,  1.08742    ,  1.10916    ,  1.64764    ,  2.40534    ,  0.184865   ,  0.0789059  ])
9096    , -13451.2    , array([ 1.68412    ,  0.549494   ,  1.1165     ,  1.09754    ,  1.63551    ,  2.38946    ,  0.198141   ,  0.0813581  ])
9104    , -13405.5    , array([ 1.49206    ,  0.549494   ,  1.1165     ,  1.09754    ,  1.63551    ,  2.38946    ,  0.198141   ,  0.0813581  ])
9112    , -23500.5    , array([ 1.53172    ,  0.549494   ,  1.1165     ,  1.09754    ,  1.63551    ,  2.38946    ,  0.198141   ,  0.463324   ])
9120    , -12991.4    , array([ 1.53172    ,  0.549494   ,  1.1165     ,  1.09754    ,  1.63551    ,  2.38946    ,  0.198141   ,  0.068838   ])
9128    , -12854.1    , array([ 1.53172    ,  0.549494   ,  1.1165     ,  1.09754    ,  1.63551    ,  2.38946    ,  0.198141   ,  0.058303   ])
9136    , -12852.3    , array([ 1.53172    ,  0.549494   ,  1.08111    ,  1.09754    ,  1.63551    ,  2.38946    ,  0.198141   ,  0.058303   ])
9144    , -12816.9    , array([ 1.53172    ,  0.549494   ,  1.08111    ,  1.2866     ,  1.63551    ,  2.38946    ,  0.198141   ,  0.058303   ])
9152    , -12816.8    , array([ 1.53172    ,  0.549494   ,  1.08111    ,  1.28154    ,  1.63551    ,  2.38946    ,  0.198141   ,  0.058303   ])
9160    , -12791.5    , array([ 1.53172    ,  0.549494   ,  1.08111    ,  1.28154    ,  1.80236    ,  2.38946    ,  0.198141   ,  0.058303   ])
9168    , -12767      , array([ 1.53172    ,  0.549494   ,  1.08111    ,  1.28154    ,  1.80236    ,  2.98242    ,  0.198141   ,  0.058303   ])
9176    , -21060.2    , array([ 1.53172    ,  0.549494   ,  1.08111    ,  1.28154    ,  1.80236    ,  2.98841    ,  0.388974   ,  0.058303   ])
9184    , -12114.7    , array([ 1.53172    ,  0.549494   ,  1.08111    ,  1.28154    ,  1.80236    ,  2.98841    ,  0.151043   ,  0.058303   ])
9192    , -12253.7    , array([ 1.20064    ,  0.367452   ,  0.977028   ,  1.32311    ,  1.84581    ,  3.04526    ,  0.103988   ,  0.0495256  ])
9200    , -11922.8    , array([ 1.37286    ,  0.46215    ,  1.03117    ,  1.30149    ,  1.82321    ,  3.01569    ,  0.128709   ,  0.0540916  ])
9208    , -11920.8    , array([ 1.34731    ,  0.46215    ,  1.03117    ,  1.30149    ,  1.82321    ,  3.01569    ,  0.128709   ,  0.0540916  ])
9216    , -11920.8    , array([ 1.34564    ,  0.46215    ,  1.03117    ,  1.30149    ,  1.82321    ,  3.01569    ,  0.128709   ,  0.0540916  ])
9224    , -12550.6    , array([ 1.34564    ,  0.46215    ,  1.03117    ,  1.30149    ,  1.82321    ,  3.01569    ,  0.128709   ,  0.0679262  ])
9232    , -11754.5    , array([ 1.34564    ,  0.46215    ,  1.03117    ,  1.30149    ,  1.82321    ,  3.01569    ,  0.128709   ,  0.0448495  ])
9240    , -11736.4    , array([ 1.34564    ,  0.46215    ,  0.942352   ,  1.30149    ,  1.82321    ,  3.01569    ,  0.128709   ,  0.0448495  ])
9256    , -11672.9    , array([ 1.34564    ,  0.46215    ,  0.921411   ,  0.99753    ,  1.82321    ,  3.01569    ,  0.128709   ,  0.0448495  ])
9264    , -11667.9    , array([ 1.34564    ,  0.46215    ,  0.921411   ,  1.00054    ,  1.72615    ,  3.01569    ,  0.128709   ,  0.0448495  ])
9272    , -11677      , array([ 1.34564    ,  0.46215    ,  0.921411   ,  1.00054    ,  1.73171    ,  2.39765    ,  0.128709   ,  0.0448495  ])
9280    , -81448.9    , array([ 1.34564    ,  0.46215    ,  0.921411   ,  1.00054    ,  1.73171    ,  2.87265    ,  1.12871    ,  0.0448495  ])
9288    , -12952.5    , array([ 1.34564    ,  0.46215    ,  0.921411   ,  1.00054    ,  1.73171    ,  2.87265    ,  0.164108   ,  0.0448495  ])
9296    , -11470.3    , array([ 1.34564    ,  0.46215    ,  0.921411   ,  1.00054    ,  1.73171    ,  2.87265    ,  0.111447   ,  0.0448495  ])
9304    , -11571.9    , array([ 1.5257     ,  0.561155   ,  0.978014   ,  0.977926   ,  1.70808    ,  2.84173    ,  0.137292   ,  0.0496232  ])
9312    , -12517      , array([ 2.38877    ,  0.485865   ,  0.934969   ,  0.995123   ,  1.72605    ,  2.86524    ,  0.117638   ,  0.0459929  ])
9320    , -11456.8    , array([ 1.38617    ,  0.485865   ,  0.934969   ,  0.995123   ,  1.72605    ,  2.86524    ,  0.117638   ,  0.0459929  ])
9336    , -11827.2    , array([ 1.38611    ,  0.485865   ,  0.934969   ,  0.995123   ,  1.72605    ,  2.86524    ,  0.117638   ,  0.0328373  ])
9344    , -12075.9    , array([ 1.38611    ,  0.485865   ,  1.93497    ,  0.995123   ,  1.72605    ,  2.86524    ,  0.117638   ,  0.0441369  ])
9352    , -11445.3    , array([ 1.38611    ,  0.485865   ,  0.865804   ,  0.995123   ,  1.72605    ,  2.86524    ,  0.117638   ,  0.0441369  ])
9360    , -11444.4    , array([ 1.38611    ,  0.485865   ,  0.885758   ,  0.995123   ,  1.72605    ,  2.86524    ,  0.117638   ,  0.0441369  ])
9368    , -11380.7    , array([ 1.38611    ,  0.485865   ,  0.885758   ,  0.711138   ,  1.72605    ,  2.86524    ,  0.117638   ,  0.0441369  ])
9376    , -11363.5    , array([ 1.38611    ,  0.485865   ,  0.885758   ,  0.711138   ,  1.55717    ,  2.86524    ,  0.117638   ,  0.0441369  ])
9384    , -11377.4    , array([ 1.38611    ,  0.485865   ,  0.885758   ,  0.711138   ,  1.55717    ,  3.24721    ,  0.117638   ,  0.0441369  ])
9392    , -11360.6    , array([ 1.38611    ,  0.485865   ,  0.885758   ,  0.711138   ,  1.55717    ,  2.60404    ,  0.117638   ,  0.0441369  ])
9400    , -11338.5    , array([ 1.38611    ,  0.485865   ,  0.885758   ,  0.711138   ,  1.55717    ,  2.60404    ,  0.101033   ,  0.0441369  ])
9408    , -26483.6    , array([ 5.05784    ,  2.50475    ,  2.04001    ,  0.250019   ,  1.07532    ,  1.97358    ,  0.635279   ,  0.14148    ])
9416    , -11282.2    , array([ 1.43319    ,  0.511752   ,  0.900558   ,  0.705225   ,  1.55099    ,  2.59596    ,  0.115014   ,  0.0453851  ])
9424    , -11227.3    , array([ 1.47034    ,  0.533641   ,  0.863861   ,  0.416241   ,  1.37688    ,  2.32792    ,  0.111347   ,  0.0445845  ])
9440    , -11224.2    , array([ 1.50094    ,  0.531503   ,  0.867043   ,  0.44214    ,  1.3925     ,  2.35196    ,  0.111629   ,  0.0446475  ])
9448    , -18282.2    , array([ 1.5006     ,  0.531503   ,  0.867043   ,  0.44214    ,  1.3925     ,  2.35196    ,  0.111629   ,  0.235558   ])
9456    , -11223.8    , array([ 1.5006     ,  0.531503   ,  0.867043   ,  0.44214    ,  1.3925     ,  2.35196    ,  0.111629   ,  0.045783   ])
9464    , -11223.3    , array([ 1.5006     ,  0.531503   ,  0.867043   ,  0.44214    ,  1.3925     ,  2.35196    ,  0.111629   ,  0.0452999  ])
9472    , -11218.6    , array([ 1.5006     ,  0.531503   ,  0.911534   ,  0.44214    ,  1.3925     ,  2.35196    ,  0.111629   ,  0.0452999  ])
9480    , -11218      , array([ 1.5006     ,  0.531503   ,  0.911094   ,  0.458394   ,  1.3925     ,  2.35196    ,  0.111629   ,  0.0452999  ])
9488    , -11217.9    , array([ 1.5006     ,  0.531503   ,  0.911094   ,  0.467404   ,  1.3925     ,  2.35196    ,  0.111629   ,  0.0452999  ])
9496    , -11209.6    , array([ 1.5006     ,  0.531503   ,  0.911094   ,  0.467404   ,  1.28324    ,  2.35196    ,  0.111629   ,  0.0452999  ])
9504    , -11208.2    , array([ 1.5006     ,  0.531503   ,  0.911094   ,  0.467404   ,  1.28324    ,  2.18191    ,  0.111629   ,  0.0452999  ])
9520    , -11206.2    , array([ 1.48238    ,  0.521484   ,  0.905366   ,  0.469692   ,  1.28563    ,  2.18504    ,  0.109014   ,  0.0448168  ])
9528    , -11206.2    , array([ 1.48215    ,  0.521345   ,  0.905572   ,  0.471377   ,  1.28665    ,  2.1866     ,  0.109032   ,  0.0448209  ])
9544    , -11205.6    , array([ 1.49982    ,  0.521526   ,  0.905303   ,  0.469187   ,  1.28533    ,  2.18457    ,  0.109008   ,  0.0448156  ])
9552    , -20905.8    , array([ 1.5        ,  0.521526   ,  0.905303   ,  0.469187   ,  1.28533    ,  2.18457    ,  0.109008   ,  0.426782   ])
9560    , -11233.9    , array([ 1.5        ,  0.521526   ,  0.905303   ,  0.469187   ,  1.28533    ,  2.18457    ,  0.109008   ,  0.0488668  ])
9576    , -11200.3    , array([ 1.5        ,  0.521526   ,  0.954585   ,  0.469187   ,  1.28533    ,  2.18457    ,  0.109008   ,  0.0451171  ])
9584    , -11224.3    , array([ 1.5        ,  0.521526   ,  0.954585   ,  0.660169   ,  1.28533    ,  2.18457    ,  0.109008   ,  0.0451171  ])
9600    , -11195.3    , array([ 1.5        ,  0.521526   ,  0.954585   ,  0.500029   ,  1.21033    ,  2.18457    ,  0.109008   ,  0.0451171  ])
9608    , -11194.9    , array([ 1.5        ,  0.521526   ,  0.954585   ,  0.500029   ,  1.21107    ,  2.08496    ,  0.109008   ,  0.0451171  ])
9616    , -16152.7    , array([ 2.90247    ,  1.29267    ,  1.39547    ,  0.323898   ,  1.02703    ,  1.84665    ,  0.310313   ,  0.0822989  ])
9624    , -11194.5    , array([ 1.49246    ,  0.51738    ,  0.952215   ,  0.500976   ,  1.21206    ,  2.08875    ,  0.107926   ,  0.0449172  ])
9632    , -11194.4    , array([ 1.49389    ,  0.518222   ,  0.950961   ,  0.490773   ,  1.20591    ,  2.07928    ,  0.107815   ,  0.0448923  ])
9640    , -11185.9    , array([ 1.51604    ,  0.512495   ,  1.03562    ,  0.52569    ,  1.05421    ,  1.87747    ,  0.105526   ,  0.0450225  ])
9656    , -11185.9    , array([ 1.51289    ,  0.512495   ,  1.03562    ,  0.52569    ,  1.05421    ,  1.87747    ,  0.105526   ,  0.0450225  ])
9664    , -19783.7    , array([ 1.51289    ,  0.512495   ,  1.03562    ,  0.52569    ,  1.05421    ,  1.87747    ,  0.105526   ,  0.235915   ])
9672    , -11185.6    , array([ 1.51289    ,  0.512495   ,  1.03562    ,  0.52569    ,  1.05421    ,  1.87747    ,  0.105526   ,  0.0459532  ])
9680    , -11205.7    , array([ 1.48994    ,  0.499052   ,  1.05563    ,  0.688567   ,  1.15246    ,  2.02866    ,  0.107296   ,  0.045952   ])
9696    , -11184.8    , array([ 1.51231    ,  0.512156   ,  1.03613    ,  0.549947   ,  1.05669    ,  1.88129    ,  0.10557    ,  0.0455657  ])
9704    , -11185.3    , array([ 1.51231    ,  0.512156   ,  1.03613    ,  0.549748   ,  1.11043    ,  1.88129    ,  0.10557    ,  0.0455657  ])
9712    , -11184.4    , array([ 1.51231    ,  0.512156   ,  1.03613    ,  0.549748   ,  1.07755    ,  1.88129    ,  0.10557    ,  0.0455657  ])
9728    , -11187.3    , array([ 1.53411    ,  0.524144   ,  1.04298    ,  0.54701    ,  1.07469    ,  1.98867    ,  0.1087     ,  0.0461437  ])
9736    , -11183.8    , array([ 1.51101    ,  0.51144    ,  1.03572    ,  0.549911   ,  1.07772    ,  1.99263    ,  0.105384   ,  0.0455312  ])
9744    , -12095.3    , array([ 2.51315    ,  0.510863   ,  1.04405    ,  0.55352    ,  1.06296    ,  1.97302    ,  0.105161   ,  0.0455444  ])
9752    , -11183.6    , array([ 1.50347    ,  0.510863   ,  1.04405    ,  0.55352    ,  1.06296    ,  1.97302    ,  0.105161   ,  0.0455444  ])
9760    , -21801.2    , array([ 1.50332    ,  0.510863   ,  1.04405    ,  0.55352    ,  1.06296    ,  1.97302    ,  0.105161   ,  0.42751    ])
9768    , -11208.3    , array([ 1.50332    ,  0.510863   ,  1.04405    ,  0.55352    ,  1.06296    ,  1.97302    ,  0.105161   ,  0.0494031  ])
9776    , -11183.3    , array([ 1.50332    ,  0.510863   ,  1.04405    ,  0.55352    ,  1.06296    ,  1.97302    ,  0.105161   ,  0.0459084  ])
9784    , -11930.3    , array([ 1.5069     ,  0.512962   ,  1.04092    ,  1.52809    ,  1.04762    ,  1.94941    ,  0.104885   ,  0.0458465  ])
9792    , -11187.5    , array([ 1.5069     ,  0.512962   ,  1.04092    ,  0.608305   ,  1.04762    ,  1.94941    ,  0.104885   ,  0.0458465  ])
9800    , -11585.7    , array([ 1.5069     ,  0.512962   ,  1.04092    ,  0.539017   ,  0.429582   ,  1.94941    ,  0.104885   ,  0.0458465  ])
9808    , -11221      , array([ 1.5069     ,  0.512962   ,  1.04092    ,  0.539017   ,  1.06205    ,  2.94941    ,  0.104885   ,  0.0458465  ])
9816    , -11182.2    , array([ 1.5069     ,  0.512962   ,  1.04092    ,  0.539017   ,  1.06205    ,  2.02052    ,  0.104885   ,  0.0458465  ])
9824    , -12331.4    , array([ 1.17583    ,  0.33092    ,  0.936843   ,  0.580596   ,  1.1055     ,  2.07808    ,  0.0573634  ,  0.0370691  ])
9832    , -11189.4    , array([ 1.52733    ,  0.50628    ,  1.12536    ,  0.576007   ,  0.911691   ,  1.82143    ,  0.102408   ,  0.0459427  ])
9840    , -11181.3    , array([ 1.5004     ,  0.51275    ,  1.04717    ,  0.529338   ,  1.04329    ,  2.04571    ,  0.103916   ,  0.0460878  ])
9848    , -11181.1    , array([ 1.49602    ,  0.513398   ,  1.04824    ,  0.521023   ,  1.03653    ,  2.07071    ,  0.103488   ,  0.0462747  ])
9856    , -11200.4    , array([ 1.60666    ,  0.513383   ,  1.04822    ,  0.521225   ,  1.0367     ,  2.0701     ,  0.103499   ,  0.0462701  ])
9872    , -17152      , array([ 1.50335    ,  0.513383   ,  1.04822    ,  0.521225   ,  1.0367     ,  2.0701     ,  0.103499   ,  0.0118283  ])
9880    , -11180.9    , array([ 1.50335    ,  0.513383   ,  1.04822    ,  0.521225   ,  1.0367     ,  2.0701     ,  0.103499   ,  0.0464817  ])
9888    , -11180.9    , array([ 1.5028     ,  0.513529   ,  1.04611    ,  0.520311   ,  1.04043    ,  2.07507    ,  0.103555   ,  0.0464763  ])
9896    , -11318.9    , array([ 1.5028     ,  0.513529   ,  1.04611    ,  0.902277   ,  1.04043    ,  2.07507    ,  0.103555   ,  0.0464763  ])
9904    , -11845.6    , array([ 1.5028     ,  0.513529   ,  1.04611    ,  0.516493   ,  2.04043    ,  2.07507    ,  0.103555   ,  0.0464763  ])
9912    , -11180.8    , array([ 1.5028     ,  0.513529   ,  1.04611    ,  0.516493   ,  1.03342    ,  2.07507    ,  0.103555   ,  0.0464763  ])
9920    , -11180.7    , array([ 1.5028     ,  0.513529   ,  1.04611    ,  0.516493   ,  1.03335    ,  2.1278     ,  0.103555   ,  0.0464763  ])
9928    , -16300.2    , array([ 2.90528    ,  1.28467    ,  1.48699    ,  0.340361   ,  0.8493     ,  1.87695    ,  0.30486    ,  0.0836581  ])
9936    , -11180.7    , array([ 1.50114    ,  0.512613   ,  1.04559    ,  0.516702   ,  1.03357    ,  2.11805    ,  0.103316   ,  0.0464321  ])
9944    , -11180.7    , array([ 1.50009    ,  0.512779   ,  1.04585    ,  0.514689   ,  1.03193    ,  2.12409    ,  0.103215   ,  0.0464777  ])
