8       , -2110.92    , array([ 0.198196   ,  1.00564    ,  0.00356084 ,  0.0503218  ])
16      , -3161.08    , array([ 0.00220557 ,  1.00564    ,  0.00356084 ,  0.0503218  ])
20      , -88.908     , array([ 0.00732371 ,  1.00564    ,  0.00356084 ,  0.0503218  ])
24      , -88.582     , array([ 0.00718451 ,  1.00564    ,  0.00356084 ,  0.0503218  ])
28      , -88.582     , array([ 0.00718404 ,  1.00564    ,  0.00356084 ,  0.0503218  ])
32      , -89.1557    , array([ 0.00718404 ,  0.951974   ,  0.00356084 ,  0.0503218  ])
36      , -88.5762    , array([ 0.00718404 ,  1.00054    ,  0.00356084 ,  0.0503218  ])
40      , -62120.8    , array([ 0.00718404 ,  1.00054    ,  1.00356    ,  0.0503218  ])
44      , -62120.8    , array([ 0.00718404 ,  1.00054    ,  0.385527   ,  0.0503218  ])
48      , -62017.3    , array([ 0.00718404 ,  1.00054    ,  0.0763184  ,  0.0503218  ])
52      , -5526.15    , array([ 0.00718404 ,  1.00054    ,  0.014176   ,  0.0503218  ])
56      , -88.575     , array([ 0.00718404 ,  1.00054    ,  0.00356495 ,  0.0503218  ])
60      , -3630.91    , array([ 0.00718404 ,  1.00054    ,  0.00356495 ,  1.05032    ])
64      , -3210.92    , array([ 0.00718404 ,  1.00054    ,  0.00356495 ,  0.432288   ])
68      , -835.05     , array([ 0.00718404 ,  1.00054    ,  0.00356495 ,  0.123261   ])
72      , -91.022     , array([ 0.00718404 ,  1.00054    ,  0.00356495 ,  0.0530698  ])
76      , -88.5714    , array([ 0.00718404 ,  1.00054    ,  0.00356495 ,  0.0504201  ])
80      , -2337.74    , array([ 1.00718    ,  1.00054    ,  0.00356495 ,  0.0504211  ])
84      , -2244.33    , array([ 0.38915    ,  1.00054    ,  0.00356495 ,  0.0504211  ])
88      , -1748.73    , array([ 0.0801264  ,  1.00054    ,  0.00356495 ,  0.0504211  ])
92      , -586.188    , array([ 0.0178262  ,  1.00054    ,  0.00356495 ,  0.0504211  ])
96      , -97.5542    , array([ 0.00796639 ,  1.00054    ,  0.00356495 ,  0.0504211  ])
100     , -88.5712    , array([ 0.00718743 ,  1.00054    ,  0.00356495 ,  0.0504211  ])
104     , -170.458    , array([ 0.00718746 ,  2.00054    ,  0.00356495 ,  0.0504211  ])
108     , -109.97     , array([ 0.00718746 ,  1.3825     ,  0.00356495 ,  0.0504211  ])
112     , -88.5688    , array([ 0.00718746 ,  0.997541   ,  0.00356495 ,  0.0504211  ])
116     , -88.5688    , array([ 0.00718746 ,  0.997312   ,  0.00356495 ,  0.0504211  ])
132     , -88.5684    , array([ 0.00718746 ,  0.997312   ,  0.0035682  ,  0.0504211  ])
136     , -88.5683    , array([ 0.00718746 ,  0.997312   ,  0.00356755 ,  0.0504211  ])
148     , -170.72     , array([ 0.00718746 ,  0.997312   ,  0.00356755 ,  0.0372655  ])
152     , -88.5673    , array([ 0.00718746 ,  0.997312   ,  0.00356755 ,  0.0504734  ])
