5       , -1311.05    , array([ 0.997345   ,  0.101374   ,  0.0507275  ,  5.03096    ,  2.45072    ])
10      , -1311.13    , array([ 1.00654    ,  0.101374   ,  0.0507275  ,  5.03096    ,  2.45072    ])
15      , -1311.05    , array([ 0.997834   ,  0.101374   ,  0.0507275  ,  5.03096    ,  2.45072    ])
20      , -1311.05    , array([ 0.997812   ,  0.101374   ,  0.0507275  ,  5.03096    ,  2.45072    ])
25      , -75149.6    , array([ 0.997812   ,  0.0112038  ,  0.0507275  ,  5.03096    ,  2.45072    ])
30      , -1311.12    , array([ 0.997812   ,  0.10111    ,  0.0507275  ,  5.03096    ,  2.45072    ])
35      , -1311.05    , array([ 0.997812   ,  0.101338   ,  0.0507275  ,  5.03096    ,  2.45072    ])
40      , -11614.4    , array([ 0.997812   ,  0.101338   ,  0.432693   ,  5.03096    ,  2.45072    ])
45      , -11913.7    , array([ 0.997812   ,  0.101338   ,  0.0162856  ,  5.03096    ,  2.45072    ])
50      , -1311.05    , array([ 0.997812   ,  0.101338   ,  0.0506436  ,  5.03096    ,  2.45072    ])
55      , -1342.38    , array([ 0.997812   ,  0.101338   ,  0.0506963  ,  6.03096    ,  2.45072    ])
60      , -1311.04    , array([ 0.997812   ,  0.101338   ,  0.0506963  ,  5.03179    ,  2.45072    ])
65      , -1311.04    , array([ 0.997812   ,  0.101338   ,  0.0506963  ,  5.02586    ,  2.45072    ])
70      , -1321.19    , array([ 0.997812   ,  0.101338   ,  0.0506963  ,  5.02586    ,  2.83269    ])
75      , -1311.04    , array([ 0.997812   ,  0.101338   ,  0.0506963  ,  5.02586    ,  2.45982    ])
