5       , -1310.98    , array([ 1.00154    ,  0.0994628  ,  4.98204    ,  2.49023    ,  0.0495104  ])
10      , -1311.06    , array([ 1.01033    ,  0.0994628  ,  4.98204    ,  2.49023    ,  0.0495104  ])
15      , -1310.98    , array([ 1.00159    ,  0.0994628  ,  4.98204    ,  2.49023    ,  0.0495104  ])
25      , -5143.13    , array([ 1.00159    ,  0.17234    ,  4.98204    ,  2.49023    ,  0.0495104  ])
30      , -1310.98    , array([ 1.00159    ,  0.0994392  ,  4.98204    ,  2.49023    ,  0.0495104  ])
35      , -1340.7     , array([ 1.00159    ,  0.0994358  ,  5.98204    ,  2.49023    ,  0.0495104  ])
40      , -1310.98    , array([ 1.00159    ,  0.0994358  ,  4.99342    ,  2.49023    ,  0.0495104  ])
45      , -1375.74    , array([ 1.00159    ,  0.0994358  ,  4.98767    ,  3.49023    ,  0.0495104  ])
50      , -1310.98    , array([ 1.00159    ,  0.0994358  ,  4.98767    ,  2.50278    ,  0.0495104  ])
55      , -1310.97    , array([ 1.00159    ,  0.0994358  ,  4.98767    ,  2.49185    ,  0.0495104  ])
60      , -11771.6    , array([ 1.00159    ,  0.0994358  ,  4.98767    ,  2.49185    ,  0.431476   ])
65      , -13037.9    , array([ 1.00159    ,  0.0994358  ,  4.98767    ,  2.49185    ,  0.0150685  ])
70      , -1310.98    , array([ 1.00159    ,  0.0994358  ,  4.98767    ,  2.49185    ,  0.0495039  ])
