1148    , -393.116    , array([ 4.29175    ,  0.123414   ,  4.37368    ,  0.438739   ])
1152    , -393.115    , array([ 4.28746    ,  0.123414   ,  4.37368    ,  0.438739   ])
1156    , -2320.47    , array([ 3.773      ,  0.0456999  ,  3.99506    ,  0.475965   ])
1160    , -393.113    , array([ 4.28682    ,  0.123271   ,  4.37321    ,  0.43878    ])
1164    , -393.13     , array([ 4.28682    ,  0.123271   ,  4.37321    ,  0.439219   ])
1168    , -393.112    , array([ 4.28672    ,  0.123357   ,  4.37315    ,  0.438685   ])
1172    , -393.112    , array([ 4.28629    ,  0.123086   ,  4.37289    ,  0.438305   ])
1176    , -393.13     , array([ 4.28629    ,  0.123086   ,  4.37289    ,  0.438743   ])
1180    , -393.11     , array([ 4.28459    ,  0.122619   ,  4.37188    ,  0.436785   ])
1184    , -393.105    , array([ 4.27781    ,  0.120168   ,  4.36782    ,  0.430761   ])
1188    , -393.124    , array([ 4.27781    ,  0.120168   ,  4.36782    ,  0.431192   ])
1192    , -393.08     , array([ 4.25079    ,  0.111401   ,  4.35164    ,  0.407482   ])
1196    , -393.688    , array([ 4.14438    ,  0.0818662  ,  4.28748    ,  0.326286   ])
1200    , -393.88     , array([ 4.14438    ,  0.0818662  ,  4.28748    ,  0.326613   ])
1204    , -393.073    , array([ 4.23011    ,  0.10501    ,  4.33922    ,  0.390428   ])
1208    , -393.088    , array([ 4.24646    ,  0.109924   ,  4.34904    ,  0.403858   ])
1212    , -393.12     , array([ 4.24646    ,  0.109924   ,  4.34904    ,  0.404262   ])
1216    , -393.076    , array([ 4.24304    ,  0.108967   ,  4.34699    ,  0.401021   ])
1220    , -393.088    , array([ 4.24035    ,  0.108024   ,  4.34537    ,  0.398794   ])
1224    , -393.125    , array([ 4.24035    ,  0.108024   ,  4.34537    ,  0.399193   ])
1228    , -393.076    , array([ 4.24248    ,  0.108791   ,  4.34665    ,  0.400551   ])
1232    , -393.088    , array([ 4.24292    ,  0.108821   ,  4.34692    ,  0.400922   ])
1236    , -393.123    , array([ 4.24292    ,  0.108821   ,  4.34692    ,  0.401323   ])
1240    , -393.076    , array([ 4.24302    ,  0.108959   ,  4.34697    ,  0.401      ])
1244    , -393.088    , array([ 4.24304    ,  0.108857   ,  4.34699    ,  0.401016   ])
1248    , -393.122    , array([ 4.24304    ,  0.108857   ,  4.34699    ,  0.401418   ])
1252    , -393.076    , array([ 4.24304    ,  0.108967   ,  4.34699    ,  0.40102    ])
1256    , -393.088    , array([ 4.24304    ,  0.108858   ,  4.34699    ,  0.401021   ])
1260    , -393.122    , array([ 4.24304    ,  0.108858   ,  4.34699    ,  0.401422   ])
1264    , -393.076    , array([ 4.24304    ,  0.108967   ,  4.34699    ,  0.401021   ])
1268    , -393.088    , array([ 4.24304    ,  0.108858   ,  4.34699    ,  0.401021   ])
1272    , -393.122    , array([ 4.24304    ,  0.108858   ,  4.34699    ,  0.401422   ])
1276    , -393.076    , array([ 4.24304    ,  0.108967   ,  4.34699    ,  0.401021   ])
1280    , -393.088    , array([ 4.24304    ,  0.108858   ,  4.34699    ,  0.401021   ])
1284    , -393.122    , array([ 4.24304    ,  0.108858   ,  4.34699    ,  0.401422   ])
1288    , -393.076    , array([ 4.24304    ,  0.108967   ,  4.34699    ,  0.401021   ])
1292    , -393.088    , array([ 4.24304    ,  0.108858   ,  4.34699    ,  0.401021   ])
1296    , -393.122    , array([ 4.24304    ,  0.108858   ,  4.34699    ,  0.401422   ])
1300    , -393.076    , array([ 4.24304    ,  0.108967   ,  4.34699    ,  0.401021   ])
1304    , -393.088    , array([ 4.24304    ,  0.108858   ,  4.34699    ,  0.401021   ])
1308    , -393.122    , array([ 4.24304    ,  0.108858   ,  4.34699    ,  0.401422   ])
1312    , -393.076    , array([ 4.24304    ,  0.108967   ,  4.34699    ,  0.401021   ])
1316    , -393.088    , array([ 4.24304    ,  0.108858   ,  4.34699    ,  0.401021   ])
1320    , -393.122    , array([ 4.24304    ,  0.108858   ,  4.34699    ,  0.401422   ])
1324    , -393.076    , array([ 4.24304    ,  0.108967   ,  4.34699    ,  0.401021   ])
1328    , -393.088    , array([ 4.24304    ,  0.108858   ,  4.34699    ,  0.401021   ])
1332    , -393.122    , array([ 4.24304    ,  0.108858   ,  4.34699    ,  0.401422   ])
1336    , -393.112    , array([ 4.28672    ,  0.123357   ,  4.37315    ,  0.438685   ])
1340    , -393.113    , array([ 4.28661    ,  0.123197   ,  4.37309    ,  0.43859    ])
1344    , -393.13     , array([ 4.28661    ,  0.123197   ,  4.37309    ,  0.439029   ])
1348    , -393.112    , array([ 4.2864     ,  0.123246   ,  4.37296    ,  0.4384     ])
1352    , -393.112    , array([ 4.28597    ,  0.122975   ,  4.3727     ,  0.438019   ])
1356    , -393.13     , array([ 4.28597    ,  0.122975   ,  4.3727     ,  0.438458   ])
1360    , -393.111    , array([ 4.28512    ,  0.122803   ,  4.3722     ,  0.43726    ])
1364    , -393.11     , array([ 4.28343    ,  0.122093   ,  4.37118    ,  0.435744   ])
1368    , -393.128    , array([ 4.28343    ,  0.122093   ,  4.37118    ,  0.43618    ])
1372    , -393.106    , array([ 4.28004    ,  0.121048   ,  4.36915    ,  0.432728   ])
1376    , -393.101    , array([ 4.27326    ,  0.118629   ,  4.3651     ,  0.42676    ])
1380    , -393.121    , array([ 4.27326    ,  0.118629   ,  4.3651     ,  0.427187   ])
1384    , -393.087    , array([ 4.25974    ,  0.114276   ,  4.357      ,  0.415068   ])
1388    , -393.091    , array([ 4.23283    ,  0.105727   ,  4.34086    ,  0.392638   ])
1392    , -393.134    , array([ 4.23283    ,  0.105727   ,  4.34086    ,  0.393031   ])
1396    , -393.198    , array([ 4.17952    ,  0.0907706  ,  4.30874    ,  0.351348   ])
1408    , -393.214    , array([ 4.17331    ,  0.0900124  ,  4.30362    ,  0.349149   ])
1412    , -393.271    , array([ 4.17847    ,  0.0905515  ,  4.30787    ,  0.350975   ])
1416    , -393.387    , array([ 4.17847    ,  0.0905515  ,  4.30787    ,  0.351327   ])
1420    , -393.198    , array([ 4.17934    ,  0.0907488  ,  4.30859    ,  0.351285   ])
1424    , -393.268    , array([ 4.17949    ,  0.0906762  ,  4.30871    ,  0.351337   ])
1428    , -393.383    , array([ 4.17949    ,  0.0906762  ,  4.30871    ,  0.351689   ])
1432    , -393.198    , array([ 4.17951    ,  0.09077    ,  4.30873    ,  0.351346   ])
1436    , -393.268    , array([ 4.17952    ,  0.0906797  ,  4.30874    ,  0.351348   ])
1440    , -393.383    , array([ 4.17952    ,  0.0906797  ,  4.30874    ,  0.351699   ])
1444    , -393.198    , array([ 4.17952    ,  0.0907706  ,  4.30874    ,  0.351348   ])
1448    , -393.268    , array([ 4.17952    ,  0.0906799  ,  4.30874    ,  0.351348   ])
1452    , -393.383    , array([ 4.17952    ,  0.0906799  ,  4.30874    ,  0.351699   ])
1456    , -393.198    , array([ 4.17952    ,  0.0907706  ,  4.30874    ,  0.351348   ])
1460    , -393.268    , array([ 4.17952    ,  0.0906799  ,  4.30874    ,  0.351348   ])
1464    , -393.383    , array([ 4.17952    ,  0.0906799  ,  4.30874    ,  0.351699   ])
1468    , -393.198    , array([ 4.17952    ,  0.0907706  ,  4.30874    ,  0.351348   ])
1472    , -393.268    , array([ 4.17952    ,  0.0906799  ,  4.30874    ,  0.351348   ])
1476    , -393.383    , array([ 4.17952    ,  0.0906799  ,  4.30874    ,  0.351699   ])
1480    , -393.198    , array([ 4.17952    ,  0.0907706  ,  4.30874    ,  0.351348   ])
1484    , -393.268    , array([ 4.17952    ,  0.0906799  ,  4.30874    ,  0.351348   ])
1488    , -393.383    , array([ 4.17952    ,  0.0906799  ,  4.30874    ,  0.351699   ])
1492    , -393.198    , array([ 4.17952    ,  0.0907706  ,  4.30874    ,  0.351348   ])
1496    , -393.268    , array([ 4.17952    ,  0.0906799  ,  4.30874    ,  0.351348   ])
1500    , -393.383    , array([ 4.17952    ,  0.0906799  ,  4.30874    ,  0.351699   ])
1504    , -393.198    , array([ 4.17952    ,  0.0907706  ,  4.30874    ,  0.351348   ])
1508    , -393.268    , array([ 4.17952    ,  0.0906799  ,  4.30874    ,  0.351348   ])
1512    , -393.383    , array([ 4.17952    ,  0.0906799  ,  4.30874    ,  0.351699   ])
1516    , -393.198    , array([ 4.17952    ,  0.0907706  ,  4.30874    ,  0.351348   ])
1520    , -393.268    , array([ 4.17952    ,  0.0906799  ,  4.30874    ,  0.351348   ])
1524    , -393.383    , array([ 4.17952    ,  0.0906799  ,  4.30874    ,  0.351699   ])
1528    , -393.198    , array([ 4.17952    ,  0.0907706  ,  4.30874    ,  0.351348   ])
1532    , -393.268    , array([ 4.17952    ,  0.0906799  ,  4.30874    ,  0.351348   ])
1536    , -393.383    , array([ 4.17952    ,  0.0906799  ,  4.30874    ,  0.351699   ])
1540    , -393.198    , array([ 4.17952    ,  0.0907706  ,  4.30874    ,  0.351348   ])
1544    , -393.268    , array([ 4.17952    ,  0.0906799  ,  4.30874    ,  0.351348   ])
1548    , -393.383    , array([ 4.17952    ,  0.0906799  ,  4.30874    ,  0.351699   ])
1552    , -393.198    , array([ 4.17952    ,  0.0907706  ,  4.30874    ,  0.351348   ])
1556    , -393.268    , array([ 4.17952    ,  0.0906799  ,  4.30874    ,  0.351348   ])
1560    , -393.383    , array([ 4.17952    ,  0.0906799  ,  4.30874    ,  0.351699   ])
1564    , -393.198    , array([ 4.17952    ,  0.0907706  ,  4.30874    ,  0.351348   ])
1568    , -393.268    , array([ 4.17952    ,  0.0906799  ,  4.30874    ,  0.351348   ])
1572    , -393.383    , array([ 4.17952    ,  0.0906799  ,  4.30874    ,  0.351699   ])
1576    , -393.198    , array([ 4.17952    ,  0.0907706  ,  4.30874    ,  0.351348   ])
1580    , -393.268    , array([ 4.17952    ,  0.0906799  ,  4.30874    ,  0.351348   ])
1584    , -393.383    , array([ 4.17952    ,  0.0906799  ,  4.30874    ,  0.351699   ])
1588    , -393.198    , array([ 4.17952    ,  0.0907706  ,  4.30874    ,  0.351348   ])
1592    , -393.268    , array([ 4.17952    ,  0.0906799  ,  4.30874    ,  0.351348   ])
1596    , -393.383    , array([ 4.17952    ,  0.0906799  ,  4.30874    ,  0.351699   ])
1600    , -393.198    , array([ 4.17952    ,  0.0907706  ,  4.30874    ,  0.351348   ])
1604    , -393.268    , array([ 4.17952    ,  0.0906799  ,  4.30874    ,  0.351348   ])
1608    , -393.383    , array([ 4.17952    ,  0.0906799  ,  4.30874    ,  0.351699   ])
1612    , -393.198    , array([ 4.17952    ,  0.0907706  ,  4.30874    ,  0.351348   ])
1616    , -393.268    , array([ 4.17952    ,  0.0906799  ,  4.30874    ,  0.351348   ])
1620    , -393.383    , array([ 4.17952    ,  0.0906799  ,  4.30874    ,  0.351699   ])
1624    , -393.198    , array([ 4.17952    ,  0.0907706  ,  4.30874    ,  0.351348   ])
1628    , -393.268    , array([ 4.17952    ,  0.0906799  ,  4.30874    ,  0.351348   ])
1632    , -393.383    , array([ 4.17952    ,  0.0906799  ,  4.30874    ,  0.351699   ])
1636    , -393.198    , array([ 4.17952    ,  0.0907706  ,  4.30874    ,  0.351348   ])
1640    , -393.268    , array([ 4.17952    ,  0.0906799  ,  4.30874    ,  0.351348   ])
1644    , -393.383    , array([ 4.17952    ,  0.0906799  ,  4.30874    ,  0.351699   ])
1648    , -393.198    , array([ 4.17952    ,  0.0907706  ,  4.30874    ,  0.351348   ])
1652    , -393.268    , array([ 4.17952    ,  0.0906799  ,  4.30874    ,  0.351348   ])
1656    , -393.383    , array([ 4.17952    ,  0.0906799  ,  4.30874    ,  0.351699   ])
1660    , -393.198    , array([ 4.17952    ,  0.0907706  ,  4.30874    ,  0.351348   ])
1664    , -393.268    , array([ 4.17952    ,  0.0906799  ,  4.30874    ,  0.351348   ])
1668    , -393.383    , array([ 4.17952    ,  0.0906799  ,  4.30874    ,  0.351699   ])
1672    , -393.198    , array([ 4.17952    ,  0.0907706  ,  4.30874    ,  0.351348   ])
1676    , -393.268    , array([ 4.17952    ,  0.0906799  ,  4.30874    ,  0.351348   ])
1680    , -393.383    , array([ 4.17952    ,  0.0906799  ,  4.30874    ,  0.351699   ])
1684    , -393.198    , array([ 4.17952    ,  0.0907706  ,  4.30874    ,  0.351348   ])
1688    , -393.268    , array([ 4.17952    ,  0.0906799  ,  4.30874    ,  0.351348   ])
1692    , -393.383    , array([ 4.17952    ,  0.0906799  ,  4.30874    ,  0.351699   ])
1696    , -393.198    , array([ 4.17952    ,  0.0907706  ,  4.30874    ,  0.351348   ])
1700    , -393.268    , array([ 4.17952    ,  0.0906799  ,  4.30874    ,  0.351348   ])
1704    , -393.383    , array([ 4.17952    ,  0.0906799  ,  4.30874    ,  0.351699   ])
1708    , -393.198    , array([ 4.17952    ,  0.0907706  ,  4.30874    ,  0.351348   ])
1712    , -393.268    , array([ 4.17952    ,  0.0906799  ,  4.30874    ,  0.351348   ])
1716    , -393.383    , array([ 4.17952    ,  0.0906799  ,  4.30874    ,  0.351699   ])
1720    , -393.198    , array([ 4.17952    ,  0.0907706  ,  4.30874    ,  0.351348   ])
1724    , -393.268    , array([ 4.17952    ,  0.0906799  ,  4.30874    ,  0.351348   ])
1728    , -393.383    , array([ 4.17952    ,  0.0906799  ,  4.30874    ,  0.351699   ])
1732    , -393.198    , array([ 4.17952    ,  0.0907706  ,  4.30874    ,  0.351348   ])
1744    , -600.591    , array([ 3.12008    ,  0.0174272  ,  3.4102     ,  0.102251   ])
