276     , -413.705    , array([ 13.4886    ,  0.307006   ,  5          ,  0.943421   ])
280     , -413.359    , array([ 14.9833    ,  0.307006   ,  5          ,  0.943421   ])
284     , -413.359    , array([ 14.9661    ,  0.307006   ,  5          ,  0.943421   ])
288     , -413.359    , array([ 14.9675    ,  0.307006   ,  5          ,  0.943421   ])
292     , -2383.41    , array([ 14.9675    ,  0.0709378  ,  5          ,  0.943421   ])
296     , -415.975    , array([ 14.9675    ,  0.316145   ,  5          ,  0.943421   ])
300     , -413.358    , array([ 14.9675    ,  0.306874   ,  5          ,  0.943421   ])
304     , -469.686    , array([ 14.9675    ,  0.306873   ,  3.38197    ,  0.943421   ])
308     , -415.073    , array([ 14.9675    ,  0.306873   ,  4.69098    ,  0.943421   ])
312     , -413.359    , array([ 14.9675    ,  0.306873   ,  4.99783    ,  0.943421   ])
316     , -413.358    , array([ 14.9675    ,  0.306873   ,  4.99968    ,  0.943421   ])
320     , -413.358    , array([ 14.9675    ,  0.306873   ,  4.99995    ,  0.943421   ])
324     , -413.358    , array([ 14.9675    ,  0.306873   ,  4.99999    ,  0.943421   ])
328     , -413.358    , array([ 14.9675    ,  0.306873   ,  5          ,  0.943421   ])
332     , -413.358    , array([ 14.9675    ,  0.306873   ,  5          ,  0.943421   ])
336     , -413.358    , array([ 14.9675    ,  0.306873   ,  5          ,  0.943421   ])
340     , -413.358    , array([ 14.9675    ,  0.306873   ,  5          ,  0.943421   ])
344     , -413.358    , array([ 14.9675    ,  0.306873   ,  5          ,  0.943421   ])
348     , -413.358    , array([ 14.9675    ,  0.306873   ,  5          ,  0.943421   ])
352     , -413.358    , array([ 14.9675    ,  0.306873   ,  5          ,  0.943421   ])
356     , -413.358    , array([ 14.9675    ,  0.306873   ,  5          ,  0.943421   ])
360     , -413.525    , array([ 14.9675    ,  0.306873   ,  5          ,  0.93872    ])
364     , -413.358    , array([ 14.9675    ,  0.306873   ,  5          ,  0.943259   ])
