2792    , -91.691     , array([ 0.114014   ,  1.29208    ,  0.0717554  ,  0.0337679  ])
2800    , -11471.1    , array([ 0.0238442  ,  1.29208    ,  0.0717554  ,  0.0337679  ])
2804    , -92.0865    , array([ 0.116094   ,  1.29208    ,  0.0717554  ,  0.0337679  ])
2808    , -91.6834    , array([ 0.113684   ,  1.29208    ,  0.0717554  ,  0.0337679  ])
2812    , -91.6834    , array([ 0.113687   ,  1.29208    ,  0.0717554  ,  0.0337679  ])
2816    , -91.7789    , array([ 0.113687   ,  1.25013    ,  0.0717554  ,  0.0337679  ])
2820    , -91.6824    , array([ 0.113687   ,  1.28804    ,  0.0717554  ,  0.0337679  ])
2828    , -3388.14    , array([ 0.113687   ,  1.28804    ,  0.262671   ,  0.0337679  ])
2832    , -93.1731    , array([ 0.113687   ,  1.28804    ,  0.0682348  ,  0.0337679  ])
2836    , -91.6779    , array([ 0.113687   ,  1.28804    ,  0.0715711  ,  0.0337679  ])
2844    , -3036.44    , array([ 0.113687   ,  1.28804    ,  0.0715692  ,  0.224715   ])
2852    , -98.8037    , array([ 0.113687   ,  1.28804    ,  0.0715692  ,  0.0375445  ])
2856    , -91.6498    , array([ 0.113687   ,  1.28804    ,  0.0715692  ,  0.0339817  ])
2860    , -91.6407    , array([ 0.113361   ,  1.28401    ,  0.071383   ,  0.0341955  ])
2864    , -91.6404    , array([ 0.113486   ,  1.28555    ,  0.0714542  ,  0.0341139  ])
2868    , -91.6399    , array([ 0.113431   ,  1.28487    ,  0.0714229  ,  0.0341498  ])
2876    , -12215.4    , array([ 0.0232607  ,  1.28487    ,  0.0714229  ,  0.0341498  ])
2880    , -92.0598    , array([ 0.115881   ,  1.28487    ,  0.0714229  ,  0.0341498  ])
2884    , -91.6399    , array([ 0.113448   ,  1.28487    ,  0.0714229  ,  0.0341498  ])
2888    , -91.6399    , array([ 0.113443   ,  1.28487    ,  0.0714229  ,  0.0341498  ])
2892    , -91.6399    , array([ 0.113443   ,  1.28487    ,  0.0714229  ,  0.0341498  ])
2896    , -91.8016    , array([ 0.113443   ,  1.214      ,  0.0714229  ,  0.0341498  ])
2900    , -91.6124    , array([ 0.113443   ,  1.26479    ,  0.0714229  ,  0.0341498  ])
2908    , -3420.01    , array([ 0.113443   ,  1.26459    ,  0.262338   ,  0.0341498  ])
2912    , -93.2852    , array([ 0.113443   ,  1.26459    ,  0.067756   ,  0.0341498  ])
2916    , -91.6089    , array([ 0.113443   ,  1.26459    ,  0.0712619  ,  0.0341498  ])
2920    , -91.5877    , array([ 0.112771   ,  1.25628    ,  0.0708787  ,  0.0345899  ])
2924    , -91.5805    , array([ 0.112998   ,  1.25908    ,  0.0710079  ,  0.0344415  ])
2928    , -91.5805    , array([ 0.112998   ,  1.25908    ,  0.0710079  ,  0.0344415  ])
2932    , -91.5724    , array([ 0.111882   ,  1.21222    ,  0.0700997  ,  0.0351854  ])
2936    , -91.5602    , array([ 0.112375   ,  1.23294    ,  0.0705013  ,  0.0348565  ])
2940    , -91.5602    , array([ 0.112369   ,  1.23268    ,  0.0704962  ,  0.0348607  ])
2948    , -103.762    , array([ 0.125813   ,  1.23268    ,  0.0704962  ,  0.0348607  ])
2952    , -91.5533    , array([ 0.112066   ,  1.23268    ,  0.0704962  ,  0.0348607  ])
2960    , -92.7879    , array([ 0.112063   ,  1.35581    ,  0.0704962  ,  0.0348607  ])
2964    , -91.5407    , array([ 0.112063   ,  1.22       ,  0.0704962  ,  0.0348607  ])
2968    , -11064.9    , array([ 0.112063   ,  1.22       ,  1.0705     ,  0.0348607  ])
2972    , -8733.86    , array([ 0.112063   ,  1.22       ,  0.452462   ,  0.0348607  ])
2976    , -628.776    , array([ 0.112063   ,  1.22       ,  0.143418   ,  0.0348607  ])
2980    , -91.5214    , array([ 0.112063   ,  1.22       ,  0.0701191  ,  0.0348607  ])
2984    , -91.5435    , array([ 0.111434   ,  1.1936     ,  0.0696112  ,  0.0352798  ])
2988    , -91.5244    , array([ 0.111822   ,  1.20992    ,  0.0699274  ,  0.0350208  ])
2992    , -91.5215    , array([ 0.112014   ,  1.21795    ,  0.0700832  ,  0.0348932  ])
2996    , -91.5214    , array([ 0.112046   ,  1.21929    ,  0.0701091  ,  0.034872   ])
3000    , -2586.32    , array([ 1.11205    ,  1.21933    ,  0.0701098  ,  0.0348714  ])
3004    , -1525.07    , array([ 0.494013   ,  1.21933    ,  0.0701098  ,  0.0348714  ])
3008    , -310.135    , array([ 0.184991   ,  1.21933    ,  0.0701098  ,  0.0348714  ])
3012    , -91.4947    , array([ 0.111149   ,  1.21933    ,  0.0701098  ,  0.0348714  ])
3016    , -91.4902    , array([ 0.111398   ,  1.21933    ,  0.0701098  ,  0.0348714  ])
3020    , -179.328    , array([ 0.111398   ,  0.601291   ,  0.0701098  ,  0.0348714  ])
3024    , -91.491     , array([ 0.111398   ,  1.22339    ,  0.0701098  ,  0.0348714  ])
3028    , -91.4901    , array([ 0.111398   ,  1.22012    ,  0.0701098  ,  0.0348714  ])
3032    , -11124.9    , array([ 0.111398   ,  1.22011    ,  1.07011    ,  0.0348714  ])
3036    , -8815       , array([ 0.111398   ,  1.22011    ,  0.452076   ,  0.0348714  ])
3040    , -636.457    , array([ 0.111398   ,  1.22011    ,  0.143032   ,  0.0348714  ])
3044    , -91.4614    , array([ 0.111398   ,  1.22011    ,  0.0696519  ,  0.0348714  ])
3048    , -91.4721    , array([ 0.110769   ,  1.1937     ,  0.0691402  ,  0.0352906  ])
3052    , -91.4599    , array([ 0.111157   ,  1.21002    ,  0.0694565  ,  0.0350315  ])
3056    , -91.4014    , array([ 0.110402   ,  1.20632    ,  0.0689116  ,  0.0351027  ])
3060    , -91.0757    , array([ 0.0982292  ,  1.11005    ,  0.0600452  ,  0.0368146  ])
3064    , -91.0559    , array([ 0.10237    ,  1.1428     ,  0.0630616  ,  0.0362322  ])
3068    , -91.0446    , array([ 0.100723   ,  1.12977    ,  0.0618616  ,  0.0364639  ])
3072    , -91.0259    , array([ 0.101112   ,  1.14609    ,  0.0621779  ,  0.0362049  ])
3076    , -91.0254    , array([ 0.101192   ,  1.14944    ,  0.0622429  ,  0.0361516  ])
3080    , -91.0254    , array([ 0.101187   ,  1.14925    ,  0.0622392  ,  0.0361547  ])
3084    , -90.7953    , array([ 0.101187   ,  1.19079    ,  0.0622392  ,  0.0361547  ])
3088    , -90.7894    , array([ 0.101187   ,  1.19834    ,  0.0622392  ,  0.0361547  ])
3092    , -90.7893    , array([ 0.101187   ,  1.19884    ,  0.0622392  ,  0.0361547  ])
3100    , -90.8635    , array([ 0.101187   ,  1.19884    ,  0.0625646  ,  0.0361547  ])
3104    , -90.7484    , array([ 0.101187   ,  1.19884    ,  0.0617537  ,  0.0361547  ])
3108    , -90.6555    , array([ 0.0906856  ,  1.11579    ,  0.0541094  ,  0.0376316  ])
3112    , -90.5777    , array([ 0.0945987  ,  1.14673    ,  0.0569597  ,  0.0370812  ])
3116    , -90.5951    , array([ 0.0939698  ,  1.12033    ,  0.0564479  ,  0.0375004  ])
3120    , -90.5752    , array([ 0.0943585  ,  1.13665    ,  0.0567642  ,  0.0372413  ])
3124    , -90.5748    , array([ 0.0944248  ,  1.13943    ,  0.0568182  ,  0.0371971  ])
3128    , -228.143    , array([ 0.0944248  ,  0.521399   ,  0.0568182  ,  0.0371971  ])
3132    , -90.362     , array([ 0.0944248  ,  1.18882    ,  0.0568182  ,  0.0371971  ])
3136    , -90.3607    , array([ 0.0944248  ,  1.18501    ,  0.0568182  ,  0.0371971  ])
3148    , -90.3489    , array([ 0.0944248  ,  1.18501    ,  0.0566202  ,  0.0371971  ])
3152    , -90.3486    , array([ 0.0944248  ,  1.18501    ,  0.0565826  ,  0.0371971  ])
3156    , -90.7564    , array([ 0.100915   ,  1.23634    ,  0.06131    ,  0.0362844  ])
3160    , -90.2291    , array([ 0.0893218  ,  1.14465    ,  0.0528655  ,  0.0379148  ])
3164    , -89.9747    , array([ 0.0840449  ,  1.14257    ,  0.0487713  ,  0.0387484  ])
3168    , -89.8963    , array([ 0.0812174  ,  1.14145    ,  0.0465776  ,  0.0391951  ])
3172    , -89.8771    , array([ 0.0790218  ,  1.14059    ,  0.0448741  ,  0.0395419  ])
3176    , -89.877     , array([ 0.0791238  ,  1.14063    ,  0.0449532  ,  0.0395258  ])
3180    , -89.877     , array([ 0.0791438  ,  1.14147    ,  0.0449695  ,  0.0395124  ])
3184    , -89.877     , array([ 0.0791441  ,  1.14148    ,  0.0449697  ,  0.0395123  ])
3188    , -89.877     , array([ 0.0791438  ,  1.14147    ,  0.0449695  ,  0.0395124  ])
3192    , -89.8459    , array([ 0.081241   ,  1.15806    ,  0.0464972  ,  0.0392175  ])
3196    , -89.8458    , array([ 0.0810997  ,  1.15694    ,  0.0463942  ,  0.0392374  ])
3208    , -89.7436    , array([ 0.0810997  ,  1.15694    ,  0.0470412  ,  0.0392374  ])
3212    , -89.7412    , array([ 0.0810997  ,  1.15694    ,  0.0469558  ,  0.0392374  ])
3216    , -90.0472    , array([ 0.0874024  ,  1.15943    ,  0.0518459  ,  0.0382417  ])
3220    , -89.6228    , array([ 0.0758855  ,  1.15488    ,  0.0429103  ,  0.040061   ])
3224    , -90.7325    , array([ 0.0621032  ,  1.16497    ,  0.0326868  ,  0.0422619  ])
3228    , -89.5974    , array([ 0.0750836  ,  1.12841    ,  0.0422644  ,  0.0405075  ])
3232    , -89.5953    , array([ 0.0752217  ,  1.13421    ,  0.0423768  ,  0.0404155  ])
3236    , -91.2158    , array([ 0.0922081  ,  1.26838    ,  0.0547492  ,  0.0380292  ])
3240    , -89.5957    , array([ 0.0761279  ,  1.14121    ,  0.0430364  ,  0.0402907  ])
3244    , -89.5934    , array([ 0.0756528  ,  1.13745    ,  0.0426904  ,  0.0403575  ])
3256    , -89.5181    , array([ 0.0756528  ,  1.13745    ,  0.0433327  ,  0.0403575  ])
3260    , -89.506     , array([ 0.0756528  ,  1.13745    ,  0.0431584  ,  0.0403575  ])
3264    , -89.7984    , array([ 0.0819555  ,  1.13993    ,  0.0480484  ,  0.0393618  ])
3268    , -89.4567    , array([ 0.0726441  ,  1.13626    ,  0.040824   ,  0.0408328  ])
3272    , -89.4567    , array([ 0.0726441  ,  1.13626    ,  0.040824   ,  0.0408328  ])
3276    , -89.2577    , array([ 0.0592631  ,  1.05536    ,  0.0323108  ,  0.044079   ])
3280    , -89.2291    , array([ 0.0624674  ,  1.07473    ,  0.0343495  ,  0.0433016  ])
3284    , -89.2842    , array([ 0.0635858  ,  1.11806    ,  0.0352416  ,  0.0425989  ])
3288    , -89.2122    , array([ 0.0628948  ,  1.08905    ,  0.0346793  ,  0.0430595  ])
3292    , -92.0144    , array([ 0.052388   ,  1.00577    ,  0.0270258  ,  0.04454    ])
3296    , -89.3902    , array([ 0.0588782  ,  1.0571     ,  0.0317532  ,  0.0436273  ])
3300    , -89.1864    , array([ 0.0617734  ,  1.08       ,  0.0338621  ,  0.0432201  ])
3304    , -90.4178    , array([ 0.0782741  ,  1.08651    ,  0.0466644  ,  0.0406135  ])
3308    , -89.1778    , array([ 0.0635804  ,  1.08071    ,  0.0352641  ,  0.0429346  ])
3312    , -89.1709    , array([ 0.0628428  ,  1.08042    ,  0.0346917  ,  0.0430512  ])
3316    , -89.9103    , array([ 0.0791354  ,  1.17899    ,  0.0450558  ,  0.0390977  ])
3320    , -89.1632    , array([ 0.061087   ,  1.06986    ,  0.0335733  ,  0.0434762  ])
3324    , -89.1632    , array([ 0.0610005  ,  1.06934    ,  0.0335182  ,  0.0434972  ])
3328    , -89.2992    , array([ 0.0603897  ,  1.04304    ,  0.033018   ,  0.043912   ])
3332    , -89.171     , array([ 0.0616475  ,  1.09585    ,  0.0340415  ,  0.0430736  ])
3336    , -89.1522    , array([ 0.0611864  ,  1.07649    ,  0.0336662  ,  0.043381   ])
3340    , -93.009     , array([ 0.0782814  ,  1.21522    ,  0.0461271  ,  0.0409222  ])
3344    , -89.1282    , array([ 0.0606049  ,  1.07543    ,  0.0332516  ,  0.0434082  ])
3348    , -89.1248    , array([ 0.0602282  ,  1.07245    ,  0.0329772  ,  0.0434612  ])
3352    , -89.1248    , array([ 0.0602175  ,  1.07236    ,  0.0329694  ,  0.0434627  ])
3356    , -89.1162    , array([ 0.0609876  ,  1.07267    ,  0.0335669  ,  0.0433411  ])
3360    , -89.1164    , array([ 0.0608525  ,  1.07261    ,  0.033462   ,  0.0433624  ])
3364    , -89.1162    , array([ 0.0609716  ,  1.07266    ,  0.0335545  ,  0.0433436  ])
3368    , -89.2364    , array([ 0.0671989  ,  1.11031    ,  0.0375163  ,  0.0418329  ])
3372    , -89.1124    , array([ 0.0597389  ,  1.06521    ,  0.0327702  ,  0.0436426  ])
3376    , -89.1124    , array([ 0.0597389  ,  1.06521    ,  0.0327702  ,  0.0436426  ])
3380    , -89.8953    , array([ 0.0336604  ,  0.97877    ,  0.0172919  ,  0.0466961  ])
3384    , -88.8957    , array([ 0.0489858  ,  1.02957    ,  0.0263879  ,  0.0449017  ])
3388    , -89.1792    , array([ 0.0482493  ,  1.00281    ,  0.0258123  ,  0.0453335  ])
3392    , -88.8421    , array([ 0.0495071  ,  1.05561    ,  0.0268359  ,  0.0444951  ])
3396    , -88.8358    , array([ 0.0493525  ,  1.04912    ,  0.0267101  ,  0.0445982  ])
3400    , -89.0714    , array([ 0.0555798  ,  1.08677    ,  0.0306719  ,  0.0430874  ])
3404    , -88.818     , array([ 0.0475132  ,  1.038      ,  0.0255398  ,  0.0450444  ])
3408    , -97.5475    , array([ 0.037334   ,  1.03409    ,  0.0176395  ,  0.0466508  ])
3412    , -89.6047    , array([ 0.0436367  ,  1.03658    ,  0.0225296  ,  0.0456552  ])
3416    , -88.8178    , array([ 0.0475916  ,  1.03814    ,  0.0255981  ,  0.0450304  ])
3420    , -88.8178    , array([ 0.0475982  ,  1.03814    ,  0.0256031  ,  0.0450294  ])
3424    , -89.1085    , array([ 0.0367315  ,  1.00214    ,  0.0191524  ,  0.046302   ])
3428    , -88.8235    , array([ 0.0434438  ,  1.02439    ,  0.0231364  ,  0.045516   ])
3432    , -88.8101    , array([ 0.0457279  ,  1.03196    ,  0.024492   ,  0.0452486  ])
3436    , -89.0465    , array([ 0.045099   ,  1.00556    ,  0.0239803  ,  0.0456678  ])
3440    , -88.8191    , array([ 0.0463568  ,  1.05836    ,  0.0250038  ,  0.0448294  ])
3444    , -88.786     , array([ 0.0460142  ,  1.04398    ,  0.024725   ,  0.0450578  ])
3448    , -89.053     , array([ 0.0522415  ,  1.08163    ,  0.0286868  ,  0.043547   ])
3452    , -88.7736    , array([ 0.0446567  ,  1.03577    ,  0.0238613  ,  0.0453871  ])
3456    , -88.7736    , array([ 0.0446856  ,  1.03595    ,  0.0238797  ,  0.0453801  ])
3460    , -89.9512    , array([ 0.0509884  ,  1.03843    ,  0.0287698  ,  0.0443844  ])
3464    , -88.7733    , array([ 0.0447679  ,  1.03598    ,  0.0239435  ,  0.0453671  ])
3468    , -88.7733    , array([ 0.0447689  ,  1.03598    ,  0.0239443  ,  0.0453669  ])
3472    , -88.8893    , array([ 0.0514811  ,  1.05823    ,  0.0279282  ,  0.044581   ])
3476    , -88.7705    , array([ 0.0437047  ,  1.03245    ,  0.0233127  ,  0.0454915  ])
3480    , -88.7705    , array([ 0.0437185  ,  1.0325     ,  0.0233209  ,  0.0454899  ])
3484    , -88.6981    , array([ 0.0384579  ,  1.03391    ,  0.0202549  ,  0.0461217  ])
3488    , -88.6831    , array([ 0.0356011  ,  1.03468    ,  0.01859    ,  0.0464647  ])
3492    , -89.2632    , array([ 0.0530921  ,  1.09295    ,  0.0289722  ,  0.044417   ])
3496    , -88.6792    , array([ 0.0376539  ,  1.04178    ,  0.0198092  ,  0.0462246  ])
3500    , -88.6748    , array([ 0.036722   ,  1.03869    ,  0.0192561  ,  0.0463337  ])
3504    , -90.1617    , array([ 0.0530133  ,  1.13722    ,  0.0296213  ,  0.0423799  ])
3508    , -88.6889    , array([ 0.0377136  ,  1.04472    ,  0.0198874  ,  0.0460917  ])
3512    , -88.6747    , array([ 0.0367536  ,  1.03891    ,  0.0192767  ,  0.0463246  ])
3516    , -114.454    , array([ 0.026556   ,  1.03489    ,  0.0113647  ,  0.0479354  ])
3520    , -90.775     , array([ 0.0328588  ,  1.03738    ,  0.0162548  ,  0.0469398  ])
3524    , -88.6724    , array([ 0.0369138  ,  1.03898    ,  0.0194009  ,  0.0462992  ])
3528    , -88.8864    , array([ 0.0501806  ,  1.03541    ,  0.0271331  ,  0.044706   ])
3532    , -88.6627    , array([ 0.0335537  ,  1.03988    ,  0.0174426  ,  0.0467027  ])
3536    , -88.6613    , array([ 0.0343393  ,  1.03967    ,  0.0179005  ,  0.0466084  ])
3540    , -91.0364    , array([ 0.0234526  ,  1.00368    ,  0.0114392  ,  0.0478832  ])
3544    , -88.8517    , array([ 0.0301649  ,  1.02593    ,  0.0154231  ,  0.0470972  ])
3548    , -88.6621    , array([ 0.0349928  ,  1.04193    ,  0.0182886  ,  0.046532   ])
3552    , -88.6609    , array([ 0.034561   ,  1.0405     ,  0.0180323  ,  0.0465825  ])
3556    , -89.1616    , array([ 0.0407882  ,  1.07815    ,  0.0219941  ,  0.0450718  ])
3560    , -88.6609    , array([ 0.0345571  ,  1.04047    ,  0.0180299  ,  0.0465835  ])
3564    , -88.6609    , array([ 0.0345626  ,  1.04051    ,  0.0180333  ,  0.0465821  ])
3568    , -88.6609    , array([ 0.0345622  ,  1.0405     ,  0.0180331  ,  0.0465822  ])
3572    , -88.6609    , array([ 0.0345622  ,  1.0405     ,  0.0180331  ,  0.0465822  ])
3576    , -88.6609    , array([ 0.0345622  ,  1.0405     ,  0.0180331  ,  0.0465822  ])
3580    , -88.6675    , array([ 0.0344332  ,  1.04045    ,  0.017933   ,  0.0466026  ])
3584    , -88.658     , array([ 0.0347255  ,  1.04057    ,  0.0181598  ,  0.0465564  ])
3588    , -88.658     , array([ 0.0347238  ,  1.04057    ,  0.0181585  ,  0.0465567  ])
3592    , -88.6545    , array([ 0.0335331  ,  1.04089    ,  0.0174645  ,  0.0466997  ])
3596    , -88.6544    , array([ 0.0333655  ,  1.04093    ,  0.0173669  ,  0.0467198  ])
