17      , -11179.1    , array([ 0.486673   ,  1.46912    ,  0.466472   ,  0.542896   ,  1.54906    ,  0.497104   ,  1.01742    ,  0.101277   ,  0.0513237  ,  0.229248   ,  0.28512    ,  0.446013   ,  0.937201   ,  0.446136   ,  3.4337     ,  0.92589    ,  2.95066    ])
34      , -11179.1    , array([ 0.486673   ,  1.46981    ,  0.466472   ,  0.542896   ,  1.54906    ,  0.497104   ,  1.01742    ,  0.101277   ,  0.0513237  ,  0.229248   ,  0.28512    ,  0.446013   ,  0.937201   ,  0.446136   ,  3.4337     ,  0.92589    ,  2.95066    ])
51      , -11179.1    , array([ 0.486673   ,  1.46981    ,  0.466249   ,  0.924862   ,  1.54906    ,  0.497104   ,  1.01742    ,  0.101277   ,  0.0513237  ,  0.229248   ,  0.28512    ,  0.446013   ,  0.937201   ,  0.446136   ,  3.4337     ,  0.92589    ,  2.95066    ])
68      , -11179.1    , array([ 0.486673   ,  1.46981    ,  0.466249   ,  0.542983   ,  1.54906    ,  0.497104   ,  1.01742    ,  0.101277   ,  0.0513237  ,  0.229248   ,  0.28512    ,  0.446013   ,  0.937201   ,  0.446136   ,  3.4337     ,  0.92589    ,  2.95066    ])
85      , -11179.1    , array([ 0.486673   ,  1.46981    ,  0.466249   ,  0.542896   ,  1.54906    ,  0.497104   ,  1.01742    ,  0.101277   ,  0.0513237  ,  0.229248   ,  0.28512    ,  0.446013   ,  0.937201   ,  0.446136   ,  3.4337     ,  0.92589    ,  2.95066    ])
102     , -11258.8    , array([ 0.486673   ,  1.46981    ,  0.466249   ,  0.542896   ,  2.54906    ,  0.497104   ,  1.01742    ,  0.101277   ,  0.0513237  ,  0.229248   ,  0.28512    ,  0.446013   ,  0.937201   ,  0.446136   ,  3.4337     ,  0.92589    ,  2.95066    ])
119     , -11179.1    , array([ 0.486673   ,  1.46981    ,  0.466249   ,  0.542896   ,  1.54857    ,  0.497104   ,  1.01742    ,  0.101277   ,  0.0513237  ,  0.229248   ,  0.28512    ,  0.446013   ,  0.937201   ,  0.446136   ,  3.4337     ,  0.92589    ,  2.95066    ])
136     , -11324.3    , array([ 0.486673   ,  1.46981    ,  0.466249   ,  0.542896   ,  1.54857    ,  0.497372   ,  1.39938    ,  0.101277   ,  0.0513237  ,  0.229248   ,  0.28512    ,  0.446013   ,  0.937201   ,  0.446136   ,  3.4337     ,  0.92589    ,  2.95066    ])
153     , -13408.6    , array([ 0.486673   ,  1.46981    ,  0.466249   ,  0.542896   ,  1.54857    ,  0.497372   ,  1.01454    ,  0.169496   ,  0.0513237  ,  0.229248   ,  0.28512    ,  0.446013   ,  0.937201   ,  0.446136   ,  3.4337     ,  0.92589    ,  2.95066    ])
187     , -11182.8    , array([ 0.486673   ,  1.46981    ,  0.466249   ,  0.542896   ,  1.54857    ,  0.497372   ,  1.01454    ,  0.101293   ,  0.0512794  ,  0.420231   ,  0.28512    ,  0.446013   ,  0.937201   ,  0.446136   ,  3.4337     ,  0.92589    ,  2.95066    ])
204     , -11179.1    , array([ 0.486673   ,  1.46981    ,  0.466249   ,  0.542896   ,  1.54857    ,  0.497372   ,  1.01454    ,  0.101293   ,  0.0512794  ,  0.231364   ,  0.278028   ,  0.446013   ,  0.937201   ,  0.446136   ,  3.4337     ,  0.92589    ,  2.95066    ])
221     , -11211.5    , array([ 0.486673   ,  1.46981    ,  0.466249   ,  0.542896   ,  1.54857    ,  0.497372   ,  1.01454    ,  0.101293   ,  0.0512794  ,  0.231364   ,  0.278028   ,  0.452568   ,  1.31917    ,  0.446136   ,  3.4337     ,  0.92589    ,  2.95066    ])
238     , -11179.2    , array([ 0.486673   ,  1.46981    ,  0.466249   ,  0.542896   ,  1.54857    ,  0.497372   ,  1.01454    ,  0.101293   ,  0.0512794  ,  0.231364   ,  0.278028   ,  0.452568   ,  0.936931   ,  0.431886   ,  3.4337     ,  0.92589    ,  2.95066    ])
272     , -11179      , array([ 0.486673   ,  1.46981    ,  0.466249   ,  0.542896   ,  1.54857    ,  0.497372   ,  1.01454    ,  0.101293   ,  0.0512794  ,  0.231364   ,  0.278028   ,  0.452568   ,  0.936931   ,  0.447436   ,  3.40571    ,  0.929917   ,  2.97395    ])
