5       , -1310.98    , array([ 0.99451    ,  0.100231   ,  0.0502402  ,  5.0256     ,  2.51978    ])
10      , -1311.05    , array([ 1.00611    ,  0.100231   ,  0.0502402  ,  5.0256     ,  2.51978    ])
15      , -1310.97    , array([ 0.997685   ,  0.100231   ,  0.0502402  ,  5.0256     ,  2.51978    ])
20      , -24571.4    , array([ 0.997685   ,  0.482197   ,  0.0502402  ,  5.0256     ,  2.51978    ])
25      , -3916.8     , array([ 0.997685   ,  0.065789   ,  0.0502402  ,  5.0256     ,  2.51978    ])
30      , -1310.97    , array([ 0.997685   ,  0.100236   ,  0.0502402  ,  5.0256     ,  2.51978    ])
35      , -1310.97    , array([ 0.997685   ,  0.100236   ,  0.0502402  ,  5.0256     ,  2.51978    ])
40      , -11458.7    , array([ 0.997685   ,  0.100236   ,  0.432206   ,  5.0256     ,  2.51978    ])
45      , -12296.1    , array([ 0.997685   ,  0.100236   ,  0.0157984  ,  5.0256     ,  2.51978    ])
50      , -1310.97    , array([ 0.997685   ,  0.100236   ,  0.0501825  ,  5.0256     ,  2.51978    ])
55      , -1310.97    , array([ 0.997685   ,  0.100236   ,  0.0502361  ,  5.0256     ,  2.51978    ])
60      , -1310.97    , array([ 0.997685   ,  0.100236   ,  0.0502359  ,  5.0256     ,  2.51978    ])
65      , -1310.96    , array([ 0.997685   ,  0.100236   ,  0.0502359  ,  5.01721    ,  2.51978    ])
70      , -1310.96    , array([ 0.997685   ,  0.100236   ,  0.0502359  ,  5.01721    ,  2.51978    ])
75      , -1310.96    , array([ 0.997685   ,  0.100236   ,  0.0502359  ,  5.01721    ,  2.51944    ])
80      , -1310.96    , array([ 0.997685   ,  0.100236   ,  0.0502359  ,  5.01721    ,  2.51942    ])
