156     , -29795.8    , array([ 100        ,  100        ,  0.149245   ,  0.00188531 ])
160     , -29795.8    , array([ 100        ,  100        ,  0.149245   ,  0.00188531 ])
212     , -29795.8    , array([ 100        ,  100        ,  0.149245   ,  0.00188531 ])
216     , -29795.8    , array([ 100        ,  100        ,  0.149245   ,  0.00188531 ])
276     , -31146      , array([ 100        ,  100        ,  0.340199   ,  0.00188531 ])
280     , -29867.9    , array([ 100        ,  100        ,  0.183841   ,  0.00188531 ])
284     , -29795.8    , array([ 100        ,  100        ,  0.149179   ,  0.00188531 ])
288     , -39375      , array([ 100        ,  100        ,  0.149179   ,  1.00189    ])
292     , -33286.6    , array([ 100        ,  100        ,  0.149179   ,  0.383851   ])
304     , -29795.8    , array([ 100        ,  100        ,  0.149179   ,  0.00188524 ])
308     , -29795.8    , array([ 100        ,  100        ,  0.149179   ,  0.00188523 ])
