1296    , -392.714    , array([ 0.98703    ,  0.00812367 ,  1.69019    ,  0.0418741  ])
1300    , -392.714    , array([ 0.98703    ,  0.00812367 ,  1.69019    ,  0.0418741  ])
1304    , -393.505    , array([ 0.952257   ,  0.00812367 ,  1.69019    ,  0.0418741  ])
1308    , -392.711    , array([ 0.989598   ,  0.00812367 ,  1.69019    ,  0.0418741  ])
1312    , -392.711    , array([ 0.989624   ,  0.00812367 ,  1.69019    ,  0.0418741  ])
1320    , -4402.79    , array([ 0.989624   ,  0.0359863  ,  1.69019    ,  0.0418741  ])
1324    , -2010.31    , array([ 0.989624   ,  0.0121888  ,  1.69019    ,  0.0418741  ])
1328    , -392.778    , array([ 0.989624   ,  0.00810422 ,  1.69019    ,  0.0418741  ])
1332    , -392.71     , array([ 0.989624   ,  0.00812236 ,  1.69019    ,  0.0418741  ])
1336    , -392.71     , array([ 0.989624   ,  0.00812234 ,  1.69019    ,  0.0418741  ])
1340    , -392.71     , array([ 0.989624   ,  0.00812234 ,  1.52113    ,  0.0418741  ])
1344    , -392.71     , array([ 0.989624   ,  0.00812234 ,  1.46861    ,  0.0418741  ])
1352    , -2336.8     , array([ 0.989624   ,  0.00812234 ,  1.46861    ,  0.232841   ])
1356    , -6183.46    , array([ 0.989624   ,  0.00812234 ,  1.46861    ,  0.00743225 ])
1360    , -738.186    , array([ 0.989624   ,  0.00812234 ,  1.46861    ,  0.0368491  ])
1364    , -392.71     , array([ 0.989624   ,  0.00812234 ,  1.46861    ,  0.0418769  ])
