8       , -752.463    , array([ 0.326792   ,  1.45546    ,  0.0904285  ,  0.0300099  ])
12      , -2532.43    , array([ 0.0465877  ,  1.45546    ,  0.0904285  ,  0.0300099  ])
16      , -93.8747    , array([ 0.134456   ,  1.45546    ,  0.0904285  ,  0.0300099  ])
20      , -93.874     , array([ 0.134569   ,  1.45546    ,  0.0904285  ,  0.0300099  ])
24      , -125.344    , array([ 0.134569   ,  0.837428   ,  0.0904285  ,  0.0300099  ])
28      , -93.8561    , array([ 0.134569   ,  1.43556    ,  0.0904285  ,  0.0300099  ])
32      , -93.8559    , array([ 0.134569   ,  1.43295    ,  0.0904285  ,  0.0300099  ])
36      , -93.8559    , array([ 0.134569   ,  1.43317    ,  0.0904285  ,  0.0300099  ])
44      , -93.8364    , array([ 0.134569   ,  1.43317    ,  0.0899357  ,  0.0300099  ])
48      , -5804.17    , array([ 0.134569   ,  1.43317    ,  0.089928   ,  1.03001    ])
52      , -5156.26    , array([ 0.134569   ,  1.43317    ,  0.089928   ,  0.411976   ])
56      , -1382.6     , array([ 0.134569   ,  1.43317    ,  0.089928   ,  0.102943   ])
60      , -247.244    , array([ 0.134569   ,  1.43317    ,  0.089928   ,  0.0176006  ])
64      , -93.8037    , array([ 0.134569   ,  1.43317    ,  0.089928   ,  0.0302248  ])
68      , -93.8037    , array([ 0.134569   ,  1.43317    ,  0.089928   ,  0.0302227  ])
72      , -93.6405    , array([ 0.131255   ,  1.37412    ,  0.0886018  ,  0.0307864  ])
80      , -3358.72    , array([ 0.131279   ,  1.37455    ,  0.0886115  ,  0.221726   ])
88      , -93.8399    , array([ 0.131279   ,  1.37455    ,  0.0886115  ,  0.0312022  ])
92      , -93.6279    , array([ 0.131279   ,  1.37455    ,  0.0886115  ,  0.0306459  ])
96      , -93.6279    , array([ 0.131279   ,  1.37455    ,  0.0886115  ,  0.0306472  ])
100     , -93.6948    , array([ 0.131279   ,  1.32831    ,  0.0886115  ,  0.0306472  ])
104     , -93.6249    , array([ 0.131279   ,  1.36651    ,  0.0886115  ,  0.0306472  ])
112     , -2386.01    , array([ 0.131279   ,  1.36642    ,  0.279543   ,  0.0306472  ])
116     , -93.5006    , array([ 0.131279   ,  1.36642    ,  0.087551   ,  0.0306472  ])
120     , -93.4978    , array([ 0.131279   ,  1.36642    ,  0.0873657  ,  0.0306472  ])
124     , -93.5063    , array([ 0.125956   ,  1.27157    ,  0.0852356  ,  0.0315526  ])
128     , -93.3882    , array([ 0.128626   ,  1.31915    ,  0.0863041  ,  0.0310984  ])
136     , -3222.32    , array([ 0.128653   ,  1.31962    ,  0.0863146  ,  0.222039   ])
144     , -102.408    , array([ 0.128653   ,  1.31962    ,  0.0863146  ,  0.0351783  ])
148     , -93.3459    , array([ 0.128653   ,  1.31962    ,  0.0863146  ,  0.0313436  ])
156     , -94.0444    , array([ 0.128653   ,  1.44609    ,  0.0863146  ,  0.0313461  ])
160     , -93.3455    , array([ 0.128653   ,  1.32247    ,  0.0863146  ,  0.0313461  ])
164     , -93.3455    , array([ 0.128653   ,  1.32197    ,  0.0863146  ,  0.0313461  ])
168     , -93.3455    , array([ 0.128653   ,  1.32236    ,  0.0863146  ,  0.0313461  ])
176     , -469.498    , array([ 0.128653   ,  1.32236    ,  0.159243   ,  0.0313461  ])
180     , -93.1838    , array([ 0.128653   ,  1.32236    ,  0.0849526  ,  0.0313461  ])
184     , -93.8206    , array([ 0.12004    ,  1.16889    ,  0.081506   ,  0.0328111  ])
188     , -93.1085    , array([ 0.126476   ,  1.28357    ,  0.0840815  ,  0.0317164  ])
192     , -93.1085    , array([ 0.126476   ,  1.28357    ,  0.0840815  ,  0.0317164  ])
196     , -92.6737    , array([ 0.120777   ,  1.1892     ,  0.0782351  ,  0.033346   ])
200     , -92.6664    , array([ 0.120146   ,  1.17875    ,  0.0775878  ,  0.0335264  ])
204     , -92.6663    , array([ 0.120082   ,  1.17769    ,  0.0775222  ,  0.0335447  ])
212     , -357.462    , array([ 0.120082   ,  1.17769    ,  0.0775222  ,  0.0614039  ])
216     , -92.6538    , array([ 0.120082   ,  1.17769    ,  0.0775222  ,  0.034359   ])
220     , -92.5653    , array([ 0.120082   ,  1.17769    ,  0.0775222  ,  0.0339621  ])
224     , -199.015    , array([ 0.120082   ,  0.559654   ,  0.0775222  ,  0.0339621  ])
228     , -92.4429    , array([ 0.120082   ,  1.21992    ,  0.0775222  ,  0.0339621  ])
232     , -92.442     , array([ 0.120082   ,  1.2166     ,  0.0775222  ,  0.0339621  ])
236     , -92.5511    , array([ 0.122115   ,  1.25283    ,  0.0783359  ,  0.0336163  ])
240     , -92.4351    , array([ 0.119433   ,  1.20503    ,  0.0772626  ,  0.0340725  ])
244     , -92.4351    , array([ 0.119441   ,  1.20517    ,  0.0772656  ,  0.0340712  ])
248     , -92.2898    , array([ 0.11631    ,  1.15332    ,  0.0740537  ,  0.0349664  ])
252     , -93.5363    , array([ 0.105976   ,  1.02029    ,  0.0638539  ,  0.0382644  ])
256     , -92.2897    , array([ 0.116226   ,  1.15193    ,  0.0739677  ,  0.0349904  ])
264     , -311.773    , array([ 0.116226   ,  1.15193    ,  0.0739677  ,  0.0597699  ])
268     , -92.273     , array([ 0.116226   ,  1.15193    ,  0.0739677  ,  0.0347909  ])
272     , -92.2727    , array([ 0.116226   ,  1.15193    ,  0.0739677  ,  0.0348134  ])
276     , -213.714    , array([ 0.116226   ,  0.533899   ,  0.0739677  ,  0.0348134  ])
280     , -92.1137    , array([ 0.116226   ,  1.19757    ,  0.0739677  ,  0.0348134  ])
284     , -92.1126    , array([ 0.116226   ,  1.19415    ,  0.0739677  ,  0.0348134  ])
288     , -92.2449    , array([ 0.118259   ,  1.23038    ,  0.0747813  ,  0.0344676  ])
292     , -92.0986    , array([ 0.115348   ,  1.1785     ,  0.0736163  ,  0.0349628  ])
296     , -92.0986    , array([ 0.115339   ,  1.17835    ,  0.0736128  ,  0.0349643  ])
300     , -92.0232    , array([ 0.113274   ,  1.14414    ,  0.071494   ,  0.0355549  ])
304     , -92.0232    , array([ 0.113252   ,  1.14379    ,  0.0714723  ,  0.0355609  ])
308     , -91.4341    , array([ 0.105391   ,  1.12122    ,  0.0648608  ,  0.0370763  ])
312     , -91.1021    , array([ 0.0889807  ,  1.07469    ,  0.0510669  ,  0.0402358  ])
316     , -90.9667    , array([ 0.0933817  ,  1.08717    ,  0.0547661  ,  0.0393885  ])
320     , -90.9664    , array([ 0.0935782  ,  1.08772    ,  0.0549313  ,  0.0393507  ])
328     , -270.886    , array([ 0.0935782  ,  1.08772    ,  0.0549313  ,  0.0629539  ])
332     , -90.8912    , array([ 0.0935782  ,  1.08772    ,  0.0549313  ,  0.0389227  ])
336     , -90.8909    , array([ 0.0935782  ,  1.08772    ,  0.0549313  ,  0.0389432  ])
340     , -90.8909    , array([ 0.0935782  ,  1.08772    ,  0.0549313  ,  0.0389472  ])
344     , -90.5978    , array([ 0.0962864  ,  1.13257    ,  0.0577095  ,  0.0381729  ])
348     , -90.5975    , array([ 0.0961822  ,  1.13085    ,  0.0576027  ,  0.0382026  ])
352     , -90.789     , array([ 0.0982154  ,  1.16708    ,  0.0584163  ,  0.0378568  ])
356     , -90.5702    , array([ 0.0951016  ,  1.11159    ,  0.0571702  ,  0.0383865  ])
360     , -93.4744    , array([ 0.126912   ,  1.20194    ,  0.0839034  ,  0.0322624  ])
364     , -90.4541    , array([ 0.0845413  ,  1.08181    ,  0.0482891  ,  0.0404198  ])
368     , -90.3516    , array([ 0.0881828  ,  1.09213    ,  0.05135    ,  0.0397187  ])
376     , -2481.03    , array([ 0.0882514  ,  1.09233    ,  0.0514076  ,  0.230659   ])
380     , -1465.69    , array([ 0.0882514  ,  1.09233    ,  0.0514076  ,  0.00526369 ])
384     , -90.4025    , array([ 0.0882514  ,  1.09233    ,  0.0514076  ,  0.0398823  ])
388     , -90.3287    , array([ 0.0882514  ,  1.09233    ,  0.0514076  ,  0.0394816  ])
392     , -90.3287    , array([ 0.0882514  ,  1.09233    ,  0.0514076  ,  0.0394838  ])
396     , -90.1856    , array([ 0.0899985  ,  1.12126    ,  0.0531999  ,  0.0389842  ])
400     , -90.1852    , array([ 0.0898982  ,  1.1196     ,  0.053097   ,  0.0390129  ])
404     , -90.3561    , array([ 0.0919313  ,  1.15583    ,  0.0539106  ,  0.0386671  ])
408     , -90.1719    , array([ 0.0891634  ,  1.10651    ,  0.0528029  ,  0.0391379  ])
412     , -90.1719    , array([ 0.0891706  ,  1.10664    ,  0.0528058  ,  0.0391367  ])
416     , -90.0522    , array([ 0.0850136  ,  1.09485    ,  0.0493116  ,  0.039937   ])
420     , -89.8084    , array([ 0.0811269  ,  1.09553    ,  0.0466702  ,  0.0402934  ])
424     , -89.3612    , array([ 0.066554   ,  1.10208    ,  0.0369801  ,  0.0414959  ])
428     , -89.3848    , array([ 0.0699187  ,  1.10057    ,  0.0392175  ,  0.0412182  ])
432     , -89.3611    , array([ 0.0668265  ,  1.10196    ,  0.0371613  ,  0.0414734  ])
444     , -202.224    , array([ 0.0668265  ,  1.10196    ,  0.0371613  ,  0.0283178  ])
448     , -89.2383    , array([ 0.0668265  ,  1.10196    ,  0.0371613  ,  0.0419931  ])
452     , -93.1586    , array([ 0.0986258  ,  1.19211    ,  0.0638902  ,  0.0358708  ])
456     , -89.3575    , array([ 0.0698911  ,  1.11064    ,  0.0397372  ,  0.0414031  ])
460     , -89.2342    , array([ 0.0672675  ,  1.10321    ,  0.037532   ,  0.0419082  ])
464     , -89.3571    , array([ 0.0639777  ,  1.04458    ,  0.0362155  ,  0.0424677  ])
468     , -89.1933    , array([ 0.0660109  ,  1.08081    ,  0.0370291  ,  0.0421219  ])
472     , -89.1928    , array([ 0.0661505  ,  1.0833     ,  0.037085   ,  0.0420982  ])
476     , -89.1927    , array([ 0.0661392  ,  1.0831     ,  0.0370805  ,  0.0421001  ])
480     , -89.103     , array([ 0.0603625  ,  1.0857     ,  0.0332392  ,  0.0425767  ])
484     , -89.1029    , array([ 0.0600874  ,  1.08582    ,  0.0330563  ,  0.0425994  ])
492     , -2402.94    , array([ 0.0601473  ,  1.08579    ,  0.0330962  ,  0.233549   ])
496     , -1398.91    , array([ 0.0601473  ,  1.08579    ,  0.0330962  ,  0.00815264 ])
500     , -89.095     , array([ 0.0601473  ,  1.08579    ,  0.0330962  ,  0.0432965  ])
504     , -89.0445    , array([ 0.0601473  ,  1.08579    ,  0.0330962  ,  0.0429554  ])
508     , -91.4721    , array([ 0.0722936  ,  1.12023    ,  0.0433057  ,  0.0406169  ])
512     , -89.045     , array([ 0.0602724  ,  1.08615    ,  0.0332013  ,  0.0429313  ])
516     , -89.0445    , array([ 0.0601433  ,  1.08578    ,  0.0330928  ,  0.0429562  ])
520     , -89.0445    , array([ 0.0601101  ,  1.08569    ,  0.0330649  ,  0.0429626  ])
524     , -89.0445    , array([ 0.0601422  ,  1.08578    ,  0.0330919  ,  0.0429564  ])
528     , -89.0445    , array([ 0.060143   ,  1.08578    ,  0.0330925  ,  0.0429562  ])
532     , -90.1976    , array([ 0.0654659  ,  1.18063    ,  0.0352226  ,  0.0420508  ])
536     , -89.0224    , array([ 0.0593533  ,  1.07171    ,  0.0327765  ,  0.0430906  ])
540     , -91.2261    , array([ 0.041502   ,  1.07994    ,  0.0209034  ,  0.0445625  ])
544     , -89.045     , array([ 0.0525417  ,  1.07498    ,  0.0282442  ,  0.0436516  ])
548     , -88.9832    , array([ 0.0560375  ,  1.07341    ,  0.0305687  ,  0.0433632  ])
552     , -88.9832    , array([ 0.0560375  ,  1.07341    ,  0.0305687  ,  0.0433632  ])
556     , -88.8636    , array([ 0.0479321  ,  1.04898    ,  0.0255839  ,  0.0448792  ])
560     , -88.8636    , array([ 0.0477692  ,  1.04849    ,  0.0254837  ,  0.0449096  ])
564     , -88.8636    , array([ 0.0478511  ,  1.04874    ,  0.0255341  ,  0.0448943  ])
568     , -88.8466    , array([ 0.0491743  ,  1.04814    ,  0.0264139  ,  0.0447851  ])
572     , -88.8465    , array([ 0.0492624  ,  1.0481     ,  0.0264726  ,  0.0447779  ])
576     , -88.8465    , array([ 0.0492767  ,  1.0481     ,  0.026482   ,  0.0447767  ])
580     , -88.9707    , array([ 0.0482907  ,  1.0453     ,  0.0256533  ,  0.0449665  ])
584     , -88.8362    , array([ 0.0496675  ,  1.0492     ,  0.0268106  ,  0.0447014  ])
588     , -89.9492    , array([ 0.0549944  ,  1.14407    ,  0.028944   ,  0.0437952  ])
592     , -88.8358    , array([ 0.0496028  ,  1.04799    ,  0.0267864  ,  0.0447123  ])
596     , -88.8358    , array([ 0.0495699  ,  1.04741    ,  0.0267733  ,  0.0447179  ])
600     , -88.8358    , array([ 0.0495689  ,  1.04739    ,  0.0267728  ,  0.0447181  ])
604     , -88.8032    , array([ 0.0458142  ,  1.03607    ,  0.0244637  ,  0.0454204  ])
608     , -88.8029    , array([ 0.045415   ,  1.03487    ,  0.0242182  ,  0.045495   ])
612     , -91.0123    , array([ 0.0743584  ,  1.02201    ,  0.0434619  ,  0.0431025  ])
616     , -88.8591    , array([ 0.0481121  ,  1.0338     ,  0.0260096  ,  0.0452682  ])
620     , -88.8027    , array([ 0.0456012  ,  1.03493    ,  0.02434    ,  0.0454754  ])
624     , -102.488    , array([ 0.0774005  ,  1.12508    ,  0.0510688  ,  0.0393531  ])
628     , -89.4225    , array([ 0.0489804  ,  1.04451    ,  0.0271804  ,  0.0448248  ])
632     , -88.7928    , array([ 0.0459445  ,  1.0359     ,  0.0246286  ,  0.0454093  ])
636     , -89.3678    , array([ 0.0426513  ,  0.977269   ,  0.0233092  ,  0.0459695  ])
640     , -88.8736    , array([ 0.0446845  ,  1.0135     ,  0.0241228  ,  0.0456237  ])
644     , -88.7927    , array([ 0.0459617  ,  1.03626    ,  0.0246339  ,  0.0454064  ])
648     , -88.7927    , array([ 0.0459656  ,  1.03633    ,  0.0246355  ,  0.0454058  ])
652     , -88.7927    , array([ 0.0459653  ,  1.03632    ,  0.0246354  ,  0.0454058  ])
656     , -88.784     , array([ 0.0441659  ,  1.0309     ,  0.0235287  ,  0.0457424  ])
660     , -88.7718    , array([ 0.0426815  ,  1.02622    ,  0.0226945  ,  0.0460337  ])
664     , -88.7644    , array([ 0.0404606  ,  1.0192     ,  0.0214547  ,  0.0464711  ])
668     , -88.7656    , array([ 0.0412942  ,  1.02184    ,  0.0219201  ,  0.0463069  ])
672     , -88.7643    , array([ 0.0403201  ,  1.01876    ,  0.0213763  ,  0.0464987  ])
676     , -89.9002    , array([ 0.0513598  ,  1.0138     ,  0.028717   ,  0.0455878  ])
680     , -88.7557    , array([ 0.0393911  ,  1.01917    ,  0.0207586  ,  0.0465754  ])
684     , -88.755     , array([ 0.039597   ,  1.01908    ,  0.0208954  ,  0.0465584  ])
688     , -88.755     , array([ 0.0395896  ,  1.01908    ,  0.0208906  ,  0.046559   ])
692     , -88.7509    , array([ 0.0406759  ,  1.02236    ,  0.0215586  ,  0.0463558  ])
696     , -88.7508    , array([ 0.0405519  ,  1.02198    ,  0.0214823  ,  0.046379   ])
700     , -88.7508    , array([ 0.0405616  ,  1.02201    ,  0.0214883  ,  0.0463772  ])
704     , -88.7508    , array([ 0.040548   ,  1.02177    ,  0.0214829  ,  0.0463795  ])
708     , -88.7508    , array([ 0.0405338  ,  1.02152    ,  0.0214772  ,  0.0463819  ])
712     , -88.7508    , array([ 0.040547   ,  1.02175    ,  0.0214825  ,  0.0463797  ])
716     , -88.7508    , array([ 0.0405471  ,  1.02176    ,  0.0214825  ,  0.0463797  ])
720     , -88.7488    , array([ 0.0392365  ,  1.01761    ,  0.0207509  ,  0.0466378  ])
724     , -88.7488    , array([ 0.0392496  ,  1.01765    ,  0.0207582  ,  0.0466352  ])
728     , -88.7602    , array([ 0.0314519  ,  0.996694   ,  0.0163719  ,  0.0480504  ])
732     , -88.7449    , array([ 0.0366144  ,  1.01057    ,  0.0192758  ,  0.0471134  ])
736     , -88.7613    , array([ 0.042706   ,  1.02982    ,  0.0226767  ,  0.0459143  ])
740     , -88.7408    , array([ 0.0385906  ,  1.01681    ,  0.0203792  ,  0.0467247  ])
744     , -88.7408    , array([ 0.0386406  ,  1.01696    ,  0.0204071  ,  0.0467149  ])
748     , -88.8193    , array([ 0.0437     ,  1.03221    ,  0.0235186  ,  0.0457686  ])
752     , -88.7408    , array([ 0.0386474  ,  1.01698    ,  0.0204113  ,  0.0467136  ])
756     , -88.7408    , array([ 0.0386448  ,  1.01698    ,  0.0204097  ,  0.0467141  ])
760     , -88.7408    , array([ 0.0386442  ,  1.01697    ,  0.0204093  ,  0.0467142  ])
764     , -88.9463    , array([ 0.0406774  ,  1.0532     ,  0.0212229  ,  0.0463683  ])
768     , -88.7407    , array([ 0.0386972  ,  1.01792    ,  0.0204305  ,  0.0467052  ])
772     , -88.7368    , array([ 0.036088   ,  1.01091    ,  0.0189629  ,  0.0471787  ])
776     , -88.7373    , array([ 0.0370846  ,  1.01358    ,  0.0195235  ,  0.0469978  ])
