820     , -102.647    , array([ 0.0917116  ,  1.11329    ,  0.0572215  ,  0.0374122  ])
824     , -102.647    , array([ 0.0917116  ,  1.11329    ,  0.0572215  ,  0.0374122  ])
832     , -129.438    , array([ 0.111038   ,  1.11329    ,  0.0572215  ,  0.0374122  ])
836     , -102.408    , array([ 0.0932139  ,  1.11329    ,  0.0572215  ,  0.0374122  ])
844     , -103.828    , array([ 0.0932139  ,  1.25734    ,  0.0572215  ,  0.0374122  ])
848     , -102.362    , array([ 0.0932139  ,  1.13295    ,  0.0572215  ,  0.0374122  ])
852     , -13311      , array([ 0.0932139  ,  1.13325    ,  1.05722    ,  0.0374122  ])
856     , -11638.3    , array([ 0.0932139  ,  1.13325    ,  0.439187   ,  0.0374122  ])
860     , -948.7      , array([ 0.0932139  ,  1.13325    ,  0.130135   ,  0.0374122  ])
864     , -102.309    , array([ 0.0932139  ,  1.13325    ,  0.0567271  ,  0.0374122  ])
868     , -4415.25    , array([ 0.0932139  ,  1.13325    ,  0.056732   ,  1.03741    ])
872     , -4000.35    , array([ 0.0932139  ,  1.13325    ,  0.056732   ,  0.419378   ])
876     , -1084.49    , array([ 0.0932139  ,  1.13325    ,  0.056732   ,  0.110349   ])
880     , -107.588    , array([ 0.0932139  ,  1.13325    ,  0.056732   ,  0.0407379  ])
884     , -102.309    , array([ 0.0932139  ,  1.13325    ,  0.056732   ,  0.0374438  ])
888     , -2554.77    , array([ 1.09321    ,  1.13325    ,  0.056732   ,  0.0374441  ])
892     , -1630.3     , array([ 0.47518    ,  1.13325    ,  0.056732   ,  0.0374441  ])
896     , -377.726    , array([ 0.166158   ,  1.13325    ,  0.056732   ,  0.0374441  ])
900     , -102.325    , array([ 0.0922976  ,  1.13325    ,  0.056732   ,  0.0374441  ])
904     , -102.294    , array([ 0.0928366  ,  1.13325    ,  0.056732   ,  0.0374441  ])
908     , -234.674    , array([ 0.0928366  ,  0.515216   ,  0.056732   ,  0.0374441  ])
912     , -102.292    , array([ 0.0928366  ,  1.14242    ,  0.056732   ,  0.0374441  ])
916     , -102.29     , array([ 0.0928366  ,  1.13871    ,  0.056732   ,  0.0374441  ])
928     , -102.265    , array([ 0.0928366  ,  1.13871    ,  0.0564316  ,  0.0374441  ])
932     , -102.264    , array([ 0.0928366  ,  1.13871    ,  0.0563893  ,  0.0374441  ])
944     , -223.093    , array([ 0.0928366  ,  1.13871    ,  0.0563893  ,  0.0242885  ])
948     , -102.264    , array([ 0.0928366  ,  1.13871    ,  0.0563893  ,  0.0374524  ])
952     , -102.264    , array([ 0.0928366  ,  1.13871    ,  0.0563893  ,  0.0374523  ])
956     , -102.38     , array([ 0.0846491  ,  1.25724    ,  0.0489518  ,  0.0376292  ])
960     , -102.053    , array([ 0.0891362  ,  1.19228    ,  0.0530279  ,  0.0375322  ])
968     , -1014.98    , array([ 0.280069   ,  1.19282    ,  0.0529939  ,  0.0375331  ])
972     , -362.184    , array([ 0.054657   ,  1.19282    ,  0.0529939  ,  0.0375331  ])
976     , -102.002    , array([ 0.0884498  ,  1.19282    ,  0.0529939  ,  0.0375331  ])
980     , -139.92     , array([ 0.0884433  ,  2.19282    ,  0.0529939  ,  0.0375331  ])
984     , -112.264    , array([ 0.0884433  ,  1.57479    ,  0.0529939  ,  0.0375331  ])
988     , -101.952    , array([ 0.0884433  ,  1.17117    ,  0.0529939  ,  0.0375331  ])
992     , -101.952    , array([ 0.0884433  ,  1.17014    ,  0.0529939  ,  0.0375331  ])
1004    , -228.348    , array([ 0.0884433  ,  1.17014    ,  0.0529939  ,  0.0243774  ])
1008    , -101.932    , array([ 0.0884433  ,  1.17014    ,  0.0529939  ,  0.0377313  ])
1012    , -101.991    , array([ 0.0847055  ,  1.22425    ,  0.0495986  ,  0.0378121  ])
1016    , -101.903    , array([ 0.0870156  ,  1.19081    ,  0.051697   ,  0.0377622  ])
1020    , -102.001    , array([ 0.0812992  ,  1.24139    ,  0.0470998  ,  0.0380698  ])
1024    , -101.903    , array([ 0.0870679  ,  1.19005    ,  0.0517446  ,  0.037761   ])
1032    , -136.263    , array([ 0.105507   ,  1.19005    ,  0.0517446  ,  0.037761   ])
1036    , -101.89     , array([ 0.0867522  ,  1.19005    ,  0.0517446  ,  0.037761   ])
1040    , -140.383    , array([ 0.086749   ,  2.19005    ,  0.0517446  ,  0.037761   ])
1044    , -112.309    , array([ 0.086749   ,  1.57201    ,  0.0517446  ,  0.037761   ])
1048    , -101.84     , array([ 0.086749   ,  1.16841    ,  0.0517446  ,  0.037761   ])
1052    , -101.84     , array([ 0.086749   ,  1.16738    ,  0.0517446  ,  0.037761   ])
1064    , -227.726    , array([ 0.086749   ,  1.16738    ,  0.0517446  ,  0.0246054  ])
1068    , -101.814    , array([ 0.086749   ,  1.16738    ,  0.0517446  ,  0.0379829  ])
1072    , -101.91     , array([ 0.0830113  ,  1.22149    ,  0.0483492  ,  0.0380637  ])
1076    , -101.797    , array([ 0.0853213  ,  1.18805    ,  0.0504477  ,  0.0380138  ])
1080    , -101.689    , array([ 0.0842318  ,  1.17654    ,  0.0497476  ,  0.0382524  ])
1084    , -456.171    , array([ 0.020786   ,  0.874336   ,  0.00507386 ,  0.0492437  ])
1088    , -100.834    , array([ 0.0699321  ,  1.10843    ,  0.0396788  ,  0.0407296  ])
1092    , -100.767    , array([ 0.0663916  ,  1.09156    ,  0.0371859  ,  0.041343   ])
1096    , -2491.06    , array([ 1.06617    ,  1.09052    ,  0.0370315  ,  0.041381   ])
1100    , -1795.75    , array([ 0.448138   ,  1.09052    ,  0.0370315  ,  0.041381   ])
1104    , -524.784    , array([ 0.139116   ,  1.09052    ,  0.0370315  ,  0.041381   ])
1108    , -102.421    , array([ 0.0681237  ,  1.09052    ,  0.0370315  ,  0.041381   ])
1112    , -100.509    , array([ 0.0650783  ,  1.09052    ,  0.0370315  ,  0.041381   ])
1116    , -101.784    , array([ 0.071115   ,  1.00296    ,  0.0425253  ,  0.0412503  ])
1120    , -100.495    , array([ 0.0644417  ,  1.09957    ,  0.0364633  ,  0.0413945  ])
1124    , -100.494    , array([ 0.0644213  ,  1.09987    ,  0.0364447  ,  0.0413949  ])
1136    , -210.478    , array([ 0.0644213  ,  1.09987    ,  0.0364447  ,  0.0282393  ])
1140    , -100.479    , array([ 0.0644213  ,  1.09987    ,  0.0364447  ,  0.0415786  ])
1144    , -104.535    , array([ 0.0449438  ,  1.00709    ,  0.0227301  ,  0.0449528  ])
1148    , -100.399    , array([ 0.0569816  ,  1.06443    ,  0.0312062  ,  0.0428674  ])
1152    , -100.333    , array([ 0.0596663  ,  1.07722    ,  0.0330966  ,  0.0424023  ])
1156    , -2475.25    , array([ 1.05962    ,  1.07699    ,  0.0330628  ,  0.0424106  ])
1160    , -1834.56    , array([ 0.441584   ,  1.07699    ,  0.0330628  ,  0.0424106  ])
1164    , -568.496    , array([ 0.132562   ,  1.07699    ,  0.0330628  ,  0.0424106  ])
1168    , -104.072    , array([ 0.0629262  ,  1.07699    ,  0.0330628  ,  0.0424106  ])
1172    , -100.216    , array([ 0.0589435  ,  1.07699    ,  0.0330628  ,  0.0424106  ])
1176    , -100.853    , array([ 0.0552125  ,  1.1311     ,  0.0296674  ,  0.0424914  ])
1180    , -100.262    , array([ 0.0575225  ,  1.09766    ,  0.0317659  ,  0.0424415  ])
1184    , -100.208    , array([ 0.0585596  ,  1.08265    ,  0.032708   ,  0.0424191  ])
1192    , -2461.03    , array([ 0.0585557  ,  1.0827     ,  0.0327044  ,  0.233373   ])
1196    , -1424.71    , array([ 0.0585557  ,  1.0827     ,  0.0327044  ,  0.0079773  ])
1200    , -100.262    , array([ 0.0585557  ,  1.0827     ,  0.0327044  ,  0.0428772  ])
1204    , -100.204    , array([ 0.0585557  ,  1.0827     ,  0.0327044  ,  0.0425198  ])
1208    , -100.204    , array([ 0.0585557  ,  1.0827     ,  0.0327044  ,  0.0425188  ])
1212    , -100.135    , array([ 0.0561988  ,  1.07148    ,  0.0310448  ,  0.0429271  ])
1216    , -100.132    , array([ 0.0557184  ,  1.06919    ,  0.0307066  ,  0.0430103  ])
1220    , -99.9642    , array([ 0.0518185  ,  1.06139    ,  0.0283504  ,  0.0436101  ])
1224    , -99.6779    , array([ 0.0402404  ,  1.03822    ,  0.0213553  ,  0.0453905  ])
1228    , -99.678     , array([ 0.0405484  ,  1.03884    ,  0.0215414  ,  0.0453431  ])
1232    , -99.6779    , array([ 0.0403952  ,  1.03853    ,  0.0214488  ,  0.0453667  ])
1236    , -99.6037    , array([ 0.0416146  ,  1.04434    ,  0.0223075  ,  0.0451554  ])
1240    , -99.6007    , array([ 0.0419073  ,  1.04573    ,  0.0225135  ,  0.0451047  ])
1244    , -99.6007    , array([ 0.0419225  ,  1.04581    ,  0.0225243  ,  0.0451021  ])
1248    , -99.5904    , array([ 0.0421949  ,  1.04186    ,  0.0227716  ,  0.0450962  ])
1252    , -99.5904    , array([ 0.0422014  ,  1.04177    ,  0.0227776  ,  0.0450961  ])
1264    , -193.983    , array([ 0.0422014  ,  1.04177    ,  0.0227776  ,  0.0319405  ])
1268    , -99.5898    , array([ 0.0422014  ,  1.04177    ,  0.0227776  ,  0.04506    ])
1272    , -100.555    , array([ 0.0268782  ,  1.01111    ,  0.0135198  ,  0.0474164  ])
1276    , -99.4753    , array([ 0.0363484  ,  1.03006    ,  0.0192414  ,  0.0459601  ])
1280    , -99.4752    , array([ 0.0362635  ,  1.02989    ,  0.0191901  ,  0.0459731  ])
1284    , -99.4752    , array([ 0.0361692  ,  1.0297     ,  0.0191331  ,  0.0459876  ])
1288    , -102.042    , array([ 0.0482069  ,  1.08704    ,  0.0276092  ,  0.0439022  ])
1292    , -99.4456    , array([ 0.0371881  ,  1.03455    ,  0.0198506  ,  0.0458111  ])
1296    , -99.4438    , array([ 0.036986   ,  1.03359    ,  0.0197083  ,  0.0458461  ])
1300    , -103.398    , array([ 0.0430338  ,  0.946035   ,  0.0252021  ,  0.0457155  ])
1304    , -99.4443    , array([ 0.0372917  ,  1.02917    ,  0.019986   ,  0.0458395  ])
1308    , -99.4397    , array([ 0.0371337  ,  1.03145    ,  0.0198424  ,  0.0458429  ])
1320    , -191.829    , array([ 0.0371337  ,  1.03145    ,  0.0198424  ,  0.0326873  ])
1324    , -99.4394    , array([ 0.0371337  ,  1.03145    ,  0.0198424  ,  0.0458127  ])
1328    , -102.792    , array([ 0.0218105  ,  1.00079    ,  0.0105846  ,  0.048169   ])
1332    , -99.4442    , array([ 0.0312807  ,  1.01974    ,  0.0163062  ,  0.0467127  ])
1336    , -99.3986    , array([ 0.0327809  ,  1.02274    ,  0.0172126  ,  0.046482   ])
1340    , -99.3177    , array([ 0.0315892  ,  1.02018    ,  0.0166192  ,  0.0466386  ])
1344    , -99.338     , array([ 0.0159431  ,  0.987674   ,  0.0080311  ,  0.0488626  ])
1348    , -99.123     , array([ 0.0206378  ,  0.997429   ,  0.010608   ,  0.0481953  ])
1352    , -99.1221    , array([ 0.0209746  ,  0.998129   ,  0.0107929  ,  0.0481474  ])
1356    , -99.1221    , array([ 0.0211023  ,  0.998394   ,  0.010863   ,  0.0481293  ])
1360    , -102.32     , array([ 0.0182606  ,  0.984859   ,  0.00886206 ,  0.0486216  ])
1364    , -99.0761    , array([ 0.0215727  ,  1.00063    ,  0.0111942  ,  0.0480478  ])
1368    , -118.819    , array([ 0.017835   ,  1.05475    ,  0.00779884 ,  0.0481285  ])
1372    , -101.043    , array([ 0.0201451  ,  1.0213     ,  0.0098973  ,  0.0480786  ])
1376    , -99.0761    , array([ 0.0215695  ,  1.00068    ,  0.0111913  ,  0.0480479  ])
1380    , -99.0761    , array([ 0.0215697  ,  1.00068    ,  0.0111915  ,  0.0480478  ])
1384    , -3724.3     , array([ 0.0215695  ,  1.00068    ,  0.0111913  ,  1.04805    ])
1388    , -3318.1     , array([ 0.0215695  ,  1.00068    ,  0.0111913  ,  0.430014   ])
1392    , -878.116    , array([ 0.0215695  ,  1.00068    ,  0.0111913  ,  0.120987   ])
1396    , -101.854    , array([ 0.0215695  ,  1.00068    ,  0.0111913  ,  0.0508534  ])
1400    , -99.0748    , array([ 0.0215695  ,  1.00068    ,  0.0111913  ,  0.0481049  ])
1404    , -99.7041    , array([ 0.0422429  ,  1.04364    ,  0.0225388  ,  0.0451669  ])
1408    , -99.0396    , array([ 0.0177281  ,  0.9927     ,  0.00908277 ,  0.0486515  ])
1412    , -99.0376    , array([ 0.0182742  ,  0.993834   ,  0.00938249 ,  0.0485739  ])
1416    , -121.139    , array([ 0.0498222  ,  1.14402    ,  0.0315911  ,  0.0431095  ])
1420    , -102.753    , array([ 0.0233127  ,  1.01775    ,  0.0129252  ,  0.047702   ])
1424    , -99.0205    , array([ 0.0185748  ,  0.995179   ,  0.00958911 ,  0.0485228  ])
1428    , -99.0203    , array([ 0.0185509  ,  0.995065   ,  0.0095723  ,  0.0485269  ])
1432    , -99.0203    , array([ 0.0185485  ,  0.995053   ,  0.0095706  ,  0.0485273  ])
1436    , -99.0213    , array([ 0.0185733  ,  0.994694   ,  0.00959315 ,  0.0485268  ])
1440    , -99.0203    , array([ 0.018543   ,  0.995133   ,  0.00956561 ,  0.0485275  ])
1448    , -2182.34    , array([ 0.0185432  ,  0.99513    ,  0.00956581 ,  0.239485   ])
1452    , -1136.56    , array([ 0.0185432  ,  0.99513    ,  0.00956581 ,  0.0140856  ])
1456    , -99.0572    , array([ 0.0185432  ,  0.99513    ,  0.00956581 ,  0.0488587  ])
1460    , -99.0202    , array([ 0.0185432  ,  0.99513    ,  0.00956581 ,  0.0485467  ])
1464    , -99.0202    , array([ 0.0185432  ,  0.99513    ,  0.00956581 ,  0.0485465  ])
1468    , -99.0102    , array([ 0.0177753  ,  0.993534   ,  0.00914431 ,  0.0486557  ])
1472    , -99.0054    , array([ 0.0168944  ,  0.991704   ,  0.00866078 ,  0.0487809  ])
1476    , -99.0054    , array([ 0.0168944  ,  0.991704   ,  0.00866078 ,  0.0487809  ])
1480    , -98.9415    , array([ 0.0131968  ,  0.985949   ,  0.00672443 ,  0.0493351  ])
1488    , -98.9174    , array([ 0.0103886  ,  0.981578   ,  0.00525388 ,  0.049756   ])
1492    , -98.9174    , array([ 0.0103886  ,  0.981578   ,  0.00525388 ,  0.049756   ])
1500    , -98.905     , array([ 0.011004   ,  0.982857   ,  0.00559168 ,  0.0496685  ])
1512    , -98.9041    , array([ 0.0110163  ,  0.982578   ,  0.00560499 ,  0.049669   ])
1516    , -98.9041    , array([ 0.0110133  ,  0.982621   ,  0.0056023  ,  0.0496691  ])
1528    , -181.502    , array([ 0.0110133  ,  0.982621   ,  0.0056023  ,  0.0365135  ])
1532    , -98.9032    , array([ 0.0110133  ,  0.982621   ,  0.0056023  ,  0.0496195  ])
1544    , -98.896     , array([ 0.0104267  ,  0.981708   ,  0.0052951  ,  0.0497074  ])
1548    , -98.8927    , array([ 0.010117   ,  0.981226   ,  0.00513294 ,  0.0497538  ])
1552    , -98.8918    , array([ 0.0100212  ,  0.981077   ,  0.00508279 ,  0.0497682  ])
1556    , -99.4746    , array([ 0.0306846  ,  1.02402    ,  0.0164251  ,  0.0468311  ])
1560    , -99.1237    , array([ 0.0139595  ,  0.989265   ,  0.00724472 ,  0.0492084  ])
1564    , -98.8993    , array([ 0.0105873  ,  0.982258   ,  0.00539373 ,  0.0496878  ])
1568    , -98.8915    , array([ 0.010096   ,  0.981237   ,  0.00512408 ,  0.0497576  ])
1580    , -98.8968    , array([ 0.0101431  ,  0.98057    ,  0.00516653 ,  0.0497565  ])
1584    , -98.8909    , array([ 0.0101073  ,  0.981088   ,  0.005134   ,  0.0497573  ])
1592    , -2137.09    , array([ 0.0101074  ,  0.981087   ,  0.0051341  ,  0.240715   ])
1596    , -1091.14    , array([ 0.0101074  ,  0.981087   ,  0.0051341  ,  0.0153154  ])
1600    , -98.9253    , array([ 0.0101074  ,  0.981087   ,  0.0051341  ,  0.0500515  ])
1604    , -98.8909    , array([ 0.0101074  ,  0.981087   ,  0.0051341  ,  0.049745   ])
1620    , -98.8902    , array([ 0.0100545  ,  0.981004   ,  0.0051064  ,  0.0497542  ])
1624    , -98.8897    , array([ 0.0100093  ,  0.980934   ,  0.00508274 ,  0.049761   ])
1628    , -98.8896    , array([ 0.0100027  ,  0.980924   ,  0.00507929 ,  0.049762   ])
