235     , -1310.99    , array([ 1.00103    ,  0.0995713  ,  0.0498078  ,  4.99197    ,  2.54051    ])
240     , -1311.07    , array([ 1.00925    ,  0.0995713  ,  0.0498078  ,  4.99197    ,  2.54051    ])
245     , -1310.99    , array([ 1.0004     ,  0.0995713  ,  0.0498078  ,  4.99197    ,  2.54051    ])
250     , -24696.2    , array([ 1.0004     ,  0.481537   ,  0.0498078  ,  4.99197    ,  2.54051    ])
255     , -3961.43    , array([ 1.0004     ,  0.0651294  ,  0.0498078  ,  4.99197    ,  2.54051    ])
260     , -1310.99    , array([ 1.0004     ,  0.0995889  ,  0.0498078  ,  4.99197    ,  2.54051    ])
275     , -2008.28    , array([ 1.0004     ,  0.099589   ,  0.0366522  ,  4.99197    ,  2.54051    ])
280     , -1310.99    , array([ 1.0004     ,  0.099589   ,  0.0498256  ,  4.99197    ,  2.54051    ])
285     , -1402.11    , array([ 1.0004     ,  0.099589   ,  0.0498256  ,  3.37393    ,  2.54051    ])
290     , -1310.99    , array([ 1.0004     ,  0.099589   ,  0.0498256  ,  4.99918    ,  2.54051    ])
295     , -1529.89    , array([ 1.0004     ,  0.099589   ,  0.0498256  ,  4.99918    ,  0.922473   ])
300     , -1310.99    , array([ 1.0004     ,  0.099589   ,  0.0498256  ,  4.99918    ,  2.53737    ])
