770     , -1311.02    , array([ 0.996622   ,  0.099924   ,  5.00644    ,  2.56992    ,  0.0502926  ])
775     , -3333.58    , array([ 0.378588   ,  0.099924   ,  5.00644    ,  2.56992    ,  0.0502926  ])
780     , -1311.01    , array([ 0.999228   ,  0.099924   ,  5.00644    ,  2.56992    ,  0.0502926  ])
785     , -40343.3    , array([ 0.998887   ,  1.09992    ,  5.00644    ,  2.56992    ,  0.0502926  ])
790     , -13961.6    , array([ 0.998887   ,  0.290719   ,  5.00644    ,  2.56992    ,  0.0502926  ])
795     , -1565.13    , array([ 0.998887   ,  0.114532   ,  5.00644    ,  2.56992    ,  0.0502926  ])
800     , -1311.01    , array([ 0.998887   ,  0.0999224  ,  5.00644    ,  2.56992    ,  0.0502926  ])
805     , -1311.01    , array([ 0.998887   ,  0.0999224  ,  5.00644    ,  2.56992    ,  0.0502926  ])
810     , -1311.01    , array([ 0.998887   ,  0.0999224  ,  5.00075    ,  2.56992    ,  0.0502926  ])
815     , -1311.01    , array([ 0.998887   ,  0.0999224  ,  5.00075    ,  2.56992    ,  0.0502926  ])
820     , -1314.96    , array([ 0.998887   ,  0.0999224  ,  5.00075    ,  2.32682    ,  0.0502926  ])
825     , -13414.4    , array([ 0.998887   ,  0.0999224  ,  5.00075    ,  2.55894    ,  1.05029    ])
830     , -8898.38    , array([ 0.998887   ,  0.0999224  ,  5.00075    ,  2.55894    ,  0.241195   ])
835     , -2429.04    , array([ 0.998887   ,  0.0999224  ,  5.00075    ,  2.55894    ,  0.0781448  ])
840     , -1310.99    , array([ 0.998887   ,  0.0999224  ,  5.00075    ,  2.55894    ,  0.0502113  ])
