3936    , -2334.9     , array([ 1.01451    ,  0.996038   ,  0.00732034 ,  0.0497537  ])
3940    , -2153.76    , array([ 0.396472   ,  0.996038   ,  0.00732034 ,  0.0497537  ])
3944    , -1370.09    , array([ 0.0874482  ,  0.996038   ,  0.00732034 ,  0.0497537  ])
3948    , -303.459    , array([ 0.0251478  ,  0.996038   ,  0.00732034 ,  0.0497537  ])
3952    , -88.5913    , array([ 0.014461   ,  0.996038   ,  0.00732034 ,  0.0497537  ])
3956    , -88.5686    , array([ 0.0145341  ,  0.996038   ,  0.00732034 ,  0.0497537  ])
3960    , -88.5686    , array([ 0.0145344  ,  0.996038   ,  0.00732034 ,  0.0497537  ])
3964    , -89.0617    , array([ 0.0145344  ,  0.951365   ,  0.00732034 ,  0.0497537  ])
3968    , -88.5686    , array([ 0.0145344  ,  0.99622    ,  0.00732034 ,  0.0497537  ])
3972    , -88.5686    , array([ 0.0145344  ,  0.996214   ,  0.00732034 ,  0.0497537  ])
3980    , -47296.7    , array([ 0.0145344  ,  0.99622    ,  0.197922   ,  0.0497537  ])
3988    , -96.856     , array([ 0.0145344  ,  0.99622    ,  0.00806479 ,  0.0497537  ])
3992    , -88.5685    , array([ 0.0145344  ,  0.99622    ,  0.00731935 ,  0.0497537  ])
3996    , -88.5685    , array([ 0.0145344  ,  0.99622    ,  0.00731934 ,  0.0497537  ])
4004    , -2119.82    , array([ 0.0145344  ,  0.99622    ,  0.00731934 ,  0.240711   ])
4008    , -1063.79    , array([ 0.0145344  ,  0.99622    ,  0.00731934 ,  0.0153118  ])
4012    , -88.5995    , array([ 0.0145344  ,  0.99622    ,  0.00731934 ,  0.0499597  ])
4016    , -88.5647    , array([ 0.0145344  ,  0.99622    ,  0.00731934 ,  0.0496507  ])
