1652    , -88.9907    , array([ 0.0556781  ,  1.07152    ,  0.0305535  ,  0.0435138  ])
1656    , -265.33     , array([ 0.0371973  ,  1.12426    ,  0.0121927  ,  0.0391642  ])
1660    , -264.752    , array([ 0.0371973  ,  1.12426    ,  0.0122048  ,  0.0391642  ])
1664    , -88.996     , array([ 0.0556284  ,  1.0707     ,  0.0304221  ,  0.0434923  ])
1668    , -88.99      , array([ 0.0556469  ,  1.07052    ,  0.0305147  ,  0.0435074  ])
1672    , -88.9908    , array([ 0.0556469  ,  1.07052    ,  0.0305452  ,  0.0435074  ])
1676    , -88.9912    , array([ 0.0556706  ,  1.07064    ,  0.030495   ,  0.0435089  ])
1680    , -88.9867    , array([ 0.0554874  ,  1.07109    ,  0.0304167  ,  0.0435147  ])
1684    , -88.9875    , array([ 0.0554874  ,  1.07109    ,  0.0304471  ,  0.0435147  ])
1688    , -88.9784    , array([ 0.0550351  ,  1.07291    ,  0.0301054  ,  0.0435381  ])
1692    , -88.9542    , array([ 0.0529966  ,  1.08023    ,  0.0288918  ,  0.0436316  ])
1696    , -88.9564    , array([ 0.0529966  ,  1.08023    ,  0.0289207  ,  0.0436316  ])
1700    , -88.938     , array([ 0.0518064  ,  1.08309    ,  0.0280492  ,  0.043932   ])
1704    , -88.921     , array([ 0.0510685  ,  1.08076    ,  0.0276389  ,  0.0440478  ])
1708    , -88.9214    , array([ 0.0510685  ,  1.08076    ,  0.0276665  ,  0.0440478  ])
1712    , -88.8697    , array([ 0.0484621  ,  1.07147    ,  0.0260568  ,  0.044514   ])
1716    , -88.7875    , array([ 0.0391046  ,  1.03511    ,  0.0205837  ,  0.0464287  ])
1720    , -88.7821    , array([ 0.0391046  ,  1.03511    ,  0.0206043  ,  0.0464287  ])
1724    , -88.8196    , array([ 0.0333894  ,  1.02014    ,  0.017316   ,  0.0474938  ])
1728    , -88.782     , array([ 0.0377263  ,  1.03171    ,  0.0197962  ,  0.046667   ])
1732    , -88.7761    , array([ 0.0377263  ,  1.03171    ,  0.019816   ,  0.046667   ])
1736    , -88.8017    , array([ 0.0348168  ,  1.02406    ,  0.0181223  ,  0.047211   ])
1740    , -88.7813    , array([ 0.0370801  ,  1.03008    ,  0.0194278  ,  0.0467821  ])
1744    , -88.775     , array([ 0.0370801  ,  1.03008    ,  0.0194472  ,  0.0467821  ])
1748    , -88.7885    , array([ 0.0369065  ,  1.02968    ,  0.01931    ,  0.0468111  ])
1752    , -88.7679    , array([ 0.0360394  ,  1.02806    ,  0.018846   ,  0.0469274  ])
1756    , -88.7617    , array([ 0.0360394  ,  1.02806    ,  0.0188649  ,  0.0469274  ])
1760    , -88.7513    , array([ 0.0329346  ,  1.02163    ,  0.0170989  ,  0.0473953  ])
1764    , -88.7271    , array([ 0.0316561  ,  1.01993    ,  0.0164126  ,  0.0475598  ])
1768    , -88.7206    , array([ 0.0316561  ,  1.01993    ,  0.016429   ,  0.0475598  ])
1772    , -88.716     , array([ 0.0271551  ,  1.01317    ,  0.0139321  ,  0.0482233  ])
1776    , -88.6959    , array([ 0.0261585  ,  1.01173    ,  0.0134107  ,  0.0483493  ])
1780    , -88.6886    , array([ 0.0261585  ,  1.01173    ,  0.0134241  ,  0.0483493  ])
1784    , -88.6927    , array([ 0.0226375  ,  1.006      ,  0.0115131  ,  0.0488566  ])
1788    , -88.6767    , array([ 0.0220676  ,  1.00537    ,  0.0112237  ,  0.0489234  ])
1792    , -88.669     , array([ 0.0220676  ,  1.00537    ,  0.011235   ,  0.0489234  ])
1796    , -88.6749    , array([ 0.0200279  ,  1.00285    ,  0.010137   ,  0.0491918  ])
1800    , -88.7392    , array([ 0.0135204  ,  0.992851   ,  0.00674522 ,  0.05028    ])
1804    , -88.7271    , array([ 0.0135204  ,  0.992851   ,  0.00675196 ,  0.05028    ])
1808    , -88.6742    , array([ 0.0184768  ,  1.00079    ,  0.00932224 ,  0.0494137  ])
1812    , -88.6605    , array([ 0.0180964  ,  1.00038    ,  0.00913385 ,  0.0494569  ])
1816    , -88.6525    , array([ 0.0180964  ,  1.00038    ,  0.00914299 ,  0.0494569  ])
1820    , -88.6627    , array([ 0.0167354  ,  0.998748   ,  0.0084176  ,  0.0496301  ])
1824    , -88.6786    , array([ 0.0121796  ,  0.992256   ,  0.00607192 ,  0.050329   ])
1828    , -88.6688    , array([ 0.0121796  ,  0.992256   ,  0.00607799 ,  0.050329   ])
1832    , -88.6608    , array([ 0.0156513  ,  0.997372   ,  0.00785589 ,  0.049777   ])
1836    , -88.6626    , array([ 0.0132592  ,  0.993992   ,  0.00662768 ,  0.0501406  ])
1840    , -88.6537    , array([ 0.0132592  ,  0.993992   ,  0.00663431 ,  0.0501406  ])
1844    , -88.6738    , array([ 0.0132582  ,  0.993976   ,  0.00662043 ,  0.0501423  ])
1848    , -88.662     , array([ 0.0131884  ,  0.99391    ,  0.00659152 ,  0.0501489  ])
1852    , -88.6531    , array([ 0.0131884  ,  0.99391    ,  0.00659811 ,  0.0501489  ])
1856    , -88.6716    , array([ 0.0129772  ,  0.993648   ,  0.00647712 ,  0.0501751  ])
1860    , -88.6559    , array([ 0.0121053  ,  0.992597   ,  0.00603905 ,  0.0502804  ])
1864    , -88.6471    , array([ 0.0121053  ,  0.992597   ,  0.0060451  ,  0.0502804  ])
1868    , -88.68      , array([ 0.00921134 ,  0.988408   ,  0.00456369 ,  0.0507037  ])
1872    , -88.6546    , array([ 0.0114221  ,  0.991708   ,  0.0056911  ,  0.0503698  ])
1876    , -88.6458    , array([ 0.0114221  ,  0.991708   ,  0.0056968  ,  0.0503698  ])
1880    , -88.6718    , array([ 0.00991368 ,  0.989529   ,  0.00491944 ,  0.0505899  ])
1884    , -88.6602    , array([ 0.00987927 ,  0.989507   ,  0.00490707 ,  0.0505927  ])
1888    , -88.651     , array([ 0.00987927 ,  0.989507   ,  0.00491198 ,  0.0505927  ])
1892    , -88.671     , array([ 0.00979169 ,  0.98942    ,  0.00485793 ,  0.0506037  ])
1896    , -88.6574    , array([ 0.00940192 ,  0.989072   ,  0.00466621 ,  0.0506478  ])
1900    , -88.6483    , array([ 0.00940192 ,  0.989072   ,  0.00467088 ,  0.0506478  ])
1904    , -88.6677    , array([ 0.008032   ,  0.98768    ,  0.00397209 ,  0.0508244  ])
1908    , -88.7617    , array([ 0.00425678 ,  0.982132   ,  0.00208563 ,  0.0515373  ])
1912    , -88.7478    , array([ 0.00425678 ,  0.982132   ,  0.00208771 ,  0.0515373  ])
1916    , -88.6751    , array([ 0.0070833  ,  0.986577   ,  0.00349578 ,  0.050965   ])
1920    , -88.6574    , array([ 0.00782024 ,  0.987454   ,  0.00386962 ,  0.0508531  ])
1924    , -88.6481    , array([ 0.00782024 ,  0.987454   ,  0.00387349 ,  0.0508531  ])
1928    , -88.6679    , array([ 0.00798955 ,  0.987633   ,  0.00395076 ,  0.0508303  ])
1932    , -88.6565    , array([ 0.0080152  ,  0.98767    ,  0.00396768 ,  0.0508256  ])
1936    , -88.6473    , array([ 0.0080152  ,  0.98767    ,  0.00397165 ,  0.0508256  ])
1940    , -88.6677    , array([ 0.00803019 ,  0.987678   ,  0.00397118 ,  0.0508247  ])
1944    , -88.6565    , array([ 0.0080236  ,  0.987679   ,  0.0039719  ,  0.0508245  ])
1948    , -88.6473    , array([ 0.0080236  ,  0.987679   ,  0.00397587 ,  0.0508245  ])
1952    , -88.6677    , array([ 0.00803192 ,  0.98768    ,  0.00397205 ,  0.0508244  ])
1956    , -88.6565    , array([ 0.00802396 ,  0.98768    ,  0.00397208 ,  0.0508244  ])
1960    , -88.6473    , array([ 0.00802396 ,  0.98768    ,  0.00397605 ,  0.0508244  ])
1964    , -88.6677    , array([ 0.008032   ,  0.98768    ,  0.00397209 ,  0.0508244  ])
1968    , -88.6565    , array([ 0.00802397 ,  0.98768    ,  0.00397209 ,  0.0508244  ])
1972    , -88.6473    , array([ 0.00802397 ,  0.98768    ,  0.00397606 ,  0.0508244  ])
1976    , -88.6677    , array([ 0.008032   ,  0.98768    ,  0.00397209 ,  0.0508244  ])
1980    , -88.6565    , array([ 0.00802397 ,  0.98768    ,  0.00397209 ,  0.0508244  ])
1984    , -88.6473    , array([ 0.00802397 ,  0.98768    ,  0.00397606 ,  0.0508244  ])
1988    , -88.6677    , array([ 0.008032   ,  0.98768    ,  0.00397209 ,  0.0508244  ])
1992    , -88.6565    , array([ 0.00802397 ,  0.98768    ,  0.00397209 ,  0.0508244  ])
1996    , -88.6473    , array([ 0.00802397 ,  0.98768    ,  0.00397606 ,  0.0508244  ])
2000    , -88.6677    , array([ 0.008032   ,  0.98768    ,  0.00397209 ,  0.0508244  ])
2004    , -88.6565    , array([ 0.00802397 ,  0.98768    ,  0.00397209 ,  0.0508244  ])
2008    , -88.6473    , array([ 0.00802397 ,  0.98768    ,  0.00397606 ,  0.0508244  ])
2012    , -88.6677    , array([ 0.008032   ,  0.98768    ,  0.00397209 ,  0.0508244  ])
2016    , -88.6565    , array([ 0.00802397 ,  0.98768    ,  0.00397209 ,  0.0508244  ])
2020    , -88.6473    , array([ 0.00802397 ,  0.98768    ,  0.00397606 ,  0.0508244  ])
2024    , -88.6677    , array([ 0.008032   ,  0.98768    ,  0.00397209 ,  0.0508244  ])
2028    , -88.6565    , array([ 0.00802397 ,  0.98768    ,  0.00397209 ,  0.0508244  ])
2032    , -88.6473    , array([ 0.00802397 ,  0.98768    ,  0.00397606 ,  0.0508244  ])
2036    , -88.6677    , array([ 0.008032   ,  0.98768    ,  0.00397209 ,  0.0508244  ])
2040    , -88.6565    , array([ 0.00802397 ,  0.98768    ,  0.00397209 ,  0.0508244  ])
2044    , -88.6473    , array([ 0.00802397 ,  0.98768    ,  0.00397606 ,  0.0508244  ])
2048    , -88.6717    , array([ 0.00988916 ,  0.989507   ,  0.00490707 ,  0.0505927  ])
2052    , -88.6601    , array([ 0.00985484 ,  0.989485   ,  0.00489474 ,  0.0505954  ])
2056    , -88.6508    , array([ 0.00985484 ,  0.989485   ,  0.00489964 ,  0.0505954  ])
2060    , -88.6711    , array([ 0.00981597 ,  0.989442   ,  0.00487017 ,  0.0506009  ])
2064    , -88.6591    , array([ 0.0097095  ,  0.989355   ,  0.00482139 ,  0.0506119  ])
2068    , -88.6499    , array([ 0.0097095  ,  0.989355   ,  0.00482621 ,  0.0506119  ])
2072    , -88.6693    , array([ 0.00952858 ,  0.989181   ,  0.0047253  ,  0.050634   ])
2076    , -88.6564    , array([ 0.00914928 ,  0.988832   ,  0.00453882 ,  0.0506781  ])
2080    , -88.6473    , array([ 0.00914928 ,  0.988832   ,  0.00454336 ,  0.0506781  ])
2084    , -88.6667    , array([ 0.00846073 ,  0.988136   ,  0.00418764 ,  0.0507664  ])
2088    , -88.662     , array([ 0.0072135  ,  0.986746   ,  0.00356471 ,  0.0509435  ])
2092    , -88.6556    , array([ 0.00840141 ,  0.988083   ,  0.00416204 ,  0.0507731  ])
2096    , -88.6555    , array([ 0.00845049 ,  0.988135   ,  0.00418675 ,  0.0507666  ])
